 20 34 49 62 72 78 83 87 90 96103113122130136135128112 89 63 38 17  5  425 1 1A014291369999999999999999999992236  3999999999999999999999
 12 25 40 54 65 73 77 81 84 88 94102113123131135133123105 82 56 31 14  625 1 2A015161359999999999999999999992310  6999999999999999999999
  9 19 33 47 60 69 74 78 80 82 85 91100111120127130127115 96 73 49 28 1525 1 3A016 31309999999999999999999992343 12999999999999999999999
 13 19 31 44 57 68 74 77 78 78 79 81 86 95105113119121116104 86 65 45 2925 1 4A016531219999999999999999999999999999999999999999999999999
 22 25 34 46 58 70 77 80 80 78 76 74 75 79 87 94101106108103 92 77 60 4625 1 5A0 716 80174910899999999999999 012 221119 7499999999999999
 36 35 42 52 63 74 83 87 86 82 78 73 68 67 70 75 81 86 92 93 89 81 70 6025 1 6A0 720 871851 9399999999999999 039 351249 6799999999999999
 52 49 52 60 70 81 90 95 96 92 85 77 69 62 58 58 61 65 71 76 78 77 72 6725 1 7A0 736 9620 5 7899999999999999 1 0 491432 5899999999999999
 64 62 63 69 78 88 97104107104 96 87 76 66 56 49 46 46 50 55 61 65 67 6825 1 8A0 8 0107999999999999999999999 1 6 621622 4699999999999999
 69 70 73 77 84 93102110115115110101 89 77 63 50 40 34 33 36 42 49 55 6125 1 9A0 8311169999999999999999999991742 33999999999999999999999
 67 72 78 83 88 95104113120124122116106 93 78 61 45 31 24 22 25 32 40 5025 110A0 9131249999999999999999999991847 22999999999999999999999
 59 68 77 83 89 94102111120127130128122111 97 79 59 40 24 16 14 18 26 3625 111A010111309999999999999999999991947 14999999999999999999999
 49 61 71 80 86 91 96104113123130134133128116100 80 57 35 19 10  9 14 2325 112A011251349999999999999999999992040  8999999999999999999999
 36 51 63 73 81 86 90 95103113123131136137132120101 79 54 31 14  6  7 1425 113A012411379999999999999999999992126  6999999999999999999999
 26 40 55 67 75 81 84 87 92100111122131137139133119 99 75 49 27 11  6  925 114A0134513999999999999999999999922 5  6999999999999999999999
 18 32 48 61 71 77 80 82 84 88 96107119129136137130115 93 69 44 23 10  925 115A014411389999999999999999999992240  8999999999999999999999
 15 27 42 57 68 75 78 79 79 80 83 92104116125132132123106 84 60 38 21 1425 116A015301339999999999999999999992310 14999999999999999999999
 17 27 40 54 67 76 79 79 78 76 76 79 88100110119124121111 93 73 52 34 2425 117A0 638 79161412499999999999999 945 762336 2299999999999999
 23 30 41 54 67 77 82 82 79 76 73 72 75 84 94103110113108 96 80 63 47 3525 118A0 626 821654113999999999999991047 712357 3199999999999999
 31 36 46 57 69 80 86 87 83 78 73 69 68 71 79 87 95 99100 93 82 68 56 4725 119A0 635 871733100999999999999991144 67999999999999999999999
 42 44 52 63 73 83 91 92 89 83 76 69 64 63 67 73 79 85 88 86 79 70 61 5525 120A0 649 931812 8899999999999999 012 421243 6399999999999999
 51 53 59 68 78 88 95 98 96 89 81 73 65 60 59 61 65 71 75 77 74 69 63 6025 121A0 7 6 981857 7799999999999999 015 511349 592350 599999999
 59 61 66 74 83 91 99103102 97 89 79 70 61 55 53 54 57 62 65 67 65 63 6225 122A0 7261031957 679999999999999915 9 532257 6299999999999999
 63 67 72 78 86 94101106108105 97 88 77 67 57 50 47 46 49 53 57 59 60 6225 123A0 7511089999999999999999999991632 46999999999999999999999
 65 70 76 82 88 95102107111110106 98 88 77 65 53 44 39 38 41 45 49 54 5825 124A0 8261119999999999999999999991743 38999999999999999999999
 64 70 77 83 89 95101107112114113109101 90 77 62 48 37 31 30 33 38 44 5225 125A0 9141149999999999999999999991845 30999999999999999999999
 59 68 76 82 88 93 99105110115117117113104 92 76 59 42 29 22 21 25 32 4125 126A010211179999999999999999999991941 21999999999999999999999
 52 62 71 79 85 90 95100107113118121122118108 93 74 53 34 21 14 14 20 2925 127A011361229999999999999999999992028 13999999999999999999999
 41 54 65 74 81 86 90 94100107115121126127122111 93 70 47 26 13  7 10 1825 128A012431279999999999999999999992110  7999999999999999999999
 31 44 57 68 75 80 84 87 92 98107115124129130124110 89 64 39 19  7  4 1025 129A013411319999999999999999999992145  4999999999999999999999
 22 36 51 63 71 76 78 80 82 87 94104115124130131123106 83 57 32 14  6  725 130A014351329999999999999999999992218  5999999999999999999999
 17 31 46 60 69 74 75 75 75 75 80 88100111121128127117 99 75 50 28 14 1125 131A015271289999999999999999999992247 11999999999999999999999
 18 30 45 59 71 76 76 74 71 67 67 71 81 92104115121119107 89 67 46 29 2125 2 1A0 532 77161912199999999999999 941 672313 2099999999999999
 24 34 48 62 74 82 82 78 71 65 59 57 62 72 83 95105110107 95 79 62 46 3525 2 2A0 534 831710110999999999999991049 572337 3399999999999999
 34 42 54 68 80 89 91 87 78 68 59 51 49 53 62 72 83 92 96 92 83 71 59 5025 2 3A0 548 9218 3 96999999999999991152 492355 4799999999999999
 47 51 63 75 87 97101 98 89 77 65 54 45 42 45 52 61 70 78 81 78 72 66 6125 2 4A0 6 71011859 81999999999999991257 42999999999999999999999
 59 61 70 82 94104110110103 91 77 64 51 42 37 39 43 50 57 64 66 66 65 6525 2 5A0 6311112015 6699999999999999 0 3 591413 372234 659999999
 66 69 76 86 98108115118115105 92 78 64 51 41 35 33 35 40 46 51 54 57 6125 2 6A0 6591189999999999999999999991551 33999999999999999999999
 66 72 78 87 97107116121122117107 95 82 68 53 41 33 29 28 31 36 41 47 5425 2 7A0 7371229999999999999999999991735 28999999999999999999999
 62 70 77 85 93102111119123123119110100 87 72 56 42 31 24 22 24 28 35 4425 2 8A0 83012399999999999999999999919 1 22999999999999999999999
 54 64 73 81 87 94102110117122123121115105 92 76 58 41 27 19 17 19 25 3525 2 9A0 95012399999999999999999999920 2 17999999999999999999999
 46 58 68 76 82 86 91 98106114119123123119110 95 77 57 38 23 15 13 18 2725 210A011341239999999999999999999992044 13999999999999999999999
 39 52 63 71 77 80 82 86 92101109117123125122111 95 75 53 33 18 12 13 2125 211A012561259999999999999999999992118 12999999999999999999999
 33 47 60 69 74 76 77 77 79 85 95105115122125121109 91 69 47 27 15 13 1825 212A013581259999999999999999999992147 13999999999999999999999
 29 43 57 68 74 76 75 72 70 72 79 89101112120122116102 83 61 40 24 17 1925 213A0 457 76144912399999999999999 8 9 702213 1699999999999999
 28 41 56 69 76 78 75 71 66 63 65 73 85 97108115116107 92 73 53 36 25 2325 214A0 446 78153311799999999999999 912 632237 2399999999999999
 31 43 57 70 80 82 79 73 66 60 56 59 68 80 92103108106 95 80 64 48 35 3125 215A0 453 8216141099999999999999910 5 562258 3199999999999999
 36 47 59 72 83 88 85 78 69 60 53 50 55 65 77 88 96 99 94 83 70 57 46 4125 216A0 5 7 881652 99999999999999991051 502314 4099999999999999
 43 52 64 76 87 93 92 84 74 63 53 46 46 52 62 73 82 88 88 82 72 62 54 5025 217A0 522 931728 89999999999999991135 452323 4999999999999999
 51 58 69 80 90 97 98 92 81 69 57 47 42 44 50 60 69 76 80 77 71 64 59 5725 218A0 538 9818 4 80999999999999991218 422315 5799999999999999
 58 64 73 84 93100103 99 89 77 64 52 44 40 43 49 57 64 70 71 68 64 61 6125 219A0 5551031843 719999999999999913 4 402234 6199999999999999
 63 68 77 86 95102106104 97 86 73 61 50 42 40 42 47 53 59 62 62 61 60 6225 220A0 6151061933 629999999999999914 1 402145 6099999999999999
 66 71 79 88 96103107108104 95 84 72 60 49 42 39 39 43 47 51 54 55 57 6025 221A0 6391089999999999999999999991517 39999999999999999999999
 66 72 80 87 95102106109108103 95 84 73 61 50 41 36 35 36 39 43 46 50 5625 222A0 7131099999999999999999999991657 35999999999999999999999
 63 70 78 86 93 99104108109108104 97 87 76 63 50 39 32 28 28 31 35 41 4925 223A0 8 41099999999999999999999991830 28999999999999999999999
 57 66 75 82 88 94 99104107109109107101 92 79 64 48 34 25 20 20 24 31 4025 224A0 9311099999999999999999999991931 19999999999999999999999
 50 60 69 77 83 88 92 97101106110112111106 96 81 63 44 28 17 13 14 21 3125 225A011171129999999999999999999992013 13999999999999999999999
 42 54 64 72 77 80 83 86 91 97104110115115110 98 81 60 39 22 11  9 14 2425 226A012381169999999999999999999992048  9999999999999999999999
 36 49 60 68 72 74 74 75 77 83 91101110116118112 98 78 55 34 18 10 12 2125 227A013441189999999999999999999992118 10999999999999999999999
 33 47 60 68 71 71 68 65 63 66 73 84 96107115117110 94 73 51 31 19 16 2225 228A0 416 71144311899999999999999 759 632145 1699999999999999
 34 48 62 72 75 73 67 60 53 50 53 62 75 89102111113104 88 68 49 33 25 2925 3 1A0 4 3 75153811399999999999999 9 6 502211 2599999999999999
 39 53 67 78 83 81 72 62 51 41 37 41 51 65 81 95104104 95 81 64 49 39 3825 3 2A0 410 8416301059999999999999910 4 372235 3799999999999999
 47 60 73 86 93 93 84 70 56 42 31 26 31 42 57 72 86 93 92 84 74 62 53 5025 3 3A0 427 941721 94999999999999991058 262255 5099999999999999
 55 67 81 93102104 98 84 68 51 35 23 20 25 36 49 63 75 80 79 74 68 63 6025 3 4A0 4481051815 81999999999999991151 2023 7 6099999999999999
 63 72 86 98108113111100 83 66 48 32 21 18 23 32 43 54 63 67 67 66 65 6525 3 5A0 5131141921 67999999999999991248 182229 6599999999999999
 68 75 87100111118119112 99 83 66 49 33 24 21 24 30 38 46 52 55 57 60 6425 3 6A0 5411199999999999999999999991354 21999999999999999999999
 69 75 85 97108116120119111 98 83 68 52 39 29 25 25 28 32 38 42 47 52 5925 3 7A0 6161219999999999999999999991526 25999999999999999999999
 66 73 81 91101110116118116109 98 86 73 58 45 35 29 26 26 28 31 37 43 5125 3 8A0 7 01189999999999999999999991737 25999999999999999999999
 60 69 76 83 91 99106111113112107100 90 78 65 51 39 30 25 23 24 28 36 4525 3 9A0 8 711399999999999999999999919 6 22999999999999999999999
 55 64 71 77 82 87 93 99103107108107102 94 83 69 53 39 28 22 20 23 30 4025 310A010 11089999999999999999999991952 20999999999999999999999
 51 61 68 73 76 77 80 84 90 96101105107104 96 85 69 52 37 25 20 21 27 3725 311A011521079999999999999999999992023 19999999999999999999999
 48 59 67 72 73 71 70 70 74 81 89 97103107104 96 83 66 48 33 23 21 25 3525 312A0 353 7313 810799999999999999 623 702048 2199999999999999
 47 59 69 73 73 70 65 61 60 64 73 83 93102105102 93 78 61 44 30 24 27 3525 313A0 327 7314 510599999999999999 739 602111 2499999999999999
 47 60 71 77 76 71 64 56 50 50 56 67 79 90 99102 98 86 72 55 40 31 30 3725 314A0 323 77145310299999999999999 833 492134 3099999999999999
 49 62 74 81 81 75 66 56 46 40 42 50 63 76 88 96 97 90 79 65 51 41 37 4225 315A0 332 821536 9899999999999999 919 402155 3799999999999999
 52 64 76 85 88 82 71 59 46 36 32 36 47 60 74 86 92 90 82 71 60 51 45 4725 316A0 347 881615 929999999999999910 0 322214 4599999999999999
 56 68 80 89 94 90 79 65 50 37 28 27 34 46 60 73 83 85 81 74 66 58 54 5425 317A0 4 4 941652 85999999999999991038 262228 5399999999999999
 61 72 83 92 98 97 88 73 57 42 30 23 25 35 47 61 72 78 78 73 67 63 60 6025 318A0 421 991727 79999999999999991115 232230 5999999999999999
 65 75 85 95101102 96 82 66 50 36 25 22 27 37 49 61 69 72 70 66 64 63 6425 319A0 43910318 2 72999999999999991152 2222 0 6399999999999999
 68 77 87 96103105102 91 77 61 45 32 25 24 30 40 50 59 63 64 63 62 63 6625 320A0 4571051842 64999999999999991233 232057 6299999999999999
 70 78 87 96103106105 98 86 72 57 43 32 27 27 33 40 48 54 56 57 58 60 6525 321A0 5181069999999999999999999991320 26999999999999999999999
 71 78 86 95101105106102 94 83 70 56 43 34 29 30 33 38 43 46 49 52 56 6125 322A0 5401069999999999999999999991425 29999999999999999999999
 68 76 84 92 99103105104100 92 82 70 58 46 36 31 29 30 32 36 39 44 49 5625 323A0 61010599999999999999999999916 5 29999999999999999999999
 64 72 80 87 94 99101102101 98 92 84 73 61 48 38 30 26 25 26 30 35 42 5025 324A0 6591029999999999999999999991757 25999999999999999999999
 59 67 75 81 87 91 94 97 98 99 98 94 87 77 64 50 37 28 21 20 22 27 35 4525 325A0 856 999999999999999999999991857 20999999999999999999999
 54 63 70 75 78 81 83 86 89 93 96 98 97 91 81 67 51 36 25 18 18 23 31 4125 326A011 7 989999999999999999999991935 17999999999999999999999
 52 61 67 70 71 70 69 70 74 80 87 94 99 99 94 83 68 51 35 24 20 22 30 4125 327A0 353 71123810099999999999999 6 2 6920 6 2099999999999999
 52 62 68 69 67 63 57 54 55 60 69 80 90 98101 96 84 68 51 36 28 27 34 4425 328A0 249 69135110199999999999999 723 542034 2699999999999999
 56 67 74 75 70 61 51 42 37 38 46 58 72 86 97100 95 83 68 53 41 36 40 5025 329A0 237 75145310099999999999999 820 3621 0 3699999999999999
 63 74 83 85 79 67 53 39 27 20 23 33 48 65 81 93 96 90 80 68 56 48 49 5825 330A0 246 851550 9699999999999999 912 202125 4799999999999999
 70 82 92 97 93 81 64 45 27 13  7 12 24 40 58 75 86 88 84 76 68 60 58 6425 331A0 3 5 971645 889999999999999910 3  72146 5899999999999999
 76 89100107107 98 80 60 39 19  5  0  6 19 35 53 68 77 79 76 72 68 65 6925 4 1A0 3301091744 79999999999999991053  022 2 6599999999999999
 79 93105114118113 98 78 57 35 15  2  0  6 18 33 48 60 67 68 69 69 69 7125 4 2A0 3591189999999999999999999991144 -1999999999999999999999
 79 91105115121121113 97 77 56 35 17  6  5 10 20 32 43 52 57 60 64 67 7025 4 3A0 4311229999999999999999999991238  4999999999999999999999
 76 86 99111119122120110 94 76 57 38 22 14 13 16 23 31 38 45 50 55 61 6625 4 4A0 5 71229999999999999999999991339 12999999999999999999999
 72 80 90101111116118114105 91 76 60 44 31 23 21 22 25 29 35 40 47 54 6125 4 5A0 54911899999999999999999999915 5 21999999999999999999999
 68 74 81 90 98105109110106 99 89 77 64 50 39 31 27 25 26 29 34 41 48 5625 4 6A0 6421109999999999999999999991714 25999999999999999999999
 64 70 75 80 86 91 95 98100 99 95 88 79 68 56 45 36 30 27 27 30 37 45 5425 4 7A0 8 81009999999999999999999991829 26999999999999999999999
 62 68 71 74 75 77 80 84 87 91 92 91 87 80 71 59 48 38 31 28 30 36 44 5425 4 8A01011 9399999999999999999999919 7 28999999999999999999999
 62 68 71 71 69 67 66 68 72 77 83 88 89 87 81 72 60 48 38 32 32 36 45 5525 4 9A0 230 711154 8999999999999999 550 661934 3199999999999999
 65 71 74 72 67 61 55 53 55 61 69 78 84 87 86 80 71 59 47 39 36 39 47 5725 410A0 2 5 741313 8899999999999999 7 0 531958 3699999999999999
 68 75 78 76 69 60 50 43 41 45 53 64 74 83 86 85 79 69 58 47 42 43 49 6025 411A0 2 1 781412 8799999999999999 748 412021 4199999999999999
 70 80 84 82 74 62 50 38 30 30 37 48 61 73 82 85 83 76 67 57 50 48 53 6325 412A0 211 8415 1 8599999999999999 829 292044 4899999999999999
 73 83 90 89 81 68 53 38 26 20 23 33 47 61 73 81 83 79 73 65 58 55 58 6625 413A0 227 901544 8399999999999999 9 7 2021 5 5599999999999999
 76 87 94 96 90 77 60 43 27 16 14 21 33 48 62 74 80 79 75 70 65 61 62 6925 414A0 247 961624 8099999999999999 944 142122 6199999999999999
 79 89 97101 98 87 70 51 33 18 10 12 21 35 51 64 73 76 75 72 69 66 66 7125 415A0 3 710117 1 76999999999999991020 102130 6699999999999999
 80 90 99105104 96 81 62 43 26 13  9 14 25 40 54 65 71 71 70 69 69 69 7325 416A0 3291051740 72999999999999991056  921 4 6999999999999999
 81 90 99106108103 91 74 55 37 21 11 11 18 30 43 55 63 66 66 66 68 70 7425 417A0 3521089999999999999999999991133 10999999999999999999999
 80 89 98105109107 99 85 68 50 33 19 13 15 24 34 45 53 58 60 62 64 68 7325 418A0 4141099999999999999999999991213 13999999999999999999999
 79 88 97104108108104 94 80 63 47 31 20 17 20 27 36 43 49 53 56 59 65 7025 419A0 4361099999999999999999999991259 17999999999999999999999
 77 85 93101105107105 99 89 76 61 45 32 23 21 23 28 34 40 45 49 54 60 6625 420A0 4591079999999999999999999991354 21999999999999999999999
 73 81 88 95100103103100 94 85 73 60 46 34 27 24 25 28 32 37 42 48 55 6225 421A0 5281039999999999999999999991511 24999999999999999999999
 69 76 82 88 92 95 96 96 95 90 83 73 61 49 38 30 26 25 27 31 37 44 52 5925 422A0 624 979999999999999999999991646 25999999999999999999999
 65 71 75 79 81 83 85 87 88 89 88 83 75 64 53 42 34 28 27 30 35 43 51 5925 423A0 857 899999999999999999999991751 27999999999999999999999
 64 68 70 71 70 69 69 71 75 79 84 85 84 78 69 58 47 38 33 32 37 45 54 6225 424A0 242 7111 2 8599999999999999 526 691832 3299999999999999
 68 70 70 66 61 55 51 51 55 62 70 78 84 85 81 73 63 52 44 40 43 50 59 6825 425A0 116 711244 8599999999999999 637 5119 5 4099999999999999
 75 78 76 69 59 48 38 32 32 38 49 61 73 83 86 84 77 67 58 51 51 57 67 7725 426A0 1 2 7814 5 8699999999999999 728 311934 5099999999999999
 85 89 88 79 66 50 34 20 13 15 25 38 54 69 81 86 84 79 71 64 61 64 73 8525 427A0 115 901514 8699999999999999 817 1320 0 6199999999999999
 94101102 95 80 61 40 21  5 -1  3 14 30 48 66 78 83 82 79 74 70 70 78 9025 428A0 1391021620 8399999999999999 9 6 -12023 6999999999999999
101110114111 99 80 57 33 11 -4 -9 -4  9 26 45 62 73 77 78 77 75 75 79 9025 429A0 2101151747 7899999999999999 956 -92040 7499999999999999
103114122124117100 78 54 29  7 -8-11 -4  9 25 43 57 66 71 73 75 75 78 8625 430A0 2461249999999999999999999991047-11999999999999999999999
 99112122128127117 99 77 53 28  7 -5 -7  0 12 26 41 53 60 64 69 72 75 8125 5 1A0 3251299999999999999999999991138 -7999999999999999999999
 91104116125129126114 96 75 53 30 12  2  2  8 17 29 40 49 55 60 66 71 7525 5 2A0 4 81299999999999999999999991230  1999999999999999999999
 82 93105115122124119108 92 74 54 34 19 12 12 16 23 31 40 47 53 60 66 7025 5 3A0 4521249999999999999999999991326 11999999999999999999999
 75 82 92101109113114110101 87 72 55 39 27 22 22 24 29 35 42 49 56 62 6725 5 4A0 5421149999999999999999999991432 21999999999999999999999
 71 75 81 87 94 99102103100 93 82 69 56 44 35 31 30 31 34 40 47 55 61 6625 5 5A0 6441039999999999999999999991555 30999999999999999999999
 70 72 74 76 79 83 86 89 90 89 85 77 68 58 49 42 38 36 37 41 48 56 63 6925 5 6A0 810 9099999999999999999999917 7 36999999999999999999999
 72 73 72 70 68 68 69 72 76 79 80 78 74 68 61 54 47 43 42 44 50 58 66 7325 5 7A0 059 73 951 8099999999999999 440 681750 4299999999999999
 76 76 73 68 62 57 54 56 60 65 71 74 75 73 69 64 58 52 48 49 54 61 70 7725 5 8A0 032 761143 7599999999999999 6 8 541821 4899999999999999
 82 81 77 70 60 50 43 41 44 50 58 65 71 74 74 71 67 61 56 55 58 65 74 8225 5 9A0 029 821331 7499999999999999 656 411849 5599999999999999
 87 88 84 75 63 49 37 30 29 35 44 54 63 71 75 76 73 69 64 61 62 68 77 8625 510A0 041 891441 7699999999999999 735 291915 6199999999999999
 93 95 92 83 69 53 37 24 19 21 29 41 53 65 73 77 77 75 71 68 67 71 79 8825 511A0 1 1 951533 7799999999999999 811 191938 6799999999999999
 96101100 93 78 61 42 25 14 11 17 28 41 55 67 75 78 77 75 73 72 74 81 9025 512A0 1251021619 7899999999999999 848 111957 7299999999999999
 98105107102 90 72 52 32 16  7  8 16 30 44 59 69 75 77 76 75 75 76 81 9025 513A0 1521071712 7799999999999999 925  620 2 7599999999999999
 99106111110101 85 65 43 24 10  4  8 19 33 48 61 70 73 74 75 76 77 81 8825 514A0 22111199999999999999999999910 3  4999999999999999999999
 97106112114110 97 79 58 37 18  7  5 11 24 38 51 62 67 70 72 74 76 80 8625 515A0 2511149999999999999999999991042  4999999999999999999999
 95104111116115107 92 73 52 31 15  7  8 16 28 41 52 60 64 67 70 74 78 8425 516A0 3211169999999999999999999991122  6999999999999999999999
 92101109114116112102 86 67 46 27 14  9 12 21 32 43 52 57 62 66 70 75 8125 517A0 35011699999999999999999999912 2  9999999999999999999999
 88 96105111114113107 95 79 61 42 25 15 13 18 26 35 44 51 56 61 66 71 7725 518A0 4191149999999999999999999991244 13999999999999999999999
 83 90 98105108109107100 89 74 56 39 25 18 18 23 30 38 45 52 57 63 68 7325 519A0 4501099999999999999999999991329 18999999999999999999999
 78 83 90 95100102102 99 93 83 69 54 40 29 25 25 29 35 42 49 56 61 66 7025 520A0 5351029999999999999999999991420 24999999999999999999999
 73 76 80 84 87 89 91 92 91 86 78 67 55 44 36 33 33 37 43 50 57 64 68 7025 521A0 7 9 929999999999999999999991519 32999999999999999999999
 71 72 72 71 71 72 74 77 80 82 81 75 68 59 51 45 42 43 47 54 61 69 74 7625 522A0 9 4 8223 7 76999999999999991618 42999999999999999999999
 75 72 68 62 58 54 54 57 63 69 74 76 75 71 66 60 55 53 54 60 68 76 82 8525 523A011 4 7623 8 8599999999999999 533 5417 6 5399999999999999
 83 78 70 60 50 40 35 35 41 49 59 68 74 76 76 73 68 65 64 68 75 84 92 9625 524A01316 762329 9799999999999999 627 351743 6499999999999999
 96 91 81 67 51 36 23 17 18 26 38 51 63 72 78 79 78 75 73 75 81 9110010725 525A015 0 79999999999999999999999 717 171812 7399999999999999
110107 97 82 63 42 23  8  3  6 15 29 45 60 71 78 81 81 80 80 84 9310411425 526A0 0 21101635 8199999999999999 8 8  21832 8099999999999999
120121115102 82 59 36 14 -1 -7 -2  9 24 41 58 70 76 80 81 82 85 9110311525 527A0 043121999999999999999999999 859 -7999999999999999999999
124130129121105 82 57 31  9 -6-10 -5  7 23 41 56 67 73 77 80 82 87 9610825 528A0 130130999999999999999999999 952-10999999999999999999999
121130135134124105 82 56 30  7 -6 -8 -2 10 25 41 55 63 69 74 78 81 87 9825 529A0 2211369999999999999999999991043 -9999999999999999999999
111123132136134122104 81 55 30  9 -2 -2  4 16 29 43 54 61 67 72 76 80 8625 530A0 3121369999999999999999999991133 -3999999999999999999999
 97110121129132129117 99 78 54 31 13  6  7 14 24 35 47 55 62 67 71 74 7825 531A0 4 21329999999999999999999991219  5999999999999999999999
 85 95106116122124120109 92 73 52 33 20 15 18 24 33 43 52 59 65 69 72 7425 6 1A0 45312499999999999999999999913 3 15999999999999999999999
 77 82 91 99106111112108 98 84 67 50 36 28 26 30 36 43 51 60 66 70 72 7325 6 2A0 5461129999999999999999999991344 26999999999999999999999
 74 75 78 84 89 94 97 98 95 86 75 62 51 42 37 38 41 47 54 62 69 73 76 7625 6 3A0 644 982237 76999999999999991424 37999999999999999999999
 75 72 71 72 74 77 80 84 85 82 76 68 60 54 49 47 49 52 58 65 73 78 81 8125 6 4A0 751 852220 8199999999999999 215 7115 3 4799999999999999
 78 74 69 64 62 62 64 67 71 73 72 69 66 62 59 57 57 59 63 70 77 84 87 8725 6 5A0 913 732229 8899999999999999 436 611543 5799999999999999
 84 78 71 62 55 50 49 51 56 61 65 67 67 67 67 66 65 66 68 74 81 88 93 9425 6 6A01213 672249 9499999999999999 545 491623 6599999999999999
 92 85 76 65 53 43 37 37 42 48 55 61 66 69 71 73 72 72 73 77 84 91 9810125 6 7A02317101999999999999999999999 630 37999999999999999999999
100 94 84 71 56 42 31 26 29 35 44 53 61 68 73 76 77 77 78 80 86 9310010625 6 8A02350107999999999999999999999 7 9 26999999999999999999999
107104 95 81 64 46 31 21 18 23 32 43 54 64 72 77 79 80 81 82 86 9310110825 6 9A09999999999999999999999999999 748 18999999999999999999999
112112106 93 76 56 37 22 13 13 20 31 44 57 67 74 79 81 82 83 86 9210010825 610A0 029113999999999999999999999 829 12999999999999999999999
114117115106 91 71 49 29 15  9 11 20 33 47 59 69 75 78 81 82 85 90 9710625 611A0 110117999999999999999999999 911  8999999999999999999999
114120121117105 87 65 42 23 10  6 11 22 36 50 61 69 74 77 80 83 87 9310225 612A0 151121999999999999999999999 953  6999999999999999999999
111118123123116102 81 58 36 17  7  6 14 26 39 52 62 69 73 76 80 83 89 9725 613A0 2301249999999999999999999991034  6999999999999999999999
106115121125122113 96 75 52 30 14  7  9 18 31 43 55 63 68 72 76 80 84 9125 614A0 3 91259999999999999999999991112  6999999999999999999999
 99108116122123118107 89 67 45 25 12  9 15 25 37 48 57 64 69 72 76 79 8425 615A0 3461239999999999999999999991149  9999999999999999999999
 91100108114118118111 99 81 60 39 23 15 16 23 33 44 54 62 67 71 73 76 7825 616A0 4271189999999999999999999991224 14999999999999999999999
 83 89 97103108110109102 90 73 54 38 26 22 26 34 43 53 62 68 72 73 74 7425 617A0 5151119999999999999999999991258 22999999999999999999999
 76 79 83 89 94 97100 99 93 81 67 53 41 34 34 39 47 56 64 72 76 77 76 7425 618A0 6181002047 77999999999999991331 33999999999999999999999
 72 70 71 73 76 80 84 87 88 83 75 65 56 49 46 48 54 61 70 78 83 85 82 7825 619A0 734 882050 8599999999999999 119 7014 4 4699999999999999
 72 67 62 59 58 60 64 69 75 77 75 71 67 62 60 59 63 69 77 85 92 95 93 8725 620A0 9 7 7721 9 9599999999999999 344 581433 5999999999999999
 79 70 61 52 45 42 43 48 56 63 68 70 71 71 71 71 72 76 83 9210010510610125 621A02138106999999999999999999999 511 42999999999999999999999
 93 81 68 54 41 31 27 28 34 43 53 61 68 73 76 79 80 83 88 9610511311711625 622A02217117999999999999999999999 612 26999999999999999999999
109 98 83 66 48 31 19 14 16 23 34 46 57 67 75 80 83 86 90 9610611612312625 623A023 9126999999999999999999999 7 9 14999999999999999999999
124117103 85 65 43 23 10  5  8 16 28 42 56 67 76 81 85 88 9310211312313025 624A09999999999999999999999999999 8 5  5999999999999999999999
134132123108 87 64 39 18  4  0  3 13 26 41 56 67 75 80 84 88 9410311512625 625A0 011134999999999999999999999 9 0  0999999999999999999999
135139137128111 88 63 37 15  2 -2  3 14 28 44 57 67 74 78 82 86 9210311525 626A0 116139999999999999999999999 952 -2999999999999999999999
127136140139129111 87 61 36 14  2  1  7 19 33 48 60 68 73 77 79 83 8910025 627A0 2171419999999999999999999991039  0999999999999999999999
113125134138136125107 84 58 34 15  6  8 16 28 41 54 64 70 73 76 77 79 8625 628A0 3141399999999999999999999991120  6999999999999999999999
 96109120128132129117 99 77 54 32 18 14 18 27 39 52 62 69 73 75 75 75 7625 629A0 4 61329999999999999999999991156 14999999999999999999999
 82 92102112119121117105 88 69 49 33 25 25 32 41 52 63 71 76 77 76 74 7225 630A0 45612120 1 77999999999999991226 242325 7299999999999999
 73 78 86 94101107108103 92 77 62 48 38 36 39 47 56 66 75 80 82 80 77 7325 7 1A0 5441081951 82999999999999991252 35999999999999999999999
 70 69 72 78 84 90 94 94 88 79 68 58 50 47 48 54 62 70 79 86 88 86 82 7725 7 2A0 632 9420 4 8899999999999999 041 691311 4799999999999999
 71 66 64 65 69 73 78 81 80 76 70 64 59 57 58 62 68 76 83 90 94 94 89 8325 7 3A0 725 812023 9599999999999999 2 8 641316 5799999999999999
 75 68 61 57 56 58 62 67 70 70 68 66 65 65 66 70 74 81 88 94 99100 97 9125 7 4A0 834 70204710199999999999999 345 561216 6599999999999999
 82 73 63 55 49 47 49 53 58 62 64 65 67 69 73 76 79 84 90 9710310610510025 7 5A02117106999999999999999999999 458 47999999999999999999999
 92 81 69 57 47 40 38 41 46 52 57 62 66 71 76 80 83 87 92 9810410911010825 7 6A02158110999999999999999999999 553 38999999999999999999999
102 92 80 65 51 39 32 30 34 41 48 56 63 70 76 81 85 88 92 9710310911411525 7 7A02249115999999999999999999999 642 30999999999999999999999
112105 93 78 60 44 31 24 24 29 37 47 57 66 74 80 84 87 90 9510110811411825 7 8A02348119999999999999999999999 730 23999999999999999999999
119116107 93 75 55 37 24 18 19 26 36 48 59 69 76 82 85 88 92 9710411111825 7 9A09999999999999999999999999999 817 18999999999999999999999
123124119108 91 70 49 30 17 13 16 25 37 50 62 71 77 81 85 88 92 9810611525 710A0 044124999999999999999999999 9 3 13999999999999999999999
122127127121108 88 65 42 23 12 10 16 27 40 53 64 72 77 80 83 87 92 9910825 711A0 135128999999999999999999999 944 10999999999999999999999
117125129129120104 82 58 35 17  9 10 19 31 45 58 67 73 77 79 82 85 91 9925 712A0 2231309999999999999999999991021  8999999999999999999999
109118126129127116 97 74 50 28 14 10 15 26 39 53 64 71 75 76 78 79 82 8825 713A0 3 81299999999999999999999991055 10999999999999999999999
 97107116123125121108 89 66 43 25 16 16 25 37 50 62 71 75 76 76 75 75 7725 714A0 3551251856 76999999999999991125 152135 7599999999999999
 84 93102110116118112 98 79 59 40 27 23 29 39 51 63 73 79 80 77 74 71 7025 715A0 4441181839 80999999999999991153 2323 6 6999999999999999
 71 77 85 94101107107101 88 72 56 42 35 37 45 56 67 78 85 86 83 78 72 6625 716A0 5361081848 86999999999999991219 35999999999999999999999
 63 63 68 75 82 89 94 95 89 79 67 57 50 48 54 63 74 84 92 95 92 86 77 6925 717A0 634 9519 5 9599999999999999 022 631241 4899999999999999
 61 56 55 57 62 69 76 81 82 78 73 67 63 61 64 72 81 91 99104104 98 88 7725 718A0 741 82192710499999999999999 145 551253 6199999999999999
 66 56 49 45 46 50 55 62 68 71 71 70 70 71 73 79 87 96105111114111102 9125 719A0 927 71195711499999999999999 320 451131 7099999999999999
 78 65 53 43 36 35 38 43 50 57 62 66 70 75 79 84 90 9810711612112111710725 720A02037122999999999999999999999 450 35999999999999999999999
 95 81 66 51 37 29 25 27 33 40 48 57 65 72 79 85 90 9710511412212712712225 721A02132127999999999999999999999 6 6 25999999999999999999999
113101 85 68 49 33 22 18 19 25 33 44 55 65 74 82 87 92 9910711712513013225 722A02247132999999999999999999999 714 18999999999999999999999
128120107 89 69 48 30 17 12 14 20 31 43 56 67 76 82 86 91 9710611712613225 723A09999999999999999999999999999 814 12999999999999999999999
135133126111 92 69 46 26 13  9 12 20 32 46 59 69 76 81 84 87 9310311412425 724A0 011135999999999999999999999 9 4  9999999999999999999999
132137136128113 92 67 43 23 11  9 14 24 38 53 65 72 76 79 80 82 88 9811025 725A0 124138999999999999999999999 947  9999999999999999999999
121131137136127110 88 63 39 21 12 13 21 33 48 61 71 75 77 76 76 77 82 9225 726A0 2261371822 77999999999999991022 122015 7699999999999999
105117127132131120102 80 57 36 22 18 23 33 46 60 71 77 78 77 74 71 71 7625 727A0 3191331746 78999999999999991053 182136 7199999999999999
 87 99110120124121109 92 72 52 35 27 28 37 48 61 73 81 83 80 76 71 66 6625 728A0 4 81251749 83999999999999991120 262238 6599999999999999
 71 81 92103111113108 96 80 64 49 39 37 43 53 65 76 85 89 86 81 74 67 6225 729A0 45211318 2 89999999999999991143 362335 6199999999999999
 61 67 76 85 94100100 94 83 71 60 51 47 51 60 70 81 90 95 94 87 79 71 6325 730A0 5341011819 95999999999999991159 47999999999999999999999
 58 57 62 70 78 85 89 87 81 73 65 60 57 60 67 76 86 94100100 95 87 77 6725 731A0 616 89183810199999999999999 031 5712 5 5799999999999999
 59 54 54 58 64 70 76 78 76 72 67 65 65 67 73 81 90 97103106103 95 85 7425 8 1A0 7 1 78185810699999999999999 130 531136 6599999999999999
 64 56 51 50 53 58 63 67 69 68 67 67 69 73 78 85 92100106109108103 95 8425 8 2A0 8 1 69192310999999999999999 239 501022 6799999999999999
 73 62 53 48 46 48 52 56 60 62 64 66 71 76 81 87 93100106110112110104 9525 8 3A01958112999999999999999999999 357 46999999999999999999999
 84 73 61 51 44 41 42 45 50 54 59 63 69 76 82 88 93 9810410911311411110625 8 4A02049114999999999999999999999 513 41999999999999999999999
 97 86 73 59 47 39 35 35 39 44 51 58 65 73 80 86 91 9610110611111411611425 8 5A022 1116999999999999999999999 621 34999999999999999999999
109100 88 73 56 42 32 28 29 33 41 49 59 68 77 83 88 92 9610110611211611925 8 6A02322119999999999999999999999 720 28999999999999999999999
118114104 89 71 52 36 25 21 23 30 39 51 62 72 79 84 88 91 9510010611311925 8 7A09999999999999999999999999999 8 9 21999999999999999999999
123123117105 87 66 46 29 18 16 20 30 42 54 66 74 80 83 85 88 92 9810611425 8 8A0 031123999999999999999999999 850 16999999999999999999999
121126126119104 83 60 38 22 14 14 22 34 48 61 71 77 79 80 81 83 87 9410425 8 9A0 129127999999999999999999999 925 13999999999999999999999
114122127126117 99 77 53 32 18 14 19 30 43 57 69 76 78 77 76 75 76 80 8925 810A0 22212817 8 7899999999999999 956 142011 7599999999999999
100111120125123111 92 70 47 29 20 21 29 43 57 69 78 80 78 74 70 67 67 7225 811A0 3131261657 80999999999999991025 192128 6699999999999999
 83 94106116120116103 84 64 45 31 28 34 46 59 72 82 86 84 77 70 63 58 5825 812A0 4 312017 3 86999999999999991051 282230 5799999999999999
 64 75 87 98108111105 93 77 60 47 40 42 52 65 78 88 94 93 85 75 64 55 4925 813A0 4541111718 95999999999999991115 392329 4899999999999999
 49 56 66 77 89 97 99 94 83 72 61 53 53 60 72 84 95102103 97 85 72 60 4925 814A0 545 991738104999999999999991135 52999999999999999999999
 42 42 48 57 68 78 85 86 82 76 70 65 64 69 79 91102109113109 99 85 71 5725 815A0 641 8618 011399999999999999 028 411145 6499999999999999
 45 38 38 42 49 58 66 72 73 72 71 71 72 76 84 95106114119119112100 86 7125 816A0 755 73182812099999999999999 134 371042 7199999999999999
 57 45 37 35 37 42 48 55 60 63 66 70 74 79 86 95105115122124122114102 8925 817A019 5124999999999999999999999 258 35999999999999999999999
 74 60 47 38 33 32 34 39 45 50 56 63 71 78 85 9310111011812412612311610625 818A01957126999999999999999999999 443 32999999999999999999999
 94 80 65 50 38 31 28 28 32 38 45 54 64 73 81 88 9410211011712312512412025 819A02114125999999999999999999999 621 27999999999999999999999
112100 86 69 52 38 28 23 23 27 35 45 56 66 75 82 87 92 9810511311912412525 820A023 0125999999999999999999999 731 22999999999999999999999
123117106 90 71 52 36 24 19 20 27 37 49 61 71 77 81 84 86 91 9810711512225 821A09999999999999999999999999999 819 19999999999999999999999
126126120108 91 70 49 32 21 18 22 31 44 57 68 75 78 79 78 79 82 9010011025 822A0 030127999999999999999999999 854 18999999999999999999999
120126127120107 88 66 45 29 21 22 29 41 55 67 76 79 78 75 72 70 74 82 9425 823A0 1381271613 7999999999999999 924 201952 7099999999999999
106117124124116101 82 60 41 28 25 30 41 54 68 78 82 81 76 70 64 62 66 7525 824A0 23312516 9 8299999999999999 951 252056 6299999999999999
 88101112119117108 92 74 55 40 32 35 44 56 70 81 88 86 80 72 64 56 54 5925 825A0 3221191620 88999999999999991015 322150 5499999999999999
 70 83 96106111108 97 82 67 53 43 42 49 60 73 85 93 94 87 77 67 57 49 4825 826A0 4 61111636 94999999999999991037 412237 4899999999999999
 55 66 79 91 99102 96 86 74 63 54 51 55 66 77 89 97100 95 85 73 61 50 4425 827A0 4461021654100999999999999991055 512322 4399999999999999
 45 53 64 75 85 91 91 85 77 69 63 60 63 71 82 93101105103 94 81 67 55 4525 828A0 525 9217111059999999999999911 6 60999999999999999999999
 41 44 52 62 72 80 83 81 76 71 68 67 69 76 86 96104109109102 90 76 63 5125 829A0 6 3 83172910999999999999999 0 5 411054 6799999999999999
 43 41 44 52 60 68 73 74 72 70 69 71 74 80 88 97105110112108 99 86 73 6025 830A0 644 75174811299999999999999 051 40 944 6999999999999999
 50 43 42 45 51 58 63 66 67 67 68 71 76 82 90 98105110113112106 96 84 7225 831A01813113999999999999999999999 144 41999999999999999999999
 60 50 44 42 44 48 53 57 60 62 65 69 75 82 89 97103108112112110104 95 8525 9 1A01847113999999999999999999999 255 42999999999999999999999
 73 62 52 45 41 41 43 47 50 54 59 65 73 80 87 94100105108111111109104 9725 9 2A01940111999999999999999999999 432 41999999999999999999999
 88 76 64 52 43 38 36 37 40 45 52 59 68 77 84 90 9610010310710911011010725 9 3A02118110999999999999999999999 6 7 36999999999999999999999
101 91 79 64 50 39 32 29 30 35 43 52 62 72 80 86 90 93 9610010310711111225 9 4A023 6112999999999999999999999 7 8 29999999999999999999999
111105 94 79 62 46 33 25 23 27 35 45 57 67 76 81 84 86 88 90 94 9910611225 9 5A09999999999999999999999999999 750 23999999999999999999999
115115108 95 78 59 41 27 21 22 29 39 52 64 73 78 80 80 79 79 81 87 9510425 9 6A0 0241151614 8099999999999999 823 201835 7999999999999999
112117117109 94 75 54 36 25 22 26 37 50 63 73 79 79 76 72 68 67 70 78 8925 9 7A0 1271181537 8099999999999999 852 211951 6799999999999999
100111117116107 90 70 51 35 27 29 38 51 64 76 83 83 78 70 62 56 54 58 6925 9 8A0 2251181531 8499999999999999 919 272050 5499999999999999
 82 95107114112102 85 67 50 39 36 43 55 69 81 90 91 85 74 62 51 43 41 4825 9 9A0 3191151540 9199999999999999 944 362143 4199999999999999
 60 74 89102108105 95 80 66 53 47 51 62 75 88 98101 96 84 69 54 41 32 3125 910A0 41010815571019999999999999910 8 472234 3099999999999999
 39 52 67 82 94 99 96 87 77 67 60 60 69 82 95105111109 98 82 65 48 33 2425 911A0 5 2 991618111999999999999991029 592325 2399999999999999
 25 34 46 60 74 85 88 85 80 75 70 69 75 87100111118120113 98 80 62 44 3025 912A0 556 881643120999999999999991042 69999999999999999999999
 22 23 31 42 54 66 73 76 75 74 74 75 79 89101113122126123113 97 79 62 4525 913A0 7 6 76171112699999999999999 019 22 954 7499999999999999
 31 25 26 31 39 48 56 62 65 68 71 76 80 88 99111120126128123112 97 81 6525 914A01745128999999999999999999999 121 24999999999999999999999
 49 37 30 29 32 36 42 48 53 58 64 71 78 85 94104114121125125120111 98 8525 915A01830126999999999999999999999 243 29999999999999999999999
 70 56 44 36 32 31 33 36 41 47 55 64 72 80 87 9510311011612012011711010125 916A01936120999999999999999999999 452 31999999999999999999999
 90 77 63 50 40 33 30 30 33 39 47 57 67 75 82 87 92 9710310811211411411125 917A02129115999999999999999999999 633 29999999999999999999999
105 95 82 68 53 41 32 28 29 34 42 53 63 72 78 82 83 85 88 92 9810410911225 918A02325113999999999999999999999 724 28999999999999999999999
112107 98 85 69 53 39 31 28 31 39 50 62 71 77 80 79 77 75 76 81 88 9710525 919A01513 80999999999999999999999 756 2818 8 7599999999999999
111112108 98 84 67 50 38 31 32 39 50 62 73 80 81 79 74 68 64 65 71 80 9125 920A0 0461121451 8199999999999999 822 311921 6399999999999999
101109111106 95 80 63 48 38 36 41 51 64 76 84 86 82 75 66 57 52 54 62 7425 921A0 1471111450 8699999999999999 845 362015 5299999999999999
 86 98106107101 90 75 60 48 42 45 54 66 79 89 92 89 80 68 56 46 42 46 5625 922A0 23910815 1 9299999999999999 9 8 4221 1 4299999999999999
 69 83 95102102 94 83 71 59 51 51 58 70 82 92 99 97 87 74 60 46 36 34 4125 923A0 3251031518 9999999999999999 930 502143 3499999999999999
 53 67 81 93 97 95 87 78 69 61 58 63 74 85 96103104 96 82 66 51 37 29 3025 924A0 4 6 97153610599999999999999 950 582223 2999999999999999
 40 53 67 80 89 91 87 81 74 69 66 69 77 89 99107110105 92 75 59 43 31 2625 925A0 445 9115551109999999999999910 5 6623 1 2699999999999999
 31 41 55 68 79 84 84 80 76 73 72 74 81 91101109113111101 86 69 52 38 2825 926A0 522 8516131139999999999999910 4 722339 2799999999999999
 27 34 45 57 68 76 78 76 75 74 75 77 83 92101109114114108 96 80 63 48 3625 927A0 559 78163211599999999999999 849 74999999999999999999999
 30 31 38 48 58 66 70 71 71 72 75 78 84 92101109114115112103 90 76 61 4725 928A01652115999999999999999999999 019 29999999999999999999999
 37 33 35 42 49 56 61 64 65 68 72 77 83 91 99106112114113108 99 87 74 6025 929A01714114999999999999999999999 1 6 33999999999999999999999
 48 40 37 38 42 47 52 56 58 62 67 74 81 89 96103108111112109104 96 86 7425 930A01740112999999999999999999999 2 6 37999999999999999999999
 62 51 43 39 38 40 43 46 50 55 62 69 77 85 92 98103106107107105101 95 872510 1A01820107999999999999999999999 341 38999999999999999999999
 76 64 53 44 38 36 36 38 42 49 56 65 73 81 87 93 96 99100101102102101 972510 2A02036102999999999999999999999 531 35999999999999999999999
 89 79 66 54 44 36 32 32 36 42 51 61 70 77 83 86 88 89 90 91 94 971001012510 3A02250101999999999999999999999 630 31999999999999999999999
 99 92 81 68 54 42 34 30 32 39 48 59 68 76 80 82 81 79 77 77 80 86 93 992510 4A015 2 82999999999999999999999 7 7 301823 7799999999999999
102101 95 84 69 54 41 34 33 38 48 59 70 78 81 80 76 70 64 61 62 68 77 882510 5A0 0191031417 8199999999999999 737 321916 6199999999999999
 97103103 97 84 69 54 43 39 42 51 62 74 83 87 85 77 67 56 48 44 47 56 692510 6A0 13110414 8 8799999999999999 8 4 3920 4 4499999999999999
 83 95103103 96 84 70 57 49 49 57 68 80 90 96 94 85 71 56 42 31 28 34 462510 7A0 2331041417 9699999999999999 830 482051 2899999999999999
 61 78 92101101 94 83 72 62 59 64 75 87 99106107 99 83 64 45 28 17 16 242510 8A0 330102143610899999999999999 855 592139 1599999999999999
 38 55 73 88 95 95 89 82 74 69 71 81 93106115119114100 80 58 37 19  8  92510 9A0 425 9615 011999999999999999 916 692228  799999999999999
 18 33 51 68 81 87 87 84 81 77 77 84 96110120127127117 99 77 54 33 15  6251010A0 524 88152912899999999999999 931 772318  699999999999999
  8 18 32 47 62 73 77 79 79 80 80 85 95109121130133129116 97 75 54 33 17251011A016 21339999999999999999999999999999999999999999999999999
 10 12 21 32 45 56 64 68 72 76 79 83 91103116126132133127113 95 76 56 37251012A01639134999999999999999999999 011 10999999999999999999999
 23 18 20 25 33 42 50 56 61 67 74 79 86 95107117125129128121109 94 78 60251013A01721129999999999999999999999 111 18999999999999999999999
 44 32 27 27 30 34 40 46 52 59 67 74 81 87 96105113118121120115105 94 80251014A01814121999999999999999999999 229 27999999999999999999999
 65 52 41 36 33 33 35 39 46 53 61 69 76 82 87 93 98103107110110108102 93251015A01940110999999999999999999999 434 33999999999999999999999
 83 70 58 48 41 37 36 37 43 50 59 67 74 79 82 84 85 88 91 94 98101101 99251016A02144101999999999999999999999 558 36999999999999999999999
 93 85 74 63 53 44 40 39 43 50 59 69 76 80 81 80 77 74 74 77 81 87 93 96251017A01355 812331 9799999999999999 640 391737 7499999999999999
 96 93 86 77 65 54 46 43 45 52 61 71 80 84 84 80 74 66 61 60 63 70 79 87251018A01332 85999999999999999999999 7 7 431845 6099999999999999
 93 95 93 86 77 66 56 49 49 55 64 75 84 90 90 85 76 64 54 47 47 53 62 73251019A0 057 951330 9099999999999999 730 491932 4699999999999999
 84 91 94 92 85 76 66 58 55 59 68 78 88 96 97 91 81 67 52 40 34 37 45 57251020A0 2 3 941342 9799999999999999 753 552013 3499999999999999
 70 82 90 93 90 84 75 67 62 64 71 82 92101104100 89 73 56 40 28 25 31 42251021A0 255 93135910499999999999999 817 622051 2599999999999999
 56 71 83 90 91 87 82 75 70 69 75 84 95104109108 98 82 64 45 29 20 20 29251022A0 339 91142011099999999999999 838 692128 1999999999999999
 43 58 72 83 88 88 85 81 77 75 78 86 97106113114108 93 74 54 36 21 16 20251023A0 420 89144311599999999999999 855 7522 4 1699999999999999
 31 46 61 74 83 85 84 82 80 79 81 88 97107115118115104 86 66 46 29 18 16251024A0 5 0 8515 611899999999999999 9 0 792241 1599999999999999
 23 36 50 64 75 80 80 80 80 81 83 88 97106115119119112 98 79 59 41 26 18251025A015291209999999999999999999992319 18999999999999999999999
 20 29 41 54 65 72 75 76 77 80 83 88 95104113119120117106 91 73 54 37 25251026A015531209999999999999999999992358 21999999999999999999999
 21 25 35 46 56 64 68 70 73 76 81 86 93102110116119118111100 85 68 51 37251027A016141199999999999999999999999999999999999999999999999999
 28 26 31 39 47 55 60 64 67 72 77 84 90 98106112116116113105 94 80 65 50251028A01634116999999999999999999999 041 26999999999999999999999
 37 31 31 35 41 47 52 57 62 67 73 80 87 94101107110111110106 99 89 77 63251029A01653111999999999999999999999 132 30999999999999999999999
 50 40 35 34 37 41 46 51 57 63 70 76 83 89 95100103104104102100 94 86 76251030A01718104999999999999999999999 237 34999999999999999999999
 64 52 44 39 37 38 41 46 53 60 67 74 80 85 88 91 92 93 93 94 94 94 91 85251031A02018 94999999999999999999999 4 3 37999999999999999999999
 77 66 56 48 42 40 41 45 52 60 68 74 79 82 83 82 81 79 78 79 82 86 89 892511 1A014 3 832235 9099999999999999 514 401754 7899999999999999
 86 80 71 62 53 47 45 47 53 62 71 78 83 84 82 77 71 65 61 61 64 71 79 862511 2A01248 84999999999999999999999 558 451833 6099999999999999
 89 89 84 76 67 59 53 53 58 67 77 85 90 90 86 78 67 55 46 41 43 50 61 732511 3A0 022 901234 9199999999999999 632 531914 4199999999999999
 83 90 91 88 81 73 65 62 65 73 84 93100101 97 86 71 54 38 27 23 27 38 522511 4A0 148 92124610299999999999999 7 2 621957 2399999999999999
 67 81 90 93 90 85 78 73 73 80 91101110114111101 83 63 42 23 11  8 16 292511 5A0 258 9313 911499999999999999 728 722044  899999999999999
 46 64 79 89 92 90 86 82 81 85 95107118125126118102 80 56 32 12  0  0  92511 6A0 4 4 92134012699999999999999 750 812132 -199999999999999
 24 42 61 76 84 87 88 86 85 87 95108121130135134122102 77 52 27  7 -4 -22511 7A0 533 88141713699999999999999 8 2 852222 -499999999999999
  8 23 40 58 71 78 82 84 86 87 93104117130138141137122101 76 50 26  7 -12511 8A014581419999999999999999999992313 -2999999999999999999999
  1 11 25 40 55 65 72 76 81 84 88 96109122133140142135119 98 75 51 28 122511 9A015411429999999999999999999999999999999999999999999999999
  6  9 17 29 41 53 61 67 73 78 83 88 98110122132137136129114 95 74 52 33251110A01627137999999999999999999999 0 5  6999999999999999999999
 20 16 19 25 34 43 52 59 66 72 78 82 88 97108117124127126119107 91 73 55251111A01717128999999999999999999999 059 16999999999999999999999
 39 30 27 29 33 39 47 55 62 68 74 79 82 87 94101108112114114108 99 86 72251112A01818115999999999999999999999 158 27999999999999999999999
 58 46 40 37 38 41 46 53 61 68 74 78 81 82 84 87 91 94 97100100 97 91 82251113A01942100999999999999999999999 3 8 37999999999999999999999
 72 62 54 49 46 47 49 55 63 70 77 81 83 82 80 78 77 77 79 82 86 88 88 84251114A01221 832124 8899999999999999 422 461621 7799999999999999
 79 73 67 61 56 54 55 59 66 74 82 86 88 86 81 75 68 63 62 64 68 74 79 81251115A01157 882329 8199999999999999 513 541756 6299999999999999
 81 79 76 72 66 62 61 64 70 79 87 92 94 92 86 77 66 55 49 48 51 58 66 73251116A01157 94999999999999999999999 548 611844 4799999999999999
 78 81 81 80 76 71 68 69 74 82 91 98102100 93 82 68 53 41 35 36 42 51 62251117A0 145 81121210299999999999999 618 681923 3599999999999999
 71 78 83 84 83 79 76 75 78 86 94102108108102 90 75 57 40 28 24 28 37 49251118A0 259 84123410999999999999999 645 751959 2499999999999999
 62 73 81 85 86 85 82 80 82 88 96105112115111101 84 65 45 29 19 18 25 37251119A0 353 8613 011599999999999999 7 9 802035 1799999999999999
 51 64 76 83 87 87 86 84 85 89 97106114119119112 97 77 55 35 20 13 15 25251120A0 445 87133012099999999999999 728 842112 1399999999999999
 39 54 68 79 84 86 87 86 87 89 96105114121124120109 91 69 47 27 14 11 17251121A014 11249999999999999999999992150 11999999999999999999999
 29 44 59 71 79 83 84 86 87 89 94103112120125126119104 84 61 40 22 12 12251122A014331269999999999999999999992229 11999999999999999999999
 21 34 49 62 72 77 80 82 85 88 92 99109117124127124114 97 77 55 34 19 13251123A015 412799999999999999999999923 7 13999999999999999999999
 16 26 39 53 63 71 75 78 81 85 90 96104113121125125120107 90 69 48 30 19251124A015331269999999999999999999992345 16999999999999999999999
 16 22 32 44 55 63 69 73 77 82 87 92100108116121123121113 99 82 62 43 28251125A015591239999999999999999999999999999999999999999999999999
 20 21 28 38 48 57 64 69 73 78 83 88 95102109115117117113104 91 74 56 40251126A01625118999999999999999999999 023 20999999999999999999999
 29 25 28 35 43 52 59 66 71 76 80 85 89 95101106109110108104 96 83 69 53251127A01654110999999999999999999999 1 1 25999999999999999999999
 41 33 32 36 42 49 57 64 71 75 79 82 85 88 91 95 97 98 98 98 95 88 78 66251128A018 3 98999999999999999999999 142 32999999999999999999999
 54 45 41 41 45 50 58 65 72 78 81 82 83 83 82 82 82 82 83 85 87 86 82 75251129A01224 832018 8799999999999999 228 401527 8299999999999999
 67 60 54 51 52 55 61 69 77 83 86 86 84 81 77 72 67 65 65 67 72 77 79 79251130A01035 872224 7999999999999999 320 511731 6499999999999999
 76 72 68 64 62 63 67 75 83 90 95 95 92 86 77 67 57 49 45 46 52 59 68 742512 1A01037 96999999999999999999999 413 621816 4599999999999999
 78 80 79 77 74 73 75 81 90 98105107104 97 85 71 55 41 30 27 30 38 49 612512 2A0 1 6 80105910799999999999999 456 7319 1 2799999999999999
 71 79 83 85 84 83 83 87 95105114119119113101 84 64 44 26 14 11 17 27 412512 3A0 3 7 85113111999999999999999 527 821949 1199999999999999
 56 70 80 86 88 89 89 91 98108119127131129120104 82 58 34 14  3  1  8 212512 4A012131319999999999999999999992039  1999999999999999999999
 37 54 69 79 85 89 90 92 97106118130137141137125105 81 54 28  8 -4 -4  42512 5A013 21419999999999999999999992131 -5999999999999999999999
 18 35 53 67 77 83 87 90 93100111125136144147142128106 80 52 26  5 -5 -32512 6A013541479999999999999999999992222 -5999999999999999999999
  6 20 36 53 65 74 79 84 88 92101113127139146148142127104 78 51 25  6 -12512 7A014471489999999999999999999992311 -1999999999999999999999
  2 11 25 40 54 65 72 77 82 85 90 99112126136143144137122100 75 49 26 112512 8A015391459999999999999999999992356  7999999999999999999999
  7 11 21 33 46 58 66 72 76 80 83 88 97109121130135135128113 93 71 48 302512 9A016311369999999999999999999999999999999999999999999999999
 19 18 23 32 43 54 63 70 74 78 80 81 85 93103112119123122115102 85 66 48251210A01724123999999999999999999999 037 17999999999999999999999
 35 30 31 37 45 54 64 71 76 79 80 80 80 82 87 93 99104107106100 89 76 63251211A01820107999999999999999999999 114 29999999999999999999999
 51 44 42 45 51 58 67 75 81 84 84 83 80 77 77 78 81 85 88 91 91 86 78 70251212A0 941 841924 9199999999999999 146 421349 7799999999999999
 62 57 54 55 59 64 71 79 86 90 90 88 84 79 73 69 67 68 70 74 77 77 75 72251213A0 935 912043 7799999999999999 214 541615 6799999999999999
 68 66 65 65 67 71 77 84 91 96 98 96 91 83 75 66 58 55 54 57 61 66 68 69251214A0 951 98999999999999999999999 231 641735 5499999999999999
 70 71 72 73 74 77 82 88 95101105104 99 91 80 68 56 47 42 43 47 53 59 64251215A010161059999999999999999999991823 42999999999999999999999
 69 73 77 79 81 82 85 91 98105110111108100 89 75 59 45 35 31 34 40 48 57251216A0104811199999999999999999999919 3 31999999999999999999999
 65 72 78 83 85 87 88 92 99106112116116110100 85 67 49 34 25 24 28 37 47251217A011261169999999999999999999991942 23999999999999999999999
 58 68 77 83 87 89 90 93 98105113119121119112 98 80 59 40 25 18 19 26 37251218A012 91219999999999999999999992022 17999999999999999999999
 49 62 72 80 85 88 90 92 96103111118124126122111 94 73 51 31 18 13 17 26251219A0125412699999999999999999999921 3 13999999999999999999999
 39 53 66 75 82 86 89 91 94 99107115123128129123109 89 66 43 24 13 11 17251220A013381299999999999999999999992143 10999999999999999999999
 29 43 57 68 77 82 85 88 91 95102110119127131130121104 83 59 36 19 10 11251221A014181319999999999999999999992222  9999999999999999999999
 20 33 47 60 70 77 81 84 87 91 97105114122129131127116 97 74 50 29 15 10251222A014561319999999999999999999992257 10999999999999999999999
 15 26 39 53 64 72 77 81 84 87 91 98107116123128128122108 88 65 42 24 14251223A015321299999999999999999999992330 12999999999999999999999
 13 21 33 47 59 68 74 78 81 84 87 91 98107115121123121113 97 77 56 36 22251224A016 91239999999999999999999999999999999999999999999999999
 17 21 31 43 55 66 73 77 79 81 83 85 90 97104110114115112102 87 68 49 34251225A01649115999999999999999999999 0 0 17999999999999999999999
 25 25 33 43 54 65 74 79 81 81 81 81 82 86 91 96101104104100 91 77 62 48251226A01742104999999999999999999999 029 24999999999999999999999
 38 34 38 47 57 67 76 83 85 84 82 79 77 76 78 81 84 88 91 92 89 81 71 60251227A0 8 7 851849 9299999999999999 056 341250 7699999999999999
 52 47 48 54 62 72 81 88 92 91 87 81 76 71 67 66 67 69 73 77 79 78 74 68251228A0 817 922014 7999999999999999 121 4715 5 6699999999999999
 64 60 60 63 70 78 87 95100101 97 89 81 72 63 56 52 51 53 57 63 68 70 70251229A0 836101999999999999999999999 137 601649 5199999999999999
 70 70 71 74 78 85 93102109111109102 92 80 68 55 44 37 34 37 43 51 58 64251230A0 9 41119999999999999999999991755 34999999999999999999999
 70 74 79 82 86 91 99108116121122117108 95 80 63 46 31 22 20 23 30 40 51251231A0 9381229999999999999999999991853 20999999999999999999999
