130 84 39  5-10  2 37 81116142159167159136106 77 58 60 8712716218218918225 1 1A111 116722 518999999999999999 4 5-101626 5699999999999999
158117 68 24 -6-12 10 53 97129150164166151122 91 64 51 63 9813917018518825 1 2A11137167224618899999999999999 444-1317 4 5199999999999999
177147102 54 14 -9 -6 26 72112139156166161139109 78 55 50 7010814717218325 1 3A11213166233018499999999999999 523-111743 4999999999999999
182167134 89 45 11 -3 10 47 91126147160163152127 96 68 50 52 7611414716825 1 4A11246164999999999999999999999 6 2 -31826 4899999999999999
176173155122 81 43 17 12 32 70109137153160158142116 87 61 48 54 7911314125 1 5A1 017176131816199999999999999 642 111913 4899999999999999
159165161144114 79 49 32 34 56 90122144155158151134109 81 59 48 55 7710525 1 6A1 110166135115899999999999999 724 3020 8 4899999999999999
130146153150135111 85 63 52 57 77105130147155155147130106 80 58 47 51 6825 1 7A1 212153143115699999999999999 812 522115 4799999999999999
 93116132141140132116 96 80 73 77 91112132147153153146131108 81 57 43 4325 1 8A1 328142152815499999999999999 910 722232 4199999999999999
 56 78101120131136134125111 97 89 89 97113131146153155150136112 83 55 3625 1 9A1 5131361645155999999999999991033 882351 3199999999999999
 31 41 63 89111127137141137125110 98 92 95108128146156161157143116 82 5025 110A1 7 114118 7161999999999999991213 91999999999999999999999
 26 17 27 51 82107127142150148134116 98 86 87102126149162168166149118 7825 111A1 816151191516999999999999999 1 0 171329 8599999999999999
 42 14  4 16 46 81110132150159155137113 90 75 77 9812915517017617215211525 112A1 911160201217799999999999999 159  41425 7499999999999999
 71 30  2 -6 12 48 86116140159166156132103 77 63 7110013616217718217514925 113A1 95616621 218299999999999999 249 -61511 6299999999999999
106 59 18 -9-10 16 58 97126149166167150120 88 62 53 7110814516918218517225 114A11035169214618599999999999999 333-131552 5399999999999999
139 92 44  6-14 -5 30 75112138158169162137103 71 50 51 7811915417418318225 115A11110169222518499999999999999 413-151628 4799999999999999
162123 75 30 -3-11 10 52 95127149164166150119 85 56 44 56 9113216117518025 116A11139167225918099999999999999 449-1217 2 4499999999999999
173146104 57 19 -3  2 33 78116141157164156132 99 68 47 46 6810514116317325 117A112 3164233017499999999999999 521 -41734 4499999999999999
172158126 84 44 15  7 25 62103134152161158141113 81 56 45 54 8211714516025 118A11220162999999999999999999999 550  718 5 4599999999999999
166160140107 70 39 22 27 53 91125147158158147124 95 68 51 49 65 9312214325 119A1 0 1166123515999999999999999 617 221837 4899999999999999
154155144122 93 63 43 39 53 82114139153157151134110 83 62 52 56 74 9912125 120A1 036155125315799999999999999 645 381913 5299999999999999
136143141130110 87 67 57 61 78104128145153151141123100 78 62 56 63 79 9825 121A1 118144132015399999999999999 714 561958 5699999999999999
115126132129120106 90 78 75 82 98117134144148144134117 97 78 65 60 65 7725 122A1 21313214 014899999999999999 749 752058 6099999999999999
 92105115121122117109 99 93 92 97108120131139142140132117 99 81 68 61 6225 123A1 33812215 714299999999999999 838 912223 6099999999999999
 70 82 95106115120121117111106103103108116125134140141135122103 84 67 5625 124A1 53512116421419999999999999910271032350 5399999999999999
 53 58 71 86102115125129128122114106100100107119133143147142128107 83 6025 125A1 7131291759147999999999999991230 99999999999999999999999
 45 39 45 61 82103121133139137128115100 89 89100119138152157151133106 7625 126A1 816139185715799999999999999 058 391333 8899999999999999
 48 28 23 34 57 85110130144149143128107 86 74 78 9712514916416815813510125 127A1 9 0149194816899999999999999 150 231418 7499999999999999
 63 30 10  8 27 60 93120141155157144120 92 69 59 7110213716217617716313225 128A1 938158203617899999999999999 235  61458 5999999999999999
 90 46 10 -8 -2 29 70106133153165160137105 73 50 48 7211315117518518416325 129A11014165212418699999999999999 316 -91536 4599999999999999
124 74 26 -8-20 -2 40 86122147165170156124 86 52 34 43 7912616318319218525 130A11049171221019299999999999999 355-211613 3399999999999999
157110 56  9-21-22 10 60106138160173170144105 65 34 24 45 9113917018719325 131A11121175225519399999999999999 433-251651 2499999999999999
181145 93 40 -2-22 -9 33 86127152170176161126 84 46 21 22 5410314617218625 2 1A11151176233718999999999999999 5 9-221729 1799999999999999
187169128 77 31 -2 -9 16 63112144164174170145107 65 32 16 27 6511114716825 2 2A11217175999999999999999999999 545-1018 8 1699999999999999
178175152112 68 31 11 16 48 94133157169170157128 90 53 26 19 36 7311314225 2 3A1 019179123917199999999999999 620  91849 1899999999999999
159165158135101 67 42 33 47 80118147162167161143113 79 49 29 27 45 7710825 2 4A1 1 3165125716799999999999999 654 331936 2599999999999999
131144148140122 98 75 61 61 77105133152160159149131106 78 53 37 36 50 7425 2 5A1 152148132216099999999999999 731 592034 3599999999999999
 98116127131127117103 91 84 87 99117135147151149141128108 85 63 47 43 4925 2 6A1 3 113114 715199999999999999 814 842154 4399999999999999
 65 83100111119122120115109104104108116127136142143140132117 96 74 54 4325 2 7A1 512122155014399999999999999 9391032335 4199999999999999
 42 52 68 86102114124130130125117109104105113125136144146142130108 81 5525 2 8A1 7301311758146999999999999991221103999999999999999999999
 37 30 37 56 79100118133143143134118101 89 88 99119138150157155141115 8125 2 9A1 833144192015799999999999999 059 301337 8799999999999999
 48 24 15 25 51 80106127145155151133109 85 69 71 9212114516016816614811425 210A1 914155202116999999999999999 159 151425 6899999999999999
 73 35  9  3 22 56 91118140158163150123 91 64 51 62 9413015517017717114525 211A1 94816321 917799999999999999 244  215 4 5199999999999999
103 57 18 -4 -1 29 71106132154167163139104 69 44 40 6410514216517818216825 212A11018168214818299999999999999 323 -61539 3899999999999999
132 84 38  3-10  7 49 93125148165170153119 80 47 30 40 7612015317218117925 213A11045171222218399999999999999 357-101611 3099999999999999
155111 62 20 -6 -4 28 76116143161171163134 94 57 31 27 51 9413516117518025 214A111 7171225218099999999999999 427 -91640 2599999999999999
168134 87 42  9 -2 16 59105139159170167146109 69 38 23 34 6911214616517425 215A11123171231817599999999999999 454 -217 7 2399999999999999
171149110 66 29  9 15 46 92132156168169154122 83 48 27 26 49 8812615216525 216A11134170234416899999999999999 519  81733 2399999999999999
168156127 89 53 28 23 42 81122151167170159134 98 63 36 26 37 6710413415225 217A11145170999999999999999999999 543 2218 0 2699999999999999
159155137108 76 50 38 46 74111143162168162143113 79 51 34 34 52 8311313525 218A1 01215912 016899999999999999 6 7 381830 3199999999999999
146148139120 96 73 58 58 74102132153162160148126 97 69 48 40 47 67 9211525 219A1 042149122016399999999999999 631 5619 4 4099999999999999
129136134125110 92 79 74 81 98121141152154148134114 90 69 54 50 59 75 9425 220A1 119136124415599999999999999 657 741947 5099999999999999
109119122121116107 98 92 92100113127138144143137126111 92 75 64 61 65 7525 221A1 215122132114499999999999999 724 912053 6199999999999999
 87 98105111114114112109107108111116122128132133132127116101 85 73 65 6225 222A1 441114151013399999999999999 8 61072253 6299999999999999
 66 74 84 94105114120122122120115110107109114123131136135127112 94 76 6025 223A1 7191221723137999999999999991214107999999999999999999999
 51 50 58 72 89107121131135133125112 98 90 92104121138148149140122 97 7025 224A1 814135183515099999999999999 034 491321 9099999999999999
 46 31 30 44 67 93116133145148140121 98 78 69 77101129151163164152128 9325 225A1 848148193516599999999999999 134 2914 3 6999999999999999
 56 26 10 14 38 73105130148159156137107 76 53 49 7010614216617717716112625 226A1 919160203017999999999999999 219  91440 4899999999999999
 81 37  4 -9  6 44 88122146164171156124 85 49 29 36 7111915717918918616225 227A1 951171212219099999999999999 259 -91517 2899999999999999
116 63 17-14-17 12 62109141163178174146103 58 23 11 32 8113216818819718925 228A1102217922 919799999999999999 337-201554 1199999999999999
154101 46  2-21-10 33 89132159178185168127 77 32  3  2 38 9414317319219825 3 1A11052185225319899999999999999 413-221631 -299999999999999
182139 84 33 -4-14 12 65117152173186181151102 52 12 -8  5 5110614817418925 3 2A11119187233419399999999999999 448-1417 8 -899999999999999
190167121 71 28  4  9 46 99143168182185167128 79 33  1 -7 17 6511414816925 3 3A11142185999999999999999999999 522  21746 -899999999999999
180174147105 65 35 24 41 82128160176181173147106 62 25  3  5 34 7811614225 3 4A1 014181115818199999999999999 555 241825  199999999999999
158163154128 96 68 51 52 76113147167174171156128 92 56 28 15 23 50 8411225 3 5A1 054164121117499999999999999 627 4919 9 1599999999999999
131142143134117 96 80 74 82103130152163163156140117 89 62 42 34 41 60 8325 3 6A1 140144123316499999999999999 659 7420 2 3499999999999999
103116124126122114104 98 97104118133145149148142131116 96 76 60 52 52 6225 3 7A1 250126131415099999999999999 735 972125 5199999999999999
 75 89100109116119120118116114115117123128133135135132124111 94 77 63 5525 3 8A1 542120153813699999999999999 9261142328 5499999999999999
 55 63 75 89102115125132133129120111104103109119130138141139128110 86 6425 3 9A1 74613318 6141999999999999991237102999999999999999999999
 48 42 49 66 86105123137146145133114 95 82 82 94115134147154154141116 8525 310A1 824147192815599999999999999 056 421332 8099999999999999
 55 34 28 41 66 93116136152157148125 97 72 59 66 9012014315916716514511125 311A1 854157202116899999999999999 149 281411 5999999999999999
 73 39 19 19 43 77108132151164161140107 73 48 42 61 9713115517017716813925 312A1 92216521 317799999999999999 228 161445 4199999999999999
 97 54 22  8 22 57 97127149165170155121 82 48 29 36 6911114416517818016125 313A1 947171213818199999999999999 3 2  81516 2899999999999999
122 75 35  9  9 37 82121147164174166136 95 55 26 20 42 8512815617318217425 314A110 917522 918299999999999999 331  51545 1999999999999999
144 99 54 20  7 23 64111144164175174150110 66 31 13 23 5910514216417717925 315A11026177223718099999999999999 359  71612 1399999999999999
160121 76 38 15 18 50 97138163176178161125 81 41 15 12 37 8112415316917725 316A1103917923 317799999999999999 424 131637 1099999999999999
168139 98 59 30 23 42 83128159175180169139 97 55 23 10 23 5810213715917025 317A11051180232817199999999999999 449 2217 2 1099999999999999
169151118 81 50 35 42 73116152172179173150113 71 37 16 17 42 8111914515925 318A111 4179235316499999999999999 513 341728 1499999999999999
164155131101 72 53 50 70105141165176173157127 90 55 30 21 33 63 9912814625 319A11120176999999999999999999999 537 491756 2199999999999999
154151138115 91 72 64 73 97129154168170160138108 76 49 33 34 52 8110912925 320A1 019154113817099999999999999 6 1 641828 3199999999999999
140142136123106 91 81 82 96118141156161157143123 97 72 53 45 50 68 9011025 321A1 04714212 016199999999999999 626 8019 6 4599999999999999
123128128123115106 98 95100112127141148149143132116 97 78 64 59 63 74 8925 322A1 126129123314999999999999999 651 9520 3 5999999999999999
102111115117118116113110110113118124130134136134130120106 91 78 69 67 7025 323A1 342118135813699999999999999 7311102155 6799999999999999
 78 88 97106114120124125123119114110109113120129135137132120105 87 72 6025 324A1 64312516481379999999999999911401092358 5699999999999999
 56 61 72 88105119131137138132119103 91 88 95111130145151148136116 90 6425 325A1 7371381810151999999999999991250 87999999999999999999999
 45 37 43 63 89113132146152148132107 82 65 64 82111140159167165150121 8425 326A1 810153191816799999999999999 1 4 371334 6299999999999999
 50 25 18 32 64100129149163166151121 85 54 37 45 7711915317318217915711825 327A1 842166201918399999999999999 151 181413 3799999999999999
 72 32  7  7 34 78120148167178172143100 56 24 13 35 8113116518519418815625 328A1 914179211219599999999999999 232  31451 1399999999999999
107 57 17 -3  8 50102142166183188168125 72 27 -2 -1 35 9214217319220118725 329A1 94618822 020199999999999999 311 -31530 -699999999999999
147 94 45 10  0 25 77129163182194187153 99 45  3-18 -4 4510414817619520025 330A11015194224420199999999999999 349 -116 8-1899999999999999
178133 82 39 13 16 54109153178192195176130 74 24-12-21  6 6011315117519125 331A11043196232619399999999999999 425 101647-2299999999999999
189161118 74 41 27 43 88137171187194186156107 55 12-14-11 24 7511914916925 4 1A111 6194999999999999999999999 5 0 271726-1799999999999999
180172143106 74 52 50 75118156179187186169134 89 45 12 -3  8 44 8612014325 4 2A1 0 7180112418899999999999999 534 4818 6 -399999999999999
158163152128102 80 69 77103137164176178171150118 81 48 24 17 31 61 9211725 4 3A1 049163114217999999999999999 6 8 691850 1799999999999999
133143144136120104 92 90100121144159165163153136112 84 60 44 40 51 71 9225 4 4A1 137145121216599999999999999 644 891944 4099999999999999
109121128130127121113107107113125137145148147141131115 96 78 65 59 62 7325 4 5A1 25713013 714899999999999999 73310621 8 5999999999999999
 86 99109118124128128125120116114116121127132136138135126113 97 81 69 6425 4 6A1 52512815541389999999999999910 411423 6 6499999999999999
 67 77 89103116128136139136126114103 98100109122134142144140128109 88 6925 4 7A1 7 11391755144999999999999991212 97999999999999999999999
 58 58 69 87106123138147149141122101 83 76 82 99121139151157153138112 8325 4 8A1 742150191115799999999999999 030 5613 4 7599999999999999
 60 47 50 68 94118137151160155136108 80 60 56 7210012814916216816113810425 4 9A1 81316020 216899999999999999 120 461343 5599999999999999
 71 47 37 49 77110135152165167151121 85 55 39 45 7311014015917217416012825 410A1 839168204217599999999999999 158 371416 3899999999999999
 89 56 35 35 59 97130153167174165136 97 59 33 26 46 8512415116917917414925 411A1 9 2174211717999999999999999 230 321446 2599999999999999
111 72 42 30 44 80121151169179176152112 69 35 17 24 5810213816117618116625 412A1 921179214818199999999999999 3 0 301514 1699999999999999
133 92 56 34 36 64107146169181182166129 84 43 16 11 34 7712015016918017625 413A1 938184221718199999999999999 328 321541 1099999999999999
151113 75 47 36 53 92135165181186176146102 57 23  7 18 53 9813515917417825 414A1 954186224517999999999999999 355 3616 8  799999999999999
164132 96 64 46 49 78121157179187183160120 75 36 12 10 34 7611714616517425 415A11012187231317499999999999999 422 441635  899999999999999
169147115 84 61 54 71107145172184185170137 95 54 25 12 23 57 9813115316525 416A11032186233916899999999999999 449 5417 3 1299999999999999
167154130102 79 66 71 96131161178182174151115 76 43 23 22 43 7811313815325 417A11052182999999999999999999999 516 651734 2099999999999999
159154139117 96 81 78 91118147167176173158132 99 67 42 31 38 62 9412113925 418A1 0 6159111417699999999999999 544 7718 8 3199999999999999
147148141127111 97 90 93109132153165167160143120 92 67 49 44 54 7610112125 419A1 035149114316799999999999999 615 891850 4499999999999999
133138137131122112104101106119134148155155148135117 95 75 61 58 65 81 9925 420A1 118138122915699999999999999 6541011947 5799999999999999
114123128130129125119113110111117126136143145144136123105 87 73 66 67 7625 421A1 31113014 614699999999999999 8161102120 6599999999999999
 89103115124131134134129121112106104109120132142147145135119 99 81 67 6125 422A1 519135161414799999999999999104510423 6 6199999999999999
 65 77 95113129140146146137122104 89 82 88105127146157158150133109 82 6025 423A1 62814717381599999999999999912 3 82999999999999999999999
 49 52 68 94121141154160157140114 85 63 56 67 96129155169173165144112 7725 424A1 713161185317399999999999999 019 481255 5699999999999999
 50 37 42 68104136157170174163134 95 59 34 30 53 9413616518018617715010925 425A1 75217420 018699999999999999 114 361340 2999999999999999
 69 40 28 42 79123155174185184161119 71 30  8 12 47 9914417218919518314825 426A1 828187205719699999999999999 2 0 281422  599999999999999
102 62 34 28 53 99145173189196186150 97 45  6-12  4 5110714917619420018125 427A1 9 2196214720099999999999999 243 2715 4-1299999999999999
140 95 57 34 38 73124165188199200178131 74 24-12-20  7 6111515217719519625 428A1 936202223319999999999999999 324 321546-2199999999999999
171130 89 57 42 56 99147180196203195163111 56 10-18-16 20 7412115217619125 429A110 7203231819299999999999999 4 3 421627-2199999999999999
186158121 86 61 56 80123164188198199183145 94 45  6-12 -1 38 8612415117125 430A11036200999999999999999999999 442 5517 9-1399999999999999
180171145114 87 71 75102141172188193188166128 84 43 13  3 20 57 9612614725 5 1A1 0 118011 519399999999999999 521 691753  399999999999999
162166155135111 92 84 93119149171181182173151118 82 49 28 25 42 7210212525 5 2A1 046166113718399999999999999 6 1 841839 2499999999999999
141151152144129113100 97106127148163169168159141115 87 62 47 47 60 8210425 5 3A1 139153122116999999999999999 646 961933 4599999999999999
121133141143139129118109106112124138149154154150138119 98 79 66 64 72 8725 5 4A1 250143133815599999999999999 7501062043 6399999999999999
103117128136141140133124115108107113123133141147147141128111 93 80 73 7625 5 5A1 417141153514899999999999999 9361072212 7399999999999999
 86100115128138145145139128114102 95 97107121135145150147138122102 85 7525 5 6A1 53514617 9150999999999999991116 952333 7399999999999999
 74 84100118134146153153144126105 87 78 80 95115135149156156146127104 8325 5 7A1 6301541827157999999999999991218 77999999999999999999999
 71 71 83105128146157162158142116 89 68 60 68 90118141156164163150126 9925 5 8A1 7 8162192616599999999999999 032 6913 2 6099999999999999
 76 65 69 90118144160169170158132 98 68 48 46 63 9412715016417216714811825 5 9A1 737171201217299999999999999 115 641338 4499999999999999
 89 68 61 74103136160173179172149113 76 46 32 40 6810613715917217716613925 510A1 8 1179205017799999999999999 152 611411 3299999999999999
107 78 61 63 87123155175184183166131 90 52 28 24 43 8111914816717917715825 511A1 825185212518099999999999999 225 601442 2299999999999999
127 94 69 60 73106144171186190179151109 66 33 17 25 56 9713315817418117125 512A1 850190215818199999999999999 257 601512 1699999999999999
146113 84 65 66 90128162184193189168130 85 46 20 15 35 7411414516517817825 513A1 916193222918099999999999999 329 621543 1399999999999999
160132101 77 67 78111148176191193181150107 65 31 15 21 52 9312915317017725 514A1 94319423 117799999999999999 4 0 671614 1499999999999999
169147119 93 75 74 96132164184192187166130 88 50 24 18 35 7211014015917025 515A11010192233217299999999999999 432 721647 1799999999999999
170157134110 89 79 88115148174187188176150112 74 43 25 28 53 9012314616025 516A11038189999999999999999999999 5 5 791723 2399999999999999
165160145125104 90 87102130158177184180163135100 67 42 32 42 6910313014725 517A1 0 416511 818499999999999999 540 8618 1 3299999999999999
156158151137119104 94 97114139161174177170152126 95 67 47 43 56 8111013225 518A1 041158114717799999999999999 619 941846 4299999999999999
145151151145133119106100104118138156166168162147124 97 73 57 54 66 8711125 519A1 131152124316999999999999999 7101001941 5399999999999999
130141148149145135122110102103113130146157162159148129105 82 67 62 70 8825 520A1 24514914 916299999999999999 8241012051 6299999999999999
109127140149152149140126110 98 93100115133150160161154138116 93 75 66 7025 521A1 4 4152154216299999999999999 955 932211 6699999999999999
 85106128145156160157146127104 85 75 80 97122146162167163150127101 79 6725 522A1 5 916017 4167999999999999991112 752326 6699999999999999
 68 82107134155167171167150122 90 65 52 58 81115146166175174162137107 8125 523A1 6 21711825176999999999999991213 52999999999999999999999
 65 65 83114146168180183174149111 72 42 29 39 7111414917118218417114210825 524A1 650183194018599999999999999 031 6313 6 2999999999999999
 80 64 65 89126161182192192177142 95 51 20  9 26 6811615217418819117514325 525A1 735193204219299999999999999 126 621355  999999999999999
107 79 63 69100142176194201198175130 78 33  3 -3 22 7111915317619319417425 526A1 818202213619699999999999999 216 621442 -599999999999999
140105 78 65 78115158188202207198166116 63 19 -7 -6 27 7812315417819419225 527A1 859207222519599999999999999 3 3 651529-1199999999999999
168135102 77 70 90131171195206207192155103 53 12 -9  0 39 8712715617819125 528A1 940208231219199999999999999 348 701614 -999999999999999
184160128 99 78 78104144178197205203182142 93 47 12 -1 14 54 9813215717625 529A11020206235818499999999999999 431 751659 -199999999999999
184174150122 96 82 88117153181195200193170131 87 47 19 13 33 7110813615725 530A111 0200999999999999999999999 514 811744 1299999999999999
172174163141116 95 87 98126156178188190181158123 85 51 31 32 54 8711814025 531A1 043175114319199999999999999 557 871828 2999999999999999
156166165153134113 97 94106130154170178179169148118 86 61 48 52 7310012525 6 1A1 128167123318099999999999999 644 931914 4799999999999999
142154160158146129112100 98109128147160167168160142118 92 73 65 71 8811025 6 2A1 215161133716899999999999999 738 9720 5 6599999999999999
130144153158154143128113102 99106120136149157160154140121101 86 79 84 9825 6 3A1 3 5158145216099999999999999 846 9921 4 7999999999999999
116133146155158154143128112 99 94 98110125140151156153143127110 96 89 9225 6 4A1 35715816 81569999999999999910 5 942213 8999999999999999
104120137151160162157145127108 91 84 86 99117136150157156148134117102 9425 6 5A1 4481621725157999999999999991115 832322 9399999999999999
 96106124143159167168160145122 98 79 70 74 9111413715216116215413912010325 6 6A1 5351681838162999999999999991210 70999999999999999999999
 94 96109131153169175173162140111 83 63 57 66 8911714115816716815814011825 6 7A1 618176193616999999999999999 022 941255 5799999999999999
100 92 96115141164179183177159130 96 66 48 47 64 9312414916517417215813625 6 8A1 657183202317599999999999999 111 911335 4599999999999999
112 95 89 99124154176188189177151114 78 50 37 43 6810213415717217917315425 6 9A1 73519021 417999999999999999 153 891412 3699999999999999
129105 89 88107137167187195191171137 97 61 36 30 45 7811414316517818116925 610A1 812195214118299999999999999 232 861448 2999999999999999
146119 96 85 92118152179195198188160121 80 46 27 29 54 9112615317118217925 611A1 848199221818299999999999999 3 9 841524 2599999999999999
161136110 89 84100133166189200198180146104 64 34 22 34 6710613816117618125 612A1 923200225418199999999999999 346 8316 1 2299999999999999
172151125100 85 88113148178195201193169131 88 51 27 23 45 8312014816617825 613A1 958201233017999999999999999 422 831639 2299999999999999
178164141115 94 84 96127161186197198185156116 76 43 25 31 59 9913215517025 614A11033199999999999999999999999 459 841717 2499999999999999
177172155131107 90 88106138169189196192175144105 67 39 29 43 7511314216125 615A1 0 7177111219699999999999999 537 861757 2999999999999999
171174165146123101 89 92114145172187191185166135 98 64 42 39 58 9112514925 616A1 045174115619199999999999999 619 881839 3899999999999999
164171170159140117 98 89 95117145168182185178159130 97 68 51 53 7310413325 617A1 124172125218599999999999999 7 7 891925 5099999999999999
154166171168156136114 95 87 94114139160174179173156130101 77 64 68 8611325 618A1 2 8171135817999999999999999 8 5 872018 6399999999999999
139158169172168155134111 91 82 86103127150166173170157136111 89 78 80 9625 619A1 258172151317499999999999999 913 812120 7799999999999999
119144162173176171157134108 84 71 72 88114140160170171162145123102 90 9025 620A1 3521761634172999999999999991025 702231 8899999999999999
102123148168179182176161134103 74 57 56 72101132156169174170156134113 9925 621A1 45018218 5174999999999999991134 542348 9599999999999999
 95104126153175187189183164132 95 62 42 39 58 9112715417017917916514312025 622A1 5501891929180999999999999991237 38999999999999999999999
102 96104129159183195197190167129 86 49 27 25 48 8612515317218518617214725 623A1 649197203618799999999999999 059 961335 2399999999999999
121102 93104133167191202204194166123 76 38 15 16 44 8712615517619019017425 624A1 745205213219299999999999999 2 0 931429 1299999999999999
146119 97 89105139175198208209196163115 68 29  8 13 47 9213015818019419125 625A1 839210222219599999999999999 252 891519  699999999999999
170141112 90 87108147182202212211194156107 59 22  5 18 5610113716318319425 626A1 92921323 819499999999999999 340 8516 6  599999999999999
187163132103 84 87115155187204212208187146 98 52 20 10 31 7211414516818625 627A11017212234919299999999999999 424 821650 1099999999999999
191178152121 94 81 92124162189203208201176134 88 48 23 23 50 9112815417425 628A111 1208999999999999999999999 5 5 811730 1999999999999999
186185167139110 88 82100133166188199201190162122 81 48 33 42 7311114216325 629A1 026187114420199999999999999 545 8118 8 3399999999999999
177183175154126101 86 87108139166183191190176148112 78 55 50 66 9713015425 630A1 058183122619299999999999999 625 841844 4999999999999999
169178177164142117 96 87 94115141163176181178163137107 82 68 71 9011814425 7 1A1 126179131018299999999999999 7 6 871920 6799999999999999
162173176170154133111 95 90 99117138156167171167152131108 91 85 9211013325 7 2A1 15317614 217199999999999999 753 901959 8599999999999999
153167174173164148128109 95 92 9911413214715816315914813211510410110812325 7 3A1 22617415 516399999999999999 850 92204710199999999999999
141157169174171162145126108 94 90 9510712413915215815715013812611711411925 7 4A1 312174162215899999999999999 959 90215311499999999999999
130144159170175172162146125105 90 83 87 9911613414915816015514613512512025 7 5A1 41117517481609999999999999911 9 83231812099999999999999
122130144160172178176165146123 99 82 74 78 9211213415116216616315414112825 7 6A1 51317919 5166999999999999991211 74999999999999999999999
120119128145163178184181167144117 90 71 64 70 8811313715616817316915714125 7 7A1 61018520 317399999999999999 03311813 3 6399999999999999
124114114127148170186191185167140108 78 59 53 65 8911814416317517917215625 7 8A1 7 0191205017999999999999999 1301121349 5399999999999999
135116106109129156180195198188164131 95 64 46 45 64 9512615217118218217025 7 9A1 745198213218499999999999999 2161051432 4399999999999999
149125105 97109136167191203202187158119 80 49 34 41 6910513716217918718225 710A1 828204221118799999999999999 256 971512 3499999999999999
164139112 94 92113147180200208204183147104 64 35 26 43 7911914917118619025 711A1 910209224819099999999999999 334 901551 2699999999999999
179155125 99 84 92123161191207211202175133 88 48 25 25 53 9513416118019125 712A1 952211232319299999999999999 411 841629 2199999999999999
189170141111 86 79 98135174199211211196163118 73 37 21 33 6911414917218725 713A11034212235719399999999999999 448 7917 6 2199999999999999
193184159127 97 78 79106147182202210207187150104 62 33 27 49 9113316318125 714A11117211999999999999999999999 526 751744 2699999999999999
192191174145113 86 73 83115154184201206200176137 95 59 39 43 7211415117525 715A1 02819312 220699999999999999 6 6 731821 3799999999999999
188193185163132101 79 72 88121156181195199189164129 92 65 54 65 9613416425 716A1 057193124919999999999999999 649 7219 1 5499999999999999
182191189177152123 94 75 73 90120151173186188178156127 98 79 75 8911814925 717A1 124191134318999999999999999 737 721943 7499999999999999
173186190185170146118 91 75 73 88114141162175178170154132111 97 9711013325 718A1 156190144717899999999999999 835 722033 9599999999999999
157176186188182167145118 92 74 71 8210312915016416916715714212611611412325 719A1 242188161316999999999999999 945 70213911499999999999999
139158175185187182170149121 93 73 65 71 9011513815516516916515514113012425 720A1 34918718 31699999999999999911 4 65231712499999999999999
126137154172185190188177155125 94 69 55 58 7610413115116617517616715213625 721A1 5131901936176999999999999991221 54999999999999999999999
124121129149171188196196186162128 92 61 44 45 65 9712815217018318517515625 722A1 631197204218699999999999999 0511201328 4299999999999999
134117110120145174194204205194167127 86 52 32 34 60 9813215717719119217725 723A1 738206213319499999999999999 1571101424 3099999999999999
152125103 97114147180201211212199166122 77 40 22 30 6410614016518619819425 724A1 838213221619999999999999999 248 971513 2199999999999999
172141110 89 88114153187207216216198159111 65 30 18 35 7612015217519420125 725A1 930218225420199999999999999 332 851556 1799999999999999
188159125 94 78 86121163194210218214189146 96 53 24 22 51 9713716518519925 726A11016219232620199999999999999 412 771634 1999999999999999
198176142107 80 73 93133172198211215205174129 82 45 27 38 7612115517819325 727A11056215235419999999999999999 448 7217 8 2799999999999999
199187158123 92 73 76105145179198207207190155111 71 45 41 6410514517218825 728A11131209999999999999999999999 522 711739 3999999999999999
196192171139106 81 72 86119155181195200194172136 98 68 55 64 9413316518425 729A1 01419712 420099999999999999 555 7218 8 5499999999999999
193193179153121 94 77 78 99130159179189190178154123 94 75 74 9212315517825 730A1 029195123719099999999999999 627 751835 7299999999999999
190192184164137109 88 80 88109136158173179177164142118 99 91 9811814516925 731A1 044193131518099999999999999 7 2 8019 3 9199999999999999
184190186173152127104 89 86 9611513615316416816515413812211111012013815825 8 1A1 1 719014 516899999999999999 743 86193610999999999999999
173183184178165146124105 94 9210111513114415415915815114213212712813514725 8 2A1 143184152115999999999999999 838 92202012699999999999999
160171177178173162145126109 98 95 9910912213514615415715515014414013914125 8 3A1 24317817 815799999999999999 955 95215413999999999999999
147155164171175174165149131113 99 92 9210011312714215416116316015514814125 8 4A1 4171761849163999999999999991127 91999999999999999999999
137139147158170179180171155134113 94 83 81 8910512514415916917216916014725 8 5A1 536181195817299999999999999 0101371240 8099999999999999
134126128140158176187189179160134107 83 69 68 8010312815116817818017315725 8 6A1 636189204418099999999999999 1181261334 6699999999999999
137120112119139165187198198185160128 94 67 52 56 7710813816217818718617125 8 7A1 727199212118899999999999999 2 31121419 5199999999999999
147122103 99116146178199208205187155115 76 48 37 50 8212015117418919518625 8 8A1 814209215619599999999999999 242 981458 3799999999999999
162131102 86 91120159192210216210185144 98 57 30 28 53 9613716618620019925 8 9A1 9 1216222920299999999999999 318 851536 2699999999999999
179146111 83 73 90130174203218221209176128 79 40 20 30 6811715618119820725 810A1 94822223 020799999999999999 354 721612 1999999999999999
196166126 90 66 66 97144186210222222203162111 63 30 21 44 9214117419420725 811A11033224232920999999999999999 430 621648 2099999999999999
207185147105 72 55 67108156192212221217191146 96 55 31 35 7012116318920425 812A11117222235621099999999999999 5 7 551723 2999999999999999
210199167126 87 59 52 75119164193209215205175132 89 57 45 6110214818220025 813A11159215999999999999999999999 545 511757 4599999999999999
208205184149109 75 55 57 85127165188201203190160123 90 70 69 9213216919325 814A1 017208124120499999999999999 625 521832 6699999999999999
204204193169134 99 71 58 66 94130159178188188174150123101 91 9712115418125 815A1 035205132818999999999999999 7 9 5819 8 9099999999999999
196200196181158128 98 75 66 75 9712514916517317216414813111811412314116325 816A1 058200143017499999999999999 8 2 66195011499999999999999
181191192186174155130105 85 76 79 9511513414915816216115414513713513814825 817A1 139192161416299999999999999 912 75205613599999999999999
161173181184182174160140116 95 81 78 8510111913614915916516516015314614125 818A1 3 41841831165999999999999991049 78232314199999999999999
142149160172180184182172153128102 81 70 72 8610712914816317417717216014525 819A1 5111841956177999999999999991221 69999999999999999999999
132127132148168183192194185165134101 73 57 58 7510313115417218618917815825 820A1 640194204418999999999999999 1 11271328 5599999999999999
134115107118143171191203206196171133 93 60 43 47 7310914116518419719417525 821A1 748206212319899999999999999 1561071419 4299999999999999
146116 94 91111147180201212214201168123 79 46 32 46 8312415517819620419225 822A1 843215215620499999999999999 239 8915 1 3299999999999999
162126 94 75 82115157189208218218196155106 63 34 30 5710314317119120520325 823A1 929220222620799999999999999 317 741537 2899999999999999
179142104 74 65 84127170197212220213182135 87 49 30 41 8112816418620220825 824A110 8220225120899999999999999 351 641610 3099999999999999
193159118 82 61 65 97143180202213216199161114 71 43 39 6511215518319920725 825A11041217231020799999999999999 423 591639 3799999999999999
201173134 95 66 57 75115158187203210205179139 96 63 48 60 9714317819720625 826A11111211232220799999999999999 453 5717 5 4899999999999999
203184149110 77 59 63 92133168190200202188158120 86 66 66 9013116919320425 827A11138203233120699999999999999 520 581730 6399999999999999
204191162126 91 68 62 77110146173188194188169140109 87 79 9212215818620125 828A112 5194234520499999999999999 548 611754 7999999999999999
203194173141108 82 68 72 94125153172181182173153130109 9710112014817519325 829A11236183999999999999999999999 617 671819 9799999999999999
199194180156127100 82 77 8710813315316517116915914512911711512414216418125 830A1 0 5199131517199999999999999 651 76184511499999999999999
189189182166145122102 89 89 9911613314615515815715214413513113314215416725 831A1 031190141615999999999999999 733 88191413199999999999999
175179177171159143125109100 9910511512613614314815215215014714514614915425 9 1A1 111179163615299999999999999 838 9920 314599999999999999
15916416716916816114913411910910210210611412313414515415916015915615114625 9 2A1 3111691856160999999999999991038101999999999999999999999
144146151160168173170159144127110 97 90 9110011513214916116917116715714425 9 3A1 5 9173195217199999999999999 0 21441218 9099999999999999
132126131144161177184182171151127102 82 72 75 9111413915917318118016914925 9 4A1 616185202518299999999999999 1 51261316 7299999999999999
127111108120145171190198194179153119 86 62 53 63 9012315217318719218416125 9 5A1 711198205519299999999999999 1441071358 5399999999999999
131104 88 92118154186204211204183146103 65 41 39 6110114016918920119917825 9 6A1 8 2211212520299999999999999 219 871436 3799999999999999
144107 78 68 85125169200216220210179132 84 45 26 35 7312116118620321119825 9 7A1 853220215621199999999999999 255 681513 2599999999999999
163120 80 55 55 87138183210223226208167114 66 32 22 46 9614718120221521325 9 8A1 941227222521799999999999999 331 511548 2299999999999999
186141 94 56 38 51 97152192214227225199151 98 55 29 33 7112617219821421925 9 9A11027228225322099999999999999 4 7 371624 2699999999999999
205166116 70 38 31 58111162195214224216183135 88 53 39 5710415619221021925 910A11110224231621999999999999999 444 291658 3999999999999999
214188142 93 53 30 35 71123167193209214200166123 86 63 62 9013718020421425 911A11151214233421699999999999999 522 281732 5999999999999999
215200166122 79 47 34 48 87131165186198198181151119 94 82 9212316319320725 912A11233200234821099999999999999 6 1 3418 6 8299999999999999
210203182149110 76 52 47 65 9813315817418217916514412310910612014717619425 913A11319182999999999999999999999 644 46184010599999999999999
201198188168140110 83 66 64 7910312814615816416315614513412812914015817425 914A1 011201142616599999999999999 736 63192012799999999999999
185187184176162142119 98 84 80 8610111713114215015515615314914514414715325 915A1 054187164315799999999999999 852 80204814499999999999999
162168172174172166153135116 99 88 85 9110311713214515616416616315614713925 916A1 3 31741854166999999999999991046 85234913799999999999999
137142151162171177177168152130106 86 76 78 9111013014916517617917115513725 917A1 5271781947179999999999999991221 75999999999999999999999
121115122139160177187190183164134102 76 63 66 8511213916017818918717014425 918A1 651191202319099999999999999 0591151320 6299999999999999
117 97 93109137166187199203193166128 90 62 50 61 9012515417519219818615825 919A1 751203205419899999999999999 143 9314 2 5099999999999999
124 93 74 79107145176196208210193157113 74 47 44 6710714517119020320017525 920A1 837211212220499999999999999 220 731438 4299999999999999
137 98 69 58 76116158187204214209182139 94 58 40 50 8713216718820320719025 921A1 917214214620799999999999999 254 581511 3999999999999999
154111 73 51 54 86132171195209214200164118 76 48 44 6911615918620120920125 922A1 95121422 520999999999999999 325 481540 4299999999999999
170126 84 53 43 61104150181199209206182141 98 64 49 60 9914718220120920625 923A11022210221921099999999999999 354 4316 7 4999999999999999
183143 98 62 42 47 79125164188201205192161120 85 62 62 8813217319820920825 924A11049205222921099999999999999 421 401632 5999999999999999
192158115 75 49 42 61101143173190198194173140106 81 71 8512016119120620925 925A11115199224220999999999999999 447 411657 7199999999999999
198171132 92 61 46 53 82121155177188190179155126101 86 8911314818020020625 926A1114119123 020699999999999999 513 451722 8599999999999999
200180148111 79 58 54 7110213616117518117716214112010410011213816718919825 927A112 8181232119999999999999999 542 53174710099999999999999
197184160130100 76 64 69 9011814315916716916214913412211511913415517518625 928A11239169234518999999999999999 613 64181211599999999999999
189182168146122 99 83 78 8610412414115115615515114413613012913514716017125 929A11326156999999999999999999999 652 77184012999999999999999
176175168157142123106 94 91 9710912213213914414614714614414214214414815425 930A1 019176155914799999999999999 749 91193014199999999999999
159162163161156146132118106100 991031111191281371461521551551521471421382510 1A1 158163182215599999999999999 940 99232913799999999999999
138142149157164164158145129113 99 90 89 961071231391531631671651561421282510 2A1 4371651911167999999999999991138 89999999999999999999999
118118127144162174178172157136111 88 74 72 821031281501671771791701501262510 3A1 552178194218099999999999999 0321171241 7199999999999999
104 93 98119148174189192185165135100 71 55 56 771091421671831921871661342510 4A1 651192201319299999999999999 112 931326 5399999999999999
100 75 68 85120160188202206195167126 84 53 39 49 841271631852002031871522510 5A1 747206204420399999999999999 149 6814 6 3999999999999999
108 70 47 49 81129173200213215199161112 68 39 32 561031511832022122061762510 6A1 840216211421399999999999999 226 441444 3199999999999999
128 79 41 25 40 86142183207220219195149 98 57 33 38 761311762012152182002510 7A1 930222214421999999999999999 3 4 251522 3199999999999999
156101 52 19 12 42 98153188210222216183135 88 53 39 571051591952132212152510 8A11016222221222199999999999999 342 111559 3999999999999999
183131 76 32  7 12 53111159188208217204168123 84 58 56 861361822072182192510 9A111 0217223622099999999999999 421  41635 5499999999999999
202161108 59 22  7 24 69122160184200204187153116 87 72 81116161195211215251010A11143205225721599999999999999 5 1  71711 7299999999999999
208183141 93 52 25 19 42 85127157176188187169143116 97 92108141175198206251011A11227189231920699999999999999 542 181747 9299999999999999
204191165128 89 57 38 39 62 96128149164171169156139122112113128154177190251012A11318172235119399999999999999 627 36182711099999999999999
193188175153125 96 71 58 60 77101123139150156157151142133127128138153167251013A11435157999999999999999999999 722 57191912699999999999999
174176173165151131109 90 78 76 85 99114127138147153154150144138134135141251014A1 049176164215499999999999999 839 76211813499999999999999
149155161164164157144127108 92 84 84 92105119133146157162160153141129121251015A1 3261641817162999999999999991028 83233212099999999999999
121128139152163169168159141119 97 82 77 83 98118137154167173169154133113251016A1 52217019 7173999999999999991156 77999999999999999999999
 99 99111131152169179180170149120 93 73 68 78100127150167180182170145116251017A1 639181194218399999999999999 034 971252 6799999999999999
 90 76 81103133159178188189175147112 81 62 61 81113143166182191185162127251018A1 735190201119199999999999999 117 751333 5999999999999999
 92 66 57 72106142169186196193171135 98 68 54 64 95133163182194196178143251019A1 820197203619799999999999999 153 5714 8 5499999999999999
102 66 45 48 76117154178193200189158119 82 58 54 77117157182196201191160251020A1 857200205720199999999999999 225 431440 5399999999999999
117 75 44 33 50 89133166185198197177141101 70 55 65100144178196204200176251021A1 931200211420499999999999999 256 3315 9 5599999999999999
134 88 51 29 32 63108148174191198189160122 87 64 62 85127168194205204188251022A110 1198213020699999999999999 324 271537 6099999999999999
152106 63 34 25 43 83127160181193192174141107 79 67 78112154186202206196251023A11030194214820699999999999999 352 2516 5 6799999999999999
167125 81 46 27 32 62105143168183189180156125 97 79 78100138174196204199251024A1105718922 920499999999999999 419 261633 7699999999999999
179143101 63 37 31 48 84123153171181180165140115 95 86 96124159185198198251025A11125182223219999999999999999 448 3017 0 8699999999999999
185158121 84 55 39 43 68104136157169173166150129111 99 99116144170187192251026A11153173225719299999999999999 518 381729 9799999999999999
186168140107 77 55 49 61 87117141155162161153139125113108114132154172181251027A11224163232618299999999999999 552 4918 010899999999999999
181171153128101 78 63 63 77 99123139149152150144136127120119126139154165251028A113 9152999999999999999999999 633 61184011899999999999999
170168159145125104 85 75 75 86103120132140143145143139133128126129136145251029A1 0 917015 114599999999999999 727 74195712699999999999999
153157158154145130112 96 85 82 87 98111123133141147149147141133125120121251030A1 140158165914999999999999999 851 82222012099999999999999
128138148155158153141124105 90 81 80 88102118134147157160156146130113102251031A1 35215818 0160999999999999991034 792340 9999999999999999
100109126145161168165154134110 88 72 68 77 96121144161170172164143116 912511 1A1 5151681843173999999999999991149 68999999999999999999999
 76 75 92121150171180179166141110 80 61 57 71100133160177185183164131 942511 2A1 624181191918699999999999999 031 731245 5699999999999999
 63 47 53 82123159181192191174142104 70 51 50 731131521791931981871561102511 3A1 728193195419899999999999999 115 461331 4899999999999999
 66 34 22 39 81130168189201199177138 95 62 45 52 871341731952052051831392511 4A1 826202202920799999999999999 157 221415 4499999999999999
 85 39  8  4 34 86138173195207202173130 88 58 46 641081571912072132041712511 5A1 91820721 321399999999999999 238  21457 4699999999999999
117 61 17 -8 -2 38 96144175196207197164121 84 59 55 831321772022132141962511 6A110 6207213521599999999999999 320-101538 5399999999999999
153 96 43  3-14  3 50105147174194201186152115 83 65 711051531892072132082511 7A1105220122 721399999999999999 4 3-141618 6499999999999999
181134 80 33  1 -8 17 64113147171187190172142111 86 76 901261661932052062511 8A11138191223920799999999999999 446 -81659 7699999999999999
195164120 73 33  8  8 35 78117145164176175159134110 93 891071391711891962511 9A11225178231519699999999999999 531  41741 8899999999999999
194179150112 73 41 24 28 54 89119141156164162149131113101102118143166178251110A11318164999999999999999999999 618 23182710099999999999999
182179166142111 80 55 43 49 70 96118135147153153145132118110110121138153251111A1 0 1182142615499999999999999 711 43192810899999999999999
163167165157140117 92 72 63 66 80 99116129140148150145136124114110115125251112A1 115167154715099999999999999 816 62205911099999999999999
137146153157154143126106 88 76 75 84 98113127140150153150140126112102100251113A1 3 715717 215399999999999999 937 74224010099999999999999
107120133146154156150136117 98 83 78 83 96114131146157160156142122101 86251114A1 44315618 0160999999999999991059 782351 8299999999999999
 82 90107127145157162157144123100 83 76 81 98121142157167168159138110 84251115A1 6 416218421699999999999999912 4 76999999999999999999999
 67 64 78102129149163168164147122 96 78 72 82106134156170176173155125 91251116A1 7 7168191417799999999999999 040 631253 7299999999999999
 63 48 51 74106136156170175166144114 88 71 71 89120150171181183171143105251117A1 756175194118499999999999999 120 471333 6999999999999999
 68 42 34 47 79116145164176178163135104 79 67 75102138167183189184161123251118A1 83617920 519099999999999999 155 3414 9 6799999999999999
 81 46 26 27 52 91128154172181176154122 92 72 67 86121157181192192176143251119A1 912181202919499999999999999 227 241442 6699999999999999
 99 58 28 17 31 65107140163178181168141109 83 68 75103141173191196187161251120A1 945182205619699999999999999 258 171514 6899999999999999
120 75 39 17 17 43 83122150169179175156127 98 77 71 88122159184195194176251121A11016180212319699999999999999 329 141546 7099999999999999
141 97 56 26 14 26 60101135158172176165142114 90 75 80105141172189194185251122A11047176215219499999999999999 4 1 141618 7499999999999999
159120 78 42 20 19 42 79116144161170168152129105 86 80 93123156179189187251123A11117171222119099999999999999 433 161650 7999999999999999
171140101 64 35 22 31 60 97128149161164156139119 99 87 88108137164180184251124A11149164225118499999999999999 5 7 221724 8599999999999999
176156124 88 56 35 30 46 77110135150157156146130113 98 91 98119145165175251125A11223157232717699999999999999 544 2918 1 9199999999999999
175164143113 82 55 40 41 60 89117136147151148139126111100 97105124145160251126A113 7151999999999999999999999 625 381847 9699999999999999
166164154135109 82 60 49 53 71 97120135144147145138126112102 99105119136251127A1 01516714 914799999999999999 713 491952 9899999999999999
150157157149133111 87 68 59 62 77 98119133143147147141129114101 94 96107251128A1 129158152614899999999999999 814 582118 9399999999999999
123138149153150138118 96 77 66 67 78 97117135147153154146132112 93 80 78251129A1 3 4153163415499999999999999 928 652239 7799999999999999
 88107129146155155146129107 85 71 67 76 95119141156163163153132104 77 59251130A1 4311561729164999999999999991046 672344 5599999999999999
 55 68 94123147160163157140115 90 71 65 74 97126152168174172157127 90 562512 1A1 5531631817175999999999999991156 65999999999999999999999
 35 32 50 85122150166172168149120 91 70 63 74102138166181186180157117 712512 2A1 71017319 318699999999999999 039 301256 6399999999999999
 34 11 12 38 82124153171181176153121 90 68 62 771131521791921951831511022512 3A1 814181194719599999999999999 130  81349 6199999999999999
 52 13 -8 -1 34 84127156176186179153118 87 66 62 851271661902002001821412512 4A1 910187203020199999999999999 218 -91439 6199999999999999
 87 36 -2-20 -6 37 88130158178188177148114 83 64 66 961401771962042001752512 5A110 1188211420499999999999999 3 6-201525 6299999999999999
129 74 24-11-23 -1 45 95132159179185170140107 79 64 741091521831982031942512 6A11049185215720399999999999999 352-231610 6499999999999999
165117 64 18-13-17 11 58102135159176177160131101 76 67 831201591841961972512 7A11136179224019899999999999999 438-191654 6799999999999999
185152106 58 17 -6 -3 28 72110137158170167149122 95 75 72 931281601791882512 8A11221171232518999999999999999 524 -91738 7199999999999999
187172140 98 56 23  7 17 48 86117139155162157138114 91 77 791001301551702512 9A113 6162999999999999999999999 6 8  71823 7599999999999999
176174158130 94 59 34 26 39 68 99123140151155147130109 90 80 84103127146251210A1 014177135115599999999999999 653 251914 8099999999999999
158163160147122 93 66 48 46 60 84109127140148149141125107 91 83 86100118251211A1 113163143715099999999999999 740 452015 8299999999999999
134144150149138120 97 77 65 64 76 95115130141147147138124107 91 81 82 91251212A1 222151152614899999999999999 832 632129 8099999999999999
106121133141142135122105 89 79 78 87102119133144149148139124106 87 75 72251213A1 340142161914999999999999999 936 772247 7299999999999999
 79 93110126136140137128114 99 88 85 91105122138149153151141123101 79 64251214A1 5 51401712154999999999999991050 852352 5999999999999999
 59 67 84105124136143143135120104 92 87 92107126145156160156142118 90 65251215A1 62814418 01609999999999999912 0 87999999999999999999999
 49 46 58 80105127141150150140123104 90 84 91110134154165167158138108 76251216A1 732151184316799999999999999 043 451257 8499999999999999
 49 35 36 54 82111133149157155141120 99 84 80 93117144164173171157129 93251217A1 819158192217499999999999999 125 331344 8099999999999999
 59 33 23 31 57 90120142157163156137113 90 76 78 98128156173179172150115251218A1 859163195917999999999999999 2 4 231424 7599999999999999
 76 41 19 16 33 66101130150163164151128102 80 71 81108141167181182168138251219A1 935165203518399999999999999 240 1515 1 7199999999999999
 98 58 26  9 15 42 79113139158166161143117 90 71 69 89122154176185180159251220A11010166211018599999999999999 316  91536 6899999999999999
123 80 41 13  5 21 55 94125148162165154131103 79 66 73101137166182185174251221A11043166214518699999999999999 351  51610 6599999999999999
145105 62 26  5  7 33 72109136154163160143118 91 70 65 82116150173183181251222A11116164221918499999999999999 426  31645 6499999999999999
163130 87 47 16  3 16 50 90123144158161152131105 80 66 69 94129159176180251223A11149161225418199999999999999 5 1  31720 6499999999999999
173150114 72 35 11  9 31 69107134150158156142119 94 73 65 76105138162174251224A11221159233217599999999999999 537  71757 6599999999999999
174162137100 62 31 15 21 49 87120142153156150132109 86 69 67 82111140159251225A11252156999999999999999999999 614 141839 6699999999999999
168165152126 92 58 33 25 38 67102130146154153143125102 81 67 68 84110135251226A1 018168132615599999999999999 654 251929 6599999999999999
152159156143119 89 62 43 41 55 83113136149154151139121 98 77 64 64 79101251227A1 11515914 715499999999999999 739 392030 6399999999999999
125142150149138119 94 72 58 57 70 94119139151154150139120 96 74 59 56 67251228A1 224151145815499999999999999 833 552141 5599999999999999
 88112131142144138124105 85 73 71 81 99122141153157153142122 95 68 49 42251229A1 34614516 115799999999999999 939 702257 4299999999999999
 51 71 98122137144143134118 99 85 80 85100122143157162160148125 93 60 36251230A1 52414417111629999999999999911 2 80999999999999999999999
 26 33 56 87115134146150145130111 94 84 85 99123147163169167154126 88 50251231A1 7 3150181916999999999999999 0 7 261228 8399999999999999
