 16 17 20 22 24 23 21 17 13 10  9 11 16 23 31 38 43 46 44 41 35 28 22 1825 1 1A5 416 2417 9 4699999999999999 952  9999999999999999999999
 15 16 18 21 24 24 23 19 15 10  8  7 10 15 23 31 38 42 43 41 36 30 24 1925 1 2A5 445 241748 4399999999999999 019 151040  799999999999999
 15 14 16 19 22 24 24 21 17 12  8  5  5  9 15 23 31 36 40 39 36 31 25 1925 1 3A5 519 241826 4099999999999999 049 141127  599999999999999
 15 13 14 16 20 23 24 23 19 15 10  6  4  5  9 15 22 29 34 35 34 30 25 1925 1 4A5 6 1 2419 3 3599999999999999 118 131215  499999999999999
 15 12 11 13 16 20 23 23 22 19 14 10  7  5  6 10 15 22 27 30 30 28 24 1925 1 5A5 651 231939 3099999999999999 146 1113 8  599999999999999
 14 11  9 10 12 16 20 23 24 23 20 16 12  9  8  9 12 16 20 24 25 25 22 1825 1 6A5 753 242013 2699999999999999 213  914 9  899999999999999
 14 10  8  7  9 13 17 21 24 25 25 22 19 16 14 12 12 13 16 19 21 21 20 1725 1 7A5 9 6 252047 2199999999999999 241  71532 1299999999999999
 14 10  8  6  7  9 13 18 23 26 28 28 27 24 22 19 17 15 15 16 17 18 18 1625 1 8A51033 282124 1899999999999999 312  61746 1599999999999999
 14 11  9  7  6  7 10 14 19 25 29 31 32 32 30 27 24 20 17 16 15 15 16 1625 1 9A512 6 322217 1699999999999999 351  620 2 1599999999999999
 15 13 11  9  7  7  8 11 16 21 27 32 35 37 37 35 32 27 23 19 16 15 15 1525 110A51326 37999999999999999999999 446  72125 1499999999999999
 15 15 14 12 10  9  8  9 12 17 23 29 35 39 41 41 39 35 29 24 19 16 14 1525 111A5 0 1 161429 4199999999999999 555  822 8 1499999999999999
 16 17 17 16 15 12 10  9 10 13 18 24 32 38 42 44 44 41 35 29 23 18 15 1525 112A5 143 171520 4499999999999999 7 7  92242 1499999999999999
 16 18 20 20 19 16 13 10  9  9 13 18 25 33 40 44 45 44 40 34 27 21 17 1525 113A5 246 2016 4 4599999999999999 812  92312 1599999999999999
 15 18 21 23 23 21 17 13  9  8  8 12 18 26 34 40 44 45 42 37 31 24 19 1525 114A5 331 231644 4599999999999999 911  72342 1499999999999999
 14 17 20 23 25 24 21 16 11  7  6  7 12 19 27 34 40 43 42 39 33 26 20 1625 115A5 4 9 251721 439999999999999910 4  6999999999999999999999
 14 15 18 22 25 25 24 19 14  9  5  4  6 12 19 27 34 38 39 38 33 27 21 1625 116A5 446 251754 3999999999999999 011 141050  499999999999999
 13 12 15 19 23 25 24 22 17 11  7  4  4  7 12 20 27 32 35 35 32 27 21 1625 117A5 524 251823 3599999999999999 039 121132  399999999999999
 12 10 12 15 19 22 24 23 19 14  9  6  4  5  8 14 20 26 30 31 29 25 20 1525 118A5 6 3 241849 3199999999999999 1 5 101212  499999999999999
 11  9  9 11 15 19 22 22 21 17 13  9  6  5  7 11 16 21 24 26 25 23 18 1425 119A5 648 221911 2699999999999999 128  91251  599999999999999
 10  8  7  8 11 15 19 21 21 20 17 13 10  9  9 10 13 17 20 22 22 20 17 1325 120A5 738 211929 2299999999999999 150  71333  899999999999999
 10  7  6  6  9 12 16 19 21 21 20 18 15 13 12 12 14 16 17 19 19 18 15 1225 121A5 838 211940 1999999999999999 210  61425 1299999999999999
  9  7  6  5  7 10 13 17 20 22 22 22 20 19 17 16 16 16 17 17 17 16 15 1225 122A5 952 221935 1799999999999999 231  516 4 1699999999999999
 10  8  6  6  7  9 11 15 19 22 24 25 25 24 23 21 20 18 17 17 16 15 14 1325 123A51123 25999999999999999999999 257  6999999999999999999999
 11 10  8  7  7  8 10 14 17 21 25 27 29 29 28 27 25 22 19 17 16 15 14 1325 124A51246 29999999999999999999999 334  7999999999999999999999
 13 12 11 10  9  9 10 12 15 20 24 28 31 33 33 32 29 26 23 19 16 15 14 1425 125A51343 33999999999999999999999 439  9999999999999999999999
 14 14 13 13 12 11 10 11 13 17 21 26 31 34 36 36 34 31 26 22 18 15 13 1325 126A51428 36999999999999999999999 6 1 102232 1399999999999999
 14 15 16 15 14 13 11 10 10 13 17 23 28 34 37 39 38 35 30 25 20 16 13 1325 127A5 214 1615 9 3999999999999999 712 102245 1399999999999999
 14 16 17 18 17 15 12  9  8  9 12 17 23 30 36 39 40 38 34 28 22 17 13 1225 128A5 255 181548 4099999999999999 813  823 5 1299999999999999
 13 15 18 19 19 17 14 10  6  5  6 10 16 24 31 37 40 40 36 31 25 19 14 1125 129A5 326 191626 4099999999999999 9 7  52327 1199999999999999
 12 14 17 20 21 19 16 11  6  3  1  3  8 16 24 32 37 39 37 33 26 20 14 1125 130A5 356 2117 2 3999999999999999 957  12349 1099999999999999
 10 12 16 19 21 21 19 14  8  3  0 -1  1  7 16 25 31 35 36 33 27 21 15 1025 131A5 430 221737 36999999999999991045 -1999999999999999999999
  8  9 13 17 21 23 22 18 12  6  1 -2 -2  1  8 16 24 30 32 31 27 21 15 1025 2 1A5 5 7 2318 9 3299999999999999 011  81132 -399999999999999
  7  7  9 14 20 23 24 22 18 12  6  1 -2 -1  3 10 17 24 27 28 25 20 14  925 2 2A5 551 241839 2899999999999999 032  61220 -299999999999999
  5  4  6 10 16 21 25 25 23 18 13  7  3  1  2  6 12 18 22 24 23 19 14  825 2 3A5 641 2519 6 2499999999999999 053  41311  199999999999999
  4  2  3  6 12 18 23 26 27 24 20 16 11  8  6  7 10 14 17 20 20 17 13  825 2 4A5 739 271929 2099999999999999 115  21411  699999999999999
  4  2  1  3  8 13 19 24 27 28 26 24 20 16 14 12 12 13 15 16 17 16 13  925 2 5A5 846 281948 1799999999999999 140  11538 1299999999999999
  6  3  1  2  5  9 15 20 25 28 30 29 28 25 22 19 17 16 15 15 15 14 13 1025 2 6A51011 30999999999999999999999 210  1999999999999999999999
  8  5  3  3  4  6 10 15 21 26 29 31 32 32 30 27 24 21 18 16 14 14 13 1225 2 7A512 3 32999999999999999999999 252  3999999999999999999999
 10  9  7  6  5  6  8 11 16 21 26 30 33 35 35 34 31 27 22 18 15 13 13 1325 2 8A51337 35999999999999999999999 4 0  5999999999999999999999
 12 12 11 10  8  7  7  8 11 15 20 26 31 35 37 37 35 32 26 21 17 14 12 1325 2 9A51439 37999999999999999999999 543  72213 1299999999999999
 14 15 15 14 12 10  8  7  7  9 14 20 26 32 36 38 38 35 30 24 19 14 12 1225 210A5 148 151525 3899999999999999 715  72229 1299999999999999
 14 16 17 18 16 14 10  7  5  5  8 13 19 26 32 36 38 36 32 26 20 15 11 1025 211A5 245 1816 3 3899999999999999 825  52251 1099999999999999
 12 15 18 20 20 17 13  8  5  3  3  6 12 19 27 32 35 36 33 28 21 16 11  925 212A5 324 201635 3699999999999999 921  22313  999999999999999
 10 13 17 20 21 20 16 11  6  2  0  1  5 12 20 27 32 33 32 28 22 16 11  825 213A5 359 2117 4 339999999999999910 7  02336  799999999999999
  7 10 15 19 22 22 19 14  8  3 -1 -2  1  6 13 21 27 30 30 27 22 16 10  725 214A5 433 221729 30999999999999991048 -22356  599999999999999
  5  7 11 16 20 22 21 17 12  6  1 -2 -1  2  8 15 21 26 27 25 21 15 10  625 215A5 5 8 221752 27999999999999991125 -2999999999999999999999
  4  5  8 13 18 21 22 20 15 10  5  1 -1  1  5 11 17 21 23 22 19 14  9  525 216A5 544 221812 2399999999999999 014  412 2 -199999999999999
  3  3  5 10 15 19 22 21 19 14  9  5  3  2  4  8 13 18 20 20 18 13  9  525 217A5 623 221829 2099999999999999 031  21238  299999999999999
  2  2  3  7 12 17 21 22 21 18 15 11  8  6  6  9 12 15 17 18 16 13  9  525 218A5 7 6 221842 1899999999999999 046  21318  699999999999999
  2  1  2  6 10 15 19 22 23 22 19 16 13 11 10 11 12 14 16 16 15 13  9  625 219A5 753 231848 1699999999999999 1 1  114 8 1099999999999999
  3  2  2  5  8 13 17 21 24 24 23 21 19 17 15 15 14 15 15 15 14 12 10  725 220A5 848 241829 1599999999999999 116  21534 1499999999999999
  5  3  3  5  7 11 15 19 23 25 25 25 24 22 21 19 18 16 16 15 14 12 10  825 221A5 959 25999999999999999999999 134  3999999999999999999999
  7  5  5  5  7  9 13 17 20 24 26 27 27 27 25 23 21 19 17 15 13 12 11  925 222A51140 27999999999999999999999 159  5999999999999999999999
  8  8  7  7  7  8 10 13 17 21 24 27 29 29 29 28 25 22 18 15 13 11 10 1025 223A513 9 29999999999999999999999 255  7999999999999999999999
 10 10  9  9  8  8  8  9 12 16 20 24 28 30 31 31 28 25 20 16 13 10  9 1025 224A514 7 31999999999999999999999 522  82219  999999999999999
 10 11 11 11 10  8  6  6  7  9 14 19 24 29 32 33 31 28 23 18 13 10  8  925 225A5 2 1 111452 3399999999999999 657  62219  899999999999999
 10 12 13 13 12  9  6  4  2  3  6 12 18 25 30 32 33 30 25 19 14 10  7  725 226A5 236 131532 3399999999999999 8 7  22231  799999999999999
  9 12 15 16 15 12  8  3  0 -2 -1  4 10 18 25 30 32 31 27 21 15 10  6  625 227A5 3 7 1616 8 3299999999999999 9 5 -22247  699999999999999
  8 11 15 18 18 16 12  6  0 -4 -5 -3  2 10 18 25 29 30 27 22 16 10  6  425 228A5 339 181642 3099999999999999 957 -523 4  499999999999999
  5 10 15 19 21 21 17 11  4 -2 -6 -7 -4  2 11 19 25 27 26 22 16 10  5  225 3 1A5 415 211713 27999999999999991046 -72321  299999999999999
  3  7 13 19 23 25 23 18 11  3 -3 -6 -6 -3  4 12 19 23 24 21 16  9  4  125 3 2A5 456 251741 24999999999999991134 -72339  099999999999999
  0  3  9 16 23 27 27 25 19 12  5 -1 -4 -3  1  7 14 19 21 20 15 10  4  025 3 3A5 541 2718 7 21999999999999991224 -4999999999999999999999
 -2  0  5 12 20 26 29 29 26 21 14  8  3  1  2  5 10 15 18 18 15 10  4  025 3 4A5 631 301830 1899999999999999 0 0 -21317  199999999999999
 -2 -2  1  7 15 22 28 31 31 28 23 18 13  9  7  7 10 13 15 16 14 10  6  225 3 5A5 726 311849 1699999999999999 024 -31422  799999999999999
 -2 -2 -1  3  9 17 23 28 31 31 29 26 22 18 15 13 12 13 14 14 13 11  8  425 3 6A5 830 311859 1499999999999999 053 -316 1 1299999999999999
  1 -1 -1  2  6 11 17 23 28 30 31 30 28 26 23 20 17 15 14 13 13 11  9  725 3 7A5 956 31999999999999999999999 127 -1999999999999999999999
  4  3  2  2  4  7 12 17 22 26 29 30 31 30 28 26 22 19 16 13 12 11 10  925 3 8A51158 31999999999999999999999 214  2999999999999999999999
  8  7  6  5  5  5  7 11 15 19 24 27 30 31 31 30 26 22 18 14 11 10 10 1025 3 9A51330 32999999999999999999999 341  5999999999999999999999
 10 10 10  9  7  6  6  6  9 12 17 22 26 29 31 31 29 25 20 15 11  9  9 1025 310A51427 31999999999999999999999 551  62139  999999999999999
 11 13 13 12 11  8  6  4  4  6 10 15 20 25 29 30 29 26 21 16 11  8  7  825 311A5 158 1315 7 3099999999999999 727  42154  799999999999999
 11 13 15 16 14 11  7  4  2  2  4  8 14 20 25 28 28 26 21 16 11  7  5  625 312A5 242 161540 2899999999999999 834  12212  599999999999999
  9 13 16 18 17 14 10  5  1 -1 -1  2  8 14 20 24 26 25 21 16 11  6  3  325 313A5 317 1816 8 2699999999999999 924 -12231  399999999999999
  6 11 15 18 19 17 13  7  2 -2 -3 -2  2  9 15 20 23 24 21 16 11  6  2  125 314A5 348 191633 249999999999999910 6 -32249  199999999999999
  3  8 14 18 20 20 17 11  5  0 -3 -4 -1  4 10 16 20 22 20 16 11  6  2  025 315A5 420 211656 22999999999999991043 -423 5  099999999999999
  1  6 11 17 21 22 20 16 10  4 -1 -3 -3  1  7 13 17 19 19 16 11  6  2  025 316A5 452 221716 20999999999999991120 -32319  099999999999999
  0  4  9 16 21 23 23 20 15  9  4  0 -1  1  5 10 14 17 18 15 11  6  2  025 317A5 525 241735 18999999999999991156 -12333 -199999999999999
  0  2  7 14 20 24 25 24 20 15 10  5  3  3  5  9 13 15 16 15 11  7  3  025 318A5 6 0 251752 16999999999999991234  22347  099999999999999
  0  1  6 12 18 23 26 26 24 20 15 11  8  6  7  9 12 14 15 14 12  8  4  125 319A5 637 2718 4 15999999999999991316  6999999999999999999999
  0  1  4 10 16 21 26 27 27 24 21 17 14 11 10 11 12 14 14 14 12  9  5  325 320A5 717 281811 1499999999999999 0 3  014 8 1099999999999999
  1  1  4  8 13 19 23 27 28 27 25 22 19 16 14 13 13 14 14 13 12  9  7  425 321A5 8 3 28999999999999999999999 020  1999999999999999999999
  3  2  4  6 10 15 20 24 26 27 27 25 23 21 18 16 15 14 13 12 11 10  8  625 322A5 9 2 27999999999999999999999 040  2999999999999999999999
  4  4  4  5  8 11 15 19 23 25 27 26 26 24 22 19 17 15 13 11 10  9  8  725 323A51027 27999999999999999999999 1 6  4999999999999999999999
  6  5  5  6  6  8 10 14 18 21 24 26 26 26 25 22 19 16 13 10  8  8  7  725 324A51212 26999999999999999999999 155  5999999999999999999999
  7  7  7  6  6  6  6  8 11 15 19 22 25 26 26 25 21 17 13 10  7  6  6  725 325A51325 27999999999999999999999 455  62120  699999999999999
  8  9  9  9  7  5  3  3  4  7 12 17 21 25 26 26 23 19 14 10  6  5  5  725 326A5 139  91417 2699999999999999 645  32123  599999999999999
  9 11 12 12 10  6  3  0 -1  0  4  9 15 21 24 26 24 20 15 10  6  4  3  625 327A5 213 121459 2699999999999999 8 1 -12134  399999999999999
  9 13 15 16 14 11  6  1 -3 -4 -3  1  8 15 20 24 24 21 16 11  6  3  2  425 328A5 246 161536 2499999999999999 9 3 -52148  299999999999999
  8 14 18 21 20 17 11  5 -1 -5 -7 -5  1  8 15 20 22 21 17 11  6  2  0  225 329A5 322 2116 9 2299999999999999 957 -722 4  099999999999999
  6 13 19 24 26 24 19 12  5 -2 -6 -7 -4  2  9 16 20 20 17 12  6  1 -1 -125 330A5 4 1 261639 20999999999999991048 -72223 -199999999999999
  3 10 18 25 30 31 28 22 14  6  0 -4 -4 -1  5 11 16 18 17 13  7  2 -2 -325 331A5 444 3117 7 18999999999999991138 -52246 -399999999999999
  0  6 14 23 30 34 34 30 24 16  9  3  0  0  3  8 13 16 16 14  9  3 -1 -325 4 1A5 530 341733 17999999999999991230 -12313 -499999999999999
 -3  2  9 18 27 33 36 36 32 26 19 13  8  5  5  8 11 14 16 14 10  5  1 -225 4 2A5 620 371757 16999999999999991327  52345 -399999999999999
 -3 -1  4 12 21 29 34 37 36 32 27 22 17 12 10 10 11 13 15 14 12  8  4  025 4 3A5 714 371819 15999999999999991436 10999999999999999999999
 -2 -1  2  7 14 22 28 33 35 34 32 28 24 20 16 14 13 13 14 14 13 10  7  425 4 4A5 817 351836 1499999999999999 021 -21617 1399999999999999
  2  1  1  4  9 15 21 26 30 32 32 31 29 26 22 18 16 14 13 13 12 11  9  725 4 5A5 939 32999999999999999999999 1 4  1999999999999999999999
  6  4  4  4  6  9 14 18 23 26 29 30 30 28 26 22 18 15 12 11 11 11 10 1025 4 6A51126 30999999999999999999999 2 2  4999999999999999999999
  9  8  7  6  6  7  9 11 15 19 23 25 27 28 27 24 20 16 12 10  8  9  9 1025 4 7A51250 28999999999999999999999 345  62021  899999999999999
 11 11 11  9  8  6  6  7  9 12 16 20 23 25 25 24 21 16 12  8  6  6  7 1025 4 8A5 046 111346 2599999999999999 557  62039  699999999999999
 12 13 14 13 11  8  6  4  4  6  9 13 18 21 23 23 20 16 12  7  4  3  4  725 4 9A5 150 141427 2399999999999999 730  42059  399999999999999
 11 14 16 16 14 11  7  4  2  2  4  8 12 17 20 21 20 16 12  7  3  1  2  525 410A5 231 161459 2199999999999999 834  22118  199999999999999
 10 14 17 19 18 14 10  5  2  0  0  3  8 13 17 19 19 16 12  7  3  1  0  325 411A5 3 4 191527 1999999999999999 922  02136  099999999999999
  8 13 18 21 21 19 14  9  4  0 -1  0  4  9 14 17 18 16 13  8  4  1  0  225 412A5 335 211553 189999999999999910 3 -12151  099999999999999
  6 12 18 22 24 23 19 14  8  3  0 -1  2  6 11 15 17 16 14  9  5  1  0  125 413A5 4 4 241617 17999999999999991041 -122 6  099999999999999
  5 11 18 23 27 27 24 19 13  7  3  1  1  5  9 13 16 17 15 11  6  3  1  125 414A5 434 271640 17999999999999991118  12222  199999999999999
  4 10 17 24 28 30 29 25 19 13  8  4  3  5  8 12 15 16 15 12  8  4  2  125 415A5 5 5 3017 1 16999999999999991156  32240  199999999999999
  4  9 15 23 28 32 32 30 25 19 14  9  7  7  9 12 15 16 16 13 10  6  3  225 416A5 537 321721 16999999999999991235  62259  299999999999999
  3  7 13 20 27 32 34 33 29 25 19 15 11 10 10 12 14 16 16 14 11  8  5  325 417A5 612 341738 16999999999999991319  92321  399999999999999
  3  6 11 17 24 29 33 34 32 29 24 20 16 13 12 12 14 15 15 14 12  9  6  425 418A5 650 341752 15999999999999991413 122346  499999999999999
  4  5  8 13 19 25 30 32 33 31 27 24 20 17 14 13 13 14 14 14 12 10  7  525 419A5 734 3318 0 14999999999999991532 13999999999999999999999
  4  5  7 10 15 20 25 29 30 30 29 26 23 20 17 15 13 12 12 12 11 10  8  725 420A5 828 31999999999999999999999 016  4999999999999999999999
  6  5  6  7 10 14 19 23 26 28 28 27 25 22 19 16 13 11 10 10 10  9  9  825 421A5 939 28999999999999999999999 056  5999999999999999999999
  7  7  6  6  7  9 12 16 20 23 25 26 25 24 21 18 14 11  9  8  8  8  9  925 422A511 7 262345  999999999999999 220  61941  899999999999999
  9  9  8  7  6  6  7  9 12 16 20 22 24 24 22 19 15 11  8  6  6  7  8 1025 423A51225 24999999999999999999999 443  61949  699999999999999
 12 12 12 10  8  6  4  4  6  9 13 17 20 22 22 20 16 12  8  5  4  5  8 1125 424A5 1 1 121324 2299999999999999 635  420 3  499999999999999
 14 16 17 15 12  8  5  2  1  2  6 11 16 19 21 20 17 13  8  5  3  4  6 1125 425A5 144 171412 2199999999999999 757  12019  399999999999999
 16 20 22 22 19 15  9  4  1 -1  1  5 10 15 19 20 18 14  9  5  2  2  5 1025 426A5 224 231453 2099999999999999 9 2 -12038  299999999999999
 16 23 27 29 28 23 17 10  4  0 -1  0  5 11 16 18 18 16 11  6  2  1  2  725 427A5 3 4 291529 1999999999999999 958 -121 1  199999999999999
 14 23 30 34 35 33 27 20 12  6  1  0  2  7 13 17 18 17 13  8  3  1  1  425 428A5 347 3516 2 18999999999999991051  02129  099999999999999
 11 19 29 36 40 40 36 30 22 14  8  4  3  6 10 15 18 18 15 11  5  1  0  125 429A5 433 401634 18999999999999991143  322 2  099999999999999
  6 14 24 33 40 43 42 38 32 24 17 11  7  7 10 13 17 18 17 14  9  4  1  025 430A5 521 4317 4 18999999999999991236  72241  099999999999999
  3  9 17 27 36 41 44 43 39 33 26 19 14 11 11 13 16 18 18 16 12  8  4  125 5 1A5 611 441735 19999999999999991333 112323  199999999999999
  2  5 11 20 28 36 41 42 41 38 33 27 21 17 14 14 15 17 18 18 15 12  8  525 5 2A5 7 5 4218 9 18999999999999991436 14999999999999999999999
  3  4  7 13 20 28 34 38 39 38 35 31 26 22 18 16 15 16 17 17 16 14 11  825 5 3A5 8 4 391851 1799999999999999 010  31551 1599999999999999
  6  5  6  9 14 19 25 30 33 34 34 32 29 25 21 17 15 14 14 15 16 15 14 1225 5 4A5 912 351958 1699999999999999 1 3  51711 1499999999999999
 10  8  8  8 10 13 18 22 26 28 30 30 28 26 22 18 15 13 12 12 13 14 14 1425 5 5A51030 302215 1499999999999999 2 9  81814 1299999999999999
 14 12 11 10  9 10 12 15 18 22 24 25 26 25 22 19 15 12  9  9 10 11 13 1525 5 6A51142 26999999999999999999999 344  91856  999999999999999
 16 16 15 13 11 10 10 10 12 15 18 21 22 22 21 18 14 11  8  6  6  8 11 1425 5 7A5 021 161239 2299999999999999 544 101926  699999999999999
 17 18 18 17 14 12 10  8  9 10 13 16 18 20 19 18 14 11  7  5  4  5  9 1325 5 8A5 127 181324 2099999999999999 722  81951  499999999999999
 17 20 21 21 18 15 12  9  7  7  9 12 15 17 18 17 15 11  7  5  3  4  7 1225 5 9A5 211 2114 3 1899999999999999 830  72011  399999999999999
 17 21 24 25 23 20 15 11  8  6  7  9 12 15 17 17 16 13  9  6  4  4  6 1125 510A5 245 251437 1799999999999999 920  62030  399999999999999
 17 22 26 28 28 25 20 15 11  8  6  7 10 14 16 18 17 14 11  7  5  4  6 1025 511A5 315 281510 189999999999999910 3  62049  499999999999999
 16 23 28 32 32 30 26 21 15 11  8  7  9 12 16 18 18 17 14 10  7  5  6 1025 512A5 344 321540 18999999999999991041  72110  599999999999999
 15 22 29 34 36 35 32 27 21 15 11  9  9 12 15 18 19 19 16 13  9  7  7  925 513A5 414 3616 8 19999999999999991119  92134  799999999999999
 14 21 29 35 38 39 37 32 27 21 16 12 11 12 15 18 20 20 18 15 11  9  8  925 514A5 445 391634 20999999999999991156 1122 0  899999999999999
 13 19 26 33 38 41 40 37 32 26 21 16 14 13 15 18 20 21 20 17 14 10  8  825 515A5 518 411659 21999999999999991235 132230  899999999999999
 11 16 23 30 36 40 41 40 36 31 25 20 17 15 15 17 19 20 20 18 15 12  9  825 516A5 554 411723 21999999999999991318 1523 3  899999999999999
  9 13 18 25 32 37 40 40 38 34 29 24 20 17 16 16 18 19 20 19 16 13 10  925 517A5 634 401750 209999999999999914 7 162340  899999999999999
  8 10 14 19 26 32 36 38 38 35 31 27 22 19 16 15 16 17 18 18 16 14 12 1025 518A5 718 381826 189999999999999915 3 15999999999999999999999
  8  9 11 14 19 25 30 34 35 34 32 28 24 20 17 15 14 14 15 16 16 15 13 1125 519A5 8 8 351924 1699999999999999 024  816 5 1499999999999999
 10  9  9 11 14 18 23 27 30 31 31 28 25 21 18 15 13 12 13 14 15 15 15 1425 520A5 9 5 3121 4 1599999999999999 121  917 0 1299999999999999
 12 11 10 10 11 13 16 20 24 27 28 27 25 22 18 15 12 11 10 11 13 15 16 1725 521A51010 2823 0 1799999999999999 246 101739 1099999999999999
 16 15 13 12 10 10 11 14 17 21 23 24 24 22 19 16 12 10  9  9 11 14 18 2025 522A51116 24999999999999999999999 437 1018 9  999999999999999
 21 21 19 17 14 11 10 10 12 14 18 21 22 22 20 17 13 10  8  8 10 13 18 2225 523A5 018 211218 2299999999999999 629 101834  899999999999999
 26 27 26 24 20 16 12 10  9 10 13 16 19 20 20 18 14 11  8  7  8 11 17 2325 524A5 113 271314 2199999999999999 757  919 1  799999999999999
 29 32 34 33 29 24 19 14 10  8  9 12 16 19 20 19 17 13  9  7  7  9 14 2225 525A5 2 2 3414 4 2099999999999999 9 6  81932  799999999999999
 29 36 39 40 38 34 28 21 15 11  9 10 14 17 20 20 19 16 12  8  6  7 11 1825 526A5 249 401448 219999999999999910 4  920 9  699999999999999
 27 35 42 45 46 43 37 30 23 17 12 11 12 16 19 22 21 19 15 11  8  7  9 1425 527A5 337 461529 22999999999999991057 112051  799999999999999
 22 31 40 46 49 49 46 39 32 25 18 14 13 15 19 22 23 23 19 15 10  8  7 1025 528A5 426 5016 7 23999999999999991147 132138  799999999999999
 16 24 34 42 48 51 50 46 40 33 26 20 17 16 18 22 24 25 23 19 15 10  8  825 529A5 515 511645 25999999999999991236 162228  899999999999999
 11 17 26 35 43 48 50 49 45 39 32 26 21 18 19 21 24 25 25 23 19 14 10  825 530A5 6 5 501725 26999999999999991324 182319  899999999999999
  9 12 19 27 35 42 46 47 46 42 36 30 25 21 19 20 22 24 25 25 22 18 14 1125 531A5 656 471810 25999999999999991414 19999999999999999999999
  9 10 13 19 26 33 39 42 43 41 37 33 27 23 20 18 19 21 23 24 23 21 18 1525 6 1A5 746 4319 4 2499999999999999 012  915 4 1899999999999999
 12 11 12 15 19 25 31 35 37 37 35 32 28 24 20 17 17 18 20 21 22 22 21 1825 6 2A5 835 372017 2299999999999999 1 7 111556 1799999999999999
 16 14 13 13 16 19 23 27 30 32 32 30 27 24 20 17 15 14 15 18 20 21 22 2125 6 3A5 923 322156 2299999999999999 2 8 131644 1499999999999999
 20 18 16 15 15 16 19 21 24 26 27 27 25 22 19 16 13 12 12 14 16 19 21 2325 6 4A51010 272339 2399999999999999 325 151726 1299999999999999
 23 22 20 18 17 16 17 18 20 21 23 23 23 21 19 16 13 11 10 11 13 17 20 2425 6 5A51059 23999999999999999999999 515 1618 1 1099999999999999
 25 26 25 23 21 19 17 16 17 18 20 21 21 20 19 16 13 11  9  9 11 15 19 2425 6 6A5 052 261152 2199999999999999 712 161829  999999999999999
 27 29 30 28 26 23 20 17 16 16 17 19 20 20 19 18 15 12 10 10 11 14 18 2425 6 7A5 143 301248 2099999999999999 831 161856 1099999999999999
 29 32 34 34 31 28 24 20 17 16 16 17 19 20 20 20 17 15 12 11 11 14 18 2425 6 8A5 220 341341 2199999999999999 925 161923 1199999999999999
 29 34 37 38 37 34 29 25 20 17 16 17 19 21 22 22 20 18 15 13 12 14 17 2325 6 9A5 253 381428 229999999999999910 7 161952 1299999999999999
 29 35 40 42 42 39 35 30 25 20 18 17 19 21 23 24 23 21 19 16 14 14 17 2225 610A5 324 4215 8 24999999999999991044 172026 1499999999999999
 28 35 41 44 46 44 40 35 29 24 20 19 19 21 23 25 25 24 22 18 16 15 16 1925 611A5 356 461543 26999999999999991118 1921 2 1599999999999999
 25 32 39 45 47 47 45 40 34 29 24 21 20 21 23 26 27 26 24 21 18 15 15 1725 612A5 430 481614 27999999999999991153 202141 1599999999999999
 22 28 36 42 47 49 47 44 39 33 27 23 21 21 23 25 27 27 26 23 19 16 14 1525 613A5 5 6 491643 27999999999999991228 212222 1499999999999999
 18 23 30 37 43 47 48 46 41 36 30 25 22 21 21 24 26 27 27 24 21 17 15 1325 614A5 545 481715 279999999999999913 5 2123 5 1399999999999999
 14 18 24 31 38 43 46 45 43 38 33 27 23 21 20 21 24 26 26 25 22 19 16 1325 615A5 625 461752 26999999999999991343 202351 1399999999999999
 13 14 18 24 31 37 41 43 42 39 34 29 24 21 19 19 21 23 25 25 24 21 18 1525 616A5 7 6 431839 25999999999999991421 19999999999999999999999
 13 13 14 18 24 30 35 38 39 37 34 29 25 21 18 17 18 20 22 24 24 23 21 1825 617A5 748 391942 2499999999999999 041 121458 1799999999999999
 15 14 13 15 19 23 28 32 35 35 33 29 25 21 17 16 15 17 20 22 24 25 25 2325 618A5 832 3521 0 2599999999999999 140 131532 1599999999999999
 20 18 16 15 16 19 22 26 29 31 30 28 25 21 17 15 14 15 17 20 24 27 28 2825 619A5 917 312224 2899999999999999 255 1516 4 1499999999999999
 27 24 22 19 18 18 19 21 24 26 27 27 25 22 18 15 13 13 15 18 22 27 31 3325 620A510 7 272342 3399999999999999 436 181637 1399999999999999
 33 32 29 26 23 21 19 19 20 22 24 25 24 22 20 16 14 13 13 16 20 26 31 3625 621A511 3 25999999999999999999999 634 191713 1399999999999999
 38 39 38 35 31 27 23 20 19 20 21 23 24 23 22 19 16 14 13 14 18 23 30 3625 622A5 050 3912 7 2499999999999999 810 191755 1399999999999999
 41 44 45 44 40 35 30 25 21 20 20 22 23 24 24 22 19 16 14 14 16 20 26 3425 623A5 149 451313 2499999999999999 921 201845 1499999999999999
 41 47 50 50 48 44 38 32 26 22 20 21 23 25 26 26 24 21 17 15 14 17 21 2925 624A5 244 511413 26999999999999991016 201939 1499999999999999
 37 45 51 54 54 51 46 40 33 27 23 22 23 25 28 29 28 25 21 18 15 15 17 2325 625A5 335 5415 5 299999999999999911 2 222036 1599999999999999
 30 39 47 53 56 55 52 47 40 33 27 24 23 25 28 30 31 30 26 22 17 15 15 1725 626A5 425 561550 31999999999999991144 232133 1499999999999999
 23 31 40 48 53 56 55 51 45 38 31 26 24 24 27 30 32 32 30 26 21 17 14 1425 627A5 513 561634 33999999999999991222 242229 1499999999999999
 17 23 32 40 47 52 53 52 47 41 35 29 25 24 25 28 31 33 33 30 25 20 16 1425 628A5 558 531718 339999999999999913 0 242322 1499999999999999
 14 18 24 32 39 45 49 49 47 42 37 31 26 23 23 25 28 31 33 32 29 24 20 1625 629A5 639 4918 5 33999999999999991336 23999999999999999999999
 14 15 19 24 31 38 42 44 44 41 37 31 26 23 21 22 24 28 30 31 30 28 24 2025 630A5 717 451859 3199999999999999 013 141411 2199999999999999
 17 16 17 20 25 31 36 39 39 38 35 31 26 22 20 19 21 23 27 29 30 29 27 2425 7 1A5 750 3920 2 3099999999999999 1 2 161445 1999999999999999
 21 19 18 19 22 26 30 33 34 34 32 29 25 21 19 17 18 19 23 26 29 30 29 2825 7 2A5 819 352118 3099999999999999 154 181518 1799999999999999
 26 24 22 21 22 24 26 28 30 30 29 27 24 21 18 16 16 17 19 23 26 29 31 3125 7 3A5 844 302246 3199999999999999 257 211549 1699999999999999
 30 29 27 25 24 24 25 26 27 27 27 26 24 21 19 17 15 16 17 20 24 28 32 3425 7 4A5 9 9 27999999999999999999999 442 241621 1599999999999999
 34 34 33 31 29 27 26 25 25 26 26 25 24 22 20 18 17 16 17 19 23 27 32 3525 7 5A5 0 7 349999999999999999999991655 16999999999999999999999
 38 39 38 36 34 31 28 26 25 25 25 25 24 24 22 21 19 18 18 19 22 26 31 3625 7 6A5 1 7 399999999999999999999991735 17999999999999999999999
 40 42 43 42 39 36 32 29 26 25 25 25 25 25 25 24 22 20 19 20 21 25 30 3625 7 7A5 152 431233 2599999999999999 954 251821 1999999999999999
 41 45 47 47 45 41 37 33 29 26 25 25 26 27 27 27 25 23 22 21 21 24 28 3425 7 8A5 230 471353 27999999999999991021 2519 9 2199999999999999
 40 45 49 50 49 46 42 37 32 28 26 25 26 28 29 29 28 26 24 22 21 22 25 3125 7 9A5 3 6 501445 29999999999999991046 251958 2199999999999999
 37 43 49 52 52 50 46 41 35 30 27 26 26 28 30 31 31 29 26 23 21 21 22 2625 710A5 342 521524 31999999999999991113 262047 2199999999999999
 32 39 46 51 53 52 49 45 39 33 29 26 26 27 30 32 32 31 29 25 22 19 19 2225 711A5 420 531557 32999999999999991141 262136 1999999999999999
 26 33 41 47 51 53 51 47 42 36 30 27 25 26 28 31 33 33 31 27 23 19 17 1825 712A5 457 531630 339999999999999912 9 252224 1799999999999999
 21 26 34 41 47 51 51 48 43 38 32 27 24 24 26 29 32 33 32 29 25 21 17 1525 713A5 535 5117 5 33999999999999991237 242311 1599999999999999
 16 20 27 34 41 46 48 48 44 39 33 28 24 22 24 27 30 32 33 31 28 23 19 1625 714A5 611 491747 339999999999999913 4 222359 1599999999999999
 15 16 21 27 34 40 44 45 43 38 33 28 23 21 21 23 27 31 33 33 31 28 23 1925 715A5 646 451837 33999999999999991330 21999999999999999999999
 17 16 17 22 28 34 39 41 40 37 33 28 23 20 19 20 24 28 32 34 34 32 29 2525 716A5 720 411935 3499999999999999 050 161355 1999999999999999
 21 19 18 20 24 28 33 36 37 35 32 27 23 19 17 18 20 25 29 34 36 36 35 3225 717A5 752 372042 3699999999999999 148 181420 1799999999999999
 29 25 23 22 23 25 29 32 33 33 31 27 23 20 17 17 18 21 26 32 36 39 40 3925 718A5 823 332157 4099999999999999 3 1 221447 1799999999999999
 37 34 31 28 26 26 27 28 30 30 30 27 24 21 18 17 17 19 23 28 34 39 43 4425 719A5 856 312319 4499999999999999 449 261521 1799999999999999
 44 42 39 36 33 30 28 28 28 28 29 28 26 23 21 19 18 18 21 25 31 37 42 4625 720A5 934 29999999999999999999999 7 5 2816 7 1899999999999999
 48 49 47 44 41 37 33 30 28 27 28 28 27 26 24 22 20 19 20 22 27 32 39 4525 721A5 040 4999999999999999999999917 9 19999999999999999999999
 50 52 53 52 48 44 39 34 30 28 27 28 29 29 28 26 24 22 20 21 23 27 34 4125 722A5 150 531234 2999999999999999 949 271822 2099999999999999
 47 52 55 56 54 50 45 39 34 30 28 28 29 31 31 31 29 26 23 21 21 23 27 3425 723A5 249 561359 31999999999999991024 281933 2099999999999999
 41 48 54 57 57 55 50 44 38 32 29 28 29 31 33 34 33 30 27 23 20 20 22 2725 724A5 339 571457 34999999999999991056 282039 2099999999999999
 34 42 49 54 57 57 53 48 41 35 30 28 28 30 34 36 36 35 31 26 22 19 18 2125 725A5 423 571543 36999999999999991125 272139 1899999999999999
 26 34 42 49 54 55 54 50 44 37 32 28 26 28 32 35 37 37 35 30 25 20 17 1725 726A5 5 3 551626 38999999999999991154 262232 1799999999999999
 20 26 34 42 48 51 52 49 44 38 32 28 25 26 29 33 36 38 37 34 29 23 19 1625 727A5 539 5217 9 38999999999999991222 252321 1699999999999999
 17 20 27 34 41 46 48 47 44 38 32 27 24 23 25 29 33 37 38 36 32 27 22 1925 728A5 610 481753 38999999999999991249 23999999999999999999999
 17 18 22 28 35 40 43 43 41 37 32 27 23 21 22 25 29 34 36 37 35 31 27 2325 729A5 638 441842 3799999999999999 0 5 171313 2199999999999999
 20 19 21 25 30 35 38 39 38 35 31 26 22 20 20 22 26 30 34 36 37 35 32 2825 730A5 7 1 391935 3799999999999999 050 191336 2099999999999999
 25 23 23 24 27 31 34 36 35 33 30 26 22 20 19 20 23 27 31 35 37 37 36 3325 731A5 719 362036 3799999999999999 137 221357 1999999999999999
 31 28 27 27 28 30 31 33 33 31 29 25 22 20 19 19 21 24 29 33 36 38 39 3825 8 1A5 732 332146 3999999999999999 235 271418 1999999999999999
 36 34 32 31 30 30 31 31 31 30 28 26 23 21 20 19 21 23 27 31 35 39 41 4225 8 2A5 729 3123 6 4299999999999999 424 301442 1999999999999999
 41 40 38 36 34 33 32 31 30 30 28 27 25 23 22 21 21 23 26 29 34 38 42 4425 8 3A599999999999999999999999999991515 21999999999999999999999
 45 45 43 41 39 36 34 32 30 29 29 28 27 25 24 23 23 23 25 28 32 36 41 4425 8 4A5 021 4599999999999999999999916 8 23999999999999999999999
 47 48 48 46 44 40 37 33 31 29 29 28 28 28 27 26 25 25 25 26 29 33 38 4325 8 5A5 119 489999999999999999999991725 25999999999999999999999
 47 50 51 50 48 44 40 35 32 30 28 28 29 30 30 29 28 26 25 25 26 30 34 4025 8 6A5 2 6 511342 30999999999999991030 281840 2599999999999999
 45 49 52 53 51 48 43 38 33 30 28 28 29 30 31 31 30 28 26 24 24 25 29 3425 8 7A5 248 531435 32999999999999991036 281944 2499999999999999
 41 46 51 53 53 51 46 41 35 31 28 27 28 30 32 33 33 31 28 24 22 22 23 2825 8 8A5 327 531510 33999999999999991052 272042 2199999999999999
 34 41 47 52 53 52 48 43 37 32 28 26 27 29 32 34 34 33 30 25 21 19 19 2125 8 9A5 4 5 531543 35999999999999991112 262135 1999999999999999
 27 34 42 48 51 52 49 44 38 33 28 25 25 27 31 34 36 35 33 28 23 19 16 1725 810A5 441 521617 36999999999999991132 252225 1699999999999999
 20 26 34 42 47 50 49 45 39 33 28 24 23 25 29 33 36 37 36 32 27 21 17 1525 811A5 515 501655 37999999999999991153 232314 1599999999999999
 16 20 27 35 42 46 47 44 39 33 28 24 22 22 26 31 36 39 39 37 32 26 21 1725 812A5 547 471738 39999999999999991212 22999999999999999999999
 16 17 22 28 35 41 43 42 39 33 27 23 20 20 23 28 34 39 41 41 38 33 28 2325 813A5 616 431826 4199999999999999 0 3 161232 2099999999999999
 20 18 20 24 30 35 39 39 37 33 27 22 19 18 20 24 30 37 41 44 43 40 36 3125 814A5 643 401921 4499999999999999 055 181253 1899999999999999
 27 24 23 24 27 31 35 36 35 32 28 23 19 17 18 21 26 33 39 44 46 46 43 4025 815A5 7 8 362023 4699999999999999 156 231317 1799999999999999
 36 32 29 28 28 30 32 33 33 31 28 24 20 18 17 19 23 28 35 41 46 48 48 4725 816A5 729 342137 4899999999999999 316 281346 1799999999999999
 44 41 37 34 32 31 31 32 32 31 29 26 23 20 19 19 21 25 30 36 42 47 50 5125 817A5 741 3223 8 5199999999999999 529 311423 1999999999999999
 50 48 45 42 38 35 33 32 31 30 29 28 26 23 22 21 21 23 26 31 37 42 47 5125 818A599999999999999999999999999991520 21999999999999999999999
 52 53 52 49 45 41 36 33 31 30 30 29 28 27 26 24 23 23 24 26 31 36 42 4725 819A5 042 539999999999999999999991648 23999999999999999999999
 51 54 55 53 50 46 40 36 32 30 29 30 30 30 30 29 27 25 23 23 25 29 35 4125 820A5 155 551249 3199999999999999 953 291824 2399999999999999
 47 51 54 55 53 49 44 38 33 30 28 29 31 33 33 33 31 28 25 23 22 24 28 3325 821A5 248 551410 339999999999999910 7 281944 2299999999999999
 40 46 51 54 54 51 46 40 35 30 28 28 30 33 35 36 35 32 28 24 21 20 22 2625 822A5 331 541459 36999999999999991028 272050 2099999999999999
 33 40 46 50 52 51 47 42 36 30 27 26 27 31 35 37 38 36 32 26 22 19 18 2025 823A5 4 8 521539 38999999999999991051 262145 1899999999999999
 25 32 40 46 49 49 47 42 36 30 26 24 25 28 33 37 39 39 35 30 25 20 17 1725 824A5 440 501618 39999999999999991113 242232 1799999999999999
 20 26 33 40 44 46 45 41 36 30 25 22 22 25 30 35 39 40 39 34 29 23 19 1725 825A5 5 8 461657 40999999999999991135 222316 1799999999999999
 18 21 27 34 40 43 43 40 35 30 25 21 20 22 26 32 37 40 40 38 33 28 23 1925 826A5 533 431737 41999999999999991154 202357 1899999999999999
 18 20 24 30 35 39 40 38 34 30 25 21 19 20 24 29 35 39 41 41 38 33 28 2425 827A5 555 401819 41999999999999991212 19999999999999999999999
 22 21 23 27 32 35 37 36 33 29 25 21 19 19 22 26 32 37 41 42 41 38 34 3025 828A5 613 3719 3 4299999999999999 039 211228 1999999999999999
 27 25 25 27 30 33 34 34 32 29 25 22 19 19 21 24 29 35 39 42 43 42 39 3625 829A5 627 351952 4399999999999999 126 251244 1999999999999999
 33 31 29 29 30 32 33 33 32 29 25 22 20 19 20 23 27 32 37 41 44 44 43 4125 830A5 633 332046 4499999999999999 226 2913 0 1999999999999999
 39 36 34 33 32 32 32 32 31 29 26 24 22 21 21 23 26 30 35 39 43 45 46 4525 831A52153 469999999999999999999991318 21999999999999999999999
 43 41 39 37 35 34 33 32 31 29 27 25 24 23 23 23 25 28 32 36 40 44 46 4725 9 1A52316 479999999999999999999991342 23999999999999999999999
 47 45 44 41 38 36 33 31 30 29 28 27 26 25 25 25 25 27 29 33 37 41 44 4725 9 2A599999999999999999999999999991427 25999999999999999999999
 48 48 47 45 41 38 34 31 29 28 27 27 27 27 27 26 26 26 27 29 32 36 40 4425 9 3A5 034 489999999999999999999991640 26999999999999999999999
 47 49 49 47 44 40 36 32 29 27 27 27 28 28 29 28 27 26 25 25 27 30 34 3925 9 4A5 133 491351 2999999999999999 959 271823 2599999999999999
 44 48 49 49 46 42 37 33 29 26 25 26 28 29 30 30 29 27 24 22 22 24 28 3325 9 5A5 220 491426 3199999999999999 958 251937 2299999999999999
 39 44 48 49 48 44 39 34 29 25 24 25 27 30 32 33 32 29 25 21 19 19 21 2525 9 6A5 3 1 491456 339999999999999910 9 242040 1999999999999999
 32 39 44 47 48 45 40 35 29 25 23 23 26 30 33 35 35 33 28 23 19 16 16 1925 9 7A5 338 481527 35999999999999991023 232135 1699999999999999
 24 32 39 44 46 45 41 36 30 25 22 21 24 28 33 37 38 37 33 28 22 17 14 1425 9 8A5 413 4616 2 38999999999999991039 212226 1499999999999999
 18 24 32 39 43 43 41 36 30 24 21 20 21 26 32 38 41 42 39 34 28 21 16 1425 9 9A5 445 441641 42999999999999991055 202316 1499999999999999
 15 19 26 33 38 41 40 36 30 24 20 18 19 23 30 37 43 45 45 42 36 29 23 1825 910A5 514 411724 46999999999999991113 18999999999999999999999
 16 17 22 28 34 37 38 35 30 25 20 17 17 20 26 34 41 47 49 48 44 38 32 2625 911A5 541 381812 4999999999999999 0 8 161133 1699999999999999
 22 20 22 25 30 34 35 34 31 26 20 17 16 17 22 29 37 44 49 51 50 46 41 3525 912A5 6 6 3519 5 5199999999999999 1 3 201157 1699999999999999
 30 27 25 26 28 31 33 33 31 27 22 18 16 16 19 24 32 39 46 50 52 51 48 4425 913A5 627 3320 5 5299999999999999 2 8 251226 1699999999999999
 39 35 32 30 30 31 32 32 31 28 24 21 18 17 18 21 27 33 40 46 50 52 51 5025 914A5 643 322119 5299999999999999 340 3013 1 1799999999999999
 47 43 39 36 33 32 31 31 30 29 26 24 21 19 19 20 23 28 33 39 45 48 51 5125 915A52258 519999999999999999999991346 19999999999999999999999
 50 48 45 42 38 34 32 30 29 29 28 26 25 23 22 22 22 24 28 32 37 42 46 4925 916A599999999999999999999999999991459 22999999999999999999999
 50 51 49 46 42 37 33 30 28 28 28 28 28 27 26 25 24 23 24 26 30 34 39 4425 917A5 034 519999999999999999999991657 23999999999999999999999
 47 49 50 48 44 40 35 30 27 26 27 28 30 30 30 29 27 24 23 22 24 27 31 3725 918A5 141 501323 3099999999999999 9 6 261843 2299999999999999
 42 45 48 47 45 41 35 30 26 24 25 27 30 32 33 33 31 27 24 21 20 21 24 2925 919A5 229 481417 3399999999999999 923 2420 1 2099999999999999
 35 40 44 45 44 41 36 30 26 23 22 24 28 32 35 36 34 31 26 22 19 18 19 2325 920A5 3 6 451457 3699999999999999 943 2221 1 1899999999999999
 29 35 39 42 43 40 36 30 25 21 20 21 25 30 35 37 37 35 30 25 20 17 16 1825 921A5 338 431532 389999999999999910 3 202149 1699999999999999
 23 29 35 39 40 39 35 30 25 21 19 19 22 28 34 38 40 38 35 29 23 19 16 1625 922A5 4 6 4016 7 40999999999999991022 182232 1699999999999999
 19 24 30 35 38 38 35 30 25 21 18 18 20 25 32 37 41 41 39 34 28 23 18 1625 923A5 431 381641 41999999999999991039 172313 1699999999999999
 17 21 26 31 35 36 34 31 26 21 18 17 19 23 29 36 41 43 43 39 34 28 23 1925 924A5 454 361716 43999999999999991055 172354 1899999999999999
 18 20 24 29 32 34 34 31 26 22 19 17 18 22 27 34 40 44 45 43 39 34 29 2425 925A5 515 341751 45999999999999991110 17999999999999999999999
 22 22 24 27 30 33 33 31 27 23 20 18 18 21 26 32 38 43 46 46 44 39 35 3025 926A5 534 331829 4799999999999999 036 211126 1799999999999999
 27 25 25 27 29 31 32 31 28 24 21 19 18 20 24 30 36 42 46 47 46 44 40 3625 927A5 549 3219 9 4799999999999999 123 251142 1899999999999999
 32 30 28 28 30 31 31 30 28 25 22 20 19 20 23 27 33 39 43 46 47 46 44 4025 928A5 555 311954 4799999999999999 222 2812 0 1999999999999999
 37 34 32 31 30 30 30 30 28 26 23 21 20 20 22 25 30 35 39 43 46 46 45 4325 929A52049 469999999999999999999991220 20999999999999999999999
 41 38 35 33 31 30 29 28 27 26 24 23 22 22 22 24 27 30 35 39 42 44 45 4425 930A522 3 459999999999999999999991243 21999999999999999999999
 43 41 38 35 32 30 28 27 26 25 24 24 23 23 23 23 25 27 30 33 37 40 42 442510 1A52332 449999999999999999999991319 23999999999999999999999
 44 42 40 37 34 30 27 25 24 24 24 24 24 24 24 24 23 24 25 27 30 34 38 412510 2A51251 24999999999999999999999 923 241617 2399999999999999
 42 43 42 39 35 31 27 24 22 22 23 24 25 26 26 25 24 22 21 22 24 27 31 362510 3A5 045 431335 2699999999999999 848 221815 2199999999999999
 39 41 42 40 36 32 27 23 21 20 21 24 26 28 29 28 26 23 20 18 18 20 24 292510 4A5 139 4214 4 2999999999999999 853 201936 1899999999999999
 34 38 40 40 37 33 28 23 20 19 20 23 27 30 32 32 30 27 22 18 15 15 17 222510 5A5 224 401434 3299999999999999 9 4 192041 1599999999999999
 28 33 37 39 38 34 29 24 20 18 18 21 26 32 35 37 36 32 27 21 16 13 13 162510 6A5 3 3 3915 7 3799999999999999 918 182137 1399999999999999
 21 28 33 36 37 34 30 24 20 17 17 19 25 32 38 41 42 40 34 28 21 16 12 122510 7A5 339 371543 4299999999999999 934 162230 1299999999999999
 16 22 28 33 35 34 30 25 20 16 15 17 22 30 38 44 47 47 43 37 29 22 16 142510 8A5 411 351624 4799999999999999 953 152321 1399999999999999
 14 18 24 29 33 33 31 26 21 16 14 15 19 26 35 44 49 52 50 46 39 31 24 192510 9A5 441 3417 8 52999999999999991015 14999999999999999999999
 17 18 21 26 30 32 31 28 22 17 14 13 16 22 30 40 48 53 54 53 48 41 34 27251010A5 5 9 321756 5499999999999999 014 171043 1399999999999999
 23 21 22 25 28 31 31 29 25 20 15 13 14 18 25 33 42 50 54 55 53 48 43 36251011A5 536 311849 5599999999999999 111 211117 1399999999999999
 31 27 25 25 27 30 31 30 27 22 18 15 14 16 20 27 35 43 49 53 54 52 48 44251012A5 6 1 311948 5499999999999999 217 251155 1499999999999999
 39 34 30 28 28 29 29 29 28 25 22 19 17 16 18 22 28 35 41 46 50 51 50 47251013A5 628 302059 5199999999999999 343 281240 1699999999999999
 44 40 35 32 29 28 28 28 28 27 25 22 20 19 19 20 23 27 33 38 42 45 47 47251014A52230 479999999999999999999991338 19999999999999999999999
 45 43 39 35 31 28 27 26 26 26 26 25 24 23 22 21 21 23 26 30 34 38 41 43251015A52359 439999999999999999999991510 21999999999999999999999
 43 43 40 37 32 29 25 24 24 25 26 27 27 27 25 24 22 21 22 23 26 30 34 37251016A512 1 27999999999999999999999 735 241716 2199999999999999
 39 40 39 37 33 28 24 22 21 22 24 26 28 29 29 28 25 22 20 20 20 23 27 31251017A5 1 3 401320 3099999999999999 8 0 2119 1 2099999999999999
 34 36 37 36 32 28 24 20 18 18 21 24 28 31 32 31 29 25 22 19 17 18 21 25251018A5 151 3714 8 3299999999999999 824 182014 1799999999999999
 29 32 34 34 32 28 23 19 16 16 18 22 27 31 34 35 33 29 25 20 17 16 16 20251019A5 228 341446 3599999999999999 846 1621 9 1699999999999999
 24 28 31 32 31 28 23 19 16 14 15 19 25 31 35 37 37 34 29 24 19 16 15 16251020A5 3 0 321519 3899999999999999 9 5 142154 1599999999999999
 20 25 28 31 31 28 24 20 16 14 14 18 23 30 36 39 40 38 34 28 23 18 15 15251021A5 329 311550 4099999999999999 923 142235 1599999999999999
 17 22 26 29 30 29 26 21 17 15 14 17 22 28 35 41 43 43 39 34 28 22 18 16251022A5 357 301621 4399999999999999 940 142314 1699999999999999
 17 20 24 28 30 29 27 23 19 16 15 16 21 27 34 41 45 46 44 40 34 28 23 19251023A5 423 301652 4699999999999999 958 152353 1899999999999999
 18 20 23 26 29 30 28 25 21 18 16 17 20 25 33 40 45 48 47 44 39 34 28 24251024A5 447 301724 48999999999999991018 16999999999999999999999
 21 21 23 26 28 29 29 26 23 19 17 17 19 24 30 37 43 48 49 47 44 39 33 28251025A5 5 9 301758 4999999999999999 033 211039 1799999999999999
 25 23 24 25 28 29 29 27 24 21 18 17 18 22 27 34 40 45 48 48 46 42 37 33251026A5 529 291835 4999999999999999 117 2311 3 1799999999999999
 29 26 25 25 27 28 28 27 25 22 20 18 18 20 24 29 35 41 45 47 46 44 40 36251027A5 547 281916 4799999999999999 2 8 251129 1899999999999999
 32 29 27 26 26 26 27 26 25 23 21 19 18 19 21 25 30 35 40 43 44 43 41 38251028A5 6 3 2720 4 4499999999999999 317 261159 1899999999999999
 35 31 28 26 25 25 25 25 24 23 21 20 19 19 20 22 25 29 34 37 40 41 40 38251029A521 5 419999999999999999999991237 19999999999999999999999
 36 33 29 26 24 23 22 22 22 22 22 21 20 20 20 20 21 24 27 31 34 36 37 37251030A52222 379999999999999999999991350 20999999999999999999999
 36 33 30 27 24 21 20 20 20 21 21 22 22 22 21 20 20 20 21 24 27 30 33 34251031A51140 222340 3599999999999999 655 201610 2099999999999999
 35 33 31 28 24 21 18 17 18 19 21 23 24 25 24 22 20 19 18 18 20 23 27 302511 1A51250 25999999999999999999999 712 171811 1899999999999999
 32 32 31 28 25 21 18 16 16 18 21 24 27 29 29 27 24 20 17 15 15 17 20 242511 2A5 045 321330 2999999999999999 729 161938 1599999999999999
 28 30 31 29 25 21 18 15 14 16 20 25 29 33 34 33 30 26 21 16 13 13 15 192511 3A5 138 3114 6 3499999999999999 747 142045 1399999999999999
 23 27 29 29 27 23 18 15 14 15 18 24 31 36 40 40 38 34 27 21 16 12 12 142511 4A5 223 291444 4199999999999999 8 6 132142 1299999999999999
 19 24 27 29 27 24 20 15 13 13 16 22 30 37 43 47 46 43 37 29 22 16 13 122511 5A5 3 3 291525 4799999999999999 829 132235 1299999999999999
 15 20 25 28 28 26 22 17 13 12 14 18 26 35 44 50 52 51 46 39 31 23 18 142511 6A5 339 2816 9 5299999999999999 858 122326 1499999999999999
 15 18 22 26 28 27 24 20 15 12 12 15 21 30 40 48 54 55 53 48 40 33 25 202511 7A5 413 281655 5599999999999999 933 12999999999999999999999
 17 18 21 25 28 29 27 23 18 14 12 12 17 24 33 43 51 55 56 54 48 41 34 272511 8A5 446 291745 5699999999999999 017 171014 1299999999999999
 22 20 21 24 27 29 28 26 21 17 13 12 14 18 26 35 44 50 54 54 52 47 41 342511 9A5 519 291837 5599999999999999 110 201059 1299999999999999
 28 24 23 24 26 28 29 28 25 21 17 14 13 15 20 26 34 42 48 50 51 48 44 39251110A5 555 291932 5199999999999999 2 7 231148 1399999999999999
 34 29 25 24 25 26 28 28 27 24 21 17 15 15 16 20 26 33 39 43 45 45 44 41251111A5 640 282034 4699999999999999 310 241244 1599999999999999
 36 32 28 25 24 24 25 26 26 26 24 21 19 17 17 18 21 25 30 34 38 40 40 39251112A5 744 262142 4099999999999999 417 231350 1699999999999999
 36 33 29 25 22 21 21 23 24 25 25 24 23 21 19 18 18 20 23 26 30 32 34 35251113A5 932 252254 3599999999999999 519 211518 1899999999999999
 34 32 28 25 21 19 18 19 20 23 25 26 26 25 23 21 20 19 19 20 23 25 28 29251114A51139 262359 3099999999999999 6 8 181718 1999999999999999
 30 29 27 24 21 18 15 15 16 19 23 26 28 28 27 25 23 20 18 18 18 20 22 25251115A51258 28999999999999999999999 645 1519 9 1799999999999999
 26 27 26 23 20 17 14 13 13 16 20 24 28 31 31 30 27 24 20 17 16 16 18 20251116A5 053 271350 3199999999999999 715 132024 1699999999999999
 23 24 24 23 20 17 14 12 12 13 17 23 28 32 34 34 32 28 24 20 16 15 15 17251117A5 138 251430 3599999999999999 741 112118 1599999999999999
 20 22 24 23 21 18 15 12 11 12 16 21 27 33 37 38 37 34 29 23 19 16 14 15251118A5 219 2415 3 3899999999999999 8 3 1122 1 1499999999999999
 18 21 23 24 23 21 17 14 12 13 15 20 27 33 38 41 41 39 34 28 23 18 15 15251119A5 257 241532 4299999999999999 826 122239 1599999999999999
 17 20 23 25 25 23 20 17 14 14 15 19 26 33 39 43 45 43 40 34 28 22 18 16251120A5 330 2516 1 4599999999999999 850 132315 1699999999999999
 17 19 22 25 26 25 23 19 16 15 15 18 24 31 38 44 47 47 44 39 33 27 22 19251121A5 4 1 261631 4799999999999999 917 152350 1899999999999999
 18 19 22 25 27 27 25 22 18 16 16 17 22 28 36 42 47 49 47 43 38 32 26 22251122A5 429 2717 3 4999999999999999 946 15999999999999999999999
 19 20 22 24 27 27 26 24 20 17 16 16 19 25 32 39 44 48 48 46 41 36 30 25251123A5 455 271738 4899999999999999 026 191018 1699999999999999
 22 20 21 23 26 27 27 25 22 19 16 15 17 21 27 33 40 45 47 46 43 38 33 28251124A5 521 271814 4799999999999999 1 3 201052 1599999999999999
 24 21 21 22 24 26 26 25 22 19 17 15 15 17 22 27 34 39 43 44 42 39 34 30251125A5 549 261854 4499999999999999 144 211129 1599999999999999
 25 22 20 20 22 23 24 24 23 20 18 16 15 15 18 22 27 33 37 40 40 38 35 31251126A5 624 241937 4099999999999999 229 201210 1599999999999999
 26 23 20 19 19 20 21 22 22 21 19 17 15 15 15 18 21 26 30 34 36 35 34 30251127A5 716 222025 3699999999999999 318 1913 1 1599999999999999
 27 23 20 17 17 17 18 20 21 21 20 19 17 16 15 16 17 20 24 27 30 31 31 29251128A5 839 212121 3199999999999999 4 8 171413 1599999999999999
 27 23 20 17 15 15 15 17 19 21 22 22 21 19 18 17 16 17 18 21 24 26 27 27251129A51026 222225 2899999999999999 451 1516 0 1699999999999999
 26 23 20 17 14 13 13 15 17 20 23 25 25 24 23 20 18 16 16 16 18 21 23 24251130A51152 252334 2599999999999999 525 1318 4 1699999999999999
 24 23 21 18 15 13 12 13 16 20 24 28 30 31 30 27 23 20 17 15 14 16 18 212512 1A51251 31999999999999999999999 556 121942 1499999999999999
 22 23 21 19 16 13 11 12 14 18 24 29 34 37 37 35 31 26 21 17 14 13 14 172512 2A5 040 231340 3799999999999999 626 112053 1399999999999999
 20 22 22 21 18 15 12 11 12 16 21 29 36 41 43 43 40 35 29 23 17 14 13 142512 3A5 139 221427 4499999999999999 7 0 112151 1399999999999999
 18 21 22 22 20 17 14 11 11 13 18 25 34 41 47 49 48 44 38 31 24 18 14 142512 4A5 229 231514 4999999999999999 740 112241 1499999999999999
 16 19 22 24 23 21 17 13 11 11 14 20 29 38 46 51 53 52 47 40 32 25 19 162512 5A5 313 2416 2 5399999999999999 826 102329 1599999999999999
 16 18 22 25 26 24 21 16 12 10 11 15 22 31 41 49 53 55 52 47 40 32 25 202512 6A5 352 261651 5599999999999999 915 10999999999999999999999
 17 18 21 25 27 27 25 20 16 11 10 11 15 23 32 41 49 53 53 51 45 38 31 252512 7A5 430 271740 5499999999999999 013 1710 8 1099999999999999
 20 19 20 24 27 28 27 24 20 15 11  9 11 16 23 32 40 47 50 50 47 42 35 292512 8A5 510 281829 5099999999999999 057 1911 1  999999999999999
 23 20 20 22 25 27 28 27 23 19 14 11 10 11 16 23 31 38 43 45 44 41 37 312512 9A5 553 281916 4599999999999999 140 201156 1099999999999999
 25 21 19 19 22 25 27 27 26 22 18 14 11 11 12 16 22 29 34 38 39 38 35 31251210A5 644 2720 1 3999999999999999 223 191251 1199999999999999
 26 22 19 17 18 20 23 25 26 24 22 19 15 13 12 14 17 21 26 30 32 33 31 29251211A5 747 262044 3399999999999999 3 7 171350 1299999999999999
 25 21 18 15 15 16 18 21 23 24 24 22 20 17 15 15 15 17 20 23 26 27 27 25251212A5 911 242126 2799999999999999 351 1515 2 1599999999999999
 23 20 17 14 13 12 14 16 20 22 24 24 24 22 20 18 17 17 17 19 20 22 22 22251213A51053 242210 2299999999999999 435 121653 1799999999999999
 21 19 16 14 11 10 11 13 16 20 23 25 27 27 25 23 21 19 17 17 17 18 19 19251214A51225 2723 7 1999999999999999 516 101913 1799999999999999
 19 18 16 14 12 10  9 10 13 17 22 26 29 30 30 29 26 23 20 17 16 16 16 17251215A51328 30999999999999999999999 554  92043 1699999999999999
 18 18 17 15 13 11 10 10 12 15 20 25 30 33 34 34 31 28 24 20 17 15 15 16251216A5 023 181412 3499999999999999 629 102137 1599999999999999
 17 18 18 17 16 13 12 11 12 14 19 24 30 35 37 38 36 33 29 24 19 16 15 15251217A5 136 181447 3899999999999999 7 3 112214 1599999999999999
 17 18 20 20 18 16 14 12 12 14 18 23 29 35 39 41 41 38 34 28 23 18 16 15251218A5 231 201518 4199999999999999 739 122245 1599999999999999
 17 19 21 22 21 20 17 15 13 14 16 21 28 34 40 43 44 42 38 33 27 22 18 16251219A5 313 221549 4499999999999999 817 132314 1699999999999999
 17 19 21 23 24 22 20 17 15 14 15 19 25 31 38 43 45 45 42 37 31 25 20 17251220A5 346 241621 4699999999999999 857 142343 1799999999999999
 17 18 21 24 25 24 22 19 16 14 13 16 20 27 34 41 45 46 44 40 34 28 23 19251221A5 415 251654 4699999999999999 937 13999999999999999999999
 17 18 20 23 25 25 24 21 17 14 12 13 16 21 29 36 41 44 44 41 37 31 25 20251222A5 442 251729 4599999999999999 012 171018 1299999999999999
 17 17 18 21 24 25 24 22 18 14 11 10 12 16 22 29 36 40 42 41 37 32 26 21251223A5 511 2518 5 4299999999999999 042 171058 1099999999999999
 17 16 16 19 21 23 24 22 19 15 12  9  9 11 16 22 29 35 38 39 36 32 27 22251224A5 543 241841 3999999999999999 113 161140  999999999999999
 17 15 14 16 18 21 22 22 20 17 13 10  9  9 11 16 22 28 33 35 34 31 27 22251225A5 622 221916 3599999999999999 145 141223  899999999999999
 17 14 12 13 15 18 20 21 21 19 16 13 10  9 10 12 17 22 26 30 30 29 26 21251226A5 713 211953 3099999999999999 216 121312  999999999999999
 17 13 11 11 12 15 18 20 21 21 19 17 14 12 11 11 13 17 21 24 26 26 24 21251227A5 818 212032 2699999999999999 246 101415 1199999999999999
 17 13 10  9 10 12 15 18 21 23 23 22 20 18 15 14 14 15 16 19 21 22 22 20251228A5 936 232114 2299999999999999 315  91546 1499999999999999
 17 14 11  9  8 10 12 16 20 24 26 27 26 25 22 20 17 16 15 16 17 19 19 19251229A511 0 2722 6 1999999999999999 347  818 2 1599999999999999
 17 15 12 10  8  9 10 14 18 23 28 31 32 32 30 28 24 21 18 16 15 16 17 17251230A51218 332319 1799999999999999 426  81958 1599999999999999
 17 16 14 12 10  9  9 12 16 21 28 33 37 38 38 36 33 28 23 19 16 14 15 16251231A51325 39999999999999999999999 511  92115 1499999999999999
