 16 43 77105121130135128114103103107113126146157152134111 82 45 13 -1 -125 1 1A8 559135151015899999999999999 9301022228 -299999999999999
  6 24 56 90113123130131120103 95 98104112129150157145126103 72 34  8  225 1 2A8 63713215501579999999999999910 5 952256  299999999999999
  6 15 37 71102118124129126109 92 89 94100110131150151135117 94 62 28 1025 1 3A8 7151301632153999999999999991044 882326  999999999999999
 10 17 29 54 88113121125126117 97 82 83 89 95107128143139124108 86 56 2925 1 4A8 7481261717144999999999999991126 812358 2099999999999999
 20 25 34 48 75105121124124121107 86 74 77 82 87101121132126113100 81 5625 1 5A8 73312418 6132999999999999991215 74999999999999999999999
 37 36 44 54 69 95119128126123115 97 77 68 69 72 77 91109117112104 95 8125 1 6A8 71212819 211799999999999999 033 351314 6799999999999999
 63 53 56 66 75 91112129133128121109 89 70 61 60 61 65 79 94102101 98 9425 1 7A8 745133201510299999999999999 111 531445 6099999999999999
 86 76 72 77 86 95109126137136128119105 85 66 54 49 48 52 64 79 89 93 9625 1 8A8 825138999999999999999999999 152 721653 4899999999999999
 98 97 92 91 96104112122134141138129118103 83 62 46 38 35 38 50 66 81 9125 1 9A8 0 9 98 91314199999999999999 241 9118 2 3599999999999999
 99106109108106110116122129138143141132120104 82 58 37 26 23 26 38 57 7725 110A8 2 3110101414399999999999999 35210619 4 2399999999999999
 93105116122120116117122127131138145145136123106 81 52 28 16 13 16 30 5425 111A8 313122112814699999999999999 52011620 0 1399999999999999
 80 99113125130126119118122126129138148150140126107 79 44 18  7  6 10 2825 112A8 4 2130123815199999999999999 6351172047  599999999999999
 58 88107120131134126115114119121125138153154142126105 73 35 10  2  3 1025 113A8 445135133515699999999999999 7351132120  299999999999999
 32 68 99115125134133119106107112115122141158156141124100 64 25  4  1  425 114A8 526136142516099999999999999 8261052144  199999999999999
 15 44 83110121128134127107 95 99105109122145160153135117 91 52 17  3  625 115A8 6 4134151016099999999999999 913 952213  399999999999999
 12 28 62 99119125129130115 94 85 91 99105123147157145126108 79 41 13  825 116A8 637131155315799999999999999 957 852244  899999999999999
 15 25 46 83114126126127121101 81 77 86 93103125146148133115 97 67 34 1625 117A8 6101271635150999999999999991040 762317 1699999999999999
 19 29 43 69103126129126122109 87 71 72 82 90103124139135119104 85 58 3325 118A8 5431301717140999999999999991123 702350 2799999999999999
 27 35 48 65 92120133130123114 97 76 66 70 78 87101119127120107 93 76 5525 119A8 61513318 01279999999999999912 8 66999999999999999999999
 41 43 54 68 87111131135128118104 85 69 63 68 75 84 98111114107 97 86 7325 120A8 648136184611599999999999999 023 401256 6399999999999999
 60 55 61 73 88106125136134124111 95 78 66 62 65 71 80 91100102 98 91 8525 121A8 721137194210299999999999999 054 551354 6299999999999999
 77 72 73 80 91105120132136131119104 89 74 64 60 61 66 73 83 90 93 93 9125 122A8 7531362120 9399999999999999 122 711515 6099999999999999
 89 87 87 90 96106117128135134127115100 85 72 62 56 55 58 65 74 82 88 9325 123A8 826135999999999999999999999 139 861649 5599999999999999
 96 99100101104108115123131134131124113 99 84 70 58 49 46 48 56 66 77 8825 124A8 9 413499999999999999999999918 5 46999999999999999999999
 98105110112112113115119125131133131125114100 83 65 50 39 35 38 47 60 7625 125A810 013399999999999999999999919 5 35999999999999999999999
 92106116120121119117116119124130133133129118100 80 58 39 27 23 28 40 5925 126A8 336121113513499999999999999 6381161955 2399999999999999
 80100116125128125120115114117122130137140134120 99 74 48 26 14 12 20 3825 127A8 355128125114099999999999999 7461142040 1299999999999999
 62 88110125132131124114109109113121133144147138120 95 65 35 13  4  6 1825 128A8 425132134314799999999999999 8301082119  499999999999999
 41 72100119130134129116104100102108121139152152138118 89 54 22  4  0  525 129A8 458134142615499999999999999 9 11002151  099999999999999
 22 52 86112126133133121102 91 91 96104123146158152135112 81 42 12  1  325 130A8 53213415 715899999999999999 928 902215  199999999999999
 12 34 69103122129133127107 85 78 82 89101126151158146128105 71 32 10  825 131A8 6 5133154815899999999999999 959 782236  799999999999999
 14 26 53 92120129130129116 89 69 67 74 82 99128151151136120 97 62 28 1725 2 1A8 6271301629154999999999999991035 6623 0 1799999999999999
 23 32 47 79114132132128122100 71 55 58 66 75 96127144139125111 89 57 3425 2 2A8 5241331712145999999999999991114 542329 3199999999999999
 33 44 55 73105133139132124111 84 56 46 52 59 70 93121131124113103 84 5825 2 3A8 5481401758131999999999999991157 46999999999999999999999
 47 55 68 80100127145142130118100 71 48 43 48 54 65 88110115109104 97 8325 2 4A8 618146184911699999999999999 0 0 471247 4299999999999999
 68 67 79 92103121142150140126111 91 64 46 42 45 48 59 78 95100 97 97 9625 2 5A8 653150195210099999999999999 033 651348 4299999999999999
 88 83 88100111121135148148136122107 87 64 48 43 42 43 51 67 81 87 90 9525 2 6A8 731150999999999999999999999 1 5 831615 4299999999999999
 99 99 99105115124131140147144133120107 89 69 53 43 38 36 42 55 68 78 8725 2 7A8 8151479999999999999999999991747 36999999999999999999999
 98107111113117123128132137141139132122111 95 75 55 41 32 29 33 45 61 7625 2 8A8 91414199999999999999999999919 1 29999999999999999999999
 91105116121121121123125127130134137134128117102 79 55 35 25 21 25 39 6025 2 9A811 313799999999999999999999920 1 21999999999999999999999
 82 99114124128123118116117118121129138140134123106 79 49 27 17 15 21 3925 210A8 352128124214099999999999999 6521162048 1599999999999999
 67 93110122130129118107104106108114129144146138125105 73 39 18 12 14 2325 211A8 426131134014799999999999999 7501042116 1299999999999999
 47 81107119127132124106 93 92 96 99111133150149137122 99 63 28 13 13 1725 212A8 459132142615299999999999999 831 912128 1299999999999999
 32 63 99120126129129113 89 78 81 87 93112139153147132116 88 49 20 14 1925 213A8 52913015 715499999999999999 9 9 772150 1499999999999999
 28 49 85118129129128120 96 72 66 73 80 92117144151139124106 75 38 19 2225 214A8 415129154615299999999999999 947 652218 1899999999999999
 31 44 72108132133127122105 77 57 58 68 78 95123144143128114 94 62 34 2725 215A8 4331351625146999999999999991025 552248 2799999999999999
 36 49 67 97128140133123110 87 60 48 55 66 78100126138131117103 82 55 3925 216A8 5 014017 41399999999999999911 3 482318 3899999999999999
 42 55 70 91120140140128114 96 70 49 45 55 66 81104124128119107 94 74 5625 217A8 5291431743129999999999999991140 452346 5199999999999999
 51 61 75 91114136144136120103 80 57 45 47 56 68 85105117116108 99 87 7325 218A8 5571441824118999999999999991218 44999999999999999999999
 65 69 80 94111130143141128111 91 69 52 46 50 59 70 86101107105100 94 8625 219A8 624144191010799999999999999 011 651259 4699999999999999
 79 79 87 98111125138142134120102 82 64 52 50 53 59 70 83 93 97 97 96 9425 220A8 6491422022 9799999999999999 029 781349 5099999999999999
 90 90 95103112122133139137126112 96 78 64 55 52 53 57 65 75 83 88 92 9625 221A8 716140999999999999999999999 037 901517 5299999999999999
 98100103108114120126133135130120109 95 80 66 57 52 49 50 56 65 74 82 9125 222A8 7491359999999999999999999991719 49999999999999999999999
101107111114117120121125129130126119110 99 84 69 57 47 40 39 45 56 68 8125 223A8 8371309999999999999999999991837 39999999999999999999999
 96109117120121120118117120123125125123117105 88 69 52 37 28 27 35 49 6725 224A8 4 6121102212699999999999999 6491171934 2799999999999999
 87105119125125122116110109112118124130131125110 90 66 43 25 17 18 29 4825 225A8 334126124213299999999999999 7481092019 1699999999999999
 73 97116126129125114104 98 99104114128139141131113 89 59 31 14 10 15 3025 226A8 354130133814199999999999999 824 982055 1099999999999999
 56 86111125131129117 99 86 84 87 96113135149147134114 85 50 22 10 11 1925 227A8 420131142115099999999999999 848 842122  999999999999999
 40 73105123130131122101 78 67 70 76 90116143155147133112 79 41 18 15 2125 228A8 44213115 115599999999999999 912 672140 1499999999999999
 32 59 96124132131126109 79 55 51 58 67 86120149154143129107 71 36 24 2925 3 1A8 4 8132154115599999999999999 942 5022 2 2499999999999999
 38 53 85122139135128117 90 55 35 39 48 60 86125148146134123100 64 39 3925 3 2A8 4131391621150999999999999991016 352228 3699999999999999
 50 60 79114143146134122104 69 35 24 32 42 56 88125140133125116 93 63 5025 3 3A8 43614817 3140999999999999991054 242258 5099999999999999
 60 74 84106138155146129114 89 51 23 21 30 39 56 90119126119115108 88 6825 3 4A8 5 61551747127999999999999991135 192329 6599999999999999
 68 83 96107130154158141122104 76 42 22 24 32 39 58 87108110106106102 8825 3 5A8 5391591835111999999999999991220 21999999999999999999999
 79 88103114125144158152133115 96 69 42 29 31 36 42 58 81 95 96 96100 9925 3 6A8 614159222510099999999999999 0 0 791314 2999999999999999
 93 93104118126135148153143125110 93 70 50 40 39 39 42 55 71 82 85 90 9825 3 7A8 652153999999999999999999999 031 911513 3999999999999999
102102106116124129135142142133120108 95 78 61 50 44 40 41 49 62 72 80 9025 3 8A8 7351439999999999999999999991728 39999999999999999999999
101108111115119123125127130130126119112103 88 71 56 45 38 36 42 54 69 8225 3 9A8 8341319999999999999999999991842 36999999999999999999999
 96108116118117116115114114117121123123119111 97 77 56 41 32 31 38 53 7225 310A8 3 0118112312399999999999999 7191141940 3199999999999999
 91106117123121113105101100100106116126130126117101 77 51 34 28 29 38 5825 311A8 318123125513099999999999999 8141002019 2899999999999999
 83104116123125117101 89 85 86 89 99118133136130119100 70 42 28 27 31 4425 312A8 346126134313699999999999999 8 3 852036 2699999999999999
 71100118124126123106 84 71 71 75 81 99124140139130118 94 60 34 27 31 3925 313A8 4 9126142214199999999999999 825 702054 2799999999999999
 58 90119129127125114 89 63 55 60 66 78104133144137127112 83 49 31 33 4125 314A8 310129145914499999999999999 856 552119 3099999999999999
 53 78113134133126117 98 67 45 45 54 63 82114139142132121103 72 44 37 4625 315A8 326136153614399999999999999 930 432148 3699999999999999
 56 73102132141132120105 77 46 33 40 51 65 91123140136125114 92 63 46 4925 316A8 35214216131409999999999999910 4 332217 4599999999999999
 62 74 96125145141125109 87 56 32 29 39 52 71101128135127117105 83 61 5625 317A8 4191461651135999999999999991038 272245 5599999999999999
 66 79 95118142148135115 95 68 39 26 30 43 58 81109126126118110 96 77 6625 318A8 4461481728128999999999999991111 252311 6699999999999999
 71 83 97114136148142124104 80 52 31 27 36 48 66 89111119116111103 90 7825 319A8 51114918 6119999999999999991144 272334 7699999999999999
 77 87 99112129144146133113 91 66 43 31 34 42 54 72 93107110108105 98 8925 320A8 5351471850110999999999999991217 312353 8699999999999999
 86 91101112124138144137121102 81 59 42 37 41 48 58 75 90 98100101101 9825 321A8 6 01442133101999999999999991256 37999999999999999999999
 94 97104112120130138138127112 95 76 58 46 44 46 50 58 71 83 89 93 9710125 322A8 629139999999999999999999999 010 941353 4499999999999999
102103107114118123129132129118106 93 78 63 53 48 47 47 53 63 73 81 89 9925 323A8 7 41339999999999999999999991628 46999999999999999999999
106109112115117118119122124121114106 97 84 70 58 49 43 40 44 54 66 78 9125 324A8 7551249999999999999999999991757 40999999999999999999999
104113117117116114110109112115116115112105 92 76 60 46 35 31 36 48 63 8125 325A8 253117 95711699999999999999 6421091857 3199999999999999
 99113121121117110101 96 96101108116122122115100 81 59 40 28 26 33 48 6925 326A8 238122123212399999999999999 730 951941 2699999999999999
 92111122125121109 94 82 79 82 90104121132132123106 83 56 34 25 28 37 5625 327A8 257125132813499999999999999 759 792014 2599999999999999
 83108123127125114 92 71 60 61 67 81105130142139128110 82 51 32 31 37 4825 328A8 3 6127141314299999999999999 822 592037 3099999999999999
 72104127132128119 99 68 44 39 45 55 75109139147140130111 79 49 39 44 5225 329A8 252132145414799999999999999 848 392059 3999999999999999
 66 96128141135124109 79 41 21 23 32 46 75116143145138130109 75 52 53 6325 330A8 3 3141153314699999999999999 920 202126 5099999999999999
 71 89122148148132117 95 55 18  6 14 25 42 79121140137133127104 73 61 7225 331A8 328151161314199999999999999 955  62155 6199999999999999
 84 92114146160147126108 78 35  4  2 12 22 44 85121131127126120 98 75 7625 4 1A8 3581601654131999999999999991033  02228 7399999999999999
 92102112136161162140118 98 63 22  2  6 15 25 51 89115118116119113 94 8225 4 2A8 431165173811920 711999999991114  1185311623 1 829999999
 92108116128150165155131111 88 54 21 10 15 22 32 57 89105105107111106 9425 4 3A8 5 716521 71119999999999999912 0 102336 9099999999999999
 92105118125136153158143122104 82 53 29 23 27 31 40 61 84 94 9610010610325 4 4A8 5451592213106999999999999991252 23999999999999999999999
 98101113122127136146145130114 99 82 59 42 37 37 38 45 61 77 86 90 9810425 4 5A8 626147233410599999999999999 011 971417 3799999999999999
105104108116120123128132130120109 99 86 70 56 49 44 43 47 59 72 82 9010025 4 6A8 713133999999999999999999999 0501041654 4399999999999999
107109109110111111111114117117113109103 94 81 67 55 47 44 47 57 71 84 9625 4 7A8 82911799999999999999999999918 3 44999999999999999999999
106113114111106101 98 96 98102108112113110102 89 72 56 46 43 47 58 74 9225 4 8A8 146115114511399999999999999 7 2 961853 4399999999999999
106114118117108 95 86 81 81 84 92105116119116109 93 72 53 44 44 50 63 8425 4 9A8 216119125711999999999999999 742 811924 4399999999999999
105118122121114 98 79 67 65 67 73 89109123125121112 93 67 49 45 49 57 7425 410A8 225122134112599999999999999 750 651949 4599999999999999
100120127125119106 82 59 50 52 57 69 92118130128123112 89 62 48 51 58 6925 411A8 2 2127141813099999999999999 8 9 502016 4899999999999999
 90118133131123112 91 61 40 37 43 52 71102127134129123109 82 58 53 61 7025 412A8 219134145313499999999999999 838 362046 5399999999999999
 84110135140129116 99 70 39 25 30 39 53 80113133134128121102 76 60 63 7425 413A8 245141153013599999999999999 9 9 252116 5999999999999999
 84103130146140123105 81 48 22 18 27 40 60 93123134131125116 95 73 67 7625 414A8 31214616 713499999999999999 941 172147 6799999999999999
 87100122144148133112 90 60 29 14 18 30 46 72105127131127121108 88 75 7925 415A8 3401491644131999999999999991014 132215 7599999999999999
 90101117139151143122100 74 42 18 13 22 36 56 85113125125122115100 85 8325 416A8 4 61511723126999999999999991045 132241 8299999999999999
 91101113131148148132111 87 58 30 16 19 29 44 67 95113119118116108 95 8825 417A8 43215018 8119999999999999991117 1623 4 8899999999999999
 93102111124140148139120 99 75 47 26 21 27 37 52 75 98109111112111103 9525 418A8 4581482019112999999999999991150 212329 9499999999999999
 95103111119131142141128109 89 66 42 29 29 35 43 58 78 9510110510810810225 419A8 5281442129109999999999999991229 282358 9999999999999999
 99103110116122131137131117101 83 63 44 36 36 40 46 60 76 89 9510110710825 420A8 6 11372243108999999999999991322 35999999999999999999999
105105109113115120126127121109 97 82 65 51 44 42 42 46 58 72 83 9210110925 421A8 643128999999999999999999999 0341051526 4299999999999999
111110109110110109111115117113106 98 87 73 59 50 45 42 45 55 69 82 9410525 422A8 0 0111 320110 7461179999999 144109 45810917 4 429999999
113116113109104 99 96 98103107109109105 96 83 68 55 46 41 45 55 70 8710225 423A8 050116102210999999999999999 611 9618 5 4199999999999999
114119118111101 89 81 78 82 90100111116115107 93 76 59 47 44 49 61 78 9825 424A8 120120121811699999999999999 655 781849 4499999999999999
114123123117103 84 67 58 59 65 78 98117126124117103 82 61 50 52 59 71 9225 425A8 133124132012699999999999999 726 571921 5099999999999999
114129130123111 89 61 41 36 40 51 71100125134132125110 86 64 59 65 73 8725 426A8 134131141013499999999999999 753 361949 5999999999999999
110134141132119101 69 35 17 18 26 40 69106132137135131114 87 70 72 82 8925 427A8 151141145513799999999999999 824 152019 6999999999999999
105132151147130113 87 47 11  0  6 16 34 72113134136136133114 87 79 88 9825 428A8 218152162613699999999999999 858  02052 7899999999999999
105124152162147125104 72 27 -4 -8  1 11 36 79117130131134131110 89 9010425 429A8 251162181913599999999999999 936 -92126 8699999999999999
111119142165164141118 95 57 13 -9 -6  3 14 43 86116123124130125104 9210125 430A8 3271691913131999999999999991017-1022 2 9299999999999999
115120131154169158132111 86 47  9 -3  2  9 22 53 91111114118124117100 9625 5 1A8 4 516920 41249999999999999911 0 -32241 9599999999999999
109120125138158164147123104 79 42 14  9 14 19 33 63 92105107113118110 9925 5 2A8 4441652055118999999999999991147  82322 9899999999999999
101113121126138152151134115 98 75 45 26 23 26 31 45 69 91 9910311011310625 5 3A8 5271542148113999999999999991241 23999999999999999999999
100103112117121131140136122108 95 75 53 39 37 38 41 54 73 90 9810310911125 5 4A8 613140224311199999999999999 0 91001355 3799999999999999
106101103107109112118123121112103 94 79 63 52 48 47 50 60 76 9110010611125 5 5A8 710124233711299999999999999 1121011550 4799999999999999
112107102 99 98 97 98103108109106102 96 86 73 62 55 53 56 66 81 9510611225 5 6A8 843109999999999999999999999 511 971656 5399999999999999
115114108 99 90 85 82 83 88 95102105105102 94 81 68 60 58 62 72 8710311425 5 7A8 018116112810599999999999999 620 821745 5899999999999999
119120115105 91 77 69 67 69 76 88101109111108101 87 72 63 63 70 80 9611325 5 8A8 031120125511199999999999999 7 0 671825 6299999999999999
124126121113 98 77 60 53 53 58 69 88106115117115107 90 73 67 71 79 9010725 5 9A8 040126135111799999999999999 722 5219 2 6799999999999999
125133129119106 85 59 42 39 43 51 68 93114123123120110 91 75 73 80 8810125 510A8 1 5133143412399999999999999 747 381938 7299999999999999
120137138127113 94 67 40 27 29 37 50 74104123128128123110 89 78 81 90 9925 511A8 135140151112899999999999999 817 262013 7899999999999999
114134145138122103 78 47 23 17 24 35 55 85115129131130123106 88 84 9110025 512A8 2 5145155113199999999999999 850 172047 8499999999999999
110128146148133113 90 60 29 13 14 24 39 65 98123131132130119101 89 9110025 513A8 236150164113299999999999999 923 112120 8999999999999999
109122142152144125102 75 43 17  9 15 27 48 78109126130130126113 97 93 9925 514A8 3 5152174813099999999999999 956  92150 9399999999999999
107117134150152136114 90 59 29 12 11 20 34 59 91114124127127120106 96 9825 515A8 3341531841128999999999999991029 102217 9699999999999999
106113126143153145126104 77 46 21 13 17 26 43 71 99114120124123114102 9825 516A8 4 315319301249999999999999911 2 132246 9899999999999999
104111118132147148134115 94 66 37 20 18 24 34 53 7910111111612111910910125 517A8 4351502019121999999999999991137 17231910099999999999999
102108113121135144139123105 85 59 35 24 25 31 41 61 8410110911411811510625 518A8 51014421 9118999999999999991218 24999999999999999999999
102105110113121132136128114 98 79 56 38 32 33 38 48 67 8710010811411711325 519A8 551136215911799999999999999 0 010213 8 3199999999999999
106103105106108115123125118107 95 79 60 46 41 41 45 55 72 9010211011611825 520A8 643126224711899999999999999 0581031417 4099999999999999
113105100 99 97 98104111114111105 96 84 68 56 51 50 53 62 78 9510711511925 521A8 758114232412099999999999999 424 971548 4999999999999999
119112102 93 86 82 83 89 98105108107102 93 80 69 61 59 62 72 8710311512225 522A81013108234512499999999999999 528 821655 5999999999999999
124119109 94 79 68 63 64 72 85 99109113111105 94 81 71 69 74 84 9811412725 523A812 9113999999999999999999999 615 621745 6999999999999999
131127118103 81 59 45 42 46 57 76 98114121121117106 91 80 81 88 9711012725 524A8 0 0131133712299999999999999 653 421826 7999999999999999
139139129115 94 65 37 23 23 30 45 70100120127130128116 98 90 9410211012325 525A8 028141151513099999999999999 728 2219 5 9099999999999999
142152144128109 83 46 16  6 10 18 37 70105125131136135121102 9810711512125 526A8 1 3152162813799999999999999 8 5  61943 9899999999999999
136156161146125103 71 29  1 -4  2 12 35 7511112613213913712010410611712325 527A8 142162172614099999999999999 844 -4202310399999999999999
129148167164143121 97 59 16 -6 -6  0 11 40 8311412513113913511610411212325 528A8 223169181813999999999999999 925 -821 410499999999999999
126136158172161138117 90 49 10 -5 -2  4 17 50 9111512112813612811010411525 529A8 3 517219 51369999999999999910 8 -5214610499999999999999
123127140162170154131111 83 42 10  2  7 12 28 63 9811311812613011910410325 530A8 3481701950130999999999999991054  2223110199999999999999
114120125141159160143123105 77 40 17 14 18 24 43 75102113117123124111 9925 531A8 4331632033125999999999999991140 132320 9899999999999999
101110115121137150147131115 98 72 43 27 27 31 38 58 8610611311712111810525 6 1A8 5191512112122999999999999991229 26999999999999999999999
 96 98104108115128137132120107 93 71 49 39 40 44 53 72 9511111611912011325 6 2A8 610137214312099999999999999 015 961321 3899999999999999
101 94 94 97 99105115122119110101 90 74 58 51 53 57 67 8410311612012111925 6 3A8 710122214812199999999999999 125 931417 5199999999999999
111 99 90 87 87 88 93101108108104 99 92 80 69 63 64 69 80 9511112212512325 6 4A8 83010922 312599999999999999 352 871520 6399999999999999
118109 96 84 78 75 75 80 89 97102103101 97 89 80 74 75 81 9110411812712925 6 5A81043103224312999999999999999 522 751625 7499999999999999
125117106 90 75 65 62 63 69 80 92102106107106 99 90 83 84 9110111312513325 6 6A813 0107232713499999999999999 611 621723 8399999999999999
133126115100 81 63 51 49 53 61 76 93106113116115108 97 91 9310010912013225 6 7A81419116999999999999999999999 649 491815 9099999999999999
139135124110 91 68 48 38 39 45 57 77 99114122124123114102 9610010811612825 6 8A8 010139151312499999999999999 724 3719 2 9699999999999999
140144136121102 80 53 34 28 32 41 58 8310812312913112711610410110711412325 6 9A8 051144155713199999999999999 8 0 28194510199999999999999
136147147134115 93 65 38 22 21 28 41 64 9311712913413412711410510611211925 610A8 129149163613599999999999999 836 20202510499999999999999
130145153146129107 81 50 25 15 18 28 46 7410412413313613412411110610911525 611A8 2 4153171513799999999999999 914 1521 110699999999999999
124138153155142122 97 67 37 17 12 18 31 54 8611212713413613111810710611125 612A8 239156175613699999999999999 950 12213510699999999999999
118129146157152135114 87 54 26 13 13 21 37 65 9611712713313412511110510725 613A8 3121581837135999999999999991026 1222 610599999999999999
112120135152157146127105 75 43 20 14 17 27 47 7810512012713213011710510325 614A8 3471571919133999999999999991059 14224110399999999999999
108112122139153151136118 95 65 35 19 18 24 35 59 8911112112713012411010125 615A8 4241541959130999999999999991132 18232010099999999999999
102106111122139148142126109 87 57 33 24 27 34 47 72 9911512212712811810325 616A8 5 514820371289999999999999912 8 24999999999999999999999
 97 99103107119134139131118102 81 55 38 34 39 46 61 8610812012412712411125 617A8 55214021 812799999999999999 0 7 971246 3499999999999999
 97 92 93 95100112125128122111 99 80 60 48 48 53 61 77 9911712512712611925 618A8 647129211612799999999999999 1 8 921331 4799999999999999
105 91 85 84 84 89100113117114108 99 85 71 63 64 69 78 9311112613113012625 619A8 759117211613199999999999999 316 841422 6399999999999999
115 99 84 74 70 69 74 86100108110108104 96 86 80 80 85 9410712313413713325 620A8 955110215113799999999999999 440 691523 7999999999999999
125112 93 74 61 54 53 59 72 88101109112113109101 95 9610111012013314214425 621A81239113223814499999999999999 538 521629 9599999999999999
137125109 87 63 45 37 37 44 59 79 9911111912312211510810811412213014115025 622A81424124233115299999999999999 629 36173010799999999999999
150140125107 81 51 30 22 23 31 48 7510011612513213312511611712413013614725 623A81535134999999999999999999999 716 21182511599999999999999
158157143126104 74 40 17 11 13 22 43 7610412113113913912811912112913313925 624A8 025159163114199999999999999 8 2 11191611899999999999999
153165161145125102 66 29  8  5  8 18 44 8111012413414314012611712212913225 625A8 117166172114399999999999999 846  520 511799999999999999
140159171163144124 98 59 21  4  4  8 20 51 9011612613514313611911211912625 626A8 2 717118 614399999999999999 928  3205311299999999999999
129141163172160140121 92 51 17  6  8 12 29 6410112012713513912710910611425 627A8 25517318481409999999999999910 8  6214110599999999999999
120125142164169153134116 85 44 17 12 16 22 43 80112124128134133116 99 9925 628A8 3411701926136999999999999991047 122229 9799999999999999
108113121141160160143126108 76 41 22 22 28 37 62 97121127129132124105 9125 629A8 4281631958132999999999999991125 202318 9099999999999999
 94102107117138152147131117 99 69 42 31 36 43 56 82112128130130127115 9525 630A8 51415219201309999999999999912 3 31999999999999999999999
 85 89 95100112130139133120108 91 67 48 45 51 60 7610112413413212912110625 7 1A8 6 3139191613499999999999999 0 9 851242 4499999999999999
 89 81 84 88 94106120125120110101 87 70 59 60 68 78 9511613213713312611525 7 2A8 656125195513799999999999999 1 7 811323 5899999999999999
 99 85 78 78 81 87 97108113110104 98 89 79 74 76 84 9511012713813913212325 7 3A8 8 1113203514099999999999999 220 7814 7 7499999999999999
110 95 81 73 72 73 78 88 98104104103101 97 91 89 91 9910912113414013913125 7 4A8 944105211914199999999999999 358 7215 0 8999999999999999
120106 91 77 67 63 64 70 79 90 9910410710910810410210311011912913714113925 7 5A813 510922 714199999999999999 515 6316 910299999999999999
130117103 86 70 58 54 55 62 73 86 9910911511911911511111211712513313914225 7 6A8142711923 414299999999999999 612 53172411199999999999999
139130116 99 80 61 48 44 47 56 70 8710411712512812712211711712212813514225 7 7A81516128999999999999999999999 7 2 44183111699999999999999
145142130113 94 71 51 38 35 40 52 70 9211212613313513112411811812313013725 7 8A8 0 4145155313599999999999999 747 34192911899999999999999
146150144130110 86 61 39 28 27 36 51 7410012113313813813112211711812313125 7 9A8 058150162713999999999999999 830 26201711699999999999999
141152154145127104 76 48 28 20 23 34 55 8311012813714113712711711311612225 710A8 14415517 214199999999999999 911 20205811399999999999999
133147158157143122 96 65 36 19 15 21 37 63 9411913314014113311911010911425 711A8 224159173914199999999999999 949 15213210999999999999999
121136154162155138116 86 52 26 15 16 24 45 7610712613514013812410910310525 712A8 3 31621816141999999999999991022 1422 310399999999999999
111121140158162150131107 75 41 20 16 21 33 58 92118131137139131112 98 9625 713A8 3411631851139999999999999991049 162236 9699999999999999
101107121143159156141123 98 65 34 22 24 32 47 76108128134137135120 99 8825 714A8 4201601921137999999999999991114 222314 8899999999999999
 90 96103120143154147131115 90 58 35 32 38 47 66 96124135136135128108 8725 715A8 5 31541837136999999999999991142 312357 8099999999999999
 80 84 89 98118138144135122108 85 58 44 48 56 67 88116136140136131118 9625 716A8 5491451847140999999999999991214 44999999999999999999999
 77 73 77 82 92111129132124115104 84 66 60 68 77 8910913314514313512610925 717A8 641133191714599999999999999 048 731249 6099999999999999
 86 70 67 69 72 83101117120115111104 90 80 80 89 9811012714415014413412125 718A8 744120195415099999999999999 152 671327 7899999999999999
102 80 65 60 59 62 72 89103109109110108102 9710010811612614015115214413225 719A811 3110203715399999999999999 343 591410 9799999999999999
118 99 78 61 52 49 51 60 76 9110110711311711511311612212913714615315314525 720A81311117212915599999999999999 513 4915 511399999999999999
133119100 77 57 44 39 39 48 64 82 9810911912712812612613013614114715315525 721A81442128224115599999999999999 623 38162912599999999999999
148137122102 77 52 35 29 29 38 55 79 9911412713513713212913213614014515325 722A81538137999999999999999999999 726 28175812999999999999999
158154142126105 75 45 27 21 22 31 52 8110512113314214013112512813213414125 723A8 0 3158162314299999999999999 822 2019 812599999999999999
154163159146129105 70 38 20 16 18 29 56 9011412713814413812411712012412725 724A8 11116417 514499999999999999 9 6 1620 411799999999999999
139158168162146129101 63 30 16 15 19 35 6710312313214014313011210511111625 725A8 2 5168174414399999999999999 933 15205210599999999999999
121138162170159143125 94 53 24 17 20 26 47 85118131135140137117 97 9510225 726A8 253171181814199999999999999 957 172137 9399999999999999
108117140164167152136117 84 45 24 24 30 40 67105131136136137126101 84 8625 727A8 3371691845137999999999999991026 222221 8399999999999999
 95101115142161158142127107 73 41 30 36 45 60 91125140139136130112 86 7525 728A8 4201631717141999999999999991058 3023 4 7599999999999999
 80 89 97115141153145130117 96 65 44 43 53 64 83114139145139132120 98 7525 729A8 5 31531748146999999999999991131 412348 6999999999999999
 70 77 85 95115136141132120108 88 65 54 60 72 85106132148146136125108 8625 730A8 54714218221499999999999999912 4 54999999999999999999999
 69 68 75 82 94112127128120111101 85 72 70 79 91105125144151144131117 9825 731A8 634129185615199999999999999 035 671237 6999999999999999
 79 68 68 73 80 92107116116111106 99 90 84 88 9710812213814914913912510925 8 1A8 728118193015099999999999999 128 6613 9 8499999999999999
 91 76 68 67 70 77 88 9910610810710610310010010411212213314314814413412025 8 2A8 85410820 314899999999999999 236 671335 9999999999999999
104 89 76 68 65 66 72 81 91 9910410811011211211311712213013814414514013025 8 3A82039145999999999999999999999 410 65999999999999999999999
117103 88 75 66 60 60 65 74 84 9410411311912212312412512713213814214213825 8 4A82129143999999999999999999999 534 59999999999999999999999
130119104 88 73 60 52 51 57 67 79 9410912112813113112912712713113614014125 8 5A8153013123 914199999999999999 640 51182212799999999999999
140134122105 86 67 51 42 41 49 62 79 9811712913613713412812412412813414025 8 6A81544137999999999999999999999 734 40193112399999999999999
145146139124103 81 58 40 31 33 43 60 8310712613714013813112211711812413225 8 7A8 04114616 614199999999999999 819 31201811799999999999999
143152152142123 99 72 46 28 23 28 42 65 9311813414114213512211110811212025 8 8A8 135153163414399999999999999 858 23205310899999999999999
133149159156142120 92 60 33 20 19 28 47 77108129139143139125108 9910010625 8 9A8 21816017 414399999999999999 932 182121 9899999999999999
117136157164156138115 83 48 25 19 23 35 60 95123137142141131109 91 87 9225 810A8 256164173214299999999999999 958 192149 8799999999999999
100116141162164151133108 72 39 24 26 33 49 80116137141141136117 91 75 7725 811A8 3341661716141999999999999991019 232220 7599999999999999
 84 94116146162157143126100 64 37 33 41 51 71105135145142138126 99 72 6325 812A8 41316317 3145999999999999991042 322255 6399999999999999
 70 77 90117146156147134119 92 60 45 50 61 73 96129150149140131112 81 5825 813A8 45415617241529999999999999911 9 452335 5499999999999999
 56 64 72 87116141144134125112 88 64 61 72 84 97121148157148136122 98 6725 814A8 5381461754158999999999999991139 60999999999999999999999
 50 52 59 67 85112130130123118108 89 76 82 95106120142159159145130113 8725 815A8 626132182716299999999999999 020 501211 7699999999999999
 61 49 51 56 63 80103116116114113107 96 9310311512513715316315614012510725 816A8 72411719 416399999999999999 113 491244 9399999999999999
 83 62 52 51 53 58 73 9110210510711211110811012013013714615716015113712325 817A81127112194616099999999999999 230 51131610899999999999999
107 86 67 56 51 49 52 63 79 90 9710611511912012413013714114715315414713725 818A82038154999999999999999999999 5 5 49999999999999999999999
126112 93 73 58 48 43 44 53 68 83 9610912112813013113313613814114514814625 819A822 9148999999999999999999999 623 42999999999999999999999
140132119100 78 57 43 36 36 45 62 8210111612913613513112812812913113714425 820A81526136999999999999999999999 728 35182412899999999999999
149147139126105 78 52 36 30 31 42 63 8911012513514013412311611611812113025 821A8 012149155914099999999999999 820 29192911599999999999999
146155154144129105 72 44 29 27 30 44 7210312313213913912710910110310611225 822A8 119156163314099999999999999 854 27201010199999999999999
128150161156144128100 63 35 27 29 35 55 89120133137139133112 91 86 92 9625 823A8 2 716217 313999999999999999 9 8 272048 8699999999999999
106131156164154140123 90 52 31 31 37 47 73111136140138136121 94 74 74 8325 824A8 249164154614099999999999999 929 292126 7299999999999999
 90106136160160146134114 78 45 35 42 50 65 97132146142135127104 74 61 6725 825A8 32916316 614699999999999999 956 3522 4 6199999999999999
 77 87110141158151137125102 68 45 46 57 68 89122148150139129114 85 59 5425 826A8 4 81581634152999999999999991026 432242 5399999999999999
 64 75 89115143150139128115 92 64 54 63 76 89113142156148133119 97 68 5025 827A8 44815017 4156999999999999991057 542320 4999999999999999
 53 64 75 93120139139128119106 85 69 69 82 95111134154156142125106 82 5825 828A8 5281411735157999999999999991128 662359 4999999999999999
 49 55 66 79 98120130127119112100 86 80 87100113129147156149133114 94 7125 829A8 61113118 3156999999999999991156 80999999999999999999999
 55 53 60 69 82100115120117113107 99 93 95104115127141152152141124105 8525 830A8 659120183015499999999999999 041 521218 9399999999999999
 68 58 58 63 71 83 9710711011010910710410511011812613614514914413211710025 831A8 822110185714999999999999999 129 57122910499999999999999
 83 70 63 62 64 70 80 90 9710210611011211311712112613213814314313612611425 9 1A81928144999999999999999999999 250 62999999999999999999999
 99 85 74 67 62 61 64 72 81 90 9810711512012312612812913113513813613112525 9 2A82013138999999999999999999999 452 61999999999999999999999
116103 90 77 67 58 53 55 63 74 85 9911312312813013012812512512813113213125 9 3A81537131215313299999999999999 612 53183212599999999999999
129122109 93 77 62 49 43 46 56 69 8610512213113413312912211611612112613225 9 4A81511134999999999999999999999 710 43192911699999999999999
137137129113 94 72 52 38 33 39 52 71 9411613113713713011910910410711412425 9 5A8 033138152313899999999999999 754 3320 710499999999999999
137146145134115 91 64 41 28 28 37 55 81108128138140134119102 92 91 9710825 9 6A8 127147154314099999999999999 831 272035 9099999999999999
126145155150135114 85 54 32 26 31 43 67 98125138141137124101 81 75 79 8825 9 7A8 2 9155155514199999999999999 859 262059 7599999999999999
105132155160151134111 78 46 31 32 41 57 86120140143139130107 77 60 60 6825 9 8A8 247161154314399999999999999 920 302126 5899999999999999
 81105139160159147132106 70 43 39 47 57 78112142150143134117 85 54 43 5025 9 9A8 325162155115099999999999999 941 382157 4399999999999999
 60 76109144159152141127 99 66 50 56 67 79103138157152138125100 62 35 3425 910A8 4 315916131589999999999999910 7 502232 3299999999999999
 44 55 76113144150141134121 93 67 65 78 89102129158164148131113 82 45 2625 911A8 4431511642165999999999999991036 632311 2699999999999999
 31 42 53 78114137137130127115 91 77 85100110125150169162141123102 68 3725 912A8 52513917141699999999999999911 7 762354 2799999999999999
 27 34 43 54 80111125122119119110 94 91105119128142162169155133116 93 6225 913A8 6111251749169999999999999991139 90999999999999999999999
 39 35 40 45 56 79102110109111114109102106121131138150162161145127111 9125 914A8 956114182716499999999999999 044 34121110199999999999999
 66 48 45 46 48 56 74 90 9710010711311211211913013614114815415013712311125 915A8112411319 915599999999999999 152 45124011199999999999999
 95 75 61 54 50 48 53 66 80 88 9610711511912112513113313513914213913212425 916A820 6142999999999999999999999 455 48999999999999999999999
116104 87 71 59 50 46 48 59 73 86 9911212212612612512412312312512913213225 917A81426126223013299999999999999 610 45184012399999999999999
129124113 96 76 59 47 42 44 55 72 9110712012813012511711110810811111912925 918A81445130999999999999999999999 710 41193510899999999999999
136137132120100 76 54 42 39 44 57 80103119129133130118102 94 92 9410011425 919A8 035137151313399999999999999 752 391947 9299999999999999
132143143136123 99 69 47 39 41 48 66 94119131134134124103 83 76 78 82 9225 920A8 126144152913499999999999999 814 3920 6 7699999999999999
115139149145136121 93 61 43 42 47 58 82114135138135129112 83 63 61 67 7425 921A8 2 5149144313999999999999999 831 412035 6099999999999999
 91122147151143134116 84 54 44 51 59 73103134146140131119 93 61 47 52 6125 922A8 24215215 014699999999999999 855 4421 8 4699999999999999
 72 97131151148138129107 74 52 54 64 75 94126150149135123103 71 43 37 4825 923A8 319152152715399999999999999 924 512143 3699999999999999
 59 75106138149141132121 97 69 59 68 81 93117146157145127110 84 51 32 3525 924A8 356149155515799999999999999 955 592218 3199999999999999
 48 61 84117140142134126113 89 71 72 85 97113137157155136116 94 65 37 2925 925A8 4341441624159999999999999991025 692252 2999999999999999
 38 52 68 94123136133126119105 86 79 88101113131151158146125103 78 51 3325 926A8 5131371651158999999999999991054 792327 3199999999999999
 34 45 58 77102123128124119112100 90 92103114127143155151134113 91 66 4525 927A8 5531281717156999999999999991120 89999999999999999999999
 37 42 52 65 85105117118116114108100 98105115125136148151140122103 82 6025 928A8 640119174215199999999999999 0 2 371140 9899999999999999
 47 45 50 58 70 87101108110111111107105109116123130139145141129113 96 7825 929A8 92511118 914599999999999999 041 44115410599999999999999
 62 53 53 55 60 71 84 94 99104109111111113118123126130136137131120108 9525 930A81841137999999999999999999999 135 52999999999999999999999
 80 67 60 57 56 58 66 77 86 931021111161181211231241231241271271231161092510 1A81929128999999999999999999999 4 3 56999999999999999999999
 99 86 74 65 58 52 52 59 69 81 931061171231241241221171141141171191191182510 2A81419124213011999999999999999 532 51182511399999999999999
115106 93 79 66 53 45 45 53 66 81 98114125129127121113104 991011071141212510 3A814 5129999999999999999999999 632 441912 9999999999999999
125124115100 82 63 47 39 41 52 68 89109125132131123110 95 85 83 88 981132510 4A8 020126142113399999999999999 716 391944 8399999999999999
128136133122104 82 58 42 38 44 57 78104125135135128112 90 71 64 67 76 932510 5A8 115136143113699999999999999 750 3820 9 6499999999999999
117138145140127107 79 54 42 44 53 69 95123139140133119 94 64 47 46 53 672510 6A8 159145143114199999999999999 816 422033 4499999999999999
 92125147150142130107 76 53 50 58 69 88119144148139126104 70 37 26 32 422510 7A8 239151144214999999999999999 838 4921 1 2699999999999999
 61 96134151149142130105 73 60 66 77 88111143159150133115 86 44 15 13 242510 8A8 31715215 515999999999999999 9 4 602134 1199999999999999
 36 61103138148143139128100 75 73 86 96108135162165145125103 66 24  4 102510 9A8 355148153416799999999999999 933 712211  499999999999999
 21 34 65109136139135134122 96 81 90105114128155172162137116 90 50 14  4251010A8 43414016 71739999999999999910 5 812250  499999999999999
 13 23 38 72110128126126127115 95 92107120127143166172152128107 80 42 15251011A8 516128 74512816431739999999 6301251039 902334 119999999
 13 21 29 45 77106115114118120110 98103119129136151166162141119101 75 43251012A8 8441211721167999999999999991114 98999999999999999999999
 25 26 31 36 52 78 98103105112115108104113125132137148156148130113 98 76251013A8 94711518 215699999999999999 024 24115110499999999999999
 52 40 40 41 43 56 75 90 95100109113110110117125127131138141133121111100251014A81058113184914199999999999999 131 39123210999999999999999
 83 65 55 50 47 48 57 72 84 92101110115114114116118117118122124122117112251015A8121411520 012499999999999999 428 47134211499999999999999
105 93 78 65 56 50 50 57 70 84 96107116120118113108104101101105111115117251016A813 7120232611799999999999999 537 49183310199999999999999
117112102 87 71 58 51 51 59 73 90105116123124118106 95 87 84 84 90102114251017A81340124999999999999999999999 630 501920 8399999999999999
121123119109 91 71 56 52 54 64 80101118126128124112 93 76 68 67 70 81100251018A8 048123135112899999999999999 7 5 521939 6799999999999999
118128129124113 91 68 55 55 61 72 93117132133129120100 74 56 51 54 61 78251019A8 134129133813499999999999999 728 541953 5199999999999999
104127134132127113 87 64 58 63 71 85110134141135125110 82 53 38 39 46 57251020A8 2 8134135514199999999999999 753 582019 3799999999999999
 82114134137134127109 82 64 66 75 84102129147144130115 94 61 33 25 33 43251021A8 241138142114899999999999999 823 632050 2599999999999999
 60 92125139137133125103 78 69 77 88 99120145153140121102 74 39 19 21 32251022A8 315139145015499999999999999 855 692122 1799999999999999
 46 70105132139135131119 96 78 79 90101115137155151131109 85 53 24 14 22251023A8 351139152015699999999999999 927 762156 1499999999999999
 36 53 83116134135131126111 92 83 91102113130150157142119 96 68 37 16 16251024A8 429136154815799999999999999 958 832229 1499999999999999
 28 43 65 96122131129126119104 91 92102113125142155150130107 82 53 28 18251025A8 5 91311615155999999999999991026 9023 2 1899999999999999
 24 36 52 77104120124123120112100 96102111121134148151138117 95 70 43 27251026A8 5571241642152999999999999991052 952336 2499999999999999
 25 33 44 62 86106115117118115107101103110117126138146141125106 85 61 41251027A8 8 111817 9146999999999999991116100999999999999999999999
 32 34 41 51 68 88102108111114112106105110116120128136138129114 98 79 59251028A8 9 8114174013999999999999999 013 32114210599999999999999
 44 40 42 46 55 71 87 97103109113112109110114116119123128127118106 94 78251029A81017113181912999999999999999 1 1 40121610999999999999999
 62 51 47 47 49 56 70 83 93101110115115113113113112111114117116110103 95251030A81127115191611799999999999999 240 47164311199999999999999
 83 69 59 53 50 49 56 68 82 94105114119118115110105100 97100104107108106251031A81218119214710899999999999999 434 491756 9799999999999999
101 91 79 67 57 51 50 57 70 85 99112121124119111100 89 81 80 85 941031112511 1A81249124999999999999999999999 538 491841 8099999999999999
114111102 88 73 60 52 53 61 76 93111123128125116100 81 66 60 62 71 861042511 2A8 0 211413 712899999999999999 624 511914 6099999999999999
118124121112 97 78 62 57 61 71 87107126134132123106 82 56 41 39 45 59 822511 3A8 1 7124131413599999999999999 7 0 571940 3899999999999999
110128133130121104 81 67 67 74 85102126142142131116 92 58 29 18 22 32 512511 4A8 2 0133133014499999999999999 729 6520 8 1899999999999999
 84118136138136128107 83 74 81 90100121145155145127106 74 33  6  2 10 232511 5A8 248139135615599999999999999 758 742040  199999999999999
 49 90125138139139130107 86 86 97105116140162161141119 94 55 12 -8 -5  52511 6A8 4 8139142816599999999999999 830 832116 -999999999999999
 20 53 97128135136138128104 91 99112118131157172160134112 83 39  0-12 -42511 7A8 55313915 417299999999999999 9 4 912155-1299999999999999
  5 22 60103125127131135122101 97110122127143167173152126104 72 29 -2 -62511 8A8 649135154217499999999999999 941 962238 -799999999999999
  3 11 31 69105117119126128114 99103118126132150168164141118 97 65 26  62511 9A8 7421291622170999999999999991019 982323  499999999999999
  7 13 20 42 77102109112120120108100108120126133149160151129111 92 62 32251110A8 83312217 41609999999999999911 0100999999999999999999999
 19 21 25 32 53 81 99104109116114104101109117121127140145135119105 89 64251111A8 924117175114599999999999999 013 19114710099999999999999
 42 34 35 37 44 62 84 97102108114111104101106110111116125128120110101 89251112A81016114184512899999999999999 115 34124510199999999999999
 71 55 48 47 47 54 69 86 98105111114111104100 99 99 98101107111109105101251113A811 611420 511199999999999999 315 471653 9899999999999999
 93 80 67 59 56 56 62 75 91103111116117113103 94 88 84 81 84 91 98102104251114A81147117232310499999999999999 430 5518 2 8199999999999999
104 99 89 77 67 62 63 70 82 98112119122120112 99 84 73 67 65 69 79 91102251115A812 7122999999999999999999999 522 621850 6599999999999999
108109107 98 84 72 68 70 78 91107122128126120109 90 69 55 50 51 57 72 91251116A8 1 1109121512899999999999999 6 3 681918 5099999999999999
107114117115104 88 75 73 79 87101119132135128117100 75 51 38 36 41 51 72251117A8 2 8117124013599999999999999 640 731937 3699999999999999
 98115122124121108 89 79 81 88 97112131142137125109 87 57 32 24 27 35 52251118A8 3 3124131214299999999999999 717 7820 3 2499999999999999
 80108124128129124108 89 83 89 98107124142147135118 97 69 37 17 16 23 36251119A8 349129134514899999999999999 753 832035 1499999999999999
 59 91119130132131123105 90 90 98106118137151147129107 83 51 21  9 13 24251120A8 428132141815299999999999999 830 8821 8  899999999999999
 41 71104126132133130118101 92 97106115129147154141119 95 66 34 11  7 15251121A8 5 2133145015499999999999999 9 5 922143  699999999999999
 29 52 84114128131131126111 98 96103112123140153150131108 82 50 21  7 10251122A8 538131152015499999999999999 938 952217  799999999999999
 21 38 65 96118126128127119105 97101108117131147152141120 96 68 37 16 10251123A8 62212815501539999999999999910 9 972251 1099999999999999
 16 28 49 77103117123125122111101 99105112122136148145129108 85 56 30 16251124A8 7 71251620149999999999999991038 992325 1599999999999999
 16 24 37 60 86106115119121116106100102108114124137143134117 98 74 48 28251125A8 75412116531439999999999999911 9100999999999999999999999
 21 25 32 47 69 92106112117118112103101104109113123133133122106 89 68 45251126A8 842119173113499999999999999 0 1 21114710199999999999999
 31 29 33 41 55 76 95106112117116109102101103105109116123121111 99 85 66251127A8 929117181712399999999999999 043 29124010199999999999999
 49 39 39 42 49 63 82 98107114118116108101 98 97 96 98105111110104 96 85251128A81014118192211199999999999999 134 3816 1 9699999999999999
 71 58 50 49 51 58 71 89103112118119115106 97 90 85 82 84 91 98102101 98251129A81052119212110299999999999999 247 491710 8299999999999999
 91 81 70 63 60 61 68 81 97110119123121114102 87 75 66 63 66 76 88 98103251130A81116123235010599999999999999 410 6018 1 6399999999999999
105102 94 84 75 71 72 80 92107120128129123111 93 72 54 44 43 49 62 80 982512 1A81134129999999999999999999999 512 701842 4299999999999999
110114114108 97 86 81 85 93104118132138134122106 81 53 31 22 24 33 51 782512 2A8 12711512 213899999999999999 6 0 811917 2299999999999999
103117123125120107 94 92 98106115131145148137120 98 67 32 10  5 10 21 452512 3A8 253125123914999999999999999 642 911952  599999999999999
 80109123130134128112100101110117126144158154137116 90 52 14 -6 -6  0 142512 4A8 4 3134131915999999999999999 722 992030 -899999999999999
 45 85114126133138131113103110119124135156167156134111 81 38  0-14-11 -32512 5A8 5 113814 116799999999999999 8 21032110-1499999999999999
 14 51 92117125133138128109105115123128143165171153129106 72 27 -6-13 -82512 6A8 554138144417299999999999999 8431042152-1399999999999999
 -1 20 60 99116122131134120104105117123129148168167146123100 64 21 -4 -62512 7A8 642135152717199999999999999 9261022235 -799999999999999
 -1  7 32 72103114119128127111 98104115120128149165157136116 94 58 21  42512 8A8 7271301612165999999999999991010 982318  399999999999999
  5 10 20 47 83106113118124118102 94101110114125144154143125108 87 54 252512 9A8 8101241658154999999999999991058 94999999999999999999999
 16 19 24 37 64 94109113117120110 95 90 96102106117133138128113100 81 54251210A8 849120174713999999999999999 0 2 161150 9099999999999999
 34 30 35 41 54 79102113115117116104 91 86 90 93 97106118121113103 94 79251211A8 920118184212299999999999999 047 301252 8699999999999999
 59 47 46 50 57 71 92110118118118113100 88 82 82 82 85 93102105102 97 91251212A8 846118195110699999999999999 135 451423 8299999999999999
 81 69 60 60 64 72 85103117122122118111 98 84 76 72 70 71 78 88 94 95 95251213A8 91612322 2 9599999999999999 230 591712 7099999999999999
 94 88 80 74 73 77 85 96111123127125119109 95 79 66 59 57 59 66 78 88 94251214A810 3127999999999999999999999 337 7318 8 5799999999999999
 98101 99 92 86 84 88 95106118128131127118106 89 70 54 46 44 48 58 73 88251215A8 1 7101105313199999999999999 447 841848 4499999999999999
 99106110109103 94 92 96104112123133135128117101 81 58 40 33 34 40 54 74251216A8 222111114313599999999999999 549 921920 3299999999999999
 94108116120118109100 98103110118129138138128113 94 69 43 27 22 26 37 55251217A8 316120123014099999999999999 642 971953 2299999999999999
 81104118125127123111102102108114123135144140125106 83 55 29 15 15 23 38251218A8 359127131314499999999999999 7301012028 1499999999999999
 62 92114125131131123110102104111118129143148139120 98 71 40 17  8 12 23251219A8 436132135314899999999999999 81410221 5  899999999999999
 43 73102121130133130119106102106113122137149149135113 87 56 26  8  5 13251220A8 5 9133143015199999999999999 8551022142  599999999999999
 28 54 85111125131132125112102101107115128144153146127103 75 42 16  4  6251221A8 54113215 415399999999999999 9311002217  499999999999999
 17 37 67 97117126130128117104 98101107117133149151138117 92 61 30 10  5251222A8 61613115381529999999999999910 5 982250  599999999999999
 11 25 49 80106120126128122108 97 96101108120137149144127106 80 49 22 10251223A8 6521281613149999999999999991037 952319  999999999999999
 11 19 36 63 93112121125125115100 92 94100107121138143133116 96 69 40 20251224A8 7291261650143999999999999991112 922348 1599999999999999
 15 21 31 50 79104117122124120106 93 89 92 97105119133133121105 87 62 37251225A8 8 21241731135999999999999991152 89999999999999999999999
 25 26 34 46 67 93113121123122114 98 86 84 87 91 99113123121110 97 81 60251226A8 826123182012499999999999999 020 241242 8499999999999999
 42 37 41 50 63 83106120124123119107 91 80 78 79 81 89102111109102 93 82251227A8 811124192011299999999999999 056 371355 7899999999999999
 66 55 53 59 67 80 99117126127123115101 85 73 68 67 68 76 89 98100 98 94251228A8 831127204810099999999999999 138 5216 9 6799999999999999
 88 78 71 71 77 85 97112126132130123112 96 78 63 55 51 52 61 75 87 95 98251229A8 9 9132999999999999999999999 228 701717 5199999999999999
100 99 94 89 89 93101111123133137133124111 93 71 51 39 34 36 45 61 79 93251230A8 011100 95613799999999999999 332 881814 3499999999999999
102109113111106104109115122131140142137125109 89 62 38 23 18 20 31 51 75251231A8 2 8113105014399999999999999 44510419 7 1899999999999999
