 -7-13  1 32 72115150170174162139114 95 87 94112138162178178161128 85 4125 1 1AB 742175183218099999999999999 048-1313 3 8799999999999999
  6-13-11 10 46 89130160174171152127102 86 84 95118145168180176153116 7325 1 2AB 816175191518199999999999999 126-151341 8399999999999999
 31  2-10 -2 24 63106143167174164142115 93 80 82 9712214816917716814210525 1 3AB 853174195917799999999999999 2 5-111422 7999999999999999
 63 27  5  0 14 44 82121153169169154130104 84 75 80 9712114616316815613125 1 4AB 929171204816899999999999999 245 -115 9 7599999999999999
 96 60 31 16 17 35 65101134158168162144119 95 77 70 76 9311613715215514425 1 5AB10 7168214315699999999999999 326 1416 1 7099999999999999
122 93 64 43 34 39 58 85116143160164154135110 87 70 64 69 8410412413814225 1 6AB1046164225014299999999999999 4 9 3317 2 6499999999999999
134118 96 75 60 55 62 79102127147159158147127103 80 63 55 58 71 8910812325 1 7AB1129160999999999999999999999 456 551813 5599999999999999
131129120106 92 81 78 83 96114133148156154143123 99 74 55 44 44 54 72 9225 1 8AB 020131122015799999999999999 554 781930 4399999999999999
111124130128120110101 96 98106119134147154153142122 96 68 45 31 28 37 5525 1 9AB 213130132215599999999999999 714 962044 2899999999999999
 79103124136140135126115108105110120133147155155144122 93 62 34 16 12 2125 110AB 355140142915699999999999999 8521052149 1299999999999999
 43 72103129146153149137123111105108118133149159160148123 89 53 22  2 -225 111AB 5 415315331619999999999999910131052245 -399999999999999
 11 37 72108139158163156141122107100103116135154166166151121 83 43  9-1025 112AB 55416416301689999999999999911111002333-1399999999999999
-11  7 39 80119151168169157137115 99 93100118140161173170151116 73 31 -225 113AB 6351711720174999999999999991156 93999999999999999999999
-17-12 12 50 93133162174168150126103 89 88100122148169178171145106 61 2025 114AB 71117418 517899999999999999 016-181235 8799999999999999
 -8-17 -5 25 67111148170173161138111 90 81 86103129155174178165134 93 4825 115AB 743174184617999999999999999 055-181310 8199999999999999
 12 -9 -9 11 46 89129159172167148121 96 80 76 87109136160174173153119 7825 116AB 812172192417699999999999999 131-121344 7699999999999999
 38  9 -2  7 33 71111145166169155132105 83 73 76 9111514116116916113710225 117AB 83917020 116999999999999999 2 4 -21417 7299999999999999
 65 33 14 13 29 60 96131157166160140115 91 74 69 77 9611914215615814512025 118AB 9 5166203715999999999999999 234 111452 6999999999999999
 88 57 35 26 33 55 86119146161161147125100 80 68 69 80 9811913714614312925 119AB 930163211614799999999999999 3 3 261529 6799999999999999
105 79 57 44 44 57 80109135153159151134111 89 73 66 69 80 9711512813312925 120AB 95615922 213399999999999999 331 421612 6699999999999999
115 97 79 65 59 65 80101124143153152141122101 82 69 64 68 78 9210611612025 121AB102515423 312099999999999999 4 0 5917 4 6499999999999999
117108 96 85 78 77 85 98115132144148143131114 95 79 67 62 64 72 83 9510525 122AB1059148999999999999999999999 434 771812 6299999999999999
111112109103 97 93 94100110121133140142137125110 93 76 64 57 56 62 72 8425 123AB 043112114514299999999999999 522 931934 5599999999999999
 97107114116114111107106108113121129136138134125110 91 73 57 47 44 49 6025 124AB 3 3116125513899999999999999 6571062053 4499999999999999
 76 94110122128128123117111109111117126134139137128111 90 67 47 33 29 3625 125AB 428128141613999999999999999 9 11092152 2999999999999999
 52 74 98120135141139130119109104106114126138146144133112 85 56 31 16 1425 126AB 51314215231469999999999999910151042240 1399999999999999
 26 48 78109134150153146131114101 96101114132148157154138110 75 41 14  025 127AB 54715416171579999999999999911 1 962321 -199999999999999
  2 21 52 89124151163161146124103 90 88 99119142161169162139103 62 24 -425 128AB 61916417 4169999999999999991139 87999999999999999999999
-13 -3 24 63106143166172161138112 89 78 82100127154174180167136 93 46  725 129AB 650172174818099999999999999 0 0-131214 7899999999999999
-16-19  0 36 81126160177174154125 95 74 68 79105137166185185165127 79 3225 130AB 721178183118899999999999999 037-211250 6899999999999999
 -4-21-15 13 55103146174182169141107 77 60 61 79110145174189184157115 6725 131AB 752182191519099999999999999 114-211328 5899999999999999
 23 -6-14  1 35 80126162181178157123 88 61 50 57 8111515017618617514510325 2 1AB 822183195918699999999999999 151-1414 7 5099999999999999
 58 22  2  3 25 62106146173181168140105 71 49 43 55 8211614817017516113125 2 2AB 852181204517599999999999999 226  01449 4399999999999999
 93 57 30 20 29 54 90128159175173153122 88 59 41 40 55 8111214015715914525 2 3AB 922176213616099999999999999 3 2 201534 3999999999999999
119 90 63 47 45 58 83114143164170160138107 77 52 39 39 54 7710312614014125 2 4AB 953170223714299999999999999 337 441626 3799999999999999
131113 94 77 70 73 86107130149160160147125 98 72 51 39 39 50 68 8910812125 2 5AB1027162999999999999999999999 414 691730 3899999999999999
126123114104 96 93 97107121135147152149138119 97 73 54 41 37 43 56 73 9125 2 6AB 0 4126111015299999999999999 458 931853 3799999999999999
106117122122119115112113117124132139143142135121101 79 57 41 32 32 41 5725 2 7AB 230122122114399999999999999 6221122029 3199999999999999
 78 98116128134134130124119116118123130138141139128109 85 59 37 22 19 2725 2 8AB 42913514 814199999999999999 9 91162147 1999999999999999
 46 72 99123140148146138126114107107114125138147148138116 87 55 28 10  725 2 9AB 51914815351499999999999999910321062244  699999999999999
 19 43 75108136154159152136118102 94 96108127145158159146119 84 47 16 -125 210AB 5531591635160999999999999991117 942328 -399999999999999
  0 18 49 87124152165163148126103 86 82 90109134156169167148114 74 34  525 211AB 6221661723170999999999999991151 82999999999999999999999
 -7  1 27 65107143166171160136109 85 72 74 90116145168177169142103 59 2125 212AB 64817118 317799999999999999 0 6 -71222 7199999999999999
 -2 -5 12 46 88129160174168147118 89 68 62 73 96127157176179163129 87 4425 213AB 712174184018099999999999999 039 -71251 6299999999999999
 13 -1  6 33 72115151172174157128 96 69 56 58 77106139165178173149112 7025 214AB 735175191417999999999999999 1 9 -11320 5599999999999999
 34 12  9 27 61101140166175165139106 75 55 49 61 85117147168173160131 9425 215AB 757175194717499999999999999 137  81349 4999999999999999
 57 30 20 29 55 91128158173169148117 85 59 46 49 67 9512615116516214311325 216AB 817174202016699999999999999 2 2 201418 4599999999999999
 80 52 36 37 54 84118149168170155128 96 67 48 43 53 7510313014915514612525 217AB 838171205415599999999999999 227 341449 4399999999999999
 98 73 55 50 59 81110138159167159137109 79 56 45 46 60 8210712814014113025 218AB 859167213314299999999999999 251 491523 4499999999999999
112 91 74 66 68 82104128149159158143120 93 69 53 47 52 66 8510512112812725 219AB 922160222012999999999999999 315 6516 2 4799999999999999
118105 92 83 81 88102120137149152145129107 85 66 54 51 56 68 83 9810911625 220AB 947152233411699999999999999 341 811653 5199999999999999
116112106100 97 98105115127137143141133119102 84 69 58 54 56 64 74 86 9725 221AB1019143999999999999999999999 410 9718 9 5499999999999999
106112114114113112112115120126131134133127117104 89 73 61 53 50 53 62 7425 222AB 226114111813499999999999999 5141121957 5099999999999999
 89103115123127127123119116116118122127130130124112 96 77 59 44 37 38 4825 223AB 422127132313199999999999999 8431162122 3699999999999999
 65 86108126138142138129118109106108116127136140136123101 75 50 30 20 2325 224AB 45714215 21409999999999999910 61052218 1999999999999999
 38 63 93121143154153142125108 95 93100115134149156151132102 68 36 12  425 225AB 52515516 6156999999999999991047 9223 1  499999999999999
 12 35 70107140162168158137112 90 78 80 96120146166173163136 98 56 19 -425 226AB 5521681656173999999999999991121 772340 -899999999999999
 -7 10 43 86128161177174154123 92 69 61 72 97130161183187170134 89 42  625 227AB 6201791741188999999999999991156 61999999999999999999999
-12 -7 20 61109152179186171140102 68 48 48 67101141175195193169127 77 3125 228AB 647187182519799999999999999 017-131231 4599999999999999
  0-10  5 40 87135173191185158118 77 45 31 39 67108150184199191161116 6725 3 1AB 71619119 920099999999999999 053-1013 7 3199999999999999
 27  5  5 29 69116158186192174138 94 53 26 21 37 7111415518519418114810525 3 2AB 744192195419499999999999999 128  21346 2099999999999999
 63 32 21 30 59 99141174190183155114 71 35 16 17 39 7511715417718116513425 3 3AB 811190204018299999999999999 2 3 211426 1499999999999999
 98 66 47 45 61 90126159180183166134 94 55 27 14 21 44 7811514516216214725 3 4AB 839184213116499999999999999 237 4315 9 1499999999999999
123 97 77 68 73 90116144165175169147116 81 49 28 20 28 49 7810713014214325 3 5AB 9 7175223114499999999999999 3 9 681558 2099999999999999
133118103 93 91 98113132150161162152132105 77 53 36 30 36 52 72 9411212325 3 6AB 937163999999999999999999999 342 901659 3099999999999999
127125120114110111117126136145149147138123104 83 63 48 40 41 49 63 79 9625 3 7AB 0 5127101414999999999999999 4211101826 4099999999999999
110120126128127126124124126129132135135132124111 94 76 59 46 40 42 51 6725 3 8AB 315128114013599999999999999 6321242016 4099999999999999
 85105121133139140135128121116115118124130134133124107 86 64 45 33 32 4125 3 9AB 430140141613499999999999999 9461152138 3199999999999999
 60 84109131146151147135121108100 99107119133144145136117 90 62 38 24 2425 310AB 5 11511542146999999999999991033 992231 2299999999999999
 37 62 93123146159158146126106 90 83 88103123144157158145119 86 53 28 1625 311AB 52616016361599999999999999911 5 832311 1699999999999999
 22 43 75110142162167157136109 85 71 70 83107134157170166146113 75 41 1925 312AB 5491671718170999999999999991133 692344 1499999999999999
 14 29 58 95133160173167147117 87 65 56 65 87117148171178167139100 61 3125 313AB 61117317541789999999999999912 0 56999999999999999999999
 16 22 46 82121155174175158127 93 64 48 49 67 97132162180179159125 85 4925 314AB 632177182818299999999999999 014 161227 4699999999999999
 26 23 39 71110147172180167139103 68 44 37 49 75111146172182172145108 7125 315AB 65218019 018299999999999999 041 221253 3799999999999999
 43 31 39 64100137167180174150114 77 47 32 35 56 88125157176177159128 9325 316AB 711181193217999999999999999 1 6 311319 3199999999999999
 62 44 44 61 92127159177178159127 88 54 32 27 40 6710213716217216514211225 317AB 73118020 417299999999999999 131 421346 2799999999999999
 82 61 54 63 87118149171177165138102 66 39 27 31 51 8111414316016214912625 318AB 751177203816399999999999999 155 541415 2699999999999999
100 79 67 70 86111139161172167147116 82 52 33 29 40 63 9212014215214813425 319AB 812172211415299999999999999 219 671446 2999999999999999
114 95 82 80 88106129150163164151127 98 69 46 35 37 51 73 9812013513913525 320AB 834165215813999999999999999 244 791521 3599999999999999
123109 98 92 95106122139151156150135112 87 65 49 43 47 60 78 9711312412725 321AB 85815623 412799999999999999 310 9216 6 4399999999999999
125119112107106110118129139145145137123105 86 68 56 51 53 62 75 8910211325 322AB 928146999999999999999999999 3421051712 5199999999999999
119122122121119118119123127132135134129120107 92 77 65 56 53 56 65 77 9225 323AB 128123102213599999999999999 4561181859 5399999999999999
106119128133133130125121118118121125129130127118104 87 70 55 46 44 51 6625 324AB 334134124913099999999999999 8291182040 4499999999999999
 86108127141148145136124112105103109119131139141134117 94 69 47 33 30 4025 325AB 413148144314199999999999999 9411032143 3099999999999999
 61 89118143158161152133112 95 85 87100119140155159150128 97 63 36 20 2025 326AB 4421621550160999999999999991020 852230 1799999999999999
 36 66102137163174169148120 91 71 64 73 96126155174178163133 94 55 25 1125 327AB 5101741643178999999999999991055 642311 1199999999999999
 17 42 80122159181184167135 97 64 45 45 64 98136171191191170133 88 47 1925 328AB 5371861730194999999999999991130 422350 1199999999999999
 11 26 59103147180194184154112 69 36 22 31 61103148184202197169127 81 4325 329AB 6 519418172039999999999999912 6 22999999999999999999999
 22 23 46 85130170194196174133 85 41 13  7 25 63110157191204194162120 7825 330AB 63419819 320499999999999999 027 191244  699999999999999
 46 34 44 72113154186199188155109 59 19 -2  1 26 6811716119019718315211425 331AB 7 3199194919899999999999999 1 4 341324 -499999999999999
 79 57 54 70101138172192193172133 86 41  8 -5  4 33 7512015818018316814025 4 1AB 732195203818499999999999999 140 5314 5 -599999999999999
110 86 74 78 97125155178188179152113 70 32  8  2 15 43 8111914916516515225 4 2AB 8 1188213116799999999999999 215 741449  199999999999999
132112 97 93101118140161174175160134 99 64 35 18 15 28 52 8211213514714825 4 3AB 832176223614999999999999999 251 931539 1499999999999999
140129117110110118130145157162158144122 95 68 46 33 31 40 58 8010212013225 4 4AB 9 5162999999999999999999999 3301091641 3199999999999999
136135131126122122126132139144146142133118 99 80 62 50 45 48 59 74 9210925 4 5AB 016136 95214699999999999999 43312218 6 4599999999999999
123132137137135130126124123125128131132130122110 94 77 62 52 50 55 68 8525 4 6AB 237138115213299999999999999 7411231949 5099999999999999
104122136144145141132122113108109114122130134133123107 87 68 54 47 51 6525 4 7AB 341146141513599999999999999 92610821 8 4799999999999999
 85108130146154151140125108 96 91 94105120135145145134115 90 67 50 43 5025 4 8AB 41415415311469999999999999910 7 9022 0 4399999999999999
 68 93121145159161151132110 89 76 75 85104127146157156141116 87 61 45 4225 4 9AB 4401621623158999999999999991038 742239 4199999999999999
 55 79109139160169162143116 88 68 59 65 84111139160169162140110 78 54 4225 410AB 5 316917 41699999999999999911 5 592312 4299999999999999
 47 67 98131158173172154126 93 65 48 48 63 91123153172175161134100 69 5025 411AB 5251751740176999999999999991132 462342 4699999999999999
 46 60 87121152174179165137102 67 43 34 44 69103139167180176154123 89 6325 412AB 5461791814181999999999999991158 34999999999999999999999
 52 58 79111144171182174149113 75 43 27 29 48 81119154177182169143110 8125 413AB 6 6182184718299999999999999 010 511224 2599999999999999
 62 60 75102135164181180160127 87 50 26 19 31 59 97135165180177158129 9925 414AB 627183192018199999999999999 037 591251 1999999999999999
 77 68 75 96126155176182169140101 62 32 17 21 41 7511314717017616614411725 415AB 648182195317699999999999999 1 3 681319 1699999999999999
 92 78 78 93117145168179173151117 79 45 23 17 29 56 9012515316716715313125 416AB 711179202716999999999999999 130 761348 1799999999999999
108 91 86 93110134157172173159131 97 62 36 23 25 42 7010213215216015514025 417AB 73517421 516099999999999999 157 851420 2299999999999999
121105 96 96107125145161167161142114 82 54 35 29 36 55 8110813114614914325 418AB 8 1167215114999999999999999 226 951457 2999999999999999
132118108104108119134149158158147127102 76 54 41 39 47 64 8610812613714025 419AB 831159225614099999999999999 2591041543 3899999999999999
137129121115114117125136144149146136120 99 78 61 50 47 54 67 8410211913025 420AB 910149999999999999999999999 3481141647 4799999999999999
136137134129123120120124129135138138131120104 87 71 58 53 54 63 78 9611425 421AB 039137102213999999999999999 5291201816 5299999999999999
129139144143137128120115113116123130135135129116 99 80 64 53 50 57 72 9225 422AB 216144123213599999999999999 7461131948 5099999999999999
115135149155152141126110 99 96100111126138145143132112 88 66 50 44 51 6925 423AB 3 8156141814699999999999999 857 962057 4499999999999999
 95123148164167158138114 91 77 74 84103127149161161147122 92 64 45 40 5025 424AB 345168153016399999999999999 942 742151 4099999999999999
 74106139165178175156125 92 65 50 52 71100134162179178160129 94 63 43 4125 425AB 4181791627180999999999999991022 492237 4099999999999999
 57 87123158182189175144104 65 36 25 35 63102143176193189167132 94 63 4725 426AB 44918917191949999999999999911 2 252320 4599999999999999
 50 71106145177195191166125 78 36 10  5 24 61108153187202194168131 94 6625 427AB 52119618 9202999999999999991141  4999999999999999999999
 56 65 92128165192200186151103 53 13 -8 -5 21 64114160192202191163128 9525 428AB 553200185820299999999999999 0 1 561223-1099999999999999
 74 70 85113148180198196173131 81 34 -1-15 -5 26 7112016319019618215612525 429AB 626200194819699999999999999 042 6913 5-1599999999999999
 99 85 87105133163187196186156113 65 23 -4-12  3 36 7912416018118417014825 430AB 7 0196203918599999999999999 122 841350-1299999999999999
123105 98104121146169185186170140 99 58 23  3  0 17 47 8612315316816915825 5 1AB 735187213417199999999999999 2 3 981437 -199999999999999
141124112109116132150167175172155127 93 59 32 17 17 32 59 9012014315515725 5 2AB 814176223715799999999999999 2461091529 1599999999999999
149138126119117123134147157161156142119 93 66 46 34 35 47 67 9211613414625 5 3AB 9 0161235514999999999999999 3401171628 3399999999999999
149145138129123121123129136143146144134118 99 78 61 51 49 57 72 9211212925 5 4AB10 5146999999999999999999999 5 11211738 4999999999999999
141146146140132124118116117122129134136132123108 91 75 63 59 64 76 9311225 5 5AB 120147115213699999999999999 7 21161858 5999999999999999
130143150149142131119108102102108117127134136130118101 84 71 65 68 79 9725 5 6AB 224150134413699999999999999 8311022011 6599999999999999
117137150156152141124107 93 86 87 96111127139144140127108 89 74 67 71 8425 5 7AB 3 715615 314499999999999999 922 8521 9 6799999999999999
105128147160161152134111 90 75 69 75 90111132148154148132110 89 74 69 7625 5 8AB 33916216 015499999999999999 959 692155 6999999999999999
 94117142160168163146120 93 69 56 56 69 92119143159163153133109 87 74 7325 5 9AB 4 71681645163999999999999991031 542233 7299999999999999
 85107133157171172158132100 70 48 41 48 70100131156170169154130104 84 7525 510AB 43317317251719999999999999911 0 4123 8 7599999999999999
 81 98124150170177168145112 77 47 31 31 48 77113145169177170150123 99 8325 511AB 45717718 1177999999999999991129 292340 8099999999999999
 80 92114142165179177158126 88 53 29 20 30 55 91128159177179166142116 9425 512AB 5221801836180999999999999991158 20999999999999999999999
 85 89106132158176181169141104 65 34 17 18 36 6810614216918017515713210825 513AB 548181191118099999999999999 012 841227 1599999999999999
 93 90101122147170181176155122 83 47 22 13 22 48 8312115317317716714612325 514AB 614181194517899999999999999 042 891259 1399999999999999
103 94 98114136160176179166139103 65 34 17 16 33 62 9813315917217015613625 515AB 642179202217399999999999999 113 941332 1499999999999999
116102 99108126148166176171153122 87 53 29 19 25 45 7610913915916716114725 516AB 71317621 316799999999999999 145 9914 8 1999999999999999
129113105107118135154167170161139109 76 48 30 26 36 57 8611614115616015325 517AB 746171215016099999999999999 2201041448 2599999999999999
140126114109113124139154162162150128101 73 49 36 35 46 67 9311914015315525 518AB 826163224715599999999999999 3 41091536 3499999999999999
149138126117113116125137148155153142123 99 75 55 44 44 54 73 9612013915125 519AB 919155235315499999999999999 4 31131633 4399999999999999
154150140128118113113119129139146146139124104 83 64 53 51 60 76 9812114025 520AB1034147999999999999999999999 5261121741 5199999999999999
153157153143129115105102106116128138144142131114 94 75 62 57 64 7910112425 521AB 1 0157121414499999999999999 6561021855 5799999999999999
145159164158143124105 90 84 88100117135147151144128107 85 69 63 67 8310625 522AB 156164135115199999999999999 8 6 8420 5 6399999999999999
132155169171161140113 87 68 61 67 85110135155163158142119 94 76 68 73 9025 523AB 24117215 916399999999999999 9 1 6121 8 6899999999999999
115143167179177159130 96 64 43 37 48 74107140165177173155129102 82 74 8025 524AB 322180161417799999999999999 950 3722 3 7499999999999999
100128157179188179153115 74 39 18 16 34 67107147175188183163135107 87 8125 525AB 4 01881712189999999999999991036 152254 8199999999999999
 90113142171190193176142 98 53 17 -1  2 26 65111154184195188166137110 9325 526AB 43919418 6195999999999999991121 -32341 8999999999999999
 90102126156182196193169129 81 35  1-13 -4 26 6911716018819718716513711225 527AB 51919718581979999999999999912 7-13999999999999999999999
 98 99114139167189198188159116 67 24 -6-15 -1 32 7612316318719318115913425 528AB 559198194819399999999999999 027 961254-1599999999999999
113103107124148173191194179147104 58 20 -4 -8  9 42 8512816318218417215225 529AB 641194203818699999999999999 1121031341 -999999999999999
130113108114131153174186185168136 96 55 23  4  5 24 56 9513216117517416225 530AB 725188212717699999999999999 1581081429  299999999999999
144126114111119134153170178174156127 92 57 31 18 22 41 7010413515716716525 531AB 812178221716899999999999999 2451111517 1899999999999999
153138123114112119133148161166161145120 91 63 43 35 40 58 8411213815516125 6 1AB 9 316623 716199999999999999 33911216 6 3599999999999999
158147133121113111116127139149154150137117 94 72 57 52 58 74 9612014015325 6 2AB10 4154235915899999999999999 4431111658 5299999999999999
158153143130118109106109117128137143141133118100 83 71 67 73 8710612614325 6 3AB1120143999999999999999999999 5591061754 6799999999999999
154157152141127113102 97 98105116127135138133122108 94 83 80 85 9711413225 6 4AB 051157125113899999999999999 717 961855 8099999999999999
147157158151138121104 91 84 85 94107121133139138130117103 93 89 9310512125 6 5AB 139159142014099999999999999 821 841959 8999999999999999
139153161160150132111 91 76 69 73 84102121137146146138124110 99 95 9911225 6 6AB 223162153114799999999999999 910 692058 9599999999999999
129147160165160145122 97 74 59 55 63 80103127146156155145129113102 9810525 6 7AB 3 1165162615799999999999999 951 552151 9899999999999999
119138155167168158136108 80 56 44 44 58 8111013715716516214913011310210125 6 8AB 3371691712166999999999999991028 42223610099999999999999
110127147164173169151124 91 61 39 31 38 59 8912115016817316514812811010225 6 9AB 41117317521739999999999999911 2 31231610199999999999999
105118138158173176165141108 73 43 25 23 38 6610013516217617616314312210725 610AB 4441771829178999999999999991136 22235310299999999999999
102110127149168179176158127 90 55 28 17 22 44 7711414817118017415713511525 611AB 51818019 4180999999999999991211 16999999999999999999999
104105117137160177182172147112 74 40 19 14 26 54 9112815917718016814812725 612AB 552182194018099999999999999 0271031246 1399999999999999
110103109126148169182181165135 97 60 30 14 16 35 6710514016617817516013925 613AB 628183201717999999999999999 1 21031323 1399999999999999
119106105115134156174182176155122 84 49 25 16 24 47 8111815017017716915225 614AB 7 5182205617799999999999999 13810414 2 1699999999999999
131114105107120140161176179169144111 75 44 25 22 35 61 9512915617217316325 615AB 746180213717499999999999999 2181041442 2199999999999999
145125110104109123142161172173160135103 71 45 31 32 48 7510713816117217025 616AB 832174222017299999999999999 3 31041525 3099999999999999
157139120107102108122139156166165152129100 72 51 41 46 63 8911814516417125 617AB 92616723 517199999999999999 3571021612 4199999999999999
166152134115102 97102114131147157158147127103 80 62 55 60 7710112815116625 618AB1032159235417199999999999999 5 0 9717 5 5599999999999999
171164149129108 93 87 90102119137149153147132112 92 77 71 75 9011213515625 619AB1153153999999999999999999999 6 9 8718 5 7199999999999999
169172163146122 99 81 72 74 86105126143152151141125107 93 86 8910112014225 620AB 044172132615399999999999999 719 711913 8699999999999999
161173174163142115 87 65 54 55 69 91117140155160154140123107 98 9911012725 621AB 136175145616099999999999999 824 532026 9899999999999999
148167178177163138106 73 47 34 36 52 7911114116217116715413511810710611525 622AB 227179161217199999999999999 923 33213610599999999999999
133154173183180163133 95 59 30 16 20 40 7211014517018217816414312411111025 623AB 3191841715182999999999999991018 15223810999999999999999
120138161180189184162127 85 45 15  2  9 34 7111315217919018516814512411225 624AB 4 91891810190999999999999991110  2233311099999999999999
111123144167187194185159120 75 34  5 -6  5 34 7612015918519318516614212125 625AB 45919418591939999999999999912 0 -6999999999999999999999
110112126149173192197184155113 67 26  0 -6  9 42 8513016618819218115913425 626AB 548197194419399999999999999 0211091247 -799999999999999
115107112130154178194196180147104 60 23  1  1 20 55 9914017218818717114825 627AB 636197202519099999999999999 1 61071332 -299999999999999
125109105114133157180192190171137 96 55 24  9 14 38 7411415117618517816025 628AB 72319421 218599999999999999 1491051415  999999999999999
137116104104115135158177186180159127 89 55 31 23 34 59 9413015917717916725 629AB 8 8186213818099999999999999 2311021455 2399999999999999
148126109100103116136156171176168147117 85 58 42 42 56 8211314316517517125 630AB 853176221217599999999999999 3151001533 4099999999999999
157137117103 98102115133150161164154135110 86 67 58 62 7910313015316817125 7 1AB 941164224517199999999999999 4 2 981610 5899999999999999
163147128111 99 95100111126141150151143128109 91 79 76 83 9912014215916725 7 2AB1037152232116899999999999999 456 951649 7599999999999999
166155139121105 94 90 94104118130139142137126113101 93 9310011413214816025 7 3AB1150142999999999999999999999 557 901734 9299999999999999
165161150134115 99 88 83 86 9510812113213713713112211310710711312413815125 7 4AB 0 2165132513899999999999999 7 5 83183310699999999999999
160163158146129110 92 79 74 76 8510011613013914314013312511811612012914025 7 5AB 05116315 114399999999999999 812 73195111699999999999999
152160162157143124102 83 68 62 65 77 9511513314715215014313312412012213025 7 6AB 147163161315299999999999999 910 62211012099999999999999
142154163164157141118 93 71 55 50 56 72 9512014215716315914913612411912125 7 7AB 24216517 416399999999999999 958 50221311999999999999999
131145158168168157137110 81 56 41 39 49 7110013015416917216414913312111625 7 8AB 3321691745172999999999999991041 3823 011699999999999999
121133150166175172157131 99 67 42 29 31 48 7711114316717817616314512611425 7 9AB 4181751821179999999999999991121 28233911299999999999999
113122139159175182175154122 85 51 28 19 28 53 8712515717818417615813611725 710AB 5 01821855184999999999999991159 19999999999999999999999
108111126148170185188175147110 70 37 17 15 32 6310214017118618617114812525 711AB 541189192818899999999999999 0151081236 1499999999999999
108104113132157180193190171137 96 56 26 12 17 41 7811915618219118316213625 712AB 62219420 119199999999999999 0501031313 1199999999999999
114100101116140166187196188163125 83 45 20 14 27 57 9613717018919017515125 713AB 7 3196203419299999999999999 127 991350 1399999999999999
124103 94100119145172190195181152113 73 40 23 24 43 7611615418019118516525 714AB 74619521 719199999999999999 2 6 941427 2199999999999999
138112 94 90100121148173188188172141105 69 43 33 40 64 9813516718618917625 715AB 831190214119099999999999999 248 8915 5 3399999999999999
153125101 86 85 97120146168180178161133101 72 54 50 62 8711915117518718325 716AB 921181221518799999999999999 335 841544 5099999999999999
166141114 92 79 80 93114138158169167152130104 83 71 72 8510813616117818325 717AB1020170225318399999999999999 427 781627 7099999999999999
175157131105 84 73 73 85104126146157158148133115100 92 9410612514716617725 718AB1134159233717999999999999999 528 711717 9299999999999999
179169150125 99 78 65 64 73 9111213214615215014112911811211312213515116625 719AB1313153999999999999999999999 638 63182311299999999999999
175175166147123 96 73 57 52 59 75 9712014015315715414613612812512913815125 720AB 03317615 215799999999999999 755 52195612599999999999999
164173175167149123 94 67 47 39 43 60 8511313915816816816014813612912913625 721AB 142175162816999999999999999 9 8 39213212899999999999999
149163175179172153125 92 60 36 25 30 49 7811214416818017916815213712612425 722AB 2551791726181999999999999991012 25224212499999999999999
132147165180186179158126 87 51 24 13 20 44 7911815417919018517014913011825 723AB 4 118618121909999999999999911 7 13233311699999999999999
117128148170188195186161123 81 42 15  7 18 48 8813016718919518516413911825 724AB 4581951850195999999999999991155  6999999999999999999999
108112128152177196201188158116 71 33 10  7 25 6010314617919619417715112525 725AB 548201192419799999999999999 0151081238  699999999999999
106100109131158185202202184150106 62 28 11 16 41 8012416318919718716413525 726AB 633204195519799999999999999 0531001316 1199999999999999
110 96 96111136165189202197174137 94 55 29 21 34 6510514517719419217414725 727AB 715203202319599999999999999 129 941351 2199999999999999
119 98 89 95114142169190196186159122 84 53 37 39 59 9213016418619218115825 728AB 754197204919299999999999999 2 5 891423 3599999999999999
130104 89 86 97119146170185185170143110 79 58 52 62 8611915217718918416725 729AB 833187211418999999999999999 240 851453 5299999999999999
141114 94 84 86101123146165175171154130103 81 70 72 8711314116718218417325 730AB 913175213918599999999999999 317 831521 6999999999999999
152126103 87 82 88103123143157162156141122103 90 87 9411113415617318017525 731AB 95716222 518099999999999999 358 821550 8799999999999999
160139116 97 85 82 8910311913514614914513512211010410511412914716217217325 8 1AB1055149223617499999999999999 446 82162210499999999999999
165149130110 94 84 82 87 9911212613514014013512812212012212914015216116625 8 2AB1223141231716799999999999999 545 8217 711999999999999999
165157143126108 93 83 79 82 9110311612813714114213913613313313614215015725 8 3AB1437142999999999999999999999 7 2 79183313299999999999999
161160154142126108 92 79 73 73 80 9310912614014915315114714113713613914525 8 4AB 022161161115399999999999999 826 72204313699999999999999
152158160156145128108 87 71 62 61 70 8710813014916116516115214213413013325 8 5AB 150160165916599999999999999 933 6022 313099999999999999
141152162166163150129104 78 58 48 49 63 8611414116217417516615113612512225 8 6AB 3 51661733176999999999999991023 47224912299999999999999
128142158171177171154127 95 65 43 34 40 61 9112615617818518016414312511425 8 7AB 4 217718 41869999999999999911 5 34232511399999999999999
115128147168184188178154119 82 49 28 24 38 6710514317419119217815512911125 8 8AB 4501891832194999999999999991143 23235910499999999999999
104111131157182197198181149107 66 33 17 21 44 8112416319120119216913911225 8 9AB 53320019 1201999999999999991219 16999999999999999999999
 96 95111138168195208203178139 93 52 23 14 27 5910214618320320318415412125 810AB 614208193020599999999999999 032 941254 1499999999999999
 95 84 90113146179204212201170126 81 43 22 22 44 8112616819820819717013525 811AB 656212195820899999999999999 1 8 841329 1999999999999999
101 80 75 89117152185207210192158114 73 42 31 40 6810815118620620518415125 812AB 739211202720899999999999999 145 7414 3 3199999999999999
115 84 68 70 89120156186203201180146107 73 52 49 66 9613517119620519416725 813AB 824204205620599999999999999 225 671438 4899999999999999
132 98 72 61 68 90121154180192187166137106 81 70 75 9412315618319819717925 814AB 912192212619999999999999999 3 7 611513 7099999999999999
151117 87 66 59 68 89117146167176171155133112 97 9310112014416818619218525 815AB10 9176215819299999999999999 356 591550 9399999999999999
165138108 82 65 60 67 8610913315116015915013712511711712513915617118118225 816AB1124160223718399999999999999 453 60163311699999999999999
173156132107 84 68 61 65 78 9711713414715215214714113713613914715716617225 817AB1323152233817499999999999999 6 7 61174213699999999999999
173167154135112 90 71 60 59 66 8210112214015315916015715114614414515015725 818AB1539161999999999999999999999 740 58201114499999999999999
164169168159143121 96 72 56 49 53 68 9011614116017117316815814713813513925 819AB 121169164417499999999999999 9 7 49215613599999999999999
148160171175170154128 98 69 47 37 41 59 8712015017318418317215513712512225 820AB 2591751724185999999999999991012 37224912299999999999999
129144163179187181162132 95 61 37 27 35 59 9413216518719418516614312211025 821AB 4 818717561949999999999999911 2 27232710999999999999999
111124146171190198190165128 87 51 27 23 38 7011015018219819617915312510425 822AB 5 01981824199999999999999991143 22999999999999999999999
 96104125153182202206191160118 75 41 24 28 52 9013217119620319116513310525 823AB 544207185020399999999999999 0 1 961219 2399999999999999
 88 88103131164192209206185148104 64 37 29 43 7411615718920419917714511225 824AB 624210191520599999999999999 032 861251 2999999999999999
 87 78 86109141174199209199171132 91 58 41 44 6710314417920120318615612225 825AB 7 1209193720499999999999999 1 3 781320 4099999999999999
 92 74 73 89117151181200202185154117 82 59 54 67 9613216819420319316713425 826AB 736203195820399999999999999 133 721347 5399999999999999
101 77 68 75 97127159183194189168138106 81 69 74 9412515818519919517614625 827AB 810195201920099999999999999 2 3 681412 6999999999999999
113 85 69 68 81106135162179183173152125102 87 85 9712114917519119418115725 828AB 846184204019599999999999999 235 661437 8499999999999999
126 97 76 68 73 8911313815917016915813912010510010512014216418118818216425 829AB 92617121 218899999999999999 3 8 6815 210099999999999999
139112 89 75 72 79 9611613615115815614713412211611612413815517017817816825 830AB1014158212717999999999999999 347 71152811599999999999999
149127106 88 79 78 85 9811412914014614614213613112913113814815916717016625 831AB1131147215817099999999999999 437 7716 012999999999999999
156141123106 93 84 82 86 9510611913013814314514514314214314514915415816025 9 1AB1419145225416099999999999999 551 82171614299999999999999
157151140127112 98 87 81 80 85 9510812313614715415715515114714414314514925 9 2AB16 4157999999999999999999999 737 80204314399999999999999
153155154147135119101 85 74 69 73 8410212314315916816916315314313513213625 9 3AB 1 7155163916999999999999999 9 4 69215513299999999999999
144154162164158144123 98 76 60 54 61 7810313115717518217716414613012112025 9 4AB 24816417 518299999999999999 959 54223211999999999999999
130145162175179170150121 89 61 44 41 54 8011414817619119117815513111310525 9 5AB 3501791731193999999999999991041 4023 410599999999999999
111128153176192194179151113 75 45 30 34 56 91132169195203193169138110 9225 9 6AB 4381951757203999999999999991118 302336 8999999999999999
 91106133165193208205183146102 61 33 25 38 69112156191210207185151115 8625 9 7AB 5212091823211999999999999991153 24999999999999999999999
 73 80105141179207219210180136 89 51 29 30 52 92138181209217201169127 8925 9 8AB 6 4219184921799999999999999 0 9 731228 2699999999999999
 64 59 76109151190217223206171125 80 48 36 46 7712016520121821318614510225 9 9AB 647224191621999999999999999 043 5813 2 3699999999999999
 66 47 51 76115158196218218196159116 78 56 53 7210614818621221720016512125 910AB 730221194421899999999999999 120 461337 5299999999999999
 79 50 39 50 79120162194210206182148112 85 72 7810113517019921220618114325 911AB 816211201221399999999999999 159 391411 7299999999999999
101 65 42 39 54 84122159185196189168141115 99 9510612815718320120419016225 912AB 9 6196204020499999999999999 241 381445 9499999999999999
126 89 60 45 45 61 8812014917017717215814012511711913014816918519318917325 913AB10 4177211119399999999999999 329 43152011699999999999999
147117 88 65 53 54 66 8711213515116016015414513813513814615716917717917425 914AB1128160214917999999999999999 427 5216 313599999999999999
161141118 96 77 65 62 68 8210011913514715415715515315014915115515916316525 915AB14 515723 616599999999999999 548 62175214999999999999999
164157145128109 90 75 66 65 73 8710612614415716516716415715014514214414925 916AB1549167999999999999999999999 734 6421 414299999999999999
156161161155142122100 79 64 58 63 7810012614916817717716815514113012612925 917AB 137162162817899999999999999 9 3 5822 312699999999999999
140153166173169155131103 76 57 49 56 7510413516318118718016414312311110925 918AB 31217316571879999999999999910 2 49223910899999999999999
119137159177186181163133 99 68 48 44 57 83118152180194192176150123102 9325 919AB 4111861723195999999999999991045 432310 9299999999999999
 98116142170191198188163127 89 59 43 46 67100139173195200188161129100 8225 920AB 4561981746201999999999999991121 422339 7899999999999999
 79 93120153183202204187155115 78 53 45 58 87125163192205198174139105 7825 921AB 53620518 8205999999999999991152 45999999999999999999999
 67 74 97131167195208202178141102 70 53 56 78113152185204204185151113 8025 922AB 612209182920799999999999999 0 7 671221 5299999999999999
 61 59 76107145179202208193164126 91 68 62 76105141176200207193164125 8825 923AB 646208184920799999999999999 034 581248 6299999999999999
 61 51 60 86121158188203200179147114 87 74 7910013216619320519917413810025 924AB 71920419 920599999999999999 1 2 511313 7499999999999999
 68 50 50 68 99135168190197186163133106 89 8710112615618420019918215111425 925AB 752197192920299999999999999 129 481338 8699999999999999
 80 56 48 57 80112145172186185171148124106 9910512314817319119618516112825 926AB 826187195019699999999999999 158 4814 2 9899999999999999
 95 68 54 54 68 9312215016917617115613812111211212314116218018818416714225 927AB 9 4176201218899999999999999 229 52142811199999999999999
112 85 66 59 64 8010312714816016315814713412512212713815316717717816915125 928AB 949163203617999999999999999 3 5 59145412299999999999999
128104 84 71 68 74 8810612514014915214914413813413513914715616416716515525 929AB105815221 416799999999999999 349 68152813499999999999999
140122104 89 80 77 81 9010311713013914614814814714514414514815115515615425 930AB1329149215415699999999999999 455 7717 114499999999999999
148138126112 98 88 81 80 85 941071211351471551591581541481431401401421462510 1AB1518159999999999999999999999 640 80203414099999999999999
149149145136122107 91 79 73 74 83 991191391571681711661561431321261261322510 2AB 034149155317199999999999999 819 72213012599999999999999
142152159158149133111 88 70 61 62 76 981251521731831811681491291131071122510 3AB 228160162018499999999999999 921 6022 410799999999999999
126145163175175163139109 80 58 49 55 76106141171191195184160131105 89 882510 4AB 33217716461959999999999999910 7 492235 8799999999999999
102126155180193191172140103 70 47 42 56 85124162192206200176141105 77 652510 5AB 4221951712206999999999999991046 4223 8 6599999999999999
 73 97132169197210202176137 95 61 42 45 67105148186210213194158115 75 502510 6AB 5 82101738214999999999999991123 412342 4499999999999999
 45 63 98141183212220206173130 88 58 47 58 88130173206219210178133 86 472510 7AB 55322018 62209999999999999912 0 47999999999999999999999
 28 33 60103151193219222203166124 86 63 61 80114156194217219197156106 592510 8AB 638224183422199999999999999 019 271236 5999999999999999
 27 16 29 63110158197218216193157120 90 76 82106140177206218208177132 832510 9AB 72422019 421899999999999999 057 161312 7699999999999999
 42 17 14 33 70116161194208202180150120100 95106130161190208209191156113251010AB 812208193421199999999999999 138 121349 9599999999999999
 69 35 18 21 43 78119156182192186168145125114115128149173192200194172139251011AB 9 519220 520099999999999999 222 17142611399999999999999
102 66 40 29 34 54 84117147167174171159145134129132143158173184185176157251012AB10 8175204118699999999999999 312 2915 812999999999999999
130100 73 53 45 48 63 86111134151160161157150144141143148156164169168162251013AB1140161212916999999999999999 412 44161214199999999999999
148129108 87 70 61 60 68 84103122139151158160157153148144143144148152154251014AB1351160231915499999999999999 534 59185614399999999999999
153148137121103 86 73 66 69 79 95115135152163167164157146136129127130137251015AB15 6167999999999999999999999 714 66205412799999999999999
146153154148135116 96 78 67 66 75 93116140160172174167153136120110108115251016AB 144154154517599999999999999 837 65214110899999999999999
129145159165161146124 99 78 65 64 76 98126152173182178163141118 99 90 93251017AB 3 7165161318299999999999999 933 632215 9099999999999999
107129152170177171152125 96 73 62 66 84111142169186188175151122 95 77 73251018AB 4 21771638189999999999999991016 622245 7399999999999999
 84107136164182187175150119 90 69 64 74 99131162186194186163130 97 71 59251019AB 44618717 1194999999999999991051 632313 5899999999999999
 63 84115149177193191173143111 83 69 71 90119153181197195175142104 71 50251020AB 5241941723198999999999999991122 672340 4699999999999999
 47 62 92128164189198189165133102 80 74 85110143174195199185155116 77 49251021AB 6 01981744200999999999999991151 74999999999999999999999
 37 44 69105144177196197181153122 96 82 85104133165189200192167129 89 54251022AB 63419918 520099999999999999 0 7 371219 8199999999999999
 34 33 50 82121159186197190169140113 94 90101125154181197196177143103 66251023AB 7 7197182719899999999999999 034 311246 9099999999999999
 39 29 37 62 98136169188191178155129108 98102119144170189194183156120 82251024AB 740192185019599999999999999 1 2 291313 9899999999999999
 50 33 32 49 78113147172184180164143122109107117136159179189184166135100251025AB 815184191418999999999999999 132 30134010699999999999999
 67 44 35 42 63 93125152170174167152135120114118130148166179181170147118251026AB 852175193918199999999999999 2 3 3514 911499999999999999
 87 62 46 44 55 76103130151162164156144132124122128140154166172168154133251027AB 93816420 817299999999999999 239 43144212299999999999999
107 82 64 54 55 67 85108129145154155150143135131131135143152159161155143251028AB1041155204416199999999999999 323 53153113099999999999999
125104 85 71 63 64 73 88106124138148152151147142137135136139144148149146251029AB1218152214814999999999999999 423 63171413599999999999999
138125109 93 80 71 69 75 86101119135148155157154148139132128127130136141251030AB1353157999999999999999999999 546 69193712799999999999999
143141133120104 88 75 69 71 81 97117138155165167161149134120111110115126251031AB 0 3143144516799999999999999 718 69204310999999999999999
138148151146133114 93 75 65 66 77 97122148168178176163142118 99 88 891012511 1AB 156151152117899999999999999 829 642125 8799999999999999
121142159167163146122 95 73 61 62 78104135163183189179156124 94 71 63 702511 2AB 3 9167155218999999999999999 924 6022 2 6399999999999999
 92121152175184178156126 94 70 59 64 86118153182198195174139 99 64 42 392511 3AB 4 51851622199999999999999991010 592239 3899999999999999
 55 87127165191199189162127 93 69 62 74101137173198207193161116 70 34 162511 4AB 4561991653207999999999999991053 622317 1599999999999999
 21 47 89136177203209193163126 93 73 72 89120158191209207183141 91 43 102511 5AB 5452091725211999999999999991134 702357 -199999999999999
 -1 12 46 94144185209210191159124 95 82 86108141176202212200167120 68 232511 6AB 6332121758212999999999999991215 81999999999999999999999
 -4 -8 12 51101150188207204184154123101 94103127158187206207187149101 522511 7AB 723208183320999999999999999 039-101255 9499999999999999
 13 -7 -5 19 60107152184198193174148124109107119142168191201195171133 882511 8AB 813198191020299999999999999 124 -9133710699999999999999
 46 14  0  7 31 691111491751851801641441261171191311501701851901801561222511 9AB 9 8185195019099999999999999 211  0142111699999999999999
 83 49 24 15 23 45 77112143163171168156142130124127136150164173174164144251110AB10 9171203617599999999999999 3 3 15151412499999999999999
116 86 59 40 33 39 58 83111136153161160153143134129128133142151157158152251111AB1122161213915999999999999999 4 1 33163112899999999999999
137117 94 73 57 50 54 67 87110131147156157153145135128123124128134141145251112AB1244157231914599999999999999 5 9 50182712399999999999999
144137123106 88 73 65 65 74 90110130146157159155145133120112108111118128251113AB1352159999999999999999999999 626 6420 410899999999999999
137142141132117100 84 74 72 79 94114135152162164156142124107 95 90 94106251114AB 117143144016499999999999999 742 7221 2 9099999999999999
121136146148141127108 91 79 77 84101122144161169166153132109 88 75 73 82251115AB 244149151517099999999999999 845 762142 7299999999999999
 99121141155158149133112 93 81 81 91111134157171175165144116 88 67 56 60251116AB 346158154517599999999999999 934 792216 5699999999999999
 75100128151165166154134111 92 83 86101124149169179175156127 94 65 46 42251117AB 4341671612179999999999999991016 822246 4199999999999999
 53 77108140164175171155131108 91 86 94114139164180182168140105 70 43 30251118AB 5151751638183999999999999991052 862316 2999999999999999
 34 54 86122154175181171151125103 90 91106129155176185177154120 81 47 25251119AB 55218117 4185999999999999991126 892345 2099999999999999
 21 34 63100137167182182166143118 99 93100120145169184183167135 96 58 29251120AB 6271841730186999999999999991158 93999999999999999999999
 15 20 42 77116151176184177157133111 98 98112134159178185176151114 75 40251121AB 7 1184175718599999999999999 014 151228 9699999999999999
 18 13 27 55 93131161179180167146123106100107124147169182180163132 94 57251122AB 735181182518399999999999999 045 13125810099999999999999
 28 15 19 39 71108142166176171156135116105105116136157173179170147114 78251123AB 810176185517999999999999999 117 14133010399999999999999
 46 24 19 29 53 86120148166170161145127113107112125144161172171157132100251124AB 847170192717399999999999999 151 1814 310799999999999999
 67 41 27 27 42 67 98127150162162153138123113111118131147160165160144119251125AB 93016420 416599999999999999 229 25144411199999999999999
 90 63 42 34 38 54 78106131149158156147135123115115120131143153155149134251126AB1020158205015699999999999999 311 33153811499999999999999
112 87 64 49 43 48 64 86110132148155154146135124116114117125135142145141251127AB1120156215514599999999999999 4 1 43165411399999999999999
129111 90 71 57 52 57 71 91113134149156156148136122112106106112122131138251128AB1224157233113899999999999999 5 1 52182610599999999999999
138130117 99 81 68 61 64 76 94116137153161160150134116100 90 88 95107122251129AB1322162999999999999999999999 612 611942 8899999999999999
134141139128112 93 78 69 69 80 99121144161168165150127102 81 68 66 75 94251130AB 117141141016999999999999999 726 682039 6599999999999999
116136149152143126105 86 75 74 85105130154171176167145115 83 56 41 42 572512 1AB 243152145317699999999999999 834 732128 4099999999999999
 84115143161167158139115 93 80 79 91114141166182182166136 97 59 29 16 212512 2AB 352167153318499999999999999 934 782213 1599999999999999
 44 79118152174180170148121 98 84 85100125154178190185161122 77 35  5 -52512 3AB 4501801613191999999999999991027 832259 -599999999999999
  6 36 79124162185190177152124100 89 92110138167189196183152107 58 15-132512 4AB 5441901653196999999999999991116 882344-1999999999999999
-19 -1 35 83131169191193177151123102 93100121149177195196178141 92 42  12512 5AB 63619417351989999999999999912 3 93999999999999999999999
-22-23  0 40 89137173191190173147121103 98108130158182196192169129 81 332512 6AB 725193181819799999999999999 031-251248 9899999999999999
 -4-22-17  8 50 97141173187182164140117103102115137162182191183158118 732512 7AB 81418719 319199999999999999 118-23133410199999999999999
 30 -1-13 -5 22 621061441701781721541321141041061191391611771821711461092512 8AB 9 2178195018299999999999999 2 5-13142110399999999999999
 69 33  9  2 13 40 761141451641691611451261111041071191361541661681571342512 9AB 950169204016999999999999999 253  2151210499999999999999
103 70 41 24 21 33 58 89121145159161152137121108103105115129143152153144251210AB1038161213715499999999999999 341 20161210399999999999999
125100 75 53 41 41 54 75101126145155154146132117105 99 99106117129137139251211AB1126156224713999999999999999 430 401725 9899999999999999
133120102 83 67 59 60 71 90111131146153151142128113100 92 90 94103114124251212AB1217153999999999999999999999 522 581848 9099999999999999
129128120108 94 82 75 76 85101118135147152149139124107 91 80 77 80 89102251213AB 02012913 815399999999999999 621 7520 1 7799999999999999
115125128125117105 94 88 88 95108124140150154149136118 97 78 66 61 66 79251214AB 2 2128135615499999999999999 728 872058 6199999999999999
 96113127135134126115103 96 95101114130145154156148131108 83 62 49 47 55251215AB 325135144015799999999999999 838 942143 4699999999999999
 73 95118135144144135121108 99 98105119136151159157144121 94 66 44 33 35251216AB 425145152016099999999999999 938 972221 3399999999999999
 50 74102128147155151139123108 99 99109125143158163156137108 76 47 27 21251217AB 5111551557163999999999999991028 982256 2199999999999999
 29 51 81114141159163155138119104 97101114133152165165152126 92 57 29 13251218AB 54916316331679999999999999911 9 972330 1199999999999999
 13 29 58 94128154167166153133113 99 96105122144162170164144112 74 39 14251219AB 62516817 7170999999999999991145 96999999999999999999999
  4 12 36 71109142164171164146124105 95 97111132154169172159132 95 56 23251220AB 658171174117399999999999999 0 3  41219 9499999999999999
  4  2 18 48 86124154170170157135113 98 93101120143163174170150117 78 40251221AB 731172181617499999999999999 037  01251 9399999999999999
 12  0  6 29 63103138162171164146124104 93 94107129151168174163138102 63251222AB 8 3171185117499999999999999 111  01324 9299999999999999
 28  7  2 15 44 80118148166168156135114 97 91 97114136157169169153124 87251223AB 837169192817199999999999999 145  114 0 9199999999999999
 51 22  7 10 29 61 97131155166162146125106 93 91100118139157165160141111251224AB 91216620 916599999999999999 221  61440 9099999999999999
 76 44 22 14 23 46 78112141159164155138117 99 89 90101118137152157149129251225AB 949164205515799999999999999 258 141526 8899999999999999
101 70 44 29 27 39 63 94124148160160149130110 94 85 86 97113130143147139251226AB1029162215114799999999999999 338 261622 8499999999999999
122 97 72 52 41 43 56 79107133151160156143124104 87 78 78 87102119132137251227AB111216023 413799999999999999 423 401728 7799999999999999
133120101 81 65 57 60 73 93117138153159154139118 96 78 66 65 72 87105120251228AB12 0159999999999999999999999 515 571840 6499999999999999
130131124111 95 82 75 76 86103123142155159153136113 88 65 51 47 54 69 90251229AB 038132125315999999999999999 620 741952 4699999999999999
111127135134125112 99 90 89 96110128145158161154135108 78 51 32 26 33 52251230AB 222136135116299999999999999 740 882057 2699999999999999
 78106130144148142129114103 98102114131148161165155133101 66 34 12  5 15251231AB 351148144716599999999999999 9 4 982156  599999999999999
