 18 29 40 51 59 65 69 74 79 87 97110123134142144139124102 76 50 28 13  925 1 1AS144914499999999999999999999923 0  9999999999999999999999
 13 22 34 45 54 60 64 68 72 77 85 96110123134141142134117 94 68 43 24 1425 1 2AS15351429999999999999999999992332 13999999999999999999999
 13 20 30 41 51 59 63 65 67 71 75 83 95108120130136135125107 84 60 39 2425 1 3AS16211369999999999999999999999999999999999999999999999999
 19 22 31 41 52 60 65 66 67 67 69 73 80 91103114122126123112 95 75 54 3825 1 4AS17 9126999999999999999999999 0 2 19999999999999999999999
 29 29 36 45 55 65 71 73 71 69 68 67 69 75 84 94102109112109 98 83 67 5225 1 5AS 7 0 7318 011299999999999999 028 281050 6799999999999999
 42 40 44 52 62 71 79 82 81 77 73 68 65 65 68 74 81 88 94 96 92 84 73 6325 1 6AS 714 831854 9699999999999999 051 391237 6599999999999999
 55 51 53 60 70 79 88 94 94 90 84 77 69 63 60 60 62 67 72 77 79 76 72 6625 1 7AS 739 951959 7999999999999999 1 8 511430 5999999999999999
 62 60 62 67 76 86 96103107105 99 91 81 71 61 54 50 50 52 56 60 63 63 6325 1 8AS 812107999999999999999999999 1 9 601638 4999999999999999
 63 64 67 72 80 90100110117119116108 98 85 72 59 48 40 38 38 41 46 50 5425 1 9AS 8541199999999999999999999991817 37999999999999999999999
 58 63 68 73 80 89100111121127128125116105 90 73 56 42 32 27 27 30 36 4225 110AS 9481289999999999999999999991932 27999999999999999999999
 50 57 64 71 77 84 94106118128134136133124111 93 73 53 36 24 19 19 23 3025 111AS10531369999999999999999999992032 18999999999999999999999
 39 49 57 65 72 78 86 96108121131139142139130115 95 72 49 30 18 13 14 2025 112AS12 41429999999999999999999992119 13999999999999999999999
 29 40 51 59 66 72 77 84 95108121133142146143133116 93 69 45 25 14 11 1425 113AS13 91469999999999999999999992159 11999999999999999999999
 22 33 45 54 61 66 70 75 82 92106120133142147144132113 89 63 39 22 13 1225 114AS14 81479999999999999999999992233 12999999999999999999999
 18 28 40 51 59 64 67 69 72 78 89103118131141144140126106 81 56 34 20 1525 115AS145914499999999999999999999923 2 15999999999999999999999
 18 27 38 50 59 64 66 67 68 70 75 86100114127136138131116 95 72 49 31 2225 116AS15461389999999999999999999992328 21999999999999999999999
 22 28 38 50 61 67 69 69 68 67 67 73 83 97110121128127118102 82 62 43 3125 117AS 6 9 69162812999999999999999 915 672351 2899999999999999
 28 33 42 52 63 71 75 74 71 68 66 66 71 81 93104112116113102 87 70 54 4225 118AS 613 7517 6116999999999999991029 65999999999999999999999
 37 39 47 57 67 76 81 81 77 73 68 65 65 70 78 88 96102103 97 86 73 61 5125 119AS 629 82174110399999999999999 010 371131 6499999999999999
 46 46 53 62 72 81 87 89 86 80 74 68 64 63 67 74 81 87 90 89 82 73 64 5725 120AS 649 891814 9099999999999999 023 451234 6399999999999999
 53 53 59 67 77 86 93 96 95 89 82 74 67 63 62 64 68 73 77 78 75 69 63 5925 121AS 711 961848 7899999999999999 025 521346 6199999999999999
 58 59 64 71 80 89 97102103 99 92 83 74 67 61 58 59 61 64 67 67 64 61 5925 122AS 7391031930 6799999999999999 0 3 581517 582319 599999999
 60 62 67 74 82 91 99106109107102 94 85 75 65 58 54 52 53 55 57 57 57 5725 123AS 81310999999999999999999999917 0 52999999999999999999999
 59 63 69 75 83 91 99107112114112106 97 87 75 63 53 47 44 44 46 48 50 5325 124AS 8581149999999999999999999991829 44999999999999999999999
 57 62 68 75 81 89 97105112117119116110101 88 74 59 47 39 35 35 37 41 4625 125AS 9561199999999999999999999991934 34999999999999999999999
 52 58 65 72 78 85 93101109116122124122115104 89 71 53 39 30 26 26 30 3625 126AS11 41249999999999999999999992022 25999999999999999999999
 44 52 60 68 74 80 87 94103112120127130128120106 87 66 46 31 21 18 20 2625 127AS12 913099999999999999999999921 3 18999999999999999999999
 35 45 54 62 68 74 79 86 94104114124132135133123106 84 60 38 22 14 13 1825 128AS13 71359999999999999999999992138 12999999999999999999999
 27 37 48 57 63 68 72 77 83 92103115127135139135122102 77 52 31 16 11 1325 129AS14 11399999999999999999999992210 10999999999999999999999
 21 32 43 53 60 63 66 68 72 78 88101115127136139133118 95 70 45 25 14 1325 130AS14511399999999999999999999992238 13999999999999999999999
 19 30 42 52 60 63 64 63 64 66 72 83 97111124133134126109 86 62 40 24 1925 131AS154113599999999999999999999923 3 19999999999999999999999
 22 32 43 55 64 68 67 64 61 59 59 65 76 90104117125125115 97 76 55 38 2925 2 1AS 516 68162912699999999999999 921 582325 2899999999999999
 29 37 49 61 71 77 76 71 65 58 53 53 58 69 82 95106113111100 85 68 52 4125 2 2AS 524 771718113999999999999991040 522345 3999999999999999
 39 45 56 68 79 87 89 84 75 65 56 49 47 52 61 72 83 92 97 94 84 73 62 5325 2 3AS 544 8918 6 97999999999999991149 472359 4999999999999999
 49 53 63 76 88 97101 99 90 79 67 56 47 44 47 53 61 70 77 79 76 70 64 5925 2 4AS 6 91011855 799999999999999913 1 44999999999999999999999
 57 60 68 81 93104111112106 95 83 70 57 47 43 43 46 51 57 61 63 61 59 5925 2 5AS 6411121954 6399999999999999 0 0 571428 422252 599999999
 60 63 70 82 95106115120119112100 88 74 61 50 42 39 39 41 44 47 49 50 5325 2 6AS 7191219999999999999999999991633 39999999999999999999999
 57 62 69 79 91103114122125123116106 93 80 65 52 42 36 33 32 33 36 40 4425 2 7AS 8 81259999999999999999999991844 32999999999999999999999
 50 58 66 74 84 95107117124127126120112100 85 69 54 41 32 26 25 26 30 3625 2 8AS 91412799999999999999999999920 3 25999999999999999999999
 43 52 60 68 76 84 95105115123127128125117105 89 71 53 38 27 21 20 23 2925 2 9AS10421289999999999999999999992048 20999999999999999999999
 38 47 55 62 69 74 82 91101111120127130128121108 90 69 49 33 22 17 18 2425 210AS12101309999999999999999999992119 17999999999999999999999
 33 43 52 59 64 68 71 77 85 96107118126131130121106 87 65 44 28 19 17 2125 211AS13191329999999999999999999992145 17999999999999999999999
 30 41 51 59 63 65 65 67 71 79 90103115125130128118101 80 57 37 24 19 2125 212AS141513199999999999999999999922 7 19999999999999999999999
 29 40 52 61 65 65 64 62 61 64 73 85 99112122127123110 92 71 50 33 24 2425 213AS 437 6615 212799999999999999 747 612228 2399999999999999
 31 41 53 64 70 70 67 62 58 56 59 68 81 96108117120113 99 81 61 44 32 2925 214AS 432 70154512099999999999999 859 562248 2999999999999999
 34 44 56 67 75 77 73 66 59 54 51 55 65 78 92103110109100 85 69 54 41 3625 215AS 444 77162311199999999999999 956 5123 6 3699999999999999
 39 48 60 71 80 84 81 73 64 56 49 48 53 63 76 87 97100 96 86 73 60 50 4425 216AS 5 2 841659100999999999999991046 472320 4499999999999999
 45 53 64 76 85 91 90 82 72 61 52 46 46 52 62 73 82 88 88 82 73 63 56 5125 217AS 521 911731 89999999999999991133 452326 5099999999999999
 51 58 68 80 90 96 97 92 82 70 59 49 44 45 52 61 69 76 79 76 70 63 58 5525 218AS 541 9818 1 79999999999999991220 442316 5599999999999999
 56 62 71 83 93100103100 92 80 68 57 48 44 46 51 58 64 68 68 65 60 57 5725 219AS 6 31031831 69999999999999991311 442240 5799999999999999
 59 64 73 84 94102106106101 91 79 67 57 49 45 46 50 54 58 59 58 56 55 5625 220AS 63010719 5 59999999999999991416 4522 4 5599999999999999
 59 65 73 83 93101107110107101 91 80 68 58 50 45 44 45 47 49 50 50 50 5325 221AS 7 31109999999999999999999991551 44999999999999999999999
 57 64 72 81 90 98105110111108102 93 82 70 59 50 43 40 39 39 40 41 44 4825 222AS 7481119999999999999999999991811 39999999999999999999999
 53 61 69 77 85 93101107111112110105 97 86 73 59 48 38 33 30 30 32 35 4125 223AS 8541129999999999999999999991933 30999999999999999999999
 48 56 64 72 79 86 94101107111114113109101 89 74 58 43 32 24 21 22 27 3325 224AS10241149999999999999999999992013 21999999999999999999999
 41 50 58 65 72 78 84 91 98105112117118114106 91 73 54 37 24 17 16 19 2625 225AS11491189999999999999999999992045 16999999999999999999999
 36 45 53 60 65 69 73 78 85 94103112119122118108 91 70 49 31 19 14 16 2225 226AS12591229999999999999999999992112 14999999999999999999999
 32 42 51 58 61 62 63 65 69 77 88100111120123119106 87 65 44 27 17 16 2225 227AS13591239999999999999999999992136 16999999999999999999999
 32 43 53 60 62 60 57 55 55 58 67 80 94108118121116101 81 60 40 27 22 2625 228AS 359 62145412199999999999999 739 542159 2299999999999999
 36 47 59 67 69 65 59 52 46 43 47 57 71 87101112115107 93 74 55 40 32 3325 3 1AS 350 69154611599999999999999 858 432219 3199999999999999
 42 54 66 76 80 77 68 57 45 36 32 36 47 62 78 93103104 96 82 67 53 43 4225 3 2AS 4 3 8016361049999999999999910 2 322237 4199999999999999
 49 62 75 86 93 92 83 69 55 40 29 25 29 40 54 69 82 90 89 82 72 61 53 5025 3 3AS 424 941724 909999999999999911 1 252252 5099999999999999
 56 68 82 94104106100 87 71 54 38 26 21 25 35 46 59 70 75 73 68 62 58 5625 3 4AS 4511071813 759999999999999912 0 212257 5699999999999999
 60 70 85 99110116115105 90 72 55 38 26 22 25 32 40 50 57 59 58 57 56 5725 3 5AS 52311719 6 599999999999999913 2 222155 5699999999999999
 61 69 83 97110119122118107 91 75 58 42 31 26 27 30 35 40 44 46 47 49 5325 3 6AS 5591229999999999999999999991421 26999999999999999999999
 58 66 77 91104115122123118107 93 79 63 49 38 32 29 29 30 32 35 37 41 4625 3 7AS 6421239999999999999999999991640 29999999999999999999999
 53 61 70 81 94105114119120115107 96 83 69 56 44 36 30 27 26 27 29 34 4025 3 8AS 73812099999999999999999999919 0 26999999999999999999999
 47 55 63 72 81 91101108113115113108 99 88 75 61 48 37 29 24 22 24 29 3625 3 9AS 8581159999999999999999999991956 22999999999999999999999
 44 51 58 65 71 78 85 93100106110111108102 91 78 62 47 35 26 22 22 26 3425 310AS10471119999999999999999999992026 21999999999999999999999
 42 50 57 61 64 67 71 77 84 92100107110109103 92 77 60 44 31 24 22 26 3325 311AS12181109999999999999999999992047 22999999999999999999999
 43 52 58 61 62 61 61 62 67 75 85 95104109108101 89 72 55 39 28 24 27 3425 312AS 351 62132410999999999999999 556 6121 5 2499999999999999
 44 54 62 65 64 60 56 53 53 58 68 80 91101106105 96 83 66 49 35 28 29 3625 313AS 313 65141710799999999999999 727 522123 2899999999999999
 46 57 66 71 69 64 56 49 44 44 51 63 76 88 98102 99 89 75 59 44 35 33 3925 314AS 313 7115 210299999999999999 827 432141 3399999999999999
 49 60 71 77 77 70 61 51 41 36 38 46 59 73 85 94 96 90 79 67 53 43 39 4325 315AS 327 781543 9699999999999999 916 362159 3999999999999999
 52 64 75 83 85 79 68 56 43 34 30 34 44 57 71 82 89 88 80 70 60 51 46 4825 316AS 345 851620 899999999999999910 1 302214 4699999999999999
 56 68 79 88 93 89 78 64 50 37 28 26 32 44 57 69 78 81 78 70 63 56 52 5325 317AS 4 4 931654 81999999999999991042 262224 5199999999999999
 60 71 82 92 98 97 89 75 59 44 31 25 26 34 45 57 67 73 72 68 62 58 55 5625 318AS 425 991726 73999999999999991122 242220 5599999999999999
 62 72 84 94102103 98 86 70 54 40 29 25 28 36 47 56 63 65 63 59 57 56 5825 319AS 4461041756 659999999999999912 2 252145 5699999999999999
 63 73 84 95103106104 95 82 66 51 38 29 27 31 39 47 53 57 57 55 54 55 5825 320AS 5101071828 57999999999999991246 2721 3 5499999999999999
 63 72 82 93101107107102 92 78 64 50 38 31 30 34 39 44 47 49 49 49 51 5525 321AS 5371089999999999999999999991340 30999999999999999999999
 61 70 79 90 98104107106 99 89 77 63 50 40 34 32 33 36 38 40 41 42 45 5125 322AS 6 910799999999999999999999915 0 32999999999999999999999
 58 66 75 85 93100104105103 97 88 77 65 53 42 35 32 30 30 31 33 35 39 4525 323AS 6531059999999999999999999991730 30999999999999999999999
 53 61 70 78 86 93 98101103101 97 90 80 68 55 44 35 28 25 24 25 28 33 4025 324AS 8 21039999999999999999999991857 24999999999999999999999
 47 56 63 70 77 83 88 93 97100101 99 93 83 71 57 44 32 24 20 20 23 29 3625 325AS 9491019999999999999999999991934 20999999999999999999999
 44 51 58 63 67 71 75 80 85 91 97101101 96 87 73 57 42 30 22 19 21 27 3525 326AS113110199999999999999999999920 0 19999999999999999999999
 44 51 56 59 60 60 60 63 68 75 84 93100102 98 88 73 57 41 29 23 24 29 3825 327AS12531029999999999999999999992023 22999999999999999999999
 47 55 60 60 58 53 49 46 48 54 64 77 88 98101 97 87 72 55 41 31 30 35 4425 328AS 236 6114 010199999999999999 711 462043 2999999999999999
 54 64 69 69 63 54 44 35 31 32 40 53 68 82 93 97 93 83 69 54 43 38 42 5125 329AS 227 701459 9799999999999999 818 3021 3 3899999999999999
 63 74 81 83 77 64 50 35 23 16 18 28 43 59 75 87 90 86 76 65 54 48 49 5825 330AS 241 831554 9099999999999999 916 162121 4799999999999999
 71 83 93 98 94 82 64 45 27 12  6  9 19 34 51 67 77 79 76 69 62 56 55 6225 331AS 3 6 981647 80999999999999991011  52136 5499999999999999
 75 90102110111102 85 64 43 22  7  0  4 15 29 44 58 66 67 65 62 59 58 6325 4 1AS 3361121742 679999999999999911 5  02142 5899999999999999
 75 91105116121118105 86 64 42 21  7  1  5 14 26 38 49 54 55 55 56 57 6125 4 2AS 41112199999999999999999999912 1  1999999999999999999999
 71 86101114123126119105 86 65 44 24 11  7 10 16 25 33 40 43 45 48 52 5725 4 3AS 44912699999999999999999999913 1  7999999999999999999999
 65 77 92106117124124116102 85 67 47 31 20 16 16 19 24 29 33 36 40 45 5125 4 4AS 5311259999999999999999999991417 16999999999999999999999
 58 67 80 94105114118117110 99 85 69 53 38 29 24 22 22 24 26 30 34 40 4625 4 5AS 6201199999999999999999999991631 22999999999999999999999
 53 60 69 80 90 99106109109104 95 84 71 58 45 36 30 25 24 24 27 31 37 4325 4 6AS 7231099999999999999999999991819 23999999999999999999999
 50 56 62 68 75 83 89 95 98100 98 92 84 73 62 50 40 32 27 25 26 31 37 4425 4 7AS 85310099999999999999999999919 6 25999999999999999999999
 50 56 59 62 65 68 72 78 83 88 92 92 89 83 74 63 51 40 32 28 28 32 39 4725 4 8AS1040 939999999999999999999991930 28999999999999999999999
 54 58 61 61 59 58 58 61 66 73 80 86 88 87 82 73 62 50 39 33 31 34 41 5025 4 9AS 228 611212 8999999999999999 525 571948 3199999999999999
 58 64 66 64 59 53 48 47 50 56 65 74 81 86 85 80 71 59 48 39 35 38 44 5425 410AS 156 661322 8699999999999999 651 4720 5 3599999999999999
 63 70 73 70 63 54 44 38 36 40 49 59 70 79 83 82 76 67 56 46 41 41 48 5725 411AS 156 731418 8399999999999999 746 362023 4099999999999999
 67 76 80 78 70 59 46 34 27 27 33 44 56 68 77 80 78 72 63 54 47 46 51 6125 412AS 210 8115 4 8099999999999999 832 262042 4699999999999999
 71 81 88 87 80 67 51 36 24 18 21 29 42 55 67 75 76 73 67 60 54 51 55 6325 413AS 229 881546 7699999999999999 913 182058 5199999999999999
 75 85 93 96 90 77 61 43 27 16 13 18 29 42 55 66 71 71 67 63 58 56 58 6525 414AS 251 961624 7299999999999999 952 1321 9 5699999999999999
 76 88 97102100 89 73 54 35 20 11 11 19 30 44 56 64 66 65 62 60 58 60 6625 415AS 31410217 0 66999999999999991030 1021 6 5899999999999999
 76 88 98105106 99 85 66 47 29 16 10 13 22 34 45 55 60 60 59 58 58 60 6625 416AS 3391071736 609999999999999911 9 102012 5899999999999999
 75 87 98106109106 96 79 61 42 25 14 12 17 26 36 46 52 54 54 54 56 59 6425 417AS 4 61099999999999999999999991149 12999999999999999999999
 73 84 95104109110103 90 74 56 38 24 16 16 21 29 37 43 47 48 49 52 56 6225 418AS 4331109999999999999999999991232 15999999999999999999999
 70 80 91100107109107 98 85 69 52 36 25 19 20 24 30 35 39 41 43 46 51 5825 419AS 5 31099999999999999999999991322 19999999999999999999999
 65 75 85 95102106106102 93 81 66 51 37 27 22 22 25 28 31 34 37 41 46 5325 420AS 5361069999999999999999999991429 22999999999999999999999
 60 69 78 87 94 99102101 97 89 78 65 51 39 30 25 24 24 26 29 32 37 42 4925 421AS 6211029999999999999999999991612 24999999999999999999999
 56 63 70 78 84 89 93 95 95 93 87 77 66 53 42 33 27 24 24 26 30 35 41 4725 422AS 737 959999999999999999999991739 24999999999999999999999
 53 58 63 68 72 75 79 83 86 89 89 85 78 68 56 45 36 29 26 27 30 36 43 4925 423AS 928 899999999999999999999991821 26999999999999999999999
 54 57 59 60 60 60 62 65 70 76 82 85 84 79 70 60 49 39 33 32 35 41 48 5525 424AS1117 859999999999999999999991848 31999999999999999999999
 60 62 61 57 52 47 44 44 49 57 66 75 81 83 79 72 62 52 43 40 41 48 56 6525 425AS 1 7 621251 8399999999999999 626 441910 3999999999999999
 71 73 71 63 53 42 32 26 27 33 43 55 67 76 80 78 72 64 55 49 49 55 65 7525 426AS 057 7314 9 8099999999999999 729 261930 4899999999999999
 84 88 86 78 64 48 31 18 10 11 19 31 46 60 71 76 75 70 64 58 56 61 71 8325 427AS 115 881516 7699999999999999 825  91948 5699999999999999
 94102104 97 83 63 42 22  6 -3 -1  8 22 38 54 65 70 69 67 63 61 64 73 8725 428AS 1451041622 7099999999999999 919 -320 2 6199999999999999
100111117116105 86 63 38 15 -2-10 -7  3 17 33 48 57 61 62 62 62 64 71 8425 429AS 2211189999999999999999999991013-10999999999999999999999
100114124128123108 87 62 37 13 -4-10 -7  2 15 30 42 50 53 55 58 60 66 7625 430AS 3 112899999999999999999999911 7-10999999999999999999999
 92108121130132125108 86 62 37 14 -1 -5 -2  6 16 28 37 43 46 50 54 59 6725 5 1AS 34413299999999999999999999912 2 -6999999999999999999999
 80 96111123130130121105 84 62 39 19  6  3  5 11 19 27 34 38 43 48 53 5925 5 2AS 4301319999999999999999999991259  3999999999999999999999
 68 82 96109119124123114 99 81 61 41 25 16 13 14 18 23 29 34 38 43 48 5425 5 3AS 51912499999999999999999999914 5 13999999999999999999999
 60 69 80 92103110113112104 92 77 61 44 32 24 22 22 24 27 32 37 42 47 5225 5 4AS 6131149999999999999999999991530 21999999999999999999999
 56 61 68 77 85 92 98101100 94 85 73 60 48 38 32 29 28 30 33 39 44 49 5425 5 5AS 7181019999999999999999999991651 28999999999999999999999
 57 60 62 65 70 75 80 84 88 88 85 78 69 60 51 43 37 34 34 37 42 48 54 5925 5 6AS 836 889999999999999999999991736 34999999999999999999999
 61 62 61 60 59 60 63 67 72 76 78 77 73 67 60 53 46 41 39 41 45 52 60 6525 5 7AS 1 2 6210 9 7899999999999999 4 4 5918 3 3999999999999999
 68 68 65 60 55 50 49 50 55 61 66 70 71 70 66 61 55 48 45 45 50 57 65 7225 5 8AS 027 681153 7199999999999999 557 491825 4599999999999999
 76 76 72 65 55 46 39 37 39 45 53 60 66 69 68 66 61 56 51 50 53 60 69 7825 5 9AS 029 761328 6999999999999999 656 371846 5099999999999999
 84 85 81 72 60 47 35 28 26 31 39 48 57 64 68 68 66 62 57 55 57 64 73 8225 510AS 046 851436 6899999999999999 741 2619 6 5599999999999999
 90 93 91 82 69 53 37 24 18 19 25 35 46 56 64 67 67 65 62 60 60 66 75 8525 511AS 1 9 941529 6799999999999999 822 171922 5999999999999999
 94100101 94 80 63 44 27 15 11 14 23 34 46 57 63 66 65 64 63 63 67 75 8625 512AS 1351011617 6699999999999999 9 1 111928 6299999999999999
 96104108104 93 76 56 36 19  8  7 13 23 36 48 57 62 63 63 63 64 67 74 8425 513AS 2 4108999999999999999999999 941  6999999999999999999999
 96105112112105 90 70 49 28 13  5  6 14 26 38 49 56 59 60 61 63 66 72 8125 514AS 2351139999999999999999999991020  5999999999999999999999
 93104112116113102 85 64 42 23  9  5  9 18 29 40 48 53 55 57 60 63 69 7725 515AS 3 711699999999999999999999911 0  5999999999999999999999
 88100110116117111 97 79 58 37 19  9  7 12 21 31 40 46 50 52 55 59 65 7225 516AS 3401179999999999999999999991141  7999999999999999999999
 83 94105112116115106 91 72 52 32 17 10 11 17 25 33 39 44 47 50 55 61 6725 517AS 4141179999999999999999999991223 10999999999999999999999
 76 87 98106112113110100 85 66 47 30 18 14 16 21 27 33 39 43 46 51 56 6225 518AS 44911499999999999999999999913 8 14999999999999999999999
 70 79 89 98104108108103 93 78 61 44 30 21 19 21 25 30 35 40 44 48 53 5825 519AS 5291089999999999999999999991358 19999999999999999999999
 64 71 79 87 93 98100100 95 86 73 58 44 32 26 25 26 30 35 40 45 49 53 5625 520AS 6241009999999999999999999991453 25999999999999999999999
 60 64 69 74 79 83 87 90 90 87 80 69 57 46 38 33 32 34 38 43 49 54 57 5925 521AS 741 909999999999999999999991550 32999999999999999999999
 60 61 61 62 63 66 69 73 78 80 79 75 67 59 51 45 41 41 43 49 55 62 66 6725 522AS 917 8023 3 67999999999999991635 40999999999999999999999
 66 64 60 55 51 48 49 52 58 65 70 72 71 68 62 57 52 50 51 56 64 72 78 8025 523AS11 9 722311 8099999999999999 519 4817 7 5099999999999999
 79 74 66 56 46 36 31 31 36 43 52 61 66 69 68 65 62 59 59 63 71 81 89 9525 524AS1314 692339 9699999999999999 631 301731 5899999999999999
 95 91 81 67 51 35 22 15 15 21 30 42 53 61 66 68 67 65 65 68 76 87 9810625 525AS15 4 68999999999999999999999 730 141745 6599999999999999
111109101 86 67 46 26 10  2  2  9 20 34 47 57 63 65 66 67 69 75 8710011225 526AS 017111999999999999999999999 826  1999999999999999999999
121125121109 90 67 42 19  2 -6 -5  2 14 28 42 52 58 62 64 67 72 81 9511025 527AS 1 2125999999999999999999999 922 -7999999999999999999999
123132134128113 92 66 40 15 -2 -9 -8  0 12 26 39 48 53 58 61 66 73 8510025 528AS 1511349999999999999999999991016-10999999999999999999999
116129137139131115 92 66 39 15 -1 -7 -5  3 14 27 38 45 50 54 59 64 73 8625 529AS 24213999999999999999999999911 9 -8999999999999999999999
102118130138138129112 90 64 38 16  3 -2  2  9 19 30 38 44 48 53 57 63 7225 530AS 33313999999999999999999999912 0 -2999999999999999999999
 85101115126133132123106 85 62 38 20  9  7 11 17 26 34 41 45 49 53 57 6225 531AS 4251339999999999999999999991247  7999999999999999999999
 71 83 97109118123121112 97 78 58 38 24 18 17 21 27 34 41 46 50 53 56 5925 6 1AS 5171239999999999999999999991331 17999999999999999999999
 63 70 80 90100107110108100 86 71 54 40 30 27 28 32 37 43 50 54 57 59 6025 6 2AS 6101109999999999999999999991411 27999999999999999999999
 61 63 68 74 81 88 93 96 93 86 76 64 52 43 37 36 38 42 48 54 60 64 65 6525 6 3AS 7 4 962226 65999999999999991449 36999999999999999999999
 64 62 62 63 66 71 75 79 81 80 74 67 59 53 47 45 45 48 53 59 66 71 73 7325 6 4AS 8 4 812218 7399999999999999 153 621522 4599999999999999
 70 66 62 58 56 56 59 63 67 69 69 66 62 58 55 53 52 54 58 64 71 77 81 8225 6 5AS 919 692236 8299999999999999 419 561552 5299999999999999
 79 74 66 58 51 46 46 48 52 57 60 61 61 61 60 59 58 59 62 68 75 83 88 9125 6 6AS1132 6123 3 9199999999999999 545 451616 5899999999999999
 89 83 74 63 52 42 36 35 38 44 49 54 58 61 62 63 63 63 65 70 78 86 94 9825 6 7AS2335 99999999999999999999999 640 35999999999999999999999
 99 94 85 72 57 43 32 26 27 31 38 45 52 58 62 64 66 66 68 72 79 88 9710425 6 8AS9999999999999999999999999999 725 26999999999999999999999
107105 97 84 68 50 34 23 18 20 27 35 44 53 59 63 66 67 69 72 78 87 9710625 6 9AS 010107999999999999999999999 8 8 18999999999999999999999
112114109 98 81 62 42 25 15 13 17 25 35 45 54 60 64 66 68 71 76 84 9410525 610AS 049114999999999999999999999 850 13999999999999999999999
114119119111 97 77 55 35 19 10 10 15 25 36 47 55 60 63 65 68 73 80 8910125 611AS 129120999999999999999999999 933  9999999999999999999999
111120124121111 93 72 49 28 13  7  9 16 27 38 47 54 58 61 65 69 75 83 9425 612AS 2 91249999999999999999999991015  7999999999999999999999
106117124126121108 88 65 42 22 10  6 10 19 30 40 48 53 57 60 64 69 77 8725 613AS 2491269999999999999999999991055  6999999999999999999999
 99110120125125117102 81 58 36 18  9  8 14 23 33 42 48 53 56 60 64 70 7925 614AS 3291269999999999999999999991133  7999999999999999999999
 90101112120124121111 95 73 51 30 16 11 13 20 29 38 45 50 53 57 60 65 7125 615AS 4 91249999999999999999999991210 11999999999999999999999
 80 91101110116118114103 86 65 45 28 18 16 20 28 36 44 50 54 56 58 61 6525 616AS 4521189999999999999999999991244 16999999999999999999999
 71 79 88 97104109110104 93 77 59 42 30 24 25 31 38 45 52 57 59 60 61 6225 617AS 5391109999999999999999999991317 24999999999999999999999
 64 68 74 81 88 94 98 98 93 83 69 55 43 35 34 37 43 50 57 63 66 67 65 6325 618AS 636 992033 67999999999999991348 33999999999999999999999
 62 61 62 66 70 75 80 85 85 82 74 64 55 48 44 45 50 57 64 71 76 78 75 7125 619AS 743 862048 7899999999999999 056 611416 4499999999999999
 66 61 56 54 53 56 60 65 70 72 71 67 62 58 55 55 58 64 72 80 87 90 89 8425 620AS 9 7 722116 9199999999999999 333 531436 5599999999999999
 77 68 59 49 43 39 40 44 50 56 61 63 63 63 62 63 65 70 78 87 9610210410125 621AS2155104999999999999999999999 518 39999999999999999999999
 94 83 70 56 42 31 26 25 30 36 44 51 56 61 64 66 69 73 80 9010111011611725 622AS2243118999999999999999999999 631 25999999999999999999999
113103 89 71 53 35 21 14 13 18 25 35 44 52 59 64 68 72 78 87 9911112212825 623AS2339129999999999999999999999 735 13999999999999999999999
128123111 94 73 50 29 13  5  5 10 18 29 41 50 57 63 68 73 80 9110511812925 624AS9999999999999999999999999999 835  4999999999999999999999
136137131117 97 73 48 25  9  1  0  6 16 28 39 49 55 61 66 71 80 9210712225 625AS 040137999999999999999999999 931  0999999999999999999999
133141142135120 98 73 46 23  7  0  0  7 18 30 41 49 54 59 63 69 78 9110725 626AS 1411439999999999999999999991021 -1999999999999999999999
122134142143135119 96 70 44 21  7  2  5 12 23 35 44 50 54 58 61 66 75 8825 627AS 23814399999999999999999999911 5  2999999999999999999999
104119131138139130113 91 66 41 21 10  8 13 21 32 42 50 54 56 58 60 64 7225 628AS 3331409999999999999999999991143  8999999999999999999999
 85100113124131130120104 83 60 38 23 17 18 24 33 43 51 57 59 59 59 60 6325 629AS 4251329999999999999999999991216 16999999999999999999999
 70 81 94106115120117107 91 73 54 38 28 26 30 38 46 55 62 65 64 63 61 6025 630AS 5131201925 65999999999999991243 2623 7 6099999999999999
 62 68 77 87 96103106102 92 78 64 50 40 36 38 44 52 60 67 72 72 70 67 6325 7 1AS 5581061938 739999999999999913 6 36999999999999999999999
 61 61 65 71 78 85 90 91 86 77 67 57 50 45 46 51 58 65 73 79 81 79 75 7025 7 2AS 642 9120 1 8199999999999999 031 601322 4599999999999999
 65 60 58 60 64 69 74 77 77 73 66 60 56 53 53 57 63 70 78 85 89 89 85 7925 7 3AS 728 772029 8999999999999999 2 2 581326 5399999999999999
 72 65 58 54 54 56 59 63 65 65 63 60 58 58 59 62 67 74 82 89 95 97 95 8925 7 4AS 826 6521 2 9799999999999999 345 541238 5899999999999999
 82 73 63 55 49 46 47 50 53 56 57 57 58 60 63 66 70 76 83 91 9810310310025 7 5AS2141104999999999999999999999 512 46999999999999999999999
 93 83 72 60 49 41 38 39 42 46 50 53 56 60 64 68 72 77 83 91 9910611010925 7 6AS2228110999999999999999999999 617 38999999999999999999999
105 96 84 70 55 42 34 30 32 36 41 46 52 58 63 68 72 76 81 89 9710611211625 7 7AS2321116999999999999999999999 711 30999999999999999999999
115109 99 84 66 49 35 26 23 26 31 38 46 53 60 65 70 74 78 85 9310211111825 7 8AS9999999999999999999999999999 8 0 23999999999999999999999
122120113 99 81 61 42 28 19 18 21 28 37 46 55 61 66 70 74 80 87 9610711625 7 9AS 015122999999999999999999999 846 18999999999999999999999
123127124114 98 78 55 35 21 14 14 19 28 38 48 56 61 66 69 74 80 89 9911025 710AS 1 6127999999999999999999999 929 13999999999999999999999
121128130126114 95 72 48 28 15 10 13 20 31 41 50 57 61 65 68 73 80 9010125 711AS 15413099999999999999999999910 8 10999999999999999999999
113124130132125110 89 64 41 22 12 10 15 24 35 46 53 58 61 64 67 72 79 9025 712AS 2401329999999999999999999991043 10999999999999999999999
102114124130129120103 80 56 34 19 12 14 22 32 43 52 57 60 61 63 65 69 7725 713AS 3251319999999999999999999991114 12999999999999999999999
 88101112121126123112 94 71 49 30 19 17 23 32 43 53 60 63 63 62 61 62 6625 714AS 4111261826 63999999999999991142 172052 6199999999999999
 74 85 96107115118113101 83 63 45 31 25 28 36 46 56 64 69 68 66 62 60 5925 715AS 4571181825 699999999999999912 7 252249 5999999999999999
 62 69 78 88 97104106100 89 73 57 44 37 37 43 52 62 71 77 78 75 69 63 5825 716AS 5461061841 78999999999999991230 36999999999999999999999
 55 57 62 69 77 85 91 92 86 77 66 56 48 47 51 60 70 79 86 90 87 81 72 6425 717AS 639 9219 5 9099999999999999 016 551247 4699999999999999
 57 52 51 53 58 65 71 76 77 73 67 62 57 56 59 66 76 86 95100101 96 87 7725 718AS 739 77193610199999999999999 147 501252 5699999999999999
 66 56 48 44 44 46 51 56 61 63 62 61 61 62 65 71 80 90100108112111104 9425 719AS 9 7 63201511299999999999999 334 431141 6199999999999999
 82 69 56 45 38 34 35 38 43 47 51 54 58 62 66 72 80 9010111111912211911225 720AS21 5122999999999999999999999 520 34999999999999999999999
101 88 72 57 42 32 26 25 27 32 37 44 50 56 63 69 76 85 9610711812512912725 721AS2210129999999999999999999999 648 25999999999999999999999
120109 94 76 57 39 26 19 17 19 24 32 40 49 57 64 70 77 86 9711012112913425 722AS2325134999999999999999999999 759 17999999999999999999999
133127115 99 78 56 36 22 13 11 14 21 30 41 50 57 63 69 75 84 9610912113125 723AS9999999999999999999999999999 854 11999999999999999999999
137138132119101 78 54 33 18 10  9 14 23 34 44 52 58 62 66 72 80 9210511925 724AS 040138999999999999999999999 937  9999999999999999999999
130138140134120 99 75 51 30 16 10 12 19 29 41 50 56 59 61 64 67 75 8710125 725AS 1451409999999999999999999991013 10999999999999999999999
115128136138131115 94 70 46 27 16 14 19 28 39 50 58 61 61 61 61 63 70 8225 726AS 2431389999999999999999999991043 14999999999999999999999
 96111123131131123106 85 63 41 26 20 23 30 41 52 61 65 65 63 60 58 59 6525 727AS 3341321723 669999999999999911 9 202120 5899999999999999
 77 91104116122121110 94 75 55 39 29 29 35 45 56 66 72 73 69 64 59 56 5625 728AS 4201231736 73999999999999991132 282230 5599999999999999
 62 73 86 97106111107 96 81 65 51 40 37 42 50 61 71 78 81 78 72 65 59 5425 729AS 5 31111756 81999999999999991152 372331 5399999999999999
 54 60 69 80 89 96 97 91 81 69 58 50 46 49 56 66 76 84 89 88 82 74 65 5825 730AS 542 971819 899999999999999912 6 46999999999999999999999
 53 53 58 65 73 80 84 83 77 69 62 56 53 55 62 71 81 89 95 96 92 84 74 6525 731AS 618 841843 9699999999999999 030 5212 9 5399999999999999
 57 52 51 55 60 66 71 73 70 66 61 59 58 61 66 75 84 92 99102101 94 85 7525 8 1AS 656 73191010299999999999999 135 511140 5899999999999999
 65 56 51 50 51 55 59 62 62 61 59 58 60 64 69 76 85 93101106107103 96 8625 8 2AS 740 62194410799999999999999 252 491040 5899999999999999
 76 65 56 49 46 47 49 51 53 54 55 56 59 64 70 77 84 92100106110110106 9925 8 3AS2029111999999999999999999999 425 46999999999999999999999
 89 77 65 54 46 42 40 42 44 46 49 52 57 63 69 75 82 89 9710411011311310925 8 4AS2129114999999999999999999999 556 40999999999999999999999
102 92 79 65 52 42 36 33 34 37 41 46 53 59 66 72 79 85 92 9910611211611725 8 5AS2241117999999999999999999999 7 8 33999999999999999999999
114106 94 79 62 47 35 28 26 28 33 39 47 54 62 68 74 79 85 9210010811512025 8 6AS2351122999999999999999999999 8 0 26999999999999999999999
121118109 95 77 58 41 28 21 20 24 31 40 49 57 64 69 73 78 84 9110010911825 8 7AS9999999999999999999999999999 841 20999999999999999999999
124126122111 94 73 51 33 21 16 17 23 33 43 52 60 64 68 71 75 81 89 9911025 8 8AS 052126999999999999999999999 916 15999999999999999999999
120127129123109 89 66 44 27 16 14 19 28 39 49 57 62 64 65 67 70 76 85 9725 8 9AS 145129999999999999999999999 947 14999999999999999999999
110120128128120104 82 59 38 23 16 18 26 37 48 58 63 64 63 62 62 64 70 8125 810AS 2361291652 64999999999999991014 161940 6199999999999999
 94107118125124114 96 74 52 34 23 22 28 39 50 61 68 69 66 62 58 55 57 6325 811AS 3241261644 69999999999999991039 212114 5599999999999999
 75 88102113118116104 86 67 48 34 29 34 43 55 67 75 78 74 67 60 53 49 4925 812AS 4121191656 789999999999999911 1 292225 4899999999999999
 56 68 81 93104108103 92 76 61 47 40 42 50 62 74 83 89 87 79 68 58 49 4325 813AS 5 01081715 89999999999999991120 402329 4299999999999999
 43 50 60 72 83 92 94 89 79 68 58 51 50 57 69 81 92 99100 94 83 70 57 4625 814AS 549 941740100999999999999991135 50999999999999999999999
 39 39 44 52 62 71 78 79 74 68 63 59 58 63 74 86 98107111108 99 86 72 5825 815AS 639 79181011199999999999999 035 381139 5899999999999999
 46 39 37 39 45 52 58 63 63 62 60 60 62 66 75 88100110117119114103 90 7625 816AS 740 64184611999999999999999 150 371033 6099999999999999
 62 49 40 36 35 38 42 46 49 51 53 56 60 66 74 85 97109118123123118108 9525 817AS1933124999999999999999999999 333 35999999999999999999999
 82 67 53 42 35 32 31 32 35 39 43 48 55 62 70 79 8910111212012512512111325 818AS2035126999999999999999999999 547 31999999999999999999999
102 88 73 57 44 34 27 25 25 28 33 40 47 56 64 71 80 8910011011812412612425 819AS22 1126999999999999999999999 723 24999999999999999999999
118108 94 77 59 43 31 23 20 21 25 33 41 50 58 65 71 77 85 9510511412212625 820AS2335127999999999999999999999 817 20999999999999999999999
127122112 97 79 59 41 28 20 18 21 28 37 47 55 61 65 68 72 78 87 9810911925 821AS9999999999999999999999999999 853 18999999999999999999999
126128124113 97 76 55 37 25 19 20 26 36 46 55 61 63 63 64 65 70 80 9210425 822AS 052128999999999999999999999 920 19999999999999999999999
116124127122110 92 71 50 33 24 22 27 36 47 57 64 66 64 61 58 58 63 72 8625 823AS 1541271556 6699999999999999 943 221937 5899999999999999
 99112121123117103 85 64 45 32 27 30 38 49 61 69 72 69 64 58 53 51 56 6725 824AS 2461231557 729999999999999910 4 272048 5199999999999999
 80 95107115115107 93 75 57 42 34 35 42 53 65 75 80 78 71 63 54 47 46 5125 825AS 3321161613 80999999999999991024 332146 4599999999999999
 62 76 90101107104 95 81 67 53 43 41 47 58 69 80 87 87 81 71 60 50 43 4225 826AS 4141071633 88999999999999991043 412237 4199999999999999
 48 60 73 84 94 96 92 82 71 61 52 49 53 63 74 85 93 96 91 81 69 57 46 4025 827AS 452 961654 96999999999999991057 492325 3999999999999999
 40 48 58 69 79 85 85 79 71 64 58 56 58 67 78 89 97102100 92 79 66 54 4425 828AS 528 8617161029999999999999911 4 56999999999999999999999
 39 41 48 57 66 73 76 73 68 64 61 60 63 70 80 91100106107101 90 77 64 5225 829AS 6 1 76173910799999999999999 012 391046 6099999999999999
 43 40 43 49 56 62 66 66 63 61 60 61 65 72 81 91100107110108100 89 76 6325 830AS 633 6618 611099999999999999 1 2 40 949 6099999999999999
 52 45 42 44 48 52 56 58 57 56 57 60 65 72 80 89 98106110111107 99 88 7625 831AS 712 58183911199999999999999 2 3 42 913 5699999999999999
 64 54 47 43 43 45 47 49 50 51 53 57 63 70 78 86 95102108111110106 99 8925 9 1AS1925111999999999999999999999 331 43999999999999999999999
 78 66 56 47 42 40 40 40 42 44 47 52 59 67 74 82 90 9710210711011010710125 9 2AS2032110999999999999999999999 540 39999999999999999999999
 92 81 68 56 46 38 34 33 34 36 41 47 54 62 70 77 83 89 9510110610911111025 9 3AS22 6111999999999999999999999 7 4 33999999999999999999999
105 96 84 69 54 42 32 27 26 29 34 41 50 58 65 71 77 81 86 92 9810410911325 9 4AS2332114999999999999999999999 746 26999999999999999999999
113108 99 84 67 50 36 26 22 23 28 36 45 54 62 67 70 73 76 80 86 9310211025 9 5AS9999999999999999999999999999 817 22999999999999999999999
115116111 99 83 63 45 30 22 20 25 33 43 53 60 65 66 66 66 67 71 78 88 9925 9 6AS 041116999999999999999999999 844 20999999999999999999999
109116117111 97 79 58 40 28 23 25 33 44 54 63 67 67 64 60 57 57 61 70 8225 9 7AS 1401181525 6899999999999999 9 8 231935 5699999999999999
 95107115116107 92 73 54 38 29 29 36 47 59 69 74 73 68 60 52 46 45 50 6125 9 8AS 2341161522 7599999999999999 930 282044 4599999999999999
 75 90103111110100 85 68 52 40 37 42 53 66 77 84 85 78 67 55 44 36 34 4025 9 9AS 3261111534 8599999999999999 950 372143 3499999999999999
 52 67 83 96102100 91 78 64 52 47 50 60 73 85 95 98 93 81 65 50 36 27 2625 910AS 4161031556 989999999999999910 9 472239 2599999999999999
 33 45 60 74 86 91 88 80 70 62 56 57 66 79 92103110108 98 82 65 47 32 2325 911AS 5 5 911622110999999999999991024 552335 2199999999999999
 22 29 40 52 65 74 77 74 70 65 62 62 69 81 96108117120115101 83 65 47 3225 912AS 555 771653120999999999999991029 61999999999999999999999
 23 22 27 36 46 55 61 63 62 61 62 64 69 80 95108119125125117102 85 68 5025 913AS 653 63172912699999999999999 035 21 9 5 6199999999999999
 35 27 25 28 33 39 45 49 51 53 56 61 67 76 89103115123127125117103 88 7225 914AS1811127999999999999999999999 147 25999999999999999999999
 56 42 33 30 29 31 33 37 40 43 48 54 61 70 80 92105115122124122115105 9225 915AS19 6124999999999999999999999 344 29999999999999999999999
 78 63 49 40 33 30 28 29 31 35 40 48 56 63 72 81 9110110911511911811410625 916AS2023119999999999999999999999 612 28999999999999999999999
 96 83 69 55 44 35 29 26 26 30 36 43 51 59 66 72 78 85 9310010711211411325 917AS2211114999999999999999999999 721 26999999999999999999999
108 99 87 73 58 44 34 28 26 28 34 42 50 58 63 67 69 72 76 83 90 9810611125 918AS2349112999999999999999999999 757 26999999999999999999999
112109101 88 73 57 42 32 28 29 34 43 52 60 65 66 66 64 63 66 72 81 9110025 919AS15 7 66999999999999999999999 819 281747 6399999999999999
108111108 99 86 70 53 40 32 32 36 45 55 65 70 70 67 62 57 53 55 62 72 8425 920AS 1 11111438 7199999999999999 837 311912 5399999999999999
 96104108104 94 81 64 49 39 36 40 48 59 70 77 78 73 66 56 48 44 46 54 6625 921AS 1591081441 7899999999999999 854 362012 4399999999999999
 80 92101103 98 88 74 60 48 42 44 52 63 74 83 87 82 73 61 49 39 35 39 4925 922AS 2481031456 8799999999999999 913 4221 2 3599999999999999
 62 76 89 96 96 90 80 68 57 49 49 56 67 79 89 94 93 83 70 55 41 32 29 3525 923AS 331 971516 9599999999999999 931 482147 2999999999999999
 47 60 74 85 90 88 81 73 64 57 55 60 71 82 93101102 94 80 64 49 35 26 2725 924AS 411 90153810299999999999999 947 552229 2599999999999999
 35 47 60 72 80 82 79 73 67 63 61 64 73 85 96105108104 92 76 59 43 30 2525 925AS 448 8316 010899999999999999 956 612310 2499999999999999
 27 36 48 60 69 74 74 70 67 65 64 67 75 86 98107112111102 88 71 54 39 2925 926AS 522 75162311299999999999999 944 642351 2699999999999999
 26 31 40 50 59 65 67 66 64 63 65 68 75 85 97106113114109 98 83 67 51 3825 927AS 555 67164711499999999999999 840 63999999999999999999999
 31 30 35 43 50 57 60 60 59 60 63 67 74 83 94104111114113106 94 80 65 5125 928AS1714114999999999999999999999 035 29999999999999999999999
 40 34 34 38 43 48 52 53 54 55 59 65 72 80 90100107111112109102 91 78 6425 929AS1746113999999999999999999999 127 34999999999999999999999
 52 42 38 37 39 41 44 46 47 50 54 61 68 77 86 94101106109109105 99 89 7825 930AS1827109999999999999999999999 241 37999999999999999999999
 66 54 45 40 37 36 37 39 41 44 49 56 64 72 80 88 94 99103105105103 98 902510 1AS1935105999999999999999999999 456 36999999999999999999999
 80 68 56 46 39 34 32 32 35 39 45 52 60 68 75 81 86 90 93 97100101101 982510 2AS2128102999999999999999999999 624 32999999999999999999999
 92 82 70 57 46 37 31 29 31 35 42 50 58 64 70 74 76 79 81 85 89 94 991012510 3AS2310101999999999999999999999 7 2 29999999999999999999999
100 94 84 71 57 44 35 30 30 34 42 50 58 65 68 69 69 68 67 69 73 81 89 962510 4AS15 6 69999999999999999999999 729 291748 6799999999999999
101101 95 85 71 56 43 35 33 36 44 53 62 69 72 70 66 60 55 53 55 61 71 832510 5AS 03110214 7 7299999999999999 751 3219 6 5399999999999999
 93100101 95 84 70 55 44 39 41 49 59 70 77 80 77 70 59 49 40 37 40 49 622510 6AS 13910114 0 8099999999999999 812 3920 3 3799999999999999
 76 89 97 98 92 81 68 56 49 49 56 67 78 88 93 91 81 67 52 37 26 22 27 382510 7AS 238 991414 9399999999999999 831 482056 2299999999999999
 53 69 84 92 93 87 77 67 59 57 62 73 87 98106107 99 83 64 44 27 14 11 182510 8AS 334 93143710799999999999999 849 572149 1199999999999999
 30 46 63 77 84 84 79 73 67 64 67 77 92105116121117103 83 61 39 20  8  62510 9AS 428 8515 712199999999999999 9 4 642241  599999999999999
 13 25 40 56 68 73 73 71 69 67 69 78 92107120129130122105 83 60 38 18  7251010AS 525 74154113199999999999999 9 5 672336  599999999999999
  6 13 24 37 49 58 62 63 64 65 68 75 87103118129135134123105 83 61 39 21251011AS16201369999999999999999999999999999999999999999999999999
 12 11 16 24 34 43 49 52 55 59 63 69 79 94109122131135131120103 84 64 44251012AS17 2135999999999999999999999 034 11999999999999999999999
 28 20 19 22 26 32 38 42 46 50 57 63 71 82 96110120127129125115101 85 67251013AS1751129999999999999999999999 145 19999999999999999999999
 50 37 30 27 27 28 31 35 39 44 51 58 65 73 83 94105113118119117109 99 86251014AS1853119999999999999999999999 340 26999999999999999999999
 71 57 46 38 33 30 30 32 36 42 48 55 61 67 73 80 88 95101106108108104 96251015AS2021108999999999999999999999 539 30999999999999999999999
 86 74 62 51 43 37 34 33 37 42 49 56 62 66 69 72 74 78 82 88 93 97100 98251016AS2210100999999999999999999999 633 33999999999999999999999
 94 86 76 65 54 45 39 37 39 45 53 60 66 69 70 69 67 65 66 69 75 82 88 93251017AS1350 702348 9499999999999999 7 0 371716 6599999999999999
 94 91 85 76 65 55 46 42 43 49 57 66 73 76 76 72 65 58 53 53 57 64 73 82251018AS1323 76999999999999999999999 718 421839 5299999999999999
 88 91 89 84 75 64 54 48 48 53 61 71 80 85 84 79 69 58 48 42 41 47 56 67251019AS 1 7 911325 8599999999999999 734 471933 4199999999999999
 77 85 88 86 81 72 63 55 53 57 65 75 85 92 94 88 77 63 49 37 31 32 40 51251020AS 2 8 881341 9499999999999999 752 532018 3099999999999999
 63 75 83 85 83 77 70 63 59 61 69 79 90 99103 99 88 72 55 39 27 22 27 36251021AS 258 8514 210399999999999999 811 592059 2299999999999999
 49 62 74 81 82 79 74 69 65 65 71 82 93103109109 99 84 65 46 30 19 18 25251022AS 342 82142611099999999999999 827 642139 1799999999999999
 36 50 63 73 78 77 75 72 69 69 73 83 95106113116110 96 77 57 38 23 15 17251023AS 423 78145111699999999999999 836 682217 1599999999999999
 26 39 52 63 71 73 72 71 70 71 74 82 94106115120118108 91 71 50 32 20 16251024AS 5 3 73151712099999999999999 816 702256 1699999999999999
 20 30 42 54 63 67 68 68 68 70 74 81 92103113120122116103 84 65 45 29 20251025AS15441229999999999999999999992335 18999999999999999999999
 19 25 35 45 54 60 62 63 65 68 72 79 88 99110118122120111 96 78 60 42 29251026AS16121229999999999999999999999999999999999999999999999999
 22 24 30 39 46 53 56 58 60 64 69 76 84 95105113118119115104 90 73 56 41251027AS1640119999999999999999999999 017 22999999999999999999999
 30 27 29 34 40 46 49 52 55 59 65 72 80 89 99107113115114108 98 85 69 54251028AS1711115999999999999999999999 1 4 27999999999999999999999
 41 33 31 32 36 40 44 47 50 55 61 68 75 84 92100106109109107102 93 81 67251029AS1748110999999999999999999999 2 1 31999999999999999999999
 54 43 37 34 34 36 39 43 47 52 58 64 71 78 85 91 96 99101102100 96 89 79251030AS1853102999999999999999999999 322 34999999999999999999999
 67 56 46 40 36 36 37 41 45 51 57 63 69 74 78 82 84 87 89 91 93 94 92 87251031AS2051 94999999999999999999999 450 36999999999999999999999
 79 69 59 50 43 39 39 41 46 53 60 66 70 72 74 74 73 72 73 75 79 84 88 892511 1AS1421 742246 8999999999999999 539 3917 6 7299999999999999
 86 80 72 62 53 47 44 45 50 58 66 72 76 77 74 70 64 59 55 56 60 67 75 822511 2AS1243 77999999999999999999999 610 441825 5599999999999999
 86 86 82 74 66 58 52 52 57 65 74 82 87 87 82 74 63 51 42 37 39 45 55 672511 3AS 027 871232 8799999999999999 634 521917 3799999999999999
 77 84 85 82 76 69 63 60 64 72 83 93100101 97 86 71 54 38 25 20 23 32 452511 4AS 150 85124910299999999999999 655 6020 7 2099999999999999
 59 72 80 83 81 76 71 68 70 78 90102112117115105 88 67 45 25 11  7 11 222511 5AS 3 1 83131711799999999999999 712 682058  799999999999999
 37 53 67 75 78 78 75 73 74 80 92106119128131125110 88 63 38 17  3 -1  52511 6AS 410 78135213199999999999999 722 732151 -199999999999999
 16 31 47 61 69 72 72 73 74 79 89105120133140141131112 88 61 35 13  0 -32511 7AS14331429999999999999999999992244 -3999999999999999999999
  3 15 29 44 55 61 64 67 70 74 83 96113129140147144132112 87 60 35 14  22511 8AS15161479999999999999999999992338  0999999999999999999999
  1  7 17 29 41 49 54 58 63 68 74 85101117132142146142129109 86 61 37 182511 9AS16 31469999999999999999999999999999999999999999999999999
  9  9 14 21 31 39 46 50 55 61 67 75 86101117129137140135122104 83 61 41251110AS1652140999999999999999999999 033  8999999999999999999999
 26 19 19 22 27 34 40 46 51 56 62 68 75 86 99111121127128123113 98 80 62251111AS1746128999999999999999999999 133 18999999999999999999999
 46 34 29 29 30 34 39 45 50 55 60 65 69 75 84 93101108113114111102 91 77251112AS1848114999999999999999999999 242 29999999999999999999999
 63 51 43 39 38 39 42 47 53 58 63 67 70 72 74 78 83 88 93 97 99 97 92 84251113AS20 4 99999999999999999999999 358 38999999999999999999999
 74 64 56 50 46 45 47 51 58 64 69 73 74 74 72 71 70 71 74 78 83 86 86 83251114AS1222 742137 8699999999999999 450 451549 7099999999999999
 79 73 66 60 55 53 53 57 63 70 77 81 82 80 76 70 64 59 58 60 65 70 75 78251115AS1153 822334 7899999999999999 521 521750 5899999999999999
 78 76 73 68 63 60 59 62 68 76 84 90 92 90 84 75 64 54 47 46 48 54 61 68251116AS12 0 92999999999999999999999 545 591849 4599999999999999
 73 75 75 74 70 66 64 66 72 80 89 97101100 94 83 69 54 42 35 35 40 47 56251117AS 138 76121910199999999999999 6 7 641934 3499999999999999
 65 71 75 76 75 72 70 70 74 83 93102108110105 94 78 60 44 31 25 27 34 44251118AS 256 76124511099999999999999 628 692013 2599999999999999
 55 64 72 75 76 75 74 73 76 84 94105113118115106 90 71 51 33 22 19 23 32251119AS 358 76131311899999999999999 642 732052 1999999999999999
 44 55 66 72 75 76 76 76 78 84 94105115122124118104 84 63 42 25 16 16 22251120AS13441249999999999999999999992131 15999999999999999999999
 33 46 58 66 71 73 75 76 78 83 91103114123128126116 99 77 55 34 19 13 16251121AS14161299999999999999999999992210 13999999999999999999999
 24 36 49 59 66 69 71 73 76 81 88 99111121129131126112 93 70 47 28 16 13251122AS14501319999999999999999999992249 13999999999999999999999
 19 28 40 51 59 64 67 69 73 77 84 93105117126131130122106 85 63 41 25 16251123AS15231329999999999999999999992328 15999999999999999999999
 16 23 33 43 52 58 62 65 69 74 80 88 99110120127130126115 98 77 56 37 23251124AS15551309999999999999999999999999999999999999999999999999
 18 21 28 37 46 53 57 61 65 69 75 83 92103113121125125119106 89 70 50 34251125AS1628126999999999999999999999 0 6 18999999999999999999999
 24 23 27 33 41 48 53 58 61 66 71 78 86 95105112117119117110 97 81 63 46251126AS17 2119999999999999999999999 045 22999999999999999999999
 34 28 28 33 39 45 51 56 60 64 69 74 80 87 95102107110111108100 89 74 59251127AS1744111999999999999999999999 125 28999999999999999999999
 46 37 34 35 39 45 51 57 62 66 69 72 76 80 85 90 94 97 99100 97 91 82 70251128AS1850100999999999999999999999 2 8 34999999999999999999999
 58 49 43 42 44 48 54 60 66 70 73 75 75 76 77 77 79 80 83 86 88 87 84 77251129AS2025 88999999999999999999999 253 42999999999999999999999
 69 61 55 51 51 54 59 66 73 78 81 82 80 77 73 69 65 63 64 67 71 75 78 77251130AS1039 822221 7899999999999999 337 511718 6399999999999999
 75 70 66 62 60 61 65 73 81 88 93 94 91 85 77 67 57 49 45 46 50 57 64 702512 1AS1045 94999999999999999999999 413 601823 4599999999999999
 73 74 73 71 69 69 72 79 88 98105109107100 89 75 59 44 33 28 29 35 44 542512 2AS 056 74111210999999999999999 438 691918 2899999999999999
 63 70 74 75 75 75 77 83 93105115122124120109 92 72 51 32 19 13 15 23 342512 3AS11501249999999999999999999992011 13999999999999999999999
 47 58 67 72 75 77 79 84 93106119130137137130115 94 69 45 23  8  3  6 152512 4AS123513899999999999999999999921 5  3999999999999999999999
 27 42 54 63 69 73 76 81 88100116130142148147137119 95 67 40 17  3 -2  22512 5AS13251499999999999999999999992158 -2999999999999999999999
 12 25 39 51 60 65 70 74 80 90105122137149155152140120 94 66 38 15  2 -12512 6AS14171559999999999999999999992250 -1999999999999999999999
  3 13 26 39 49 56 62 67 72 79 91106124139150155152139118 92 64 37 16  52512 7AS15 91569999999999999999999992339  3999999999999999999999
  4  9 19 30 41 50 55 60 65 70 77 89105122136146150146132112 87 61 37 202512 8AS16 11509999999999999999999999999999999999999999999999999
 12 13 19 27 37 46 53 57 61 65 69 76 87102116129137140135122103 81 58 392512 9AS1653140999999999999999999999 023 12999999999999999999999
 26 22 25 30 38 47 54 59 62 65 67 70 75 85 96108117124125120108 92 73 56251210AS1745125999999999999999999999 1 2 22999999999999999999999
 42 35 34 37 43 50 58 64 67 69 70 70 71 74 81 89 96103108108103 93 80 67251211AS1837109999999999999999999999 137 33999999999999999999999
 55 47 44 46 50 56 63 70 75 77 77 76 74 72 72 75 79 83 88 91 91 87 80 72251212AS 929 771932 9299999999999999 2 6 441330 7299999999999999
 64 58 54 54 57 62 69 76 83 86 87 85 81 76 71 68 66 67 70 73 76 77 74 71251213AS 938 872040 7799999999999999 229 5416 0 6699999999999999
 67 64 62 62 64 68 74 81 89 94 96 95 91 84 76 67 60 56 56 58 61 64 66 66251214AS10 4 96999999999999999999999 243 621743 5699999999999999
 66 67 67 68 69 72 78 85 93100105105102 94 85 73 61 51 46 45 47 51 56 60251215AS10371069999999999999999999991842 45999999999999999999999
 63 66 69 72 73 76 80 87 95104110114112106 96 82 66 52 41 36 36 40 45 52251216AS11131149999999999999999999991928 35999999999999999999999
 58 64 69 73 76 78 81 87 95105113119121118108 94 77 58 42 32 28 29 35 43251217AS115312199999999999999999999920 9 28999999999999999999999
 51 59 66 71 75 78 81 86 93103113121127127121108 90 70 50 33 24 22 25 33251218AS12341279999999999999999999992049 22999999999999999999999
 43 53 62 68 73 76 80 84 90 99109120128133131122106 85 62 42 26 18 18 24251219AS13161339999999999999999999992129 17999999999999999999999
 34 45 55 63 69 73 76 80 86 93104115126134137132120101 78 55 34 20 15 17251220AS135813799999999999999999999922 8 15999999999999999999999
 25 36 47 57 64 69 72 76 81 87 97108120130137138131116 94 70 46 27 16 14251221AS14371389999999999999999999992245 14999999999999999999999
 19 29 40 51 59 64 68 72 76 82 89100112124133138136126108 85 61 39 22 15251222AS15161389999999999999999999992319 15999999999999999999999
 16 24 34 45 54 61 65 68 72 76 83 92103114125132135130117 98 75 52 33 21251223AS15531359999999999999999999992351 17999999999999999999999
 17 22 31 41 51 58 63 66 69 73 77 84 93104114123128128121107 87 65 45 30251224AS16311299999999999999999999999999999999999999999999999999
 23 24 31 40 50 58 64 67 69 71 73 77 84 92102110117120118109 95 76 58 42251225AS1711120999999999999999999999 020 22999999999999999999999
 32 29 34 42 51 60 67 71 72 72 72 74 76 81 88 96102107109106 97 83 68 54251226AS1758109999999999999999999999 047 29999999999999999999999
 43 38 40 47 55 64 72 77 79 78 76 74 73 73 76 80 85 90 93 95 92 85 74 64251227AS 8 2 791855 9599999999999999 112 381219 7399999999999999
 55 49 49 54 61 70 78 85 89 88 84 79 75 70 68 67 68 71 75 78 80 79 74 69251228AS 819 8920 7 8099999999999999 134 491450 6799999999999999
 63 60 59 62 68 76 86 94 99101 97 91 83 75 67 60 55 54 55 58 63 66 67 67251229AS 84710122 6 6799999999999999 145 591659 5499999999999999
 66 66 67 69 74 82 91101109113113107 99 88 75 62 50 42 39 39 43 48 54 58251230AS 924114999999999999999999999 047 661820 3899999999999999
 62 66 70 74 78 85 95106116123127125118106 91 74 57 41 30 24 24 29 35 43251231AS10 81279999999999999999999991928 24999999999999999999999
