-11-11  6 38 76114143158157143121 99 83 80 89109132152162158137103 63 2525 1 1AW 727159181316399999999999999 030-141246 8099999999999999
 -3-15 -8 16 51 91126151159152133109 88 76 78 92114138156163153128 92 5225 1 2AW 8 1159185616399999999999999 1 9-151324 7599999999999999
 17 -6-11  2 30 67105136155157144122 98 80 72 77 94117140155158145118 8225 1 3AW 837158194015999999999999999 148-1214 6 7299999999999999
 45 16 -1  0 17 48 84118143155151134111 88 72 68 76 9411613714914913410825 1 4AW 914155202915199999999999999 228 -31452 6899999999999999
 76 44 21 11 17 37 67 99128147151143124101 80 66 64 72 9011012813913812425 1 5AW 950152212514099999999999999 3 8 111544 6399999999999999
102 75 51 34 30 38 58 85112134146146134115 92 73 60 58 66 8110011612612725 1 6AW1029148223312899999999999999 351 301644 5799999999999999
117101 81 63 52 51 60 78100121137144141128108 86 67 54 50 55 68 8510211425 1 7AW1111144999999999999999999999 438 501754 5099999999999999
118115105 92 80 73 72 79 92109125137141137124104 82 61 46 39 42 53 70 8825 1 8AW 0 511812 114199999999999999 535 711912 3999999999999999
104115118115107 98 91 89 92101113126136140136123103 79 55 36 26 27 38 5625 1 9AW 15911813 214099999999999999 656 892027 2599999999999999
 78100117126128122114105 99 98103113125136141138125103 75 48 25 12 12 2425 110AW 340128141014199999999999999 837 982132 1099999999999999
 46 74101123137140134123111101 97101112126139145142128102 71 39 13 -1  025 111AW 450140151414699999999999999 959 972227 -399999999999999
 15 42 75107133147149141125109 97 92 98111128144151147129100 64 28  1-1225 112AW 5391501611152999999999999991057 922316-1299999999999999
 -8 13 45 83118143155153140120101 89 87 96113134150157150127 93 54 17 -825 113AW 62015617 1157999999999999991141 862359-1899999999999999
-18 -8 19 56 95129152159151132109 90 80 83 97118140156160148121 83 42  825 114AW 6561591746161999999999999991219 79999999999999999999999
-14-16  0 32 71110141157156141119 95 79 74 82101125146160159141110 70 3125 115AW 728158182716199999999999999 038-181253 7399999999999999
  1-12 -7 16 51 90125149156148128103 82 70 71 84106130150158151129 95 5725 116AW 75715619 515899999999999999 114-131326 6899999999999999
 23  1 -4  9 37 74110138152150135112 88 71 64 71 88111134148151139114 8025 117AW 823153194115299999999999999 146 -41359 6499999999999999
 47 21  8 12 32 62 96126145150140120 96 75 63 63 73 92114132142139124 9825 118AW 848150201814399999999999999 216  71433 6199999999999999
 69 43 26 22 33 56 86115137146143127105 83 67 59 63 76 9411312713212510925 119AW 912147205713299999999999999 245 211510 5999999999999999
 87 64 46 37 41 56 80105127141142132114 93 74 62 58 64 76 9210711711911225 120AW 938143214312099999999999999 312 371553 5899999999999999
 99 82 66 55 54 62 78 98118133139135122104 85 69 59 57 63 74 87 9910610825 121AW10 5139224610899999999999999 341 531645 5799999999999999
103 94 84 74 70 72 80 94110124132133127114 97 81 67 58 55 59 67 78 88 9625 122AW1039134999999999999999999999 415 691753 5599999999999999
100100 97 92 87 85 87 94103114123128127121109 94 79 65 55 50 51 57 67 7925 123AW 030101112512899999999999999 5 2 851917 5099999999999999
 90 99104105104101 98 98100106113119124124119109 94 77 61 48 41 40 46 5825 124AW 253105123512599999999999999 638 982036 3999999999999999
 73 89104113117116112106101100103109117123126122111 95 74 54 37 27 26 3525 125AW 416117135712699999999999999 8481002136 2699999999999999
 51 73 95114126130126117107 98 95 98107118128132128115 94 68 42 22 12 1325 126AW 45913015 41329999999999999910 2 952223 1199999999999999
 27 50 78106127139139130116101 90 88 94107123136141135117 89 57 27  6 -325 127AW 5331401558141999999999999991047 8723 4 -399999999999999
  4 24 55 89120141149144128108 90 80 81 93113133148151140116 81 43 11-1025 128AW 6 51491646152999999999999991124 792343-1599999999999999
-14  0 29 67105136154155142120 95 77 70 77 96121144159159142110 69 28 -425 129AW 6361561730161999999999999991159 70999999999999999999999
-20-17  5 41 83122150161154133105 79 63 62 76101130155167162138101 57 1625 130AW 7 6161181416799999999999999 020-211235 6099999999999999
-13-22-11 19 60103139160163147119 88 63 51 57 77107138161169159130 89 4625 131AW 737164185716999999999999999 057-221312 5199999999999999
  9-12-14  5 40 82122152164157133101 71 49 43 54 80111141161165150119 7925 2 1AW 8 7164194216699999999999999 134-161351 4399999999999999
 40 11 -2  5 29 65105138158160145116 84 56 39 39 54 8111213915515413710725 2 2AW 836162202915799999999999999 2 9 -31432 3799999999999999
 73 41 21 17 30 57 91124148158151129100 69 45 34 37 54 8010813114214012425 2 3AW 9 5158211914399999999999999 245 171516 3399999999999999
 99 73 51 40 42 58 83111135150151138115 86 60 40 32 37 53 76 9911712712525 2 4AW 935152222112799999999999999 319 3916 7 3299999999999999
114 97 79 67 63 69 83103123138145141126104 79 57 40 33 36 49 67 8610111125 2 5AW10 7145234811399999999999999 355 631710 3399999999999999
113109101 92 86 85 91101114126134136131118100 79 59 43 34 34 41 54 70 8625 2 6AW1047137999999999999999999999 437 851834 3399999999999999
 99107111110107105103105109115122127129126117103 84 64 46 33 27 30 40 5625 2 7AW 218111115712999999999999999 6 01032011 2799999999999999
 75 94109119123122118113109107108113120125127122110 91 69 46 28 17 17 2825 2 8AW 418123134812799999999999999 9 11072131 1699999999999999
 47 71 96117130135132124113103 97 98106116127133131119 97 69 41 18  6  625 2 9AW 5 61361516133999999999999991021 972227  499999999999999
 20 45 75105129142144135120103 90 85 89102119134143140124 97 64 32  7 -425 210AW 53814516171439999999999999911 3 852312 -599999999999999
  1 21 52 88120142151146130109 88 76 74 85104126145153146125 92 54 20 -325 211AW 6 715117 5153999999999999991136 732349 -999999999999999
 -9  4 31 68105135153153140117 91 72 63 69 87112137154158146117 80 40  925 212AW 63315517451599999999999999912 6 63999999999999999999999
 -8 -5 16 50 89125149157148126 98 72 57 56 69 94122147160158138104 64 2825 213AW 657157182216199999999999999 022 -91235 5499999999999999
  3 -4  8 37 74112142157153135106 77 56 47 54 75103132153160150124 88 5025 214AW 719158185616099999999999999 052 -513 2 4799999999999999
 20  5  8 29 63100133153156142116 85 59 44 43 58 84113139154153137107 7225 215AW 740157192915699999999999999 119  41331 4199999999999999
 41 20 16 29 56 90123147156147125 95 66 45 38 45 65 93120140148141120 9125 216AW 8 015620 214899999999999999 145 1514 0 3899999999999999
 61 39 29 34 54 83114140153150133106 76 52 38 38 51 73 9912213613812610525 217AW 820153203713999999999999999 2 9 281430 3699999999999999
 80 58 45 44 57 79106131146149137115 88 62 44 37 42 58 8010211912712411225 218AW 840150211512799999999999999 233 4315 4 3799999999999999
 94 76 62 58 64 79100122138144139122100 75 55 43 41 48 63 82 9911111511225 219AW 9 214422 311599999999999999 257 581543 4099999999999999
102 90 79 73 74 83 97114128136136126109 89 70 54 46 45 52 64 78 9110010425 220AW 926137232010499999999999999 322 731634 4499999999999999
103 99 93 89 88 91 98108119126129125116102 86 70 57 50 48 51 59 69 80 8925 221AW 956129999999999999999999999 349 881750 4899999999999999
 97101103103102102103106111115119120118111101 88 75 61 51 45 44 49 57 6925 222AW 222103105212099999999999999 4451021939 4499999999999999
 83 96106113116115112108106105107111115117115108 96 80 63 47 36 31 34 4525 223AW 41311613 311799999999999999 83710521 6 3199999999999999
 62 83102118127128123115105 98 95 98106116123125118104 83 59 37 21 15 2125 224AW 444129144412599999999999999 955 9522 1 1599999999999999
 38 62 90115133141137125109 93 84 83 92107123135139130110 82 50 23  5  125 225AW 5111411548139999999999999991034 822245  099999999999999
 13 38 70104132149151139118 95 76 68 73 90113136151153139112 75 38  7 -925 226AW 53815216391549999999999999911 7 682323-1199999999999999
 -7 13 47 86123150161153132103 75 57 54 67 93123150165164143108 65 25 -425 227AW 6 51611725167999999999999991141 53999999999999999999999
-15 -5 24 65108144164165147116 81 53 39 43 66 99134162175168141100 55 1625 228AW 63216718 917699999999999999 0 0-151215 3899999999999999
 -8-10  9 45 89130160171160132 94 57 32 25 38 68106143170178165133 90 4725 3 1AW 7 0171185317899999999999999 037-121251 2599999999999999
 14 -1  6 32 71114149169168147111 71 36 17 17 38 72112147169172155122 8225 3 2AW 727172193817499999999999999 112 -11329 1599999999999999
 46 22 17 31 61 99135161169157128 89 51 22 10 17 41 7711414516115914111125 3 3AW 754169202416399999999999999 146 1614 8  999999999999999
 78 52 39 42 60 90122149163160140108 71 38 16 10 21 46 7911113514714312625 3 4AW 821164211414799999999999999 219 381450 1099999999999999
103 81 65 60 69 88113136152156146123 92 60 34 19 17 28 50 7710212112912725 3 5AW 847156221512999999999999999 251 601538 1699999999999999
116102 89 82 83 93108125139146143130109 84 59 39 28 26 35 51 71 8910411325 3 6AW 914146234911599999999999999 322 821638 2699999999999999
114111106102100102109118126132134130119104 85 66 50 39 34 37 47 60 75 9025 3 7AW 946134999999999999999999999 35610018 5 3499999999999999
101110114116115114114114116118120121120115107 94 78 62 48 38 35 38 48 6425 3 8AW 31311611 512199999999999999 6 21141959 3599999999999999
 81 98113123127126122115109105104107112117119116106 90 70 51 35 27 29 4025 3 9AW 420127135711999999999999999 9411042122 2799999999999999
 58 81104123134137131120107 95 89 90 98110122129128117 97 72 47 28 18 2225 310AW 4471371524130999999999999991021 892215 1899999999999999
 37 62 90117136144141128109 91 78 74 81 96115132142139123 98 67 38 18 1225 311AW 5111451618142999999999999991050 742254 1299999999999999
 21 44 75107133148149137116 91 71 61 64 79102126145152145122 90 56 27 1125 312AW 53415117 0152999999999999991117 602327  999999999999999
 12 30 59 94126149156146124 96 70 52 49 61 84113139156158143114 78 44 1925 313AW 5551561737159999999999999991143 482356 1199999999999999
 11 21 47 82117145158154134104 73 49 38 44 65 95126151163157134100 64 3425 314AW 61615918111639999999999999912 9 38999999999999999999999
 18 20 40 71107139158160143114 80 51 33 31 47 75108139159162149120 85 5325 315AW 635161184316399999999999999 023 161235 3099999999999999
 31 25 37 64 98131155162151125 90 57 33 24 32 55 88121147160156135105 7325 316AW 654162191516099999999999999 049 2513 1 2499999999999999
 47 35 40 60 91123149161156134102 67 38 22 23 39 68100130150155143120 9125 317AW 713161194715599999999999999 113 351328 2099999999999999
 65 49 47 61 85114141157157142113 80 48 27 20 29 51 8011013414614412910625 318AW 732159202114799999999999999 137 461356 2099999999999999
 83 65 58 65 82107132149155145123 93 62 37 24 25 39 62 9011413113713111625 319AW 752155205713799999999999999 2 1 581427 2399999999999999
 97 81 72 72 83102123140148145129105 77 52 35 29 34 50 71 9411212312511825 320AW 813149214112599999999999999 226 7115 1 2999999999999999
107 94 85 83 88100115130139140131114 92 69 51 39 37 43 57 74 9110511211425 321AW 836141224811499999999999999 251 831546 3699999999999999
111105 99 95 96101110120128132129119105 87 70 56 47 44 48 58 70 83 9410325 322AW 9 3132999999999999999999999 320 951652 4499999999999999
108110110108107107109113117120121119113103 90 77 64 54 47 47 51 60 72 8525 323AW 113110 95212199999999999999 4291071839 4699999999999999
 99109117120120117112108106107109112115115110101 87 72 57 45 38 39 48 6325 324AW 324121122711599999999999999 8241062022 3899999999999999
 82102118130133130120109 99 93 93 99108118124124115 98 77 54 36 26 26 3925 325AW 359133142512599999999999999 930 922126 2599999999999999
 60 87113133144144133115 96 81 75 79 92111128140140129106 77 47 24 14 1825 326AW 42714615341429999999999999910 6 742213 1399999999999999
 37 66100130151157148127100 75 58 56 68 91119143157156139109 72 38 14  725 327AW 4541571627159999999999999991040 552255  799999999999999
 18 45 81119149165163143111 77 49 35 40 62 95130159172167144107 66 31 1125 328AW 5221661715173999999999999991114 352333  799999999999999
  9 28 62103141166173159128 88 50 24 17 31 62102142171182171142102 61 3025 329AW 54917318 1182999999999999991150 16999999999999999999999
 16 22 48 86127160176172146106 62 25  4  5 28 66110150177183168136 96 6025 330AW 617177184718499999999999999 011 151227  299999999999999
 35 30 44 74112147172177161126 82 38  6 -7  2 31 72117154175176158127 9225 331AW 645178193317899999999999999 047 2913 6 -799999999999999
 64 48 51 70100133161174168144105 61 23 -2 -8  7 39 7911915016516314511925 4 1AW 713175202216799999999999999 122 471346 -899999999999999
 92 73 66 74 95121147164167153124 87 48 17  0  0 17 47 8311614015114713325 4 2AW 741168211415199999999999999 157 661429 -299999999999999
114 96 86 85 96114134151158154136109 76 45 22 11 14 29 54 8210812613413325 4 3AW 8 9158221813599999999999999 231 841518 1099999999999999
124113104100102111123136144145138122 99 75 52 34 26 28 39 57 78 9711212125 4 4AW 839146235712399999999999999 3 8 991619 2699999999999999
123121117113111113117123128131130125114 98 81 64 50 41 39 45 56 71 8710225 4 5AW 918131999999999999999999999 4 41111744 3999999999999999
113121124124121118115113113114116118117113105 93 78 63 51 45 45 52 65 8125 4 6AW 226124111811899999999999999 7371131930 4499999999999999
 99114125131131126117109101 98 99104111117119116105 90 72 56 45 42 48 6225 4 7AW 328132135611999999999999999 918 982050 4299999999999999
 82103122135139135123109 94 84 81 86 97111123130127115 96 74 54 41 38 4825 4 8AW 359139151513099999999999999 953 812142 3899999999999999
 67 91115135145144132113 93 75 66 68 80 98118134141136120 96 70 48 37 3925 4 9AW 42414616 6141999999999999991022 652221 3699999999999999
 54 78106131148152142122 96 72 56 51 61 81106130147151140118 90 62 43 3625 410AW 4461521647151999999999999991048 512254 3699999999999999
 46 67 96125148157151132103 74 50 39 43 61 89119144157155138111 81 55 4125 411AW 5 81571723158999999999999991114 382324 4099999999999999
 42 59 87118144159159142113 80 50 31 29 42 69102133155163154131101 71 5125 412AW 5281611757163999999999999991140 282352 4599999999999999
 45 55 79109138158164152125 90 55 30 19 26 49 82117146163163147120 90 6525 413AW 54816418301659999999999999912 6 19999999999999999999999
 53 56 74101131154165159136102 65 34 16 15 32 61 97130155164157136108 8225 414AW 6 916519 316499999999999999 019 521232 1399999999999999
 64 60 71 94122147163162145115 78 44 20 11 20 43 76111140157159146123 9825 415AW 630165193616099999999999999 045 6013 0 1199999999999999
 78 69 73 89114139157162152127 93 58 30 14 14 30 57 9012114415314913311225 416AW 651162201115399999999999999 112 681329 1299999999999999
 92 79 78 88107129148158154136108 75 45 24 17 23 43 7110012514114513712225 417AW 714158204914599999999999999 139 7714 1 1799999999999999
105 91 86 89102120138149151141120 92 63 40 26 24 35 55 8010412413413512725 418AW 739152213513699999999999999 2 7 861438 2399999999999999
116104 96 95101113127139144140127107 82 59 42 33 34 45 62 8310311812612725 419AW 8 7144223912799999999999999 240 941523 3299999999999999
122115108104104109117126133134129117100 81 63 49 41 42 50 64 81 9711112025 420AW 844135999999999999999999999 3271031626 4199999999999999
124124120115111109110114119123124122114102 87 71 58 49 46 50 60 75 9110725 421AW 020124 95412499999999999999 5 81091755 4699999999999999
120128131128122114107103103106112117120118111 99 83 66 53 45 45 54 69 8925 422AW 159131121112099999999999999 7341031928 4499999999999999
109127138141136124110 96 88 86 91102115126130126113 94 72 53 41 40 49 6825 423AW 25214114 213099999999999999 844 862039 3999999999999999
 93118139150150138119 96 77 66 66 78 97119137145142127102 75 52 37 37 5025 424AW 329152151414699999999999999 928 652134 3599999999999999
 74104133154162154133104 74 52 42 48 69 98127151162157137108 76 50 37 3925 425AW 4 116216121629999999999999910 7 422220 3699999999999999
 58 88121150168168151120 82 48 25 21 35 64102138165175167143110 76 51 4125 426AW 43217017 4175999999999999991045 2023 3 4199999999999999
 49 73106140166177168140100 57 22  3  5 28 65109148175183171144109 77 5625 427AW 5 31771753183999999999999991124  12345 5199999999999999
 52 65 93126157177178159123 78 34  2-11 -2 28 70116155179183169140108 8025 428AW 53518018421849999999999999912 5-11999999999999999999999
 65 67 84113144169180172145104 58 17-10-16  0 34 7712115717617716113510725 429AW 6 7180193217999999999999999 025 641246-1699999999999999
 86 77 84103130156173176160129 87 44  9-11-11  9 43 8412315316816615112925 430AW 639177202316999999999999999 1 4 771330-1399999999999999
107 93 90100118141160169165145114 75 39 11 -2  1 21 53 8812114515515314125 5 1AW 713170211715699999999999999 144 901417 -399999999999999
124110101102111127143156159151131103 71 42 21 12 17 35 61 9111713514314225 5 2AW 750159221914499999999999999 22610015 8 1299999999999999
133123113108110117128138145145137121 98 73 51 35 28 33 47 68 9011112713425 5 3AW 832146233513599999999999999 31710816 6 2899999999999999
135130123117112112115121127131132126115 99 81 63 50 44 46 55 71 9010812225 5 4AW 933132999999999999999999999 4361121716 4399999999999999
131133131126118112108107109113118121121115105 91 76 63 55 54 61 74 9010825 5 5AW 1 1133112412299999999999999 6471071836 5499999999999999
122132136134127116106 97 93 94100108116121120114101 86 72 62 59 64 77 9425 5 6AW 2 7136132612199999999999999 819 931951 5999999999999999
113129139141136124109 93 82 77 80 90104117127129123109 92 76 65 62 68 8325 5 7AW 249142144712999999999999999 9 7 772050 6199999999999999
102122138147145134116 95 76 65 62 70 86106124136138130114 94 77 65 64 7425 5 8AW 321147154313999999999999999 942 622136 6499999999999999
 92114135149153144126101 76 57 48 52 67 89114135147146135115 93 75 66 7025 5 9AW 3481531629148999999999999991013 482215 6699999999999999
 84106129148157154137111 81 55 39 36 47 70 98126147156151135112 89 74 7025 510AW 41415817 8156999999999999991042 352250 6999999999999999
 78 97121144159161148123 91 59 35 25 30 50 79111140158162151131106 86 7425 511AW 4381621745162999999999999991111 242322 7399999999999999
 76 90113137156164157136104 69 39 20 18 31 58 92126152164162147123100 8325 512AW 5 31641820165999999999999991139 162353 7899999999999999
 78 86105129151164164147118 83 48 23 12 18 39 71107138159166157138115 9525 513AW 52816618551669999999999999912 9 12999999999999999999999
 83 85 98120143160166157133 99 63 32 13 11 24 52 8612014716216214912810725 514AW 554166193016399999999999999 024 821240 1099999999999999
 92 87 94111133152163161145116 81 48 23 11 16 36 65 9912915015915413911925 515AW 62216420 615999999999999999 054 871313 1199999999999999
102 92 93104122142156161152131100 67 38 20 15 26 48 7810813414915314513025 516AW 651161204715399999999999999 126 911348 1599999999999999
114101 96101113130146155154141117 88 59 36 23 23 36 59 8711413414614613825 517AW 724156213314799999999999999 2 2 961429 2199999999999999
125112103101107119133144149144130108 81 57 38 29 32 46 68 9211513314214225 518AW 8 3149222914399999999999999 2451011516 2999999999999999
134124113106104109118129138141136123103 81 60 45 38 41 53 73 9511613214025 519AW 855141233514199999999999999 3441041612 3899999999999999
141135125115106103105112120128132130121106 87 69 54 46 48 58 76 9611713325 520AW1012133999999999999999999999 5 81031720 4699999999999999
142144138127114102 95 94 99108119127130125114 98 80 64 54 54 62 78 9912025 521AW 041144115613099999999999999 640 941835 5399999999999999
138148149141126108 91 80 77 82 95111125134135127111 92 74 61 58 66 8310525 522AW 137150133513699999999999999 752 761947 5899999999999999
128146156155142121 96 74 59 56 65 83106128144148141125103 82 68 64 71 9025 523AW 223157145414899999999999999 846 552050 6399999999999999
114138157165158139110 78 51 36 35 49 75106135155162155136112 89 73 70 7925 524AW 3 4165155916299999999999999 933 332146 6999999999999999
100126151167171158130 94 57 28 14 17 38 71109143166173165144118 94 79 7825 525AW 3421711657173999999999999991018 132237 7799999999999999
 90112139163176173153118 77 37  9 -3  6 33 72114150174180169147121 98 8525 526AW 42017717511809999999999999911 3 -32325 8499999999999999
 87101125151172180170144104 60 21 -5-11  3 35 7612015617718116914612110125 527AW 4591801843182999999999999991149-12999999999999999999999
 91 96113137161177179164133 91 48 11-10-12  7 41 8312515817617716314111925 528AW 539180193317899999999999999 011 911235-1499999999999999
102 97104122145165177174155122 81 41  9 -7 -5 16 50 9112915717116915513525 529AW 620177202217299999999999999 055 971322 -999999999999999
116104102111128148165171165144112 74 39 13  2  8 30 62 9813115416315914625 530AW 7 3171211116399999999999999 14010114 9  299999999999999
129113105105115130147159162154133104 72 43 23 16 24 45 7410513214915515025 531AW 748162215915599999999999999 2261041457 1699999999999999
138123111105107115128141150151142124100 73 50 35 32 41 61 8611213314514825 6 1AW 838151224814999999999999999 3181051546 3299999999999999
143132119109104105111121131138139132118 99 78 60 50 49 58 75 9611713414325 6 2AW 938140233914599999999999999 4211031636 4899999999999999
144139128116106100 99103111120127130126116102 86 72 64 63 71 8610412213625 6 3AW1056130999999999999999999999 538 991731 6299999999999999
143143137126112101 92 90 92100109118124124118108 95 83 76 75 82 9511112725 6 4AW 030144123312599999999999999 659 901833 7599999999999999
139145144136122106 92 81 77 80 89102114124128125116104 93 85 84 9010311825 6 5AW 11914614 512899999999999999 8 4 771938 8499999999999999
133144149145133116 96 79 67 64 69 82 99116129135133124112 99 91 90 9710925 6 6AW 2 3149151613599999999999999 854 642040 9099999999999999
125140150152144128106 83 64 53 52 62 79101122138145142131116103 94 9410225 6 7AW 242153161114599999999999999 934 512133 9399999999999999
116133148156154140118 92 66 47 39 43 59 83109133149154148134117103 96 9725 6 8AW 3181561656154999999999999991010 392219 9599999999999999
108125142156160152133105 75 49 33 29 40 62 91121145159160150133115101 9625 6 9AW 3521601736161999999999999991044 292259 9699999999999999
101116134152162161147121 89 58 33 21 24 42 70103133155165162148128110 9925 610AW 4251631813166999999999999991118 212336 9799999999999999
 98107125144160166158138107 73 42 21 15 25 49 8111614516316815914112110525 611AW 4581661849168999999999999991153 15999999999999999999999
 97101115135154166166153126 92 57 29 14 15 31 60 9412815316616515313311425 612AW 532168192516899999999999999 010 971228 1299999999999999
100 98106123144161168163144113 78 45 21 12 19 40 7210713815916616014412425 613AW 6 716920 216699999999999999 045 9713 5 1299999999999999
107 98100112131150164167157133101 66 37 18 15 27 52 8511814516116315313625 614AW 645167204016499999999999999 121 971343 1499999999999999
117103 97103117136153163162148122 90 59 34 20 22 38 65 9712715016115914725 615AW 725164212016299999999999999 2 1 971423 1999999999999999
129112100 97104119137152159155139114 84 56 36 27 33 51 7810813515316015425 616AW 81115922 316099999999999999 246 9715 6 2799999999999999
141123107 97 96103117133146152148133110 83 60 43 39 46 65 9111814015515825 617AW 9 6152224815899999999999999 339 951553 3999999999999999
151136118102 92 90 97110125138145142130110 88 68 55 53 61 7910212614515625 618AW1013145233515899999999999999 442 901645 5299999999999999
157148132113 96 84 81 86 99115129138139131117 98 81 70 68 75 9111113214925 619AW1137140999999999999999999999 552 811745 6799999999999999
158157146128107 87 72 67 72 85102121134141138127112 97 86 82 8710111913825 620AW 025159131214199999999999999 7 2 671854 8299999999999999
153161158145124 99 75 57 50 55 70 91114134146148141127112 99 94 9710812525 621AW 116161144214899999999999999 8 7 5020 9 9499999999999999
143158165160144119 89 61 40 32 38 56 8311213715415915414012310910210311425 622AW 2 8165155815999999999999999 9 6 32212110199999999999999
130149164169163143113 79 47 24 16 24 47 7811314316317016414913111410510625 623AW 25916917 11709999999999999910 0 16222410499999999999999
118136155170174164140106 68 34 11  4 15 42 7811715017117717015313211510625 624AW 3501741756177999999999999991052  4231810599999999999999
108121141161175177164137 99 58 23  2 -2 13 44 8312315617618017015012911125 625AW 4401781845181999999999999991142 -3999999999999999999999
104109125146166179179162131 91 50 17 -2 -2 17 51 9213116217817816414312225 626AW 529181192918099999999999999 0 61041229 -499999999999999
106102110128150170180176157124 84 44 15  1  6 28 6410414016617617115513325 627AW 61618120 917799999999999999 0501021314  099999999999999
113101101112131153170177170148115 77 42 17  9 19 45 8011714816717116214325 628AW 7 2177204617299999999999999 132 991357  999999999999999
122105 97100114133153167171161137106 72 43 26 24 38 65 9813015416616415025 629AW 747171212116699999999999999 213 971436 2299999999999999
131112 98 94100114132149160160149126 98 70 49 38 42 59 8611514015716215525 630AW 832162215316299999999999999 256 941514 3899999999999999
140121104 94 92 99112128142150148137117 94 73 59 55 63 8110412814715715725 7 1AW 920151222615899999999999999 342 921550 5599999999999999
147131113 99 90 89 96108122133139137128113 96 81 72 73 82 9911913815115525 7 2AW101714023 015599999999999999 435 891628 7199999999999999
151140124107 94 86 85 91101113124130130124114102 92 87 90 9911312914315125 7 3AW1132131234115399999999999999 537 851712 8799999999999999
153147135119102 89 80 79 83 9210411612412812612011210510110311012113414425 7 4AW1311128999999999999999999999 646 78181110199999999999999
151151144131115 97 82 72 70 74 84 9711212413213313012311611211111612513625 7 5AW 030151144913399999999999999 754 70193211199999999999999
145151150143128110 90 73 62 59 64 77 9411312914014314013212411711511812625 7 6AW 12615116 014399999999999999 852 59205511599999999999999
137147153152142125104 81 62 50 48 57 74 9611913815015314813812611711411725 7 7AW 222153165115399999999999999 941 48215911499999999999999
127140151157154141121 95 69 49 38 39 53 7510212914916016015213712311311125 7 8AW 3131571731162999999999999991024 37224611099999999999999
117130145158162156139113 83 55 35 28 34 53 8111314116016816415013211610725 7 9AW 35816218 71689999999999999911 4 28232510699999999999999
108119136153165168157134103 70 41 23 20 33 59 9212615317017216214312310825 710AW 4411681840173999999999999991141 20999999999999999999999
102108123144162173171155126 91 56 28 15 18 38 6910514016417517115513311325 711AW 522174191317699999999999999 0 01021219 1499999999999999
100 99110130152170178171149116 78 43 19 12 22 48 8312115317317716614512225 712AW 6 3178194617799999999999999 035 981255 1299999999999999
102 93 97114137160176179167140104 66 34 16 16 33 6310013616417717415713325 713AW 644180201817899999999999999 111 931332 1499999999999999
110 93 88 97117142164177176160130 93 58 32 21 27 49 8211815017117716714625 714AW 727179205117799999999999999 150 8814 9 2099999999999999
121 99 85 85 98119143164174169150121 87 57 37 32 44 6910213516117417315825 715AW 813174212417699999999999999 232 831447 3299999999999999
134109 89 79 82 96118141159166160142115 86 62 49 50 65 9012014716617316625 716AW 9 4166215817399999999999999 317 781526 4899999999999999
147123 99 81 73 78 92113134150156151136114 92 75 67 72 8711013415516816825 717AW10 3156223416999999999999999 4 9 7316 8 6799999999999999
158138114 92 75 68 71 85104123139146145135119104 92 88 9310612414315816525 718AW1119147231716699999999999999 5 9 681658 8899999999999999
163152132109 87 69 61 63 74 9111012713914213913011911110711011913214615725 719AW1258142999999999999999999999 619 6118 310799999999999999
163160149130107 83 64 53 52 61 77 9811813514514714313512712112112513414525 720AW 012163144914799999999999999 737 51194012099999999999999
156162160150132107 81 58 43 39 47 64 8811413615215915714813812812312413225 721AW 122162161515999999999999999 851 39212012399999999999999
143155164164155135108 78 51 32 26 34 55 8311514216217016715614112711911925 722AW 236165171317099999999999999 956 26223011899999999999999
128142158169171161139107 73 42 21 16 26 51 8512115217217817115613712011125 723AW 3421721758178999999999999991051 15231911199999999999999
113125144163176178166140104 65 33 13 10 26 56 9413216218018116914812610925 724AW 4391791836182999999999999991138  9999999999999999999999
102109126149170183183167136 96 57 25  9 12 33 6810814617218417816013511225 725AW 53018519 918499999999999999 0 11021221  799999999999999
 98 96108129155176187183162127 86 48 21 12 22 49 8612615917918216914612025 726AW 615188194018399999999999999 038 951259 1299999999999999
 99 89 93110135160179186177151115 76 43 24 23 40 7110814417018117415512925 727AW 65618620 718199999999999999 113 881334 2199999999999999
104 88 84 94114140163178179165137103 69 44 34 41 64 9613015917617616213925 728AW 735181203217899999999999999 147 8314 5 3499999999999999
113 92 81 82 96118142162172168151124 93 67 52 50 64 9012014916817516714825 729AW 814172205617599999999999999 221 801434 4999999999999999
123100 83 78 84100121142157162154137113 90 72 65 71 8911414016017116815525 730AW 854162212017199999999999999 258 7815 2 6599999999999999
133110 91 79 78 86102121137148149142127109 93 83 83 9311113215116416715925 731AW 939150214516799999999999999 338 771530 8299999999999999
143122102 86 78 79 87101116130138138133123111102 9810211212714315516115925 8 1AW1038139221416199999999999999 425 7716 2 9899999999999999
149133115 98 85 78 79 86 9710912012813113012511911511411712513514615315525 8 2AW12 9131225515599999999999999 525 77164511499999999999999
152142128112 97 85 77 76 80 8910011212313013313313112812612713113714314825 8 3AW1428134999999999999999999999 644 76181112699999999999999
150148140128113 97 83 73 69 71 79 9210712213414214414213813313013013313825 8 4AW 0 015016 114499999999999999 8 9 69203212999999999999999
144148148143131114 96 78 65 59 60 71 8710812814415315515014213212612412725 8 5AW 130149164615599999999999999 917 58215212499999999999999
135145152154148134114 90 69 53 46 50 65 8811413815616416315313912611711625 8 6AW 24615417201659999999999999910 7 46223611699999999999999
123136150161163155136110 81 55 38 34 43 65 9512615216917316514913011410725 8 7AW 3441631750173999999999999991049 33231110799999999999999
110124142160172172159134101 67 40 25 26 43 7210814216818017716113911610125 8 8AW 4321741818181999999999999991126 232344 9799999999999999
 98108128152172183179159127 88 52 26 16 25 50 8612615918118617415112310025 8 9AW 51518318461869999999999999912 2 16999999999999999999999
 88 92109135162183191181154116 75 40 18 16 33 6610614517518918516413510525 810AW 557191191519099999999999999 018 881237 1499999999999999
 84 78 89113143172191193177146105 64 33 19 25 50 8712816418719117614911625 811AW 639194194319299999999999999 052 781312 1999999999999999
 88 71 72 89117149177192190169135 95 59 36 30 44 7411214917819118516213025 812AW 722193201119199999999999999 129 691347 3099999999999999
 98 73 62 69 90121152177187181158125 90 62 47 50 6910013516618518717314625 813AW 8 7187203918899999999999999 2 8 621421 4699999999999999
113 83 63 58 68 92121150170177168147119 92 73 67 75 9612415317418317815825 814AW 85617721 718499999999999999 250 581456 6799999999999999
130 99 74 59 57 69 91118142158163156139119101 90 9010112014216217517616625 815AW 953163213817799999999999999 337 561531 8999999999999999
145119 93 71 59 58 69 8710912914414914613712511511011212213615116316916725 816AW11 8149221516999999999999999 433 57161211099999999999999
156138115 93 74 62 59 66 79 9711512913914214113613212913013414215015716025 817AW13 8142231316199999999999999 547 59171912999999999999999
159151137119 98 79 65 57 58 68 8310111913514515015014714213813713814314825 818AW1528150999999999999999999999 722 57195913799999999999999
154156153143127106 84 64 52 48 55 70 9211613715316216215614713713012813325 819AW 1 0156163216399999999999999 851 48214712899999999999999
141152160161153136112 85 60 42 37 44 63 9012014716517316915814212711711625 820AW 241161171017399999999999999 957 37223611599999999999999
124139155168172164143113 80 51 32 28 39 65 9813216017718016915112911110325 821AW 3511721742180999999999999991046 27231210399999999999999
106121142164179182170144108 71 41 24 25 44 75113148174185179161136111 9525 822AW 4431821810185999999999999991127 222345 9199999999999999
 91102123150174188187169137 98 60 33 23 32 58 94133165184186171145117 9325 823AW 52719018351889999999999999912 2 22999999999999999999999
 81 85103130160183193186162125 85 51 31 30 47 80118154180188179156125 9625 824AW 6 6193185918899999999999999 016 811234 2899999999999999
 77 73 85109140168188191177148111 74 48 37 46 7110614317218718416513510425 825AW 643192192118899999999999999 046 7213 3 3799999999999999
 79 67 71 90118149174187183163132 98 69 52 52 69 9813316318218617214611425 826AW 718187194118799999999999999 115 661329 5099999999999999
 85 67 63 75 98127154174180170148118 90 70 64 73 9512515417618417615512525 827AW 75318020 118499999999999999 145 631354 6499999999999999
 96 73 62 66 82106133156168168155133109 89 79 82 9712014616817917716113625 828AW 829170202118099999999999999 216 621419 7999999999999999
108 83 67 63 72 90113135151158155142124107 96 9410211813915817117416414525 829AW 9 8159204217499999999999999 249 631443 9399999999999999
121 97 78 68 69 79 9511413214314714313312111210811012013415016216716315125 830AW 95714721 516799999999999999 328 6715 810799999999999999
132112 93 79 73 75 83 9611112413213613513112612212112513314215115715715225 831AW1115136213415899999999999999 417 73153712199999999999999
141126110 95 84 78 78 83 9210311412313013413513513413413513814214614814825 9 1AW1415135222614899999999999999 531 77164213499999999999999
144137126114101 89 80 76 77 83 9210511813013914514614514113813513513714025 9 2AW1556146999999999999999999999 719 76203813599999999999999
143144141133121106 90 76 68 65 71 8310012013715015715715114113212612412825 9 3AW 045144162615899999999999999 848 65214512499999999999999
136145150150143128107 85 66 54 52 60 7910312915116516916214913311911211425 9 4AW 229151165216999999999999999 943 51221911299999999999999
124139153163163152131104 75 52 39 41 56 82114144167178175160139117102 9825 9 5AW 3321641717179999999999999991025 382250 9899999999999999
106124147167178175158129 95 61 37 28 36 60 95132164183187174149121 97 8425 9 6AW 42117817421879999999999999911 2 282321 8399999999999999
 86104130159182191184159123 83 48 27 24 42 74114153182194187163131 98 7525 9 7AW 5 519118 8194999999999999991137 232353 6899999999999999
 68 79105139172194200186154113 71 40 25 32 57 96138174195197178145107 7425 9 8AW 5472001834199999999999999991212 25999999999999999999999
 56 57 77111149182202202181146103 65 40 34 49 81122161190201190161122 8325 9 9AW 63020419 120199999999999999 027 541246 3399999999999999
 54 43 52 79117156187202196172135 97 65 49 53 7410914717919719617514010025 910AW 714202192719999999999999999 1 3 431320 4899999999999999
 64 41 37 53 84122158184194184160127 96 74 68 7810213416518819518415712025 911AW 8 0194195419599999999999999 142 361353 6899999999999999
 82 52 37 39 58 89124155175180170149123102 90 9110412715317518718416713925 912AW 849180202118899999999999999 223 361426 8899999999999999
105 73 50 41 46 64 9112014516016315614112511310911312714416217417817015225 913AW 948164204917899999999999999 310 4015 010999999999999999
127 99 74 57 49 54 68 8911113014314814614013312812713214015116016616515725 914AW1111148212316699999999999999 4 7 49153912799999999999999
143123102 83 68 60 60 68 82 9911512913914414514414214114114314715015215325 915AW1353145223415399999999999999 528 59171914099999999999999
149141129113 95 79 67 62 63 72 8610412113714815415515214614013613413614025 916AW1539155999999999999999999999 716 61205713499999999999999
145149147140126107 87 69 58 55 62 78 9912214315816516315414212912011812325 917AW 116149161616599999999999999 847 55215011899999999999999
133145155158153137114 88 65 50 47 56 7710413215517017216414812811210310425 918AW 254159164317399999999999999 946 46222410299999999999999
115133152166171163142114 83 57 42 43 58 85117148170179174157133109 92 8725 919AW 35317117 8179999999999999991029 412253 8699999999999999
 95114139163178180167140107 73 49 39 46 69102137166182182167141112 87 7425 920AW 43918117311849999999999999911 4 392322 7399999999999999
 76 93120150175188184164132 95 64 45 43 59 89125158181188177151119 89 6825 921AW 5181881752188999999999999991135 412349 6299999999999999
 62 74 99131162184191180154119 84 58 48 56 80114149176189184162129 95 6725 922AW 55419118131909999999999999912 3 48999999999999999999999
 54 58 78109144173189189171140106 76 59 59 76106140169187188171140104 7225 923AW 628191183219099999999999999 016 531230 5799999999999999
 52 48 61 88122155179188179157126 96 74 67 77100131161182188177151116 8225 924AW 7 1188185218999999999999999 043 471255 6799999999999999
 56 44 50 70101134162179180166142114 91 80 82 99124152175185180160129 9525 925AW 734181191118699999999999999 111 441320 7999999999999999
 65 48 45 58 83113142163173168152129108 94 9110012014416617917916514010925 926AW 8 9173193118199999999999999 139 441344 9099999999999999
 79 58 48 53 69 9412114415916215413912210810210611813715617017416714812225 927AW 846162195217499999999999999 210 4814 810299999999999999
 95 72 58 55 63 8010212414014915014313212111411412013214715916516315213325 928AW 932151201516699999999999999 246 55143311399999999999999
111 90 73 64 64 73 8710412013213913913613112612412613114014815415515013925 929AW1040140204015699999999999999 330 6315 312499999999999999
124107 92 79 73 72 77 87 9911112213013513613613513413413613914214414414125 930AW1316137212314499999999999999 436 71162213499999999999999
134124112 99 87 79 74 75 81 901021151281371441461451411371331311311331362510 1AW15 9146999999999999999999999 622 74202613199999999999999
137136131121108 94 80 71 67 70 80 961151331471561571521411301211161181242510 2AW 0 9137154015799999999999999 8 3 67211711699999999999999
133142146143133116 95 76 61 55 60 74 97122145162168164151132115102 991062510 3AW 2 914616 616999999999999999 9 5 552149 9999999999999999
120138153161158143120 92 67 49 45 54 76106137163177177164140114 92 81 832510 4AW 314161163117999999999999999 950 442220 8099999999999999
 99123149169177171150119 85 56 40 40 57 87123157181188178154121 89 67 602510 5AW 4 51781656188999999999999991030 382252 6099999999999999
 71 97131163185191179151114 77 49 37 45 70106145177194192170134 95 61 432510 6AW 45119217231969999999999999911 7 372326 4199999999999999
 44 66101141176197200182148108 72 48 44 59 91130167193200185152109 67 372510 7AW 5362011750200999999999999991143 43999999999999999999999
 25 36 66107150185203200177142103 72 56 59 81116153184200196170130 84 442510 8AW 621205181720199999999999999 0 1 251219 5499999999999999
 20 16 35 70114157188201193168135101 78 70 81106139171193198183151108 642510 9AW 7 7201184619999999999999999 039 151255 7099999999999999
 30 13 16 40 77120157183191181158129104 90 90104129157181193188166131 90251010AW 755191191519399999999999999 119 121330 8899999999999999
 53 26 16 24 49 84121152171176167148128112105109124145166180183173149117251011AW 848176194418499999999999999 2 3 1614 610599999999999999
 82 52 33 27 36 58 87117141156160154142130122120125137152164171169157136251012AW 951160201717199999999999999 252 27144512099999999999999
110 83 61 46 41 48 65 86109128141147147142136132131135141148154156154145251013AW112114821 015699999999999999 353 41154313199999999999999
130112 92 74 61 55 57 67 82100117131141145146144140137135134136139141142251014AW1339146224714299999999999999 514 55183213499999999999999
139132120105 89 75 65 61 66 77 93111128142150153150142133125120119123129251015AW1454153999999999999999999999 656 61204311999999999999999
136140140132119101 83 68 61 62 73 91112133150159159151137122109102102110251016AW 123141153116099999999999999 820 60212610199999999999999
123137148151144128107 84 67 58 61 74 97122145161167160145124104 89 84 89251017AW 249151155816799999999999999 916 572158 8399999999999999
105125145159161152132106 81 63 56 64 83110137160172170155131105 82 69 70251018AW 344162162217399999999999999 958 562227 6899999999999999
 83107133156169169154129100 75 60 59 73 98128155173177165141110 81 60 54251019AW 4281711644178999999999999991033 582255 5499999999999999
 63 85115145168178171151122 93 70 61 68 89118148171181174152120 86 58 44251020AW 5 617817 61819999999999999911 4 612322 4299999999999999
 46 64 94128158178181168142112 85 69 69 83110140166181180162131 95 62 40251021AW 5421821727183999999999999991133 672349 3499999999999999
 34 46 73108142169182178159131103 82 74 82103131159178183171143107 71 42251022AW 61618317481849999999999999912 0 74999999999999999999999
 29 33 54 86122154175181170147120 96 83 84 98123150172182176154121 84 51251023AW 64918118 918299999999999999 016 281227 8299999999999999
 31 27 40 67101135162175173158135111 95 89 97116141163177178162134 99 65251024AW 722176183117999999999999999 043 261254 8999999999999999
 40 28 33 52 81114143163169162145124107 97 99112132153169174166145114 82251025AW 757169185417499999999999999 113 281320 9799999999999999
 54 36 33 43 65 94122145158159150134118107104111125143158167165151127 99251026AW 835160191916899999999999999 145 32134910499999999999999
 72 51 40 42 56 77102125142150148140128118112113121134147156159152136114251027AW 920150194615999999999999999 221 40142111299999999999999
 90 69 54 48 53 65 84104122135141141135128122119121127136144148147140126251028AW1023142202014999999999999999 3 5 4815 611999999999999999
108 89 73 62 57 60 71 85102117129136138137133128125125127130135137137132251029AW12 0138212213799999999999999 4 4 57164612499999999999999
122109 95 81 70 64 64 70 82 97112126137143143140133126121118118122126130251030AW1338144234013199999999999999 528 63192011899999999999999
130126118105 90 76 66 62 66 77 93112130144152152145133119108102102108118251031AW1430153999999999999999999999 7 0 62202810199999999999999
129136137130116 98 79 65 58 61 74 94118140156163158144124103 87 80 84 972511 1AW 13813815 516399999999999999 812 5821 9 8099999999999999
116135148152145127104 80 62 54 59 76102131155170171159135106 79 62 58 692511 2AW 251152153617399999999999999 9 7 542146 5799999999999999
 91119146164168158135106 79 59 53 63 86116147171181174151117 81 51 36 382511 3AW 34816816 618199999999999999 953 532222 3499999999999999
 58 90127159178181167139107 78 60 58 73101135165184186169136 94 54 25 142511 4AW 4391821636188999999999999991036 5723 0 1499999999999999
 25 54 94136170189189170140106 79 65 69 89120153180192184157115 69 29  42511 5AW 52819117 8192999999999999991117 642340 -199999999999999
  0 19 55100144178193189168137105 83 75 84108139169189192175140 95 48 122511 6AW 6171941740193999999999999991158 75999999999999999999999
 -7 -4 21 60106149179191183161133106 90 88101125154178190185161123 78 352511 7AW 7 6191181419199999999999999 021 -91238 8799999999999999
  4 -8  1 28 68111149174181173153129109 99101116139162179184173146108 672511 8AW 757181184918499999999999999 1 5 -81318 9899999999999999
 31  7  0 12 39 75113144164169161145127113108113127145162173172158133 992511 9AW 851169192717499999999999999 152  014 110899999999999999
 65 36 18 14 26 50 80111137152156151139127118115120130144155160157145123251110AW 952156201116199999999999999 244 14145111599999999999999
 96 69 47 33 31 40 59 84109129142147144137128122119121127135142145143134251111AW11 4147211114599999999999999 342 3016 511999999999999999
119 99 79 61 49 46 52 67 86106124137142142137130122117115116121126131132251112AW1227143225213299999999999999 449 4618 411599999999999999
129120107 90 75 63 58 61 72 88106123136143144139130119109103101104111120251113AW1336145999999999999999999999 6 7 58194910199999999999999
127129126116102 86 73 66 67 76 91109127141148147139125109 95 86 84 90101251114AW 056129142314999999999999999 724 652045 8499999999999999
115127134134125110 93 79 71 71 81 98117136150154149134115 94 77 68 69 79251115AW 226135145815499999999999999 826 702125 6799999999999999
 97116133143142132115 96 81 73 76 88107129148158158145124 98 74 57 51 58251116AW 328144152715999999999999999 916 732158 5199999999999999
 76100124143152150136116 96 81 76 82 98120142159164156135107 78 53 39 40251117AW 416153155416499999999999999 957 762228 3899999999999999
 54 79108136154160153136113 93 80 80 91111135155166164147119 86 55 34 27251118AW 4571601620167999999999999991034 782257 2799999999999999
 35 58 89121148164165152131108 90 82 87103126149165169158132 99 64 35 20251119AW 53416616451699999999999999911 7 822326 1899999999999999
 21 38 68102135159169164147124102 88 86 97117141160170165145114 77 44 21251120AW 6 91691711170999999999999991139 852356 1399999999999999
 13 23 47 81117147165168158138115 97 88 93108131153167169156129 93 57 28251121AW 64316917381709999999999999912 9 88999999999999999999999
 13 14 31 60 96129154166163148127107 94 92102121142160168162142110 75 42251122AW 71816618 516899999999999999 026 111239 9199999999999999
 20 12 21 43 75108137156161154137118102 95 99112131150162163151126 94 61251123AW 753161183516499999999999999 059 121310 9599999999999999
 34 18 18 31 56 87118141154154144128111101 98106120138152159154137111 81251124AW 83115519 615999999999999999 133 161344 9899999999999999
 52 31 22 26 43 69 97123141149146135121109102103112125139149151143125100251125AW 913149194215199999999999999 211 22142410299999999999999
 73 49 34 29 37 54 78103125139144140131119110105106113124135141141132115251126AW10 3144202714299999999999999 253 29151710499999999999999
 94 71 52 41 38 46 63 84106125137142138130120110105104109117126131132125251127AW11 2142213313299999999999999 343 38163310499999999999999
112 94 76 60 49 47 54 69 88108126138143140131120108100 96 98105114121125251128AW12 6143231212599999999999999 443 4718 7 9699999999999999
123115101 85 69 59 55 60 73 91111129142147143133117101 88 81 82 89101114251129AW13 5147999999999999999999999 555 551925 8099999999999999
124128124113 97 80 68 62 65 77 96117136149153147131110 87 69 60 61 73 91251130AW 1 0128135315399999999999999 7 9 622023 5999999999999999
111128138137127110 91 75 67 70 82102125145158159147125 96 68 46 37 41 592512 1AW 227139143616099999999999999 817 672111 3699999999999999
 85113136150151140121 99 81 72 75 89111136156167163144114 78 45 22 14 242512 2AW 335152151516799999999999999 917 722156 1499999999999999
 49 82118146163164151129105 86 77 81 98122148167173163137 99 58 22  0 -32512 3AW 4341651555173999999999999991010 772241 -599999999999999
 12 44 84124156172172157133108 89 82 89108134159175176160127 84 40  4-152512 4AW 52817416351789999999999999911 0 822326-1799999999999999
-14  8 45 89131162177174157132108 91 87 97119145167179175153115 70 26 -72512 5AW 6201781716180999999999999991146 87999999999999999999999
-22-16 10 50 95136165176171152128106 93 92105127152171179170143104 59 182512 6AW 710177175817999999999999999 013-231231 9199999999999999
-11-21-11 18 58101138163171163145122103 94 97112133155170173160132 94 532512 7AW 759171184217499999999999999 1 0-211316 9499999999999999
 17 -7-12  1 30 68107139158162153135116101 95101115134152164163149122 872512 8AW 846163192816599999999999999 147-1314 2 9599999999999999
 51 21  4  2 17 45 79112138152153143127111 99 961021151311451531501361122512 9AW 933154201815399999999999999 235  11451 9699999999999999
 83 53 30 18 20 35 60 89117136146144134120106 97 95 99110122133139137125251210AW1020146211413999999999999999 322 171550 9499999999999999
106 83 60 43 35 39 53 75 99120135141138128116103 94 91 93101111120125125251211AW11 8141222512699999999999999 410 3517 3 9199999999999999
117103 86 70 57 53 57 69 87107124135138134125112 99 89 83 83 89 97107114251212AW1158138999999999999999999999 5 2 531827 8299999999999999
117114105 93 81 71 68 71 82 97113127136138133122108 92 80 72 70 75 85 97251213AW 0 0117124913899999999999999 6 1 681943 7099999999999999
108115116112103 92 84 80 82 90103118131138139132119101 83 67 58 57 63 76251214AW 145116133714099999999999999 7 9 802040 5699999999999999
 92107119123121113102 92 87 88 96109123135142141131113 91 69 52 43 44 55251215AW 3 8123142114399999999999999 819 872125 4299999999999999
 72 93113127133130120107 96 90 91100114129141146141126103 77 53 36 30 35251216AW 4 813315 214699999999999999 920 9022 3 2999999999999999
 51 75101123138142137124109 96 90 93104120136147148138118 90 61 36 21 19251217AW 4541421539149999999999999991010 902238 1999999999999999
 31 54 83112135148149139122105 93 90 96110128144152149133106 74 43 20 10251218AW 5331501614152999999999999991052 902312 1099999999999999
 15 33 62 95125146155150136117 99 89 90100118137151155145123 91 57 27  8251219AW 6 81551648155999999999999991128 882345  399999999999999
  4 16 41 74109137154156146128108 93 87 92107128146157155138110 75 40 14251220AW 64215717221589999999999999912 1 87999999999999999999999
  0  3 22 53 88122146157153138118 99 87 86 97116137153159150128 95 59 26251221AW 715157175615999999999999999 019 -11233 8599999999999999
  5 -2  9 34 67103132151155146128107 91 84 89104124144156156142115 80 45251222AW 748156183115899999999999999 053 -213 6 8499999999999999
 17  1  2 19 48 82115140153151137117 98 86 83 92110130147155149131101 67251223AW 82115419 815599999999999999 127  01342 8399999999999999
 35 13  4 11 33 63 97126145151144128108 91 82 84 95113132145149140119 89251224AW 856151194814999999999999999 2 3  41422 8299999999999999
 58 31 15 12 24 48 79109133147147137119101 86 80 84 96113129140140130109251225AW 933149203514199999999999999 240 1115 8 8099999999999999
 82 55 34 23 25 40 64 92119138146143130112 95 81 76 80 92107122131131121251226AW1012147213213299999999999999 320 2216 4 7699999999999999
103 80 58 42 36 41 56 79104126140145139125106 89 75 69 72 83 97111121123251227AW1055145224612399999999999999 4 5 361710 6999999999999999
117103 86 68 56 52 57 71 91112130141143136121101 82 66 59 60 69 83 99112251228AW1142144999999999999999999999 457 521823 5899999999999999
119118110 97 83 72 68 72 83100118133142143135118 96 73 54 44 43 52 68 88251229AW 023119123514499999999999999 6 3 681934 4299999999999999
106119124121112 99 88 82 83 91105121136145145135116 90 63 40 26 24 34 54251230AW 2 7124133214699999999999999 723 812040 2399999999999999
 79103123134135127115102 93 91 96108124139148148136113 83 51 24  8  6 18251231AW 336136142915099999999999999 849 912138  599999999999999
