279239175105 47 12  3 27 8516123729733434031226020315412111514219424728325 1 1AX1241342999999999999999999999 548  2184211399999999999999
296276224152 82 29  2  4 4111119226531734333429223317613310911615521326525 1 2AX 0 2296131634499999999999999 627 -2191910799999999999999
294296266205130 64 19  0 14 6414222329033334532126920715311610212016922825 1 3AX 034299135134599999999999999 7 7  0195810299999999999999
274297291253187114 54 18  9 35 95175252310340338301242181132101 9712517825 1 4AX 118298142634399999999999999 747  92039 9599999999999999
235277294283240176109 58 30 30 64128205273319337322277215157113 89 9312625 1 5AX 2 829415 333799999999999999 830 262124 8799999999999999
180233272287274233175117 75 54 60 97158226283317324300251192138 98 79 8725 1 6AX 3 4287154332599999999999999 918 532214 7899999999999999
122173224262278269236188140104 87 94127178234279304303277230174123 86 6925 1 7AX 4102781629307999999999999991014 862311 6999999999999999
 78110159209250272272250213173140122124147185229266285283258215163113 7625 1 8AX 5292751724287999999999999991125120999999999999999999999
 58 64 9314019324027128227224520917515214415418121624926826824720815710625 1 9AX 7 1282183127099999999999999 016 57125714499999999999999
 67 46 47 7412218023427629829827523920116915015016920223525726224420615325 110AX 828301194326299999999999999 126 43143214899999999999999
 99 56 32 31 5710817323528631632029825821317414614015819323025626324720625 111AX 939322205026399999999999999 233 28154613999999999999999
149 91 45 19 17 4610317424229733133530826221116613613015219323526226925025 112AX1037337214727099999999999999 334 14164312899999999999999
204142 81 35  8  9 4410718325431034133830425219815212412415520324727327725 113AX1126344223727999999999999999 429  5173012099999999999999
251197130 69 24  2  9 5212320127032134433128723017613411312516722026328525 114AX12 9344232228799999999999999 518  0181011399999999999999
280245183114 55 16  1 19 7314922628933134031326020115111710813418624027825 115AX1245341999999999999999999999 6 0  1184610799999999999999
292278231163 95 42 12  8 4110618525630933632728522617012610311015020725825 116AX 0 2292131633799999999999999 637  6191810199999999999999
288293266210139 77 34 15 27 75148225287325332305251190139105 9511816822625 117AX 040295134333499999999999999 7 9 151949 9599999999999999
270292285247185118 65 33 29 59119194262310330317273213155112 90 9513118625 118AX 11729314 833099999999999999 738 272020 8899999999999999
239275287270225163105 63 45 57 99165234289320321291237177126 93 8310214525 119AX 156287143232599999999999999 8 9 452052 8399999999999999
198245273276252206151105 75 70 93142204261300313298257202148106 83 8411125 120AX 238278145931399999999999999 842 692127 8099999999999999
155203242264262238197154119100103131176227269292292267224173128 94 80 8825 121AX 327266153029599999999999999 922 9822 9 7999999999999999
117159201235253252233202170144131136160195232260272264238198155117 90 8025 122AX 42725516 827299999999999999101413023 0 8099999999999999
 90117155193226246251240219195173159160174197221241248241218185147112 8725 123AX 54725117 2248999999999999991129158999999999999999999999
 78 8611014618422024726025724322119717716817118520422223222921118114511025 124AX 721261181923299999999999999 0 2 78131516899999999999999
 83 70 75 9813517822125627627926624020918016115716818921222823121618514525 125AX 839280193923299999999999999 113 70144615799999999999999
104 72 56 60 8512717823027229629928124720717014614015518421623824322619025 126AX 938301204424499999999999999 219 55154514099999999999999
141 93 55 37 43 7312518624529131531328624219315212712715219223225826023725 127AX1026318213726299999999999999 317 36163112499999999999999
190131 75 36 18 29 6813120226531033031827922517213111112216021125527927625 128AX11 8330222428199999999999999 4 9 18171111199999999999999
242183114 55 16  2 21 7314822428732833831326120114811110112517823628029825 129AX114733923 829899999999999999 457  2174910099999999999999
286239167 93 34 -1 -7 24 91175252310342338297234173124 94 9713720126130025 130AX1224345235031199999999999999 541 -81827 9199999999999999
310286226146 72 18-10 -5 42122209282331349326270202143100 81 9915422428125 131AX1257349999999999999999999999 623-1219 3 8199999999999999
313315278207125 56 11 -7 13 75162247310345344302235166112 78 7210717224225 2 1AX 033318132935099999999999999 7 2 -71940 7099999999999999
294319310263188110 50 15 10 45118205280329346325268196131 84 60 7011718825 2 2AX 116320135834699999999999999 739  72016 5999999999999999
254299316299246173105 57 33 41 88163241301333331293229158101 62 50 7212725 2 3AX 2 1316142833799999999999999 817 322053 5099999999999999
196256295306284234171116 79 65 83132199262304319303257193129 80 51 49 7825 2 4AX 251306145931999999999999999 858 652135 4699999999999999
132195248283292273232183140113106124166218263290292269224167113 72 50 5225 2 5AX 350292153729499999999999999 9471052225 4799999999999999
 80129183232266278269242207175152144155182216246262261241204158112 76 5525 2 6AX 5 427916272649999999999999910551442330 5399999999999999
 56 77116164211249271275262239211187172169178197218233237226200163122 8625 2 7AX 6442751745237999999999999991244168999999999999999999999
 62 55 67 9714219223727128828726924020918216416017219321422722721017813725 2 8AX 827290193022999999999999999 054 55144416099999999999999
 96 64 48 51 7712317923427830631029125521317514713715017821023324122919525 2 9AX 941311205624199999999999999 221 46155613799999999999999
147 98 59 36 35 6111317824129232232429725120115612411814018022225126124625 210AX1034327215726199999999999999 333 32164311799999999999999
205148 92 48 22 23 5711819025630733332628623217713110511014619824427428025 211AX1117335224428199999999999999 430 19172210399999999999999
255202136 77 34 12 22 68139214277322336312260201147108 9311516722427029425 212AX1152336232229699999999999999 515 111755 9399999999999999
290250185116 59 22 10 35 96174246301332326284224165117 88 9213319525329225 213AX1222335235730699999999999999 552 101825 8599999999999999
306286231159 92 43 16 21 66139217281322332303246182128 90 7810215922527825 214AX1246333999999999999999999999 622 141852 7799999999999999
307306269203130 71 33 22 49111190261311332317268201140 94 70 7812218825125 215AX 02931113 733299999999999999 649 221917 6999999999999999
295311294243172106 58 35 44 91164239297328325287223156102 68 62 9014821525 216AX 1 1311132633199999999999999 715 341942 6099999999999999
270302305273214148 93 59 53 81141214277316325300244177116 74 55 6711117325 217AX 135308134632699999999999999 742 5120 9 5499999999999999
235279299289249191135 94 74 84125187250295314302260199136 87 58 55 8213425 218AX 21130014 831499999999999999 812 742036 5399999999999999
194245279288270229180137109102122166219265291291265217159108 72 57 6610125 219AX 250288143229499999999999999 84610221 8 5699999999999999
152204246270273254220183152135135156193231258269258227183135 96 71 65 8125 220AX 33827515 126999999999999999 9291322147 6599999999999999
116160204238258261248224198176163163177199222237239227201165129 98 79 7625 221AX 44126215412409999999999999910311612242 7599999999999999
 90119156193225247257254240221202186177179188201211216210194168138110 8925 222AX 61325717 1216999999999999991220177999999999999999999999
 81 8710914017621324326326926224422019517516516617719320721320618615612225 223AX 756269185921399999999999999 0 5 81142216499999999999999
 93 74 73 8811916120724927829028426022518815814214316118921723323121017325 224AX 9 9291202523599999999999999 136 71152714099999999999999
127 85 58 50 6410015421226429931229926421616913411812615920324226326123225 225AX10 1312212526599999999999999 253 50161111799999999999999
181121 69 36 25 44 91159228285321328302252194144108 9812117122827229428525 226AX1043329221529499999999999999 353 251650 9899999999999999
244177106 49 14  7 35 98178253309339333291228165115 85 8712819425830231825 227AX112134123 031899999999999999 444  61727 8199999999999999
299242163 87 31  0  1 45123209282331348324264193132 87 66 8614522128532525 228AX1156348234333499999999999999 529 -518 4 6699999999999999
332300229144 71 21 -3 12 73161246310346344298226154 97 60 54 9316724630625 3 1AX1228350999999999999999999999 610 -41839 5299999999999999
338335289210127 62 20  9 42116206282331348323260181113 64 39 5210819026625 3 2AX 026342125634899999999999999 648  81914 3899999999999999
319342327271191117 63 33 37 85166247308338333288214137 77 38 28 5912720825 3 3AX 1 9343132334199999999999999 725 301947 2799999999999999
278322336311252180118 76 59 77134209275317327303244170101 51 25 30 7314425 3 4AX 153336135032899999999999999 8 2 592022 2299999999999999
219280316322293239180131101 95121175235283305300264203137 80 41 27 43 8925 3 5AX 240323141930799999999999999 842 9321 0 2799999999999999
155220271300303279236192155134133157198240269278263227175122 77 49 42 6025 3 6AX 336305145427899999999999999 9311312148 4199999999999999
101154208252279286272245214186168164177199223239242230204167127 92 69 6225 3 7AX 44828615442439999999999999910431642254 6299999999999999
 73102143187229259276276263241216194180175181192205213212200178149118 9325 3 8AX 6322781726214999999999999991255175999999999999999999999
 78 77 9212216320724727528928526523620417615715116017919921321620417914425 3 9AX 817289194321799999999999999 033 75145215199999999999999
109 83 70 7510014419624528430530427924019615713012313917120623224423420325 310AX 92630821 524499999999999999 216 69154712299999999999999
158113 77 56 57 8613819925629932131227622517312910310513618322926127325725 311AX1013321215727399999999999999 328 53162610099999999999999
214157104 62 40 46 86149216275316328304255196142101 8410415321126029129525 312AX1051328223729899999999999999 419 381659 8499999999999999
264207142 86 46 30 50105177245298328322280219159109 78 7911918224529131425 313AX1121330231231499999999999999 459 301728 7499999999999999
302254185119 67 35 34 74142216278319328300242176120 79 65 8914821827731525 314AX1146330234332499999999999999 532 301755 6599999999999999
323292229157 95 52 35 56114190259308329314263195132 84 58 6511218225230325 315AX12 7329999999999999999999999 6 0 351819 5699999999999999
328317269198130 78 48 51 93164238295326323282216147 92 56 49 8014321727925 316AX 014329122632999999999999999 626 441843 4799999999999999
319327298238169110 70 57 82141215278317325297237166103 59 41 5510617824725 317AX 045328124432799999999999999 653 5719 6 4099999999999999
298323315272209147100 75 81123190256302320304256187120 69 40 41 7613921025 318AX 11632513 432099999999999999 720 731930 3799999999999999
270308317295245187136102 93115166228278305302267208141 84 48 37 5610517125 319AX 149318132530799999999999999 750 921954 3799999999999999
235282306303272224175137116120151200248280288269224165108 66 45 49 8013425 320AX 224309134828899999999999999 8231142021 4399999999999999
195247282296286255214176149138148178216248264259232188138 93 64 55 6810325 321AX 3 4296141626599999999999999 9 31382056 5599999999999999
153204246273282272247217189169161169189213232238230206171132 99 78 72 8525 322AX 35828214572389999999999999910 01612149 7299999999999999
115155197233258270267252231208188176174182195207214212199176147119 97 8725 323AX 51827116202149999999999999911391742314 8699999999999999
 9111014117721424626727426825122620017716416116918520221321420117614511425 324AX 7 22741832215999999999999991342161999999999999999999999
 91 83 9111615419924227429128927023619716314013414617420723324423620816525 325AX 82529320 524499999999999999 059 83145113499999999999999
120 83 64 66 9013619424929131230827823118013811210813317822826528127123325 326AX 92131421 828299999999999999 226 62153710799999999999999
175115 68 42 42 74133204267312331317272210152107 83 9113319725830031529725 327AX10 633122 031599999999999999 331 391618 8299999999999999
244172103 52 25 30 74148227291332340310248177117 76 60 8414622328833034025 328AX1044342224634199999999999999 423 231656 6099999999999999
309242161 91 42 19 35 94178257315344335285210138 82 47 46 8916725031435125 329AX1118346233135699999999999999 5 9 191733 4199999999999999
351307230149 84 41 27 58130216287332344314246166 98 49 26 4210419227333225 330AX1149345999999999999999999999 551 2718 9 2599999999999999
361349295216141 84 50 50 96174253310337329279201122 62 23 15 5012521429025 331AX 015362121833999999999999999 631 441844 1399999999999999
341360338277203138 91 68 83139214280319328300236156 85 35  9 17 6714823125 4 1AX 1 0360124632999999999999999 710 681919  799999999999999
299341350320261197143106 95121178242290313305263195122 62 23 10 32 9016725 4 2AX 145352131531499999999999999 749 941955 1099999999999999
241299332333302251197153126125154203251283291272226164103 56 28 26 5511125 4 3AX 233337134829199999999999999 8331222034 2499999999999999
178241289315314288247205170150152175209241260259239199151104 68 49 52 7925 4 4AX 327318143026299999999999999 9261482123 4799999999999999
125179231272295298281252219190172168178197216228229216190157123 95 78 7825 4 5AX 43729915332309999999999999910451682231 7699999999999999
 9512716921325127728828326423620718416916517118519920921020018015412610525 4 6AX 6 92881736211999999999999991251165999999999999999999999
 95 9911815219323426828829227724921418115414014215918420822322621318515225 4 7AX 741293194122799999999999999 014 94142313899999999999999
121 99 9210313518122927029730328625120616312811111814718722425125924320825 4 8AX 847304205225999999999999999 155 91151311199999999999999
163122 91 78 90128182237282310311284236183134 99 8911015520825428428826225 4 9AX 933314213929099999999999999 3 4 781551 8999999999999999
214159111 78 67 87137199256300320307265207149102 74 7911817924028831230525 410AX10 9320221831499999999999999 352 671623 7299999999999999
264204144 95 66 65101162228282316320288231167112 72 60 8514321327531733025 411AX1038322225233099999999999999 431 611652 5999999999999999
306250184124 81 62 79131199261305323305254187125 77 51 5810517624830533625 412AX11 2323232533999999999999999 5 4 621718 4999999999999999
333291226160107 74 71107172239292320316275210141 86 50 42 7213621328032625 413AX1123322235734299999999999999 534 681744 4099999999999999
342321267200140 96 77 94147215274312319292233162 99 55 35 48 9917324630425 414AX1144321999999999999999999999 6 4 7718 9 3499999999999999
337336299238176125 93 92128189252297316302254185117 66 36 34 6913521027525 415AX 02934112 631699999999999999 633 881833 3199999999999999
320337319272212158118101117165226277305303270209139 81 43 30 4910117224225 416AX 1 0337122830899999999999999 7 31011857 3099999999999999
295326328297246192147119117146198251286296277230165103 58 35 39 7513620525 417AX 132331125229699999999999999 7341141922 3399999999999999
265307324312275226179144128138173220260280275245193133 82 49 40 5810316525 418AX 2 6324132028199999999999999 8 91281952 4099999999999999
227277307314295258215177150143157190227254263250217168118 78 56 56 8012525 419AX 246315135626399999999999999 8511422031 5399999999999999
181235276300302284251215183161156168193219238242230202163122 90 72 73 9525 420AX 336304144824399999999999999 9481562127 7099999999999999
134182228266289293281255223194171161165180201218228224207178144113 92 8625 421AX 44629416162289999999999999911121612249 8699999999999999
 9912816821225228129328826723620217215314915817920422523522920817513810725 422AX 61129318 8235999999999999991249148999999999999999999999
 90 9111114819524328130130128024420016013312213316220123826126424420615725 423AX 730304193826599999999999999 026 8814 112299999999999999
113 84 76 91131187244290315315288240184136103 9311115521226329430127822925 424AX 830318204430299999999999999 152 761453 9399999999999999
167113 76 62 78125191257305328322282220155103 71 67 9916123229132733230125 425AX 918330213933499999999999999 3 0 621538 6599999999999999
240169109 70 56 77135209276320336316261187119 69 43 50 9917725631835335225 426AX 959336223035799999999999999 356 561619 4199999999999999
311240167108 70 60 92159235296331333296226147 82 38 21 4410919727933836825 427AX1035337231837099999999999999 445 591659 2199999999999999
359308235164110 76 76119191262311333319265186108 50 15 11 4912721829635025 428AX11 9333999999999999999999999 531 711738  899999999999999
373355298227163115 89100151222282318324294228147 77 27  2 12 6514823630725 429AX 0 5373114132699999999999999 615 881816  199999999999999
355369342285220163122106127182245292314306263193117 56 16  2 25 8616924925 430AX 052369121531599999999999999 6581061855  299999999999999
313352358326272214164131125153204256291300281232165 99 48 18 15 4711018725 5 1AX 139360125230199999999999999 7421231935 1299999999999999
258313343342310260209167141142170213254277279255208150 94 53 33 38 7413225 5 2AX 227347133428199999999999999 8291382018 3199999999999999
199261307330325295252208172152154177210240257255234195148104 72 58 66 9825 5 3AX 320331142625899999999999999 92515021 9 5899999999999999
147204256295314310286249210178159157171195218234236223196161126 99 86 9125 5 4AX 41931515392379999999999999910371562214 8699999999999999
11515420124628230130028125021418115914915517319621722822621118515412711025 5 5AX 52930317242299999999999999912 6149234010799999999999999
10812215219323627229329728225121317714813213415218121123424323621318114925 5 6AX 64129819 5243999999999999991325131999999999999999999999
12411312014618723127029429928324820416112710911313917922125427026523919925 5 7AX 745300201627199999999999999 1 8113142010899999999999999
159127110115142187236276300302279235183135100 86 9913919224428229928925325 5 8AX 83530521 829999999999999999 21910915 3 8699999999999999
204157121103111146198250289308300264209152104 74 70 9815321727431232330225 5 9AX 914309215132399999999999999 3131031538 6799999999999999
255198148112 99117162219270303310287237174116 73 53 6511217924830333533525 510AX 946311222933999999999999999 357 9916 9 5399999999999999
300244185135105102133188246290311302262199135 82 49 44 7513721127832734825 511AX101431223 534899999999999999 435 991639 4299999999999999
333287226169125103116160219271304309282226159 98 55 35 48 9716924330434225 512AX1041311234035099999999999999 51010317 8 3599999999999999
348319266206154118110138191248290308296251186120 68 37 34 6612820327132225 513AX11 7309999999999999999999999 5431091737 3199999999999999
347338298242186141117125166221270299301272214147 88 48 31 45 9316323529525 514AX 015348113430499999999999999 61711618 5 3199999999999999
334344320273218169134123146193245283298285241177114 65 37 35 6612619726325 515AX 04834412 329899999999999999 6501231833 3299999999999999
312338333299249198156132135167216261287288262209146 89 51 35 49 9215822725 516AX 121340123429199999999999999 72412919 4 3599999999999999
285323336320279229183149135148185230266282273238183124 76 47 43 6711818425 517AX 15733613 928299999999999999 8 21351939 4199999999999999
248298327329306263216174147141159195235263272258221169116 75 54 57 8613825 518AX 236332135427299999999999999 8451402023 5299999999999999
200259302324321295254209172149145163195229254261248215169123 86 68 7210025 519AX 324326145226199999999999999 9391442119 6799999999999999
148206259299319315290250207171148142156185217243256249224185142106 86 8525 520AX 42132016112569999999999999910461422231 8399999999999999
10814920125329331431329025120716713912913916720323725926324721317013010225 521AX 52631617412649999999999999912 01292352 9499999999999999
 9410814319324628931331429225120115412110711614719323927328727824519815125 522AX 63331719 62879999999999999913 7107999999999999999999999
115 98105136186243290316317292244185131 94 79 9113219025029431631027622225 523AX 733320201831799999999999999 114 9714 5 7999999999999999
166123100102133187247295321318285227159102 64 52 7212419726631734333729725 524AX 825323211934599999999999999 227 981455 5299999999999999
237176130103104138196258304324313269201128 71 37 31 6112720928333736335325 525AX 911324221536499999999999999 3291001542 2999999999999999
308244182135108112151213272310322301246170 98 46 17 19 6113722329835037425 526AX 95332223 737499999999999999 4251051627 1399999999999999
358308244185140115125169231284314315283219141 74 27  6 17 7015123730835825 527AX1034318235837599999999999999 5161141712  599999999999999
375354302240184142123140189247291312304262193119 58 18  4 26 8516825031625 528AX1115313999999999999999999999 6 41231756  499999999999999
360370343290231180143132155205258294306289241172103 50 17 12 4210618626225 529AX 046371115730699999999999999 6501311840 1099999999999999
322358360328275220172142139168216262291296273223158 96 50 25 28 6513020625 530AX 134364124229799999999999999 7361361924 2399999999999999
275326352346310258206164141145176220260283283258209150 96 58 41 52 9215525 531AX 219354133128699999999999999 82213920 9 4199999999999999
224284326343330291241194158141148179218253271269245201150104 74 64 7911925 6 1AX 3 3343142527399999999999999 9121402055 6499999999999999
177238290322330312274227184152139148175211241259259238202159121 96 9010625 6 2AX 34833115292619999999999999910 61392148 8999999999999999
14319424628931431729625921617514613414216619923025025424121217614312011425 6 3AX 43731916452559999999999999911 7134225011499999999999999
12815920324828530530528424820616613712413015418822224826025323119916614225 6 4AX 52930718 8260999999999999991211124999999999999999999999
13314116720524627929729627523819415312210911514218122325727527425422118625 6 5AX 626299192727799999999999999 0 3133131110899999999999999
157143146168204245277294291267226177133102 9010113518423527529829827623825 6 6AX 721295203030199999999999999 12014214 2 9099999999999999
196163144145167206248280294286255207154109 80 73 9413919725529932231828925 6 7AX 810294212232499999999999999 2271421445 7299999999999999
244197160140143171213256286295278238182127 83 60 63 9615221827932234032825 6 8AX 85229522 634099999999999999 3221381524 5799999999999999
290240190152135145180227269293293265214153 99 61 46 6210817424330234034925 6 9AX 930296224735099999999999999 4 813516 0 4699999999999999
327281227178143134154197245282297285244185124 75 45 42 7212920026832135025 610AX10 5297232535399999999999999 4491331636 4099999999999999
347315264210164136138169217263292297271220156 98 56 37 47 9015522729033525 611AX1039298999999999999999999999 5271331711 3699999999999999
352337296243191151134148189239279298290252193129 76 43 36 6011418525431025 612AX 0 2352111329999999999999999 6 31341746 3599999999999999
344348321273220173141137163210258290299279230166105 60 37 42 7914221427925 613AX 038350114929999999999999999 6401351821 3599999999999999
326348340302250198157136143179229273297295264208143 86 49 36 5310217124325 614AX 113349122629999999999999999 7161351857 3699999999999999
302339349328282227179145134151194244282298287249189125 74 45 42 7012720025 615AX 14935013 729899999999999999 7551341936 4099999999999999
268320347345313261207163136134159204252284295279236177117 72 50 55 9115225 616AX 226350135429599999999999999 8361312020 4999999999999999
224287330348336297243190150129132162207252282290273231175121 82 65 7411325 617AX 3 6348145029199999999999999 9231272110 6499999999999999
173240297333343324281227176139120127157203247278288274237187138102 86 9625 618AX 351343155628899999999999999101612022 8 8699999999999999
13218724729732833331126721416312610811514619123827429128425421016412811125 619AX 4413341713291999999999999991114108231711099999999999999
116145192246292319322299256201149110 91 9712817723027430030228024119515625 620AX 5373241835304999999999999991216 90999999999999999999999
133131151192241284310313290245188132 91 71 7711016422627931332430827122325 621AX 636315195432499999999999999 0361291317 7099999999999999
180150140153188236279304306282234172113 70 50 57 9415622628732934633329425 622AX 73530921 534699999999999999 1581401416 4999999999999999
244196161144152187234277302303275222156 95 52 33 42 8515423029634336234925 623AX 83230622 736299999999999999 3121431512 3299999999999999
308254203164144152189238280303300268210140 79 38 21 35 8415823730535237125 624AX 92530523 337199999999999999 41414316 6 2199999999999999
355311255202162143155195246286305298260197127 68 30 16 35 9016724731335925 625AX1015306235437399999999999999 5 91431658 1699999999999999
373352303246195156141160205255293307294251185115 61 26 18 4310418326032325 626AX11 4307999999999999999999999 5581411747 1799999999999999
362369340287231182148141167216266299308289240172106 56 28 26 6012620527725 627AX 041371115230899999999999999 6431391833 2399999999999999
333363359321265210165139142176228275303306281227159 98 55 34 43 8615623225 628AX 123366123830899999999999999 7251361916 3399999999999999
297343360342296239187149132145187238281303300268212148 95 60 48 6811919025 629AX 2 0360132430599999999999999 8 51311954 4899999999999999
260315348350320268212165134128150195245282298290254199142 97 72 7110115625 630AX 234353141129999999999999999 8441272032 6899999999999999
223284327345333293240188147124127156201246278290278242193145109 9310113625 7 1AX 3 634515 129099999999999999 9241222111 9399999999999999
19024929832833231026621516813311912815920124227128227023919815813112113325 7 2AX 34033415582829999999999999910 8118215712199999999999999
16721526330031831328524319515312411412615719723626527726924621318115714925 7 3AX 41731917 7277999999999999991057114225614999999999999999
16018822526329130229326522518114211610812115019023026328027926323620618225 7 4AX 5 33021828282999999999999991152108999999999999999999999
171175195224254278286276250212169131106 9911214318523026829229728525922725 7 5AX 559286194829899999999999999 0131701251 9999999999999999
198181178191216244267276267241202158119 93 8710213718623728131031830527525 7 6AX 7 2276205231899999999999999 1401771348 8799999999999999
238203179171183208239264274264235192144103 79 75 9613819325129932933531725 7 7AX 8 2274214533699999999999999 2541711439 7499999999999999
281237196169162176208243270278264228179128 86 64 66 9414520726931734434425 7 8AX 854279223034799999999999999 3491611526 6299999999999999
318274225182156154178216256282285263219163109 69 52 61 9915922628833335325 7 9AX 939287231135499999999999999 4341521610 5299999999999999
344308257206165146154188233274295291259205143 89 54 44 6311117924930834625 710AX1021297234935799999999999999 5131451653 4399999999999999
357335290235185150140160205255292306292249186122 71 42 40 7113120527432725 711AX11 2306999999999999999999999 5511391734 3799999999999999
356354320266211165138140174226277308313288234164100 55 34 43 8715823530125 712AX 026360114231599999999999999 6271351814 3499999999999999
346362345298239186147130145191248295319314278214142 82 45 34 5611319226825 713AX 1 0362122232199999999999999 7 41301853 3399999999999999
326360362328271211162130125153208266308324310264194124 71 43 43 7814722825 714AX 13336513 432499999999999999 7411231931 3999999999999999
299347367352304241183139116123163223279314324302249180115 71 52 6311018425 715AX 2 5367134932499999999999999 8181152010 5199999999999999
261322358362332275211156119106123171232284315319293240176120 84 74 9414525 716AX 238364143932199999999999999 8581062053 7399999999999999
216284333355346306245184134103 9812317323228131031428924118613911010512725 717AX 313356153731699999999999999 941 96214310499999999999999
176237293329340322278220162117 91 9111916822427230331029225420916914413825 718AX 3533401647311999999999999991031 88224413899999999999999
157195243287314319299257203149107 83 8410915621026129631230427824120417825 719AX 4413201810312999999999999991129 80999999999999999999999
167174200236271294298282245195143101 76 73 9513919424929331932330627323625 720AX 543299194132499999999999999 0 61671236 7299999999999999
204184179193221253277286275243195142 97 68 61 7912118024229433034333129925 721AX 65728621 134399999999999999 1451791348 6199999999999999
257218187173180206241270284277248199143 93 60 49 6410817124029934235934825 722AX 81228422 735999999999999999 3121731457 4999999999999999
312264217180161167197238273291286255202141 87 52 39 5410217124530835237025 723AX 91929223 137099999999999999 41716016 0 3999999999999999
354311257206167149160199247284303296260201135 80 44 32 5210618125732036125 724AX1016304234837399999999999999 5 81481655 3299999999999999
372347296239188152140162210262299315302258192124 72 39 32 6112420327633425 725AX11 6315999999999999999999999 5521401744 3199999999999999
367365328271214167137137173229280314323301247176111 64 38 42 8415523430125 726AX 027371115032499999999999999 6301321825 3599999999999999
349368349299239185144126141189249297324324291228158 99 60 45 6411919627025 727AX 1 1368123032899999999999999 7 512619 0 4599999999999999
327359359322263204155124121152209267310328316272206140 91 63 63 9916524025 728AX 13036413 932899999999999999 7371181931 5999999999999999
304347360339288225170129111124168227281315324301250187130 92 78 9414221125 729AX 154360134832499999999999999 8 811120 1 7899999999999999
27932935334630824918914011110613318424128731331228323217713210610513318725 730AX 218355142931699999999999999 839105203310299999999999999
25030333734331927121315912010211014519624728630529926922418014713113917225 731AX 243344151630699999999999999 912101211113199999999999999
22127230932631828523618413911010211915620224627929428826423019717216317325 8 1AX 311326161229599999999999999 950102215916399999999999999
20223927429730228725321016613010910712516020124027128728627024622120019125 8 2AX 346303172628899999999999999103610523 919199999999999999
19621423826027427526123219616012911111012615619423226528729328626924622425 8 3AX 4342771858293999999999999991134108999999999999999999999
20820321022324025325624722519516113111110611914718522726629530930729026425 8 4AX 550257202231099999999999999 054203124510699999999999999
234209195194205223241252249231200164129104 9610713517822727431032732530425 8 5AX 718253212332999999999999999 2351931356 9699999999999999
269230197177175191218246263263243207162120 90 80 9212617823629032834433625 8 6AX 829265221034599999999999999 3351741458 8099999999999999
305260213176158163189228264284281254208153104 72 63 8012418725330934635625 8 7AX 924285225135799999999999999 4181571551 6399999999999999
337294240190155143160201250289306297259199136 84 53 49 7613320627633136125 8 8AX1010307232936599999999999999 4561431639 4799999999999999
360327272214166137136168223277314325305253182114 65 39 43 8415523430335225 8 9AX1053325999999999999999999999 5321321723 3699999999999999
371354305243186143123137185249303334336303237160 94 50 32 4910618826933125 810AX 0 4371113433999999999999999 6 812218 3 3299999999999999
369372337275210157122114146208275324347338291215138 79 43 37 7114322930425 811AX 036375121534899999999999999 6431131841 3599999999999999
355377360307237175128104112160230296338352330272194123 73 49 5710718727125 812AX 1 6377125635299999999999999 7181021918 4799999999999999
334370372335269197140103 91116176249309344349317254180119 81 68 9115123125 813AX 134376133935199999999999999 752 911954 6899999999999999
304351369351298227160111 84 8612519126031434233930324317913010110013219425 814AX 2 1369142634599999999999999 827 802033 9799999999999999
264320351351319259190131 91 74 8813319826230933232729424319215313413917225 815AX 231355152033499999999999999 9 5 74211913299999999999999
224278317333321283226166115 83 74 9313819625329631931829425621718717117425 816AX 3 5333162732299999999999999 951 73222017099999999999999
198235272297304290256208157115 87 80 9613318423527830631430428025022220325 817AX 3503041756314999999999999991049 79235319799999999999999
198206226250268275267244207165126 97 85 9312116321326029731832130728125025 818AX 5 027519403229999999999999912 7 85999999999999999999999
223203197204222242257261249222183141107 86 8310214119324829632934233230325 819AX 64426121 434299999999999999 1581971337 8299999999999999
264225193176178199229255270267244202153110 80 69 8312318324730334335934725 820AX 82127122 435999999999999999 3241741458 6999999999999999
309260212173152159190232269290290264214156105 69 55 7011818625631635736925 821AX 930293225036999999999999999 41715116 1 5599999999999999
346298241189149134152198250292314310273212147 94 58 46 7012920427633336725 822AX1022316232937299999999999999 4581341652 4699999999999999
367329271212162129126161219275316333318268198131 81 50 49 8715723530235125 823AX11 4333999999999999999999999 5341231733 4599999999999999
370350298235179135114130182247302336342312249176114 70 51 6612219927333025 824AX 0 1370114234399999999999999 6 611418 7 5099999999999999
363361320257195145113110146209275323347338292222152 99 67 6410016924731125 825AX 027367121634899999999999999 6361071836 6199999999999999
352363337280213156115 98116169238298337347322265195134 93 76 9314722129125 826AX 049364125034899999999999999 7 2 9819 3 7699999999999999
340361348301234169121 94 96133196263314341337299238175126 98 9813319726725 827AX 1 9361132434399999999999999 728 901930 9499999999999999
322352351316255188133 96 8510515622128032133632027521816613011713217824025 828AX 12835614 033699999999999999 754 8520 011799999999999999
297334343322273210151107 85 9012418024028931832330025821017114714617121725 829AX 149344144032499999999999999 821 83203414399999999999999
267306324316283230174127 97 8810514619924928830930828525121618817317820325 830AX 213324152731199999999999999 851 88211717399999999999999
23927229429728024419815311910010112316220624827929629628025623221120020325 831AX 240298162829899999999999999 929 98221920099999999999999
21924025926826524821918415112511211413416520223726728629228627225323421925 9 1AX 3182691759292999999999999991021111999999999999999999999
21321622523424124223321418916213912312013215618822325728430030229327324825 9 2AX 436242194130399999999999999 0 8213114212099999999999999
22420619820021022423523822920818015112611411813717021125529331632331128425 9 3AX 645238205232399999999999999 216198131611399999999999999
248212185173177197224249261255232195153117 96 9511515620926531033734232125 9 4AX 812261214134399999999999999 3151721433 9399999999999999
281232188158149164200243277293284251199143 98 73 72 9915322028433335735325 9 5AX 910293222135999999999999999 3541491532 6999999999999999
317263206160132133165218272310323306258190125 76 52 57 9716624431035537125 9 6AX 957324225737199999999999999 4301291622 5099999999999999
350298233174131112128179246305340346315250172104 58 39 5611319527533737325 9 7AX1040348233137899999999999999 5 511217 5 3999999999999999
373333266197142106100135203277333362356310233152 89 49 40 7314623430936025 9 8AX1122364999999999999999999999 540 971746 3999999999999999
380359300224158110 85 96151230303353372354294211136 82 52 5810819127533925 9 9AX 0 138012 337299999999999999 614 841823 5099999999999999
373372329256180121 82 72103173255322363373341273194129 86 69 9015423731025 910AX 029378124537499999999999999 648 7119 0 6999999999999999
356371348287208138 88 62 68117195274333365364323256186133101 9813220027525 911AX 055371132836999999999999999 721 601937 9599999999999999
330358352311241165105 66 53 7513421228333435834930724619014812713417523625 912AX 121360141535999999999999999 755 53201712699999999999999
294331341320270202136 86 59 58 9015022128232534333329624820517316017120625 913AX 15034115 834499999999999999 832 5421 515999999999999999
252292312310283235177124 86 67 7310515821727030832532029526122820319119725 914AX 225315161532699999999999999 918 66221119199999999999999
218246270281276254217174133102 86 9011415420224928630931530528325623121325 915AX 3132811750315999999999999991020 85999999999999999999999
20621022223724825024122019115812810810211314017922526730131932130628024825 916AX 443250193632299999999999999 0 6206115210299999999999999
21819618619020522524124824122018815212210310111915620625830233134032529125 917AX 7 3248205134099999999999999 213186133710099999999999999
248206172155160185220251271272252213166124 94 8410014220126231334735433025 918AX 835274214435599999999999999 3171541456 8499999999999999
285231181143128144185234276302303274223165115 80 69 9114421227833136035625 919AX 932306222436399999999999999 3591281552 6999999999999999
318261201150116113146203262307330322279215152100 68 6510016523830334836425 920AX1016332225736499999999999999 4351101636 6299999999999999
342289224165119 97114166234294335349325267196133 86 63 7612820227432935925 921AX1053349232336299999999999999 5 7 971711 6399999999999999
355312247181129 94 92130197268323354352310242171115 79 7210517124731034925 922AX1127358234636099999999999999 535 881742 7099999999999999
358329269199139 97 80100157232298344361340284213149104 83 9614822229033725 923AX1159361999999999999999999999 6 1 801810 8299999999999999
357341289219152103 76 79121191264322354354317254187135103 9913319726832225 924AX 0 5357123135999999999999999 625 731837 9699999999999999
350346307240170113 77 67 9215122429033635433829022717013011312817624230125 925AX 02335313 335499999999999999 649 6619 511399999999999999
337344317261191128 84 64 7411818525430834034331526420916413613416321727425 926AX 043345133634699999999999999 712 64193513199999999999999
315331318276213149 99 71 68 9514921527431633532629224520116815216219724525 927AX 1 4332141233599999999999999 737 6520 915299999999999999
286309308281232173121 87 73 8412217823628331332230827623720418117418822025 928AX 128312145332299999999999999 8 4 73205017499999999999999
254280288276244198150112 90 8710714619624328030330829527024121619919420525 929AX 155288154530899999999999999 838 86214719499999999999999
22524625925924621918414812110610612515719723626828929729227625423321520525 930AX 23326117 429899999999999999 928104232620499999999999999
2052132242332362302141911651411251201291521842192532812973002912722462212510 1AX 3542361844301999999999999991051120999999999999999999999
2001901891982122272352322171931641381211191331612002432823083183102852502510 2AX 61523520 331899999999999999 131188123811899999999999999
212181163161177206237258264251221179139109 981081391892452943283393252872510 3AX 749265205733999999999999999 23416014 3 9899999999999999
237188151132138169217263294302284240182128 90 74 861281922603163493543262510 4AX 850302213935699999999999999 31713115 6 7499999999999999
273210155117105126177241297331335305245174112 72 58 781352122863393663572510 5AX 939337221636799999999999999 3541051557 5799999999999999
311242173119 87 87127198272330361356311237160 99 61 54 881602443143593712510 6AX1024363225037299999999999999 431 821642 5299999999999999
343278200132 85 63 80141225302356379363304223147 92 62 661161972793383682510 7AX11 7380232037099999999999999 5 7 631724 5899999999999999
361312233154 94 56 49 86163252325372386356288208141 95 74 941562383093522510 8AX1151386234936499999999999999 542 4718 4 7499999999999999
364336269185112 62 36 46101187274340378381341271199142106 971301982733282510 9AX1234385999999999999999999999 616 351844 9699999999999999
353345299222142 79 40 28 55122209288345375368323258196150123127168233293251010AX 017354131937799999999999999 651 28192412199999999999999
331339315258182111 60 33 34 73144225294343363350307251201163146158198252251011AX 04734014 736499999999999999 728 2920 814699999999999999
295317313280222155 97 58 41 52 96161231291331346333297252211181170182214251012AX 12031915 234699999999999999 8 8 4021 117099999999999999
251280291281249200147102 72 62 76115169227278313328320295260227201188192251013AX 2 229116 932899999999999999 856 62221418799999999999999
210233252260253231197159124 99 89 97125166214259294313315300274243215195251014AX 3 326017353179999999999999910 3 89999999999999999999999
187191204220233237231213186155129112110124154195240279307318311287254218251015AX 45623719 631999999999999999 0 8187114010999999999999999
187167162173195220240248242220187153126111114138179229276311328322294252251016AX 7 6249201532999999999999999 148161132111099999999999999
206165138132150185225259278276250209164126102101126173231284322339326288251017AX 82428021 533999999999999999 2451311435 9899999999999999
234180134108110142194247289311304268215161117 91 92126184247301336343317251018AX 917312214334599999999999999 3261051528 8899999999999999
264202145102 85103153218278321337318269206148104 83 96143209273321345335251019AX 959337221434699999999999999 4 1 851610 8399999999999999
291226161108 75 75113180251311347350315254188132 95 86115176244302337343251020AX1035353224034599999999999999 432 701645 8599999999999999
312250180120 76 59 80138214285337361348298231167119 94103149216280325342251021AX111036223 234299999999999999 459 591717 9299999999999999
325273202135 84 55 58101172250314354362331272206150113103131190256309336251022AX1142363232333999999999999999 525 51174710399999999999999
332292226154 95 58 47 72132209281333359350306244185139115124167230288324251023AX1215360234533399999999999999 550 46181611499999999999999
332306249178113 67 45 54 99169243305344353329278220170135127152204262305251024AX1247354999999999999999999999 615 44184712699999999999999
324312268203135 82 51 47 75133205271320345339304252201161139146181233280251025AX 0 8324131934799999999999999 639 45191913899999999999999
307308280226161104 65 49 62105169236291327337320281233191161151167206250251026AX 033311135333899999999999999 7 5 49195415099999999999999
283295283245190132 87 61 60 85135197256300324325302264223188167165185219251027AX 1 1295143132899999999999999 734 57203516399999999999999
252273274255216166119 86 71 78109159214263298316312289256221193177177193251028AX 135276151931799999999999999 811 70213017499999999999999
218241254252234201161124 98 88 97125168215258290306304286259228201183178251029AX 224255162430799999999999999 9 3 88225017899999999999999
187204222235238228206175144119106109129163204246280301305293268237205180251030AX 3462381745306999999999999991020105999999999999999999999
167168181201223238241228203171140117109120147188234276304315306278239198251031AX 54124119 231599999999999999 026165115610999999999999999
1631421401561882242542682632381981541191011031291742302813163293172812292511 1AX 71426920 232999999999999999 1381381323 9999999999999999
176134110111138186239282304300268216159114 89 881171722382953323413192692511 2AX 821306204934299999999999999 2291071431 8599999999999999
204143 98 77 87131198265315339330288223158107 79 811181842563133453453072511 3AX 916340213034999999999999999 313 761528 7699999999999999
241166104 62 50 75137218292344365349295221153103 78 861352082803303513352511 4AX10 536622 635199999999999999 353 491618 7699999999999999
280201124 66 33 32 74153242316365380353291215151105 851041622383023403452511 5AX1053381224034799999999999999 432 2817 4 8599999999999999
312243158 85 36 13 27 851742633333763833472802091511121011301942653163402511 6AX1140385231334199999999999999 510 12174810099999999999999
329281202120 55 16  5 341041952793433783763332692051541221211592222823202511 7AX1227382234833099999999999999 549  4183211799999999999999
330305246167 92 37  8  9 501252132903453723623182582011581341421832402882511 8AX1314373999999999999999999999 629  4191713399999999999999
314311277215141 77 32 13 24 721462262943413603453032492001631461591982452511 9AX 02531614 436099999999999999 710 1220 514699999999999999
282298288251193129 76 41 29 47 96164234293332345329290243200169157169201251110AX 1 8298145634599999999999999 755 2921 015799999999999999
238265275264232184131 88 61 54 73117175235286319329315282241202174162169251111AX 2 0275155432999999999999999 846 5422 716299999999999999
192220243253247224188147111 88 82 96131179231275306317306278241205175158251112AX 3 925317 031799999999999999 949 82233115699999999999999
158173196220236240229205172141117106112137177223265296309303278242203168251113AX 44824018113109999999999999911 9105999999999999999999999
145138149174204231247247231202169139121118136171216259293309303277237191251114AX 632249191630999999999999999 053138123711799999999999999
150122113126159201239266274260228188151125117132168216262297312303270221251115AX 75227420 931299999999999999 155113135311799999999999999
169124 94 89112158212261293302284244196152122113131172225273305315296252251116AX 850303205231599999999999999 241 88145211399999999999999
193137 92 68 74112172236289321324296247192145115111138187243289314311278251117AX 936327212631699999999999999 319 67153910999999999999999
221157101 62 50 73127198265317343335295237180135111117155211266303316297251118AX1016344215631699999999999999 353 50161910999999999999999
248182118 68 41 45 85153229294339353331281220165126112132181239287312308251119AX1053353222331499999999999999 423 38165511299999999999999
271210141 82 43 31 54110185259318351350315259200151121122156211265301311251120AX1129355225031199999999999999 453 31172911799999999999999
289237168103 55 29 34 75143219286333352336292235181140123139183238283306251121AX12 3352231730799999999999999 521 2718 212399999999999999
299261198130 74 37 27 51105178249306341344315265211164134131160210260293251122AX1236347234630199999999999999 549 27183512899999999999999
300278227161 99 53 31 37 76140212275320340329291240190151133145182231272251123AX13 9341999999999999999999999 618 2919 813399999999999999
292286251194130 76 42 34 55106173241295328334311268218174145139159200244251124AX 017294134233599999999999999 648 33194513899999999999999
275284267224166107 63 41 45 78135202263307329324294248202165144146171211251125AX 051284141933099999999999999 722 39202514299999999999999
248270271248203148 97 62 49 62101159222276312325313280235193160145151176251126AX 13227315 132599999999999999 8 1 49211514499999999999999
211242260258235194145101 72 64 80118173231279310319304271228188158143148251127AX 224261155231999999999999999 851 64221614399999999999999
170202231249250233199156117 90 81 94128178231276305314300268226184152134251128AX 335252165231499999999999999 955 81232713299999999999999
135154185218243254245218180141111 96103130174225271302312299267222175137251129AX 5 32541757312999999999999991113 96999999999999999999999
114112131168210247268269248211168130107105126167219268302314300264211156251130AX 632271185931499999999999999 036110123610399999999999999
112 86 841081542102602913002822411901441141041211622182703063162992541912512 1AX 749300195431799999999999999 135 81135310499999999999999
129 81 54 56 891492192793183303102632051531171041191642242783113172912352512 2AX 853330204231999999999999999 227 5115 010499999999999999
163 96 48 26 34 801532332993413533292752121581191051241752372883163132772512 3AX 950353212631999999999999999 315 24155810599999999999999
210132 65 21  4 23 811642483153583663362782141591221111361912522973163042512 4AX104336722 831799999999999999 4 1  4165011099999999999999
256181103 40  2 -7 22 891772623273663683332732111591241191512082653033132512 5AX1134372225031399999999999999 447 -8173911799999999999999
290234156 80 24 -8 -9 301041922733343673623222622031551271291662232743032512 6AX1224370233430899999999999999 532-13182712399999999999999
305274212135 66 17 -8  0 461222082833373623513072481931501281381792332772512 7AX1312363999999999999999999999 618 -9191312799999999999999
299293257194122 59 18  1 17 681442242923373543342882321811441291451872362512 8AX 019300135835499999999999999 7 4  120 012999999999999999
274289279241180115 61 27 18 41 951682402993353413152682151691381301491902512 9AX 1 8290144234399999999999999 749 18204812999999999999999
233265277264227172116 71 45 43 70123190253302327325295249199158133129149251210AX 2 1277152533099999999999999 835 40214012799999999999999
186224252262252219173126 89 70 72100149207260299316308277232187150127124251211AX 3 1262161131799999999999999 925 68223812399999999999999
143175210238250245220183144114 98101125167216261291303292261220177141118251212AX 41225117 0303999999999999991022 96234111499999999999999
115131161196227245247231203170141124124142176217256282290279250209165128251213AX 5362491756291999999999999991131122999999999999999999999
105100115147186224250260252228196165143137149177214250274282270240196150251214AX 7 2260185428299999999999999 045 99125213799999999999999
111 86 82100138186232266282277252216180152140148174211247272278263227178251215AX 815283194927899999999999999 142 8114 814099999999999999
128 88 65 65 91138195249288306298268225183151136144173214251274276254210251216AX 912306203527899999999999999 230 62151013699999999999999
155103 64 46 54 91149214272311325310272223176142130144179223260278272239251217AX 959325211627999999999999999 312 45155913099999999999999
187128 76 42 33 53103169238295329334309263210162132127150193238271281264251218AX1040336215328199999999999999 350 32164012599999999999999
220160100 52 27 29 63123195262314339332297245191147124130165212256281280251219AX1118340222828499999999999999 426 24171712399999999999999
249195131 74 34 19 35 82150222285327340320276221169133121141184234272287251220AX115434023 228799999999999999 5 0 19175212199999999999999
273230167103 52 22 19 49108180249304334333301250195150123125157207254283251221AX1228337233728899999999999999 535 17182612099999999999999
286259205139 78 35 16 28 71139212276319335320277222171133119134176228269251222AX13 1335999999999999999999999 6 9 1619 011999999999999999
288279240179112 57 24 18 43 99173244299330332302251196150122119146195245251223AX 012289133333599999999999999 643 16193611799999999999999
278287267219154 90 43 21 27 66131207272317336322281225172133115123158209251224AX 04928714 633699999999999999 718 19201411499999999999999
254280281253200135 77 39 27 45 93163236294328333307258201153120110126167251225AX 131284144033599999999999999 756 27205511099999999999999
216257277272241187127 77 47 43 68121190257305328323289236181137109104125251226AX 219278151933099999999999999 839 42214210399999999999999
167215253271266236187134 90 67 67 94145208266305320307270218165122 98 96251227AX 31827216 332099999999999999 930 632235 9399999999999999
118159206245266265241201154116 94 93116160214264297307292254203151108 83251228AX 4282691654307999999999999991032 902336 7999999999999999
 81103144193237265273259226185147122116131165211255285294279243191137 92251229AX 5512731753294999999999999991148115999999999999999999999
 65 61 82125180232270289284257218177146131136162202244275285272235181123251230AX 717290185728599999999999999 040 60131613199999999999999
 74 45 40 62109170231279307310288247203165141137156194236267278266227170251231AX 83731220 027899999999999999 142 39144213699999999999999
