 24 25 26 26 24 21 16 10  5  0 -3 -4 -3  1  6 12 17 21 23 23 22 21 21 2125 1 1B3 220 261836 239999999999999911 0 -42150 2199999999999999
 22 23 24 25 25 23 19 14  8  2 -2 -5 -5 -3  1  6 12 17 20 21 20 19 18 1825 1 2B3 315 2519 2 21999999999999991142 -52229 1899999999999999
 19 20 21 23 24 23 21 16 11  5  0 -4 -6 -5 -3  2  7 12 16 18 18 17 15 1525 1 3B3 4 7 241930 18999999999999991222 -62319 1599999999999999
 15 16 17 19 20 21 20 18 13  8  3 -2 -4 -5 -4 -1  3  8 12 15 16 15 13 1225 1 4B3 5 0 211958 169999999999999913 0 -5999999999999999999999
 11 11 12 13 15 17 18 17 14 11  6  2 -1 -3 -3 -1  2  5  9 12 14 14 12 1025 1 5B3 6 0 182024 1499999999999999 021 111333 -399999999999999
  8  7  7  8 10 12 13 14 14 12  9  6  3  1  1  1  3  5  8 11 13 13 12 1025 1 6B3 712 142047 1399999999999999 131  714 0  199999999999999
  7  5  4  4  4  6  8  9 11 11 11  9  7  6  5  5  6  8 10 12 13 14 14 1225 1 7B3 854 1121 9 1499999999999999 247  41411  599999999999999
  9  6  3  2  1  1  2  4  6  8 10 11 11 10 10 10 11 12 13 14 15 16 16 1525 1 8B31121 112131 1699999999999999 4 9  11348 1099999999999999
 12  9  5  2  0 -1 -1  0  2  4  7 10 12 13 14 15 16 16 17 17 18 18 18 1825 1 9B32156 18999999999999999999999 533 -1999999999999999999999
 16 13  9  5  2 -1 -2 -3 -2  0  4  8 11 14 17 18 19 20 21 21 21 21 21 2125 110B32240 21999999999999999999999 648 -3999999999999999999999
 20 18 15 11  6  2 -1 -3 -4 -3  0  4  9 13 17 20 22 23 23 23 23 23 23 2325 111B32124 23999999999999999999999 752 -4999999999999999999999
 23 23 21 17 13  7  3 -1 -4 -4 -3  1  5 11 16 19 22 24 24 24 24 24 24 2425 112B39999999999999999999999999999 847 -4999999999999999999999
 25 25 25 22 19 14  8  2 -2 -4 -4 -2  2  7 13 18 21 23 24 24 23 23 23 2325 113B3 058 2518 2 2499999999999999 937 -42130 2399999999999999
 24 25 26 25 23 19 13  7  1 -2 -4 -4 -1  3  9 14 19 22 23 22 22 21 21 2125 114B3 2 3 261812 23999999999999991022 -42142 2199999999999999
 22 24 25 26 25 22 18 12  5  0 -3 -5 -3  0  5 10 15 19 21 21 20 19 18 1825 115B3 3 2 261830 219999999999999911 3 -52217 1899999999999999
 19 20 22 24 24 23 20 15  9  3 -2 -4 -4 -3  1  6 11 15 18 19 18 16 15 1525 116B3 355 241851 19999999999999991139 -523 1 1599999999999999
 15 16 18 20 21 21 20 16 11  5  0 -3 -4 -4 -1  3  8 12 15 16 16 14 13 1225 117B3 442 221912 16999999999999991211 -42350 1199999999999999
 11 12 13 15 17 18 18 16 12  7  3 -1 -3 -3 -2  1  5  9 12 14 14 12 11  925 118B3 526 181932 14999999999999991237 -3999999999999999999999
  8  8  9 10 12 13 14 14 12  8  5  1 -1 -2 -1  1  4  8 10 12 12 11 10  825 119B3 611 141946 1299999999999999 043  81257 -299999999999999
  6  5  5  6  7  9 10 11 10  8  6  3  2  1  1  3  5  8 10 11 12 11  9  725 120B3 7 3 111952 1299999999999999 137  513 7  199999999999999
  5  4  3  3  4  5  6  7  8  8  7  5  4  4  4  5  7  9 11 12 12 12 10  825 121B3 818  81948 1299999999999999 235  313 0  499999999999999
  6  4  3  2  2  2  3  4  5  6  7  7  7  7  7  9 10 12 13 14 14 13 12 1025 122B31938 14999999999999999999999 341  2999999999999999999999
  8  5  3  2  1  1  1  2  3  5  7  8  9  9 10 12 13 14 16 16 16 16 15 1325 123B31938 16999999999999999999999 455  1999999999999999999999
 11  8  6  4  2  1  0  1  2  3  6  8 10 12 13 14 16 17 18 18 19 18 17 1625 124B31949 19999999999999999999999 6 6  0999999999999999999999
 14 11  9  6  4  2  0  0  0  1  4  7 10 13 15 17 18 19 20 20 20 20 20 1925 125B320 7 20999999999999999999999 7 8  0999999999999999999999
 17 15 13 10  7  4  1 -1 -1 -1  1  5  9 12 15 18 19 20 21 21 21 21 21 2125 126B32037 21999999999999999999999 8 0 -1999999999999999999999
 20 19 16 14 10  7  3  0 -2 -3 -2  1  6 10 14 18 20 21 21 21 21 21 21 2125 127B39999999999999999999999999999 848 -3999999999999999999999
 21 21 20 17 14 10  5  1 -3 -4 -5 -2  1  7 12 16 19 20 20 20 19 19 19 2025 128B3 0 3 211741 2099999999999999 932 -52056 1999999999999999
 21 22 21 20 17 13  8  3 -2 -5 -7 -6 -3  2  7 13 16 19 19 18 17 17 17 1725 129B3 126 221745 19999999999999991014 -72124 1799999999999999
 19 20 21 21 20 17 12  6  0 -5 -8 -9 -7 -3  2  8 13 16 17 16 15 13 13 1325 130B3 232 221759 17999999999999991053 -92157 1399999999999999
 15 17 19 21 21 19 15  9  3 -3 -7 -9 -9 -7 -2  4  9 13 15 15 13 10  9  925 131B3 333 211817 15999999999999991130 -92238  999999999999999
 10 12 14 17 19 19 17 13  7  1 -4 -7 -9 -8 -4  1  6 10 13 13 11  8  6  525 2 1B3 431 191837 139999999999999912 5 -92325  599999999999999
  5  6  8 12 15 17 17 15 10  5  0 -4 -6 -6 -4 -1  4  8 11 12 11  8  4  225 2 2B3 530 171856 12999999999999991236 -6999999999999999999999
  1  1  3  5  9 12 14 14 12  9  4  1 -1 -2 -1  1  4  8 11 12 12  9  5  225 2 3B3 634 141915 1299999999999999 019  113 0 -299999999999999
 -1 -2 -2  0  3  6  9 11 12 11  8  6  4  3  4  5  7 10 12 13 13 12  8  425 2 4B3 749 121930 1499999999999999 118 -213 5  399999999999999
  0 -2 -4 -3 -2  1  4  6  9 10 10  9  8  8  9 10 11 13 14 15 15 14 12  825 2 5B3 930 101941 1699999999999999 224 -41234  899999999999999
  4  0 -2 -4 -4 -3 -1  2  4  7  9 10 11 12 13 14 16 17 17 18 18 17 16 1325 2 6B31933 18999999999999999999999 341 -4999999999999999999999
  9  5  2 -1 -3 -4 -3 -2  0  3  6  9 12 14 16 17 19 20 20 20 20 20 19 1725 2 7B31838 20999999999999999999999 513 -4999999999999999999999
 15 11  8  4  1 -2 -3 -3 -3 -1  3  6 10 13 16 19 20 21 22 22 21 21 20 2025 2 8B31823 22999999999999999999999 648 -4999999999999999999999
 19 17 14 10  6  2 -1 -3 -4 -3 -1  3  7 12 15 18 20 21 22 21 21 21 20 2125 2 9B31820 22999999999999999999999 8 2 -4999999999999999999999
 21 20 18 15 11  7  2 -1 -3 -4 -3  0  4  9 13 17 19 20 20 20 20 19 19 1925 210B31738 20999999999999999999999 857 -42146 1999999999999999
 20 21 21 19 16 11  6  1 -2 -4 -5 -3  1  6 10 14 17 19 18 18 17 16 16 1725 211B3 111 211723 1999999999999999 941 -52151 1699999999999999
 18 20 21 20 19 15 10  4 -1 -4 -5 -5 -2  2  7 11 15 17 17 15 14 13 13 1325 212B3 220 211728 17999999999999991017 -522 5 1399999999999999
 14 16 18 20 19 17 13  7  1 -3 -5 -6 -4 -1  4  8 12 15 15 14 11 10  9  925 213B3 317 201741 15999999999999991048 -62230  999999999999999
 10 12 15 17 18 17 14  9  4 -1 -5 -6 -6 -3  1  6 10 12 13 12 10  7  6  525 214B3 4 7 181757 13999999999999991115 -623 2  599999999999999
  6  7 10 13 15 16 14 11  6  1 -3 -5 -5 -4 -1  4  7 10 12 11  9  6  4  225 215B3 452 161812 12999999999999991139 -62337  299999999999999
  2  3  6  8 11 13 13 11  8  3 -1 -3 -4 -3 -1  3  6  9 11 10  8  5  3  125 216B3 536 131823 11999999999999991158 -4999999999999999999999
  0  0  2  4  7  9 11 10  9  5  2  0 -1 -1  1  4  7  9 10 10  9  6  3  025 217B3 621 111826 1199999999999999 013  01210 -199999999999999
 -1 -2 -1  1  4  6  8  9  9  7  5  3  2  3  4  6  8 10 12 11 10  7  4  125 218B3 712  91823 1299999999999999 051 -21210  299999999999999
 -1 -2 -2 -1  1  3  6  7  8  8  7  6  6  6  7  9 11 13 13 13 12 10  6  325 219B3 816  81818 1499999999999999 133 -21154  699999999999999
  1 -1 -2 -2  0  1  3  5  7  8  8  8  8  9 10 12 13 15 16 16 14 12 10  625 220B31819 16999999999999999999999 223 -2999999999999999999999
  3  1  0 -1 -1  0  2  3  5  7  8  9 10 11 13 14 16 17 18 18 17 15 13 1025 221B31825 18999999999999999999999 328 -1999999999999999999999
  7  4  2  1  0  0  0  1  3  5  7  9 11 13 14 16 17 18 19 19 18 17 15 1325 222B31831 19999999999999999999999 455  0999999999999999999999
 11  8  5  3  1  0 -1 -1  0  2  5  8 11 13 15 17 18 19 19 19 19 18 17 1625 223B31828 19999999999999999999999 629 -1999999999999999999999
 14 11  9  6  4  1 -1 -2 -3 -1  1  4  8 12 14 16 18 18 19 18 18 18 17 1725 224B31745 19999999999999999999999 741 -3999999999999999999999
 16 14 12  9  6  3 -1 -3 -5 -5 -3  0  4  9 13 15 17 17 17 16 16 16 16 1625 225B317 2 17999999999999999999999 834 -52131 1699999999999999
 17 16 15 13  9  5  1 -3 -6 -7 -7 -5  0  5  9 13 15 15 15 14 13 13 13 1425 226B3 013 171650 1599999999999999 918 -821 7 1399999999999999
 15 16 17 15 13  9  4 -2 -6 -9-10 -8 -5  0  6 10 13 13 12 11  9  8  9 1025 227B3 140 171653 1399999999999999 958-102120  899999999999999
 12 14 16 17 16 12  7  2 -4 -8-10-10 -8 -3  2  7 11 12 11  8  6  4  4  425 228B3 250 1717 5 12999999999999991035-102151  499999999999999
  6 10 13 16 17 15 12  6  0 -5 -8 -9 -8 -5  0  5  9 11 10  8  4  1 -1 -125 3 1B3 354 171720 119999999999999911 9 -92230 -199999999999999
  0  4  8 12 15 16 15 11  5  0 -4 -6 -6 -4 -1  4  8 11 11  8  4  0 -4 -525 3 2B3 455 161737 11999999999999991142 -62316 -599999999999999
 -5 -2  2  7 11 14 15 14 10  6  2  0 -1 -1  1  5  9 11 12 11  7  1 -3 -625 3 3B3 556 151754 129999999999999912 9 -1999999999999999999999
 -8 -7 -4  0  5 10 13 14 13 10  7  5  4  4  6  8 11 13 14 13 10  5  0 -525 3 4B3 7 0 1418 9 1499999999999999 0 7 -81221  499999999999999
 -7 -8 -7 -5 -1  4  8 11 12 12 11 10  9 10 10 12 14 15 16 16 14 10  5  025 3 5B3 816 121821 1699999999999999 1 3 -81155  999999999999999
 -4 -6 -7 -7 -4 -1  3  6  9 11 12 12 13 13 15 16 17 18 18 18 17 15 11  625 3 6B31820 18999999999999999999999 2 7 -7999999999999999999999
  2 -2 -4 -5 -5 -4 -1  2  5  8 10 12 14 15 17 18 19 20 20 20 19 18 15 1225 3 7B31748 20999999999999999999999 322 -5999999999999999999999
  8  5  1 -1 -3 -3 -3 -1  1  4  7 10 13 15 17 19 20 20 20 20 19 18 18 1625 3 8B31725 20999999999999999999999 459 -3999999999999999999999
 13 10  7  4  1 -1 -2 -3 -2  0  3  7 10 13 16 18 19 19 19 19 18 18 17 1725 3 9B31721 19999999999999999999999 648 -3999999999999999999999
 16 14 12  9  5  2  0 -2 -3 -2  0  4  7 11 14 16 17 17 17 17 16 15 15 1625 310B31653 17999999999999999999999 8 1 -32118 1599999999999999
 16 16 15 13  9  5  2 -1 -3 -3 -2  1  4  8 11 14 15 15 14 13 13 12 12 1325 311B3 013 171625 1599999999999999 850 -32123 1299999999999999
 15 16 16 15 12  8  4  0 -3 -4 -4 -2  2  5  9 12 13 13 12 10  9  8  8  925 312B3 138 161622 1399999999999999 927 -42136  899999999999999
 11 13 15 15 14 11  6  2 -2 -4 -5 -4 -1  3  7 10 12 12 10  8  6  4  4  525 313B3 241 151630 1299999999999999 955 -52154  499999999999999
  7 10 12 14 14 12  8  4 -1 -3 -5 -4 -2  1  5  8 10 11  9  6  3  2  1  125 314B3 332 141642 11999999999999991020 -52217  199999999999999
  3  6  9 12 13 13 10  6  2 -2 -4 -4 -3  0  4  7  9 10  9  6  3  0 -2 -225 315B3 418 131654 10999999999999991042 -42242 -299999999999999
 -1  2  5  9 11 12 11  8  4  1 -1 -2 -2  1  4  7  9 10  9  7  3 -1 -3 -425 316B3 5 1 1217 3 109999999999999911 1 -22310 -499999999999999
 -4 -2  2  6  9 11 12 10  7  4  2  1  1  2  5  8 10 11 10  8  4  0 -3 -525 317B3 544 1217 7 11999999999999991117  12340 -599999999999999
 -5 -4 -1  3  7 10 12 11 10  7  5  4  4  5  7 10 11 12 12 10  6  2 -2 -425 318B3 628 1217 7 12999999999999991125  4999999999999999999999
 -5 -5 -3  1  4  8 10 12 11 10  8  7  8  8 10 12 14 14 14 12  9  5  1 -225 319B3 716 1217 7 1499999999999999 013 -51121  799999999999999
 -4 -4 -3 -1  2  6  9 11 12 11 11 10 10 11 13 14 16 16 16 14 12  8  4  125 320B3 814 121711 1699999999999999 050 -411 4 1099999999999999
 -2 -3 -3 -2  1  3  6  9 11 12 12 12 13 14 15 16 17 18 18 16 14 11  8  425 321B31718 18999999999999999999999 136 -3999999999999999999999
  1  0 -1 -1  0  1  4  6  8 10 12 13 14 15 16 17 18 19 19 18 16 14 11  725 322B31724 19999999999999999999999 235 -1999999999999999999999
  4  2  1  0 -1  0  1  3  5  7 10 12 13 15 16 17 18 18 18 18 16 15 13 1025 323B31721 18999999999999999999999 357 -1999999999999999999999
  8  5  3  1  0 -1 -1 -1  1  3  6  9 12 14 15 16 17 17 17 17 16 15 13 1225 324B31659 17999999999999999999999 540 -1999999999999999999999
 10  8  6  3  1 -1 -3 -3 -3 -1  2  5  9 12 14 15 15 15 15 14 14 13 13 1325 325B316 8 15999999999999999999999 7 6 -3999999999999999999999
 12 11  8  6  3  0 -3 -5 -5 -5 -2  1  5  9 12 13 13 12 12 11 10 10 11 1125 326B31539 13999999999999999999999 8 4 -52046 1099999999999999
 12 12 11  9  6  2 -1 -4 -6 -7 -6 -3  2  6  9 11 11 10  8  7  6  6  6  825 327B3 034 121535 1199999999999999 850 -72039  699999999999999
 11 13 13 13 10  6  2 -2 -5 -7 -7 -5 -1  3  7 10 10  9  6  3  1  1  1  325 328B3 2 0 131543 1099999999999999 930 -721 0  199999999999999
  7 10 13 15 14 11  7  2 -2 -4 -6 -5 -2  2  6  9 10  9  6  1 -2 -4 -4 -325 329B3 311 151557 109999999999999910 8 -62134 -499999999999999
  1  6 11 14 16 15 12  8  3  0 -2 -2 -1  3  7 10 11 11  7  2 -3 -7 -8 -825 330B3 415 161613 11999999999999991043 -22216 -899999999999999
 -5  0  5 11 15 17 16 13  9  6  4  3  3  5  8 11 13 13 11  6  0 -6 -9-1125 331B3 515 171631 14999999999999991114  323 3-1199999999999999
-10 -6 -1  6 11 16 18 17 14 11  9  8  8  9 11 14 16 16 15 11  5 -2 -7-1025 4 1B3 616 181651 16999999999999991137  82355-1199999999999999
-11-10 -6  0  6 11 15 17 17 15 14 13 13 14 15 17 18 19 19 16 11  5 -1 -625 4 2B3 721 1717 9 19999999999999991128 13999999999999999999999
 -9 -9 -8 -5  0  6 10 14 16 16 16 16 17 17 18 19 20 21 21 19 16 11  6  025 4 3B31722 21999999999999999999999 052 -9999999999999999999999
 -3 -6 -7 -6 -3  1  5  9 13 15 16 17 18 19 20 21 21 22 22 21 19 16 12  725 4 4B31717 22999999999999999999999 154 -7999999999999999999999
  3  0 -3 -4 -3 -1  1  5  8 11 13 15 17 19 20 21 21 21 21 20 19 18 16 1225 4 5B31637 21999999999999999999999 3 7 -4999999999999999999999
  9  5  2  0 -1 -1  0  1  4  7 10 13 15 17 18 19 19 19 19 18 18 17 16 1525 4 6B31615 19999999999999999999999 438 -1999999999999999999999
 13 10  7  4  2  1  0  0  1  3  6  9 12 14 16 17 17 16 16 15 14 14 14 1425 4 7B31541 17999999999999999999999 622  0999999999999999999999
 14 13 11  8  5  3  1  0  0  1  3  6  9 12 14 14 14 13 12 11 10 10 11 1225 4 8B31510 14999999999999999999999 733  02039 1099999999999999
 13 13 12 10  8  5  2  1  0  0  1  4  7 10 12 12 12 11  9  7  6  6  7  825 4 9B3 042 1315 4 1299999999999999 819  02054  699999999999999
 10 12 12 12 10  7  4  1  0  0  0  3  5  8 10 11 11  9  7  4  3  2  3  425 410B3 157 1215 9 1199999999999999 852 -12111  299999999999999
  7 10 11 12 11  9  6  3  1  0  0  2  5  7 10 11 10  8  6  3  0 -1 -1  125 411B3 254 121517 1199999999999999 918  02130 -199999999999999
  3  7 10 12 12 11  8  5  3  1  1  2  4  7  9 11 11  9  6  2 -1 -3 -3 -225 412B3 343 121527 1199999999999999 939  12151 -399999999999999
  0  4  8 11 13 13 11  8  5  4  3  4  6  8 10 12 12 10  7  3 -1 -4 -5 -425 413B3 427 131534 1299999999999999 959  32215 -599999999999999
 -2  2  6 10 13 14 14 11  9  7  6  6  8 10 12 13 13 12  9  5  1 -3 -5 -525 414B3 5 9 141541 13999999999999991018  62242 -599999999999999
 -4 -1  4  9 12 15 16 14 12 10  9  9 10 12 14 15 15 14 12  8  3 -1 -4 -525 415B3 550 161547 16999999999999991033  92312 -599999999999999
 -4 -2  2  7 11 15 16 17 15 14 13 12 13 14 16 17 18 17 15 11  7  2 -2 -425 416B3 632 171555 18999999999999991042 122347 -499999999999999
 -4 -3  0  4  9 13 16 17 17 16 15 15 15 16 18 19 20 19 17 14 10  5  1 -125 417B3 718 1716 7 20999999999999991040 15999999999999999999999
 -3 -2 -1  2  6 10 14 16 17 17 17 17 17 18 19 20 21 21 19 17 13  9  5  125 418B3 816 171620 2199999999999999 026 -31028 1799999999999999
  0 -1 -1  1  4  7 11 14 16 17 17 17 18 19 19 20 21 21 20 18 15 12  8  425 419B31629 21999999999999999999999 113 -1999999999999999999999
  2  0  0  0  2  4  7 10 13 15 16 17 18 18 19 20 20 20 19 18 16 13 10  725 420B31631 20999999999999999999999 2 9  0999999999999999999999
  4  2  1  0  0  1  3  6  8 11 13 15 16 17 18 18 18 18 18 17 16 14 12  925 421B31610 18999999999999999999999 317  0999999999999999999999
  7  4  2  1  0 -1  0  2  4  7 10 12 14 15 16 16 16 15 15 14 14 13 12 1125 422B31443 16999999999999999999999 441 -1999999999999999999999
  9  7  5  2  0 -1 -1 -1  0  3  6  9 12 13 14 13 13 12 11 11 10 11 11 1125 423B314 2 142259 1199999999999999 6 9 -120 7 1099999999999999
 11 10  8  5  3  1 -1 -2 -1  0  3  7 10 12 12 12 10  8  7  6  6  7  8 1025 424B31359 12999999999999999999999 716 -21945  699999999999999
 12 12 12 10  7  4  2  0 -1  0  2  5  8 11 12 11  9  6  4  2  1  2  4  725 425B3 058 1214 7 1299999999999999 8 9 -120 3  199999999999999
 10 13 14 14 12  9  6  4  2  2  3  5  8 11 13 12 10  6  2 -1 -3 -3 -2  225 426B3 220 141421 1399999999999999 855  22036 -399999999999999
  7 11 15 17 17 15 12  9  7  6  6  7  9 12 14 15 13  9  4 -2 -5 -7 -6 -425 427B3 331 171440 1599999999999999 936  62116 -799999999999999
  1  7 13 17 20 20 18 15 13 11 10 11 12 15 17 18 17 14  8  2 -4 -8 -9 -825 428B3 434 2015 2 18999999999999991012 1022 3 -999999999999999
 -4  1  8 14 19 22 22 20 18 16 15 15 16 18 20 21 21 19 14  8  1 -5 -8 -925 429B3 535 221528 21999999999999991041 152253 -999999999999999
 -8 -4  3  9 16 20 23 23 22 21 20 20 20 21 22 24 24 23 20 15  8  1 -4 -725 430B3 636 231556 24999999999999991051 202347 -899999999999999
 -8 -6 -2  4 10 16 21 23 23 23 22 22 23 23 24 25 26 26 24 21 15  8  2 -225 5 1B3 744 231625 26999999999999991022 22999999999999999999999
 -5 -5 -4  0  5 11 16 20 22 22 23 23 24 24 25 25 26 26 26 24 20 15  9  425 5 2B31654 26999999999999999999999 044 -5999999999999999999999
  0 -2 -2 -1  2  6 11 15 18 20 21 22 23 23 24 24 25 25 25 24 22 19 15 1025 5 3B31711 25999999999999999999999 144 -2999999999999999999999
  6  3  1  1  1  4  7 10 13 16 18 19 21 21 22 22 22 22 21 21 21 19 17 1425 5 4B31530 22999999999999999999999 248  0999999999999999999999
 11  7  5  3  3  3  5  7 10 12 15 17 18 19 19 19 18 18 17 17 17 17 16 1525 5 5B314 2 19999999999999999999999 358  3999999999999999999999
 13 11  8  6  5  4  4  5  7  9 12 14 16 16 16 16 15 14 13 13 12 13 14 1425 5 6B31330 1623 3 1499999999999999 516  41938 1299999999999999
 13 12 11  9  7  6  5  5  6  8 10 12 14 15 15 14 12 11  9  8  8  8 10 1125 5 7B31326 15999999999999999999999 626  51958  899999999999999
 12 13 12 11  9  7  6  6  6  7  9 11 13 14 14 13 11  9  7  5  4  4  6  825 5 8B3 050 131330 1499999999999999 717  62018  499999999999999
 10 12 13 12 11  9  8  7  7  8  9 11 12 14 14 13 11  8  5  3  2  1  3  525 5 9B3 2 7 131337 1499999999999999 752  72038  199999999999999
  8 11 13 14 13 12 11 10  9  9 10 12 13 14 15 14 12  8  5  2  0 -1  0  325 510B3 3 8 141344 1599999999999999 818  92058 -199999999999999
  6 10 13 15 16 15 14 12 12 11 12 13 15 16 16 16 14 10  7  3  0 -1 -1  125 511B3 359 161352 1699999999999999 842 112121 -299999999999999
  4  9 13 16 18 18 17 16 15 14 15 16 17 18 19 18 16 13  9  5  1 -1 -2  025 512B3 442 1814 4 1999999999999999 9 5 142148 -299999999999999
  3  7 12 16 19 21 20 19 18 17 17 18 19 21 21 21 20 17 13  8  4  0 -1 -125 513B3 520 211420 2199999999999999 928 172220 -199999999999999
  2  6 11 15 19 22 23 22 21 20 20 20 21 22 24 24 23 20 17 12  7  3  0  025 514B3 557 231441 2499999999999999 949 202255  099999999999999
  1  4  8 14 18 22 24 24 23 22 22 22 23 24 25 25 25 23 20 16 11  6  3  125 515B3 637 2415 5 259999999999999910 5 222335  199999999999999
  1  2  6 11 16 20 23 24 24 23 23 23 24 24 25 26 26 25 23 19 14  9  5  325 516B3 721 241530 26999999999999991014 23999999999999999999999
  1  2  4  7 12 16 20 22 23 23 23 23 24 24 25 25 26 25 24 21 17 12  8  525 517B31554 26999999999999999999999 018  1999999999999999999999
  3  2  2  5  8 12 16 19 21 22 22 22 23 23 23 24 24 24 23 21 18 14 10  725 518B31615 24999999999999999999999 1 5  2999999999999999999999
  4  2  2  3  5  8 11 15 18 20 20 21 21 21 21 22 22 22 21 20 18 16 12  925 519B31629 22999999999999999999999 155  2999999999999999999999
  6  4  2  2  3  5  7 11 14 16 18 19 19 19 19 19 18 18 18 18 17 16 14 1125 520B312 0 19999999999999999999999 248  2999999999999999999999
  9  6  4  3  3  4  5  7 10 13 15 17 17 17 16 15 15 14 14 14 15 15 14 1325 521B31156 17999999999999999999999 345  3999999999999999999999
 12 10  7  6  5  4  5  6  8 11 14 15 16 16 14 13 11 10 10 10 11 12 13 1425 522B312 7 162334 1499999999999999 452  41820 1099999999999999
 14 13 12 10  8  7  7  7  8 10 13 15 16 16 14 12  9  7  6  5  6  8 11 1325 523B31221 16999999999999999999999 6 7  71852  599999999999999
 15 16 16 15 14 12 11 11 11 12 14 16 18 18 16 13 10  6  3  2  2  3  6 1025 524B3 120 171239 1899999999999999 715 111932  199999999999999
 14 18 20 20 19 18 16 16 15 15 16 18 20 21 20 17 13  8  3  0 -2 -1  1  625 525B3 246 2013 1 2199999999999999 812 152016 -299999999999999
 11 16 21 23 24 23 22 21 20 20 20 21 23 24 24 22 18 13  7  1 -2 -3 -2  125 526B3 4 0 241329 2499999999999999 859 2021 4 -399999999999999
  6 13 19 24 27 27 27 26 25 24 24 25 26 27 28 27 24 20 13  6  1 -3 -4 -225 527B3 5 3 2814 3 2899999999999999 933 242155 -499999999999999
  2  8 14 21 26 29 30 29 28 27 27 28 28 29 31 31 30 26 21 14  7  1 -2 -325 528B3 6 0 301443 3199999999999999 948 272248 -399999999999999
 -1  3  9 16 22 27 29 30 30 29 29 29 30 30 32 33 33 31 27 21 14  7  2  025 529B3 655 301528 3399999999999999 949 292343 -199999999999999
 -1  1  5 11 17 23 27 29 29 29 29 29 29 30 31 32 33 32 30 26 21 14  8  425 530B31617 339999999999999999999999999999999999999999999999999
  2  1  3  7 12 17 22 25 27 27 27 28 28 28 29 30 30 31 30 28 25 20 14  925 531B317 7 31999999999999999999999 038  1999999999999999999999
  5  4  4  5  9 13 17 21 24 25 25 25 25 25 26 26 27 27 28 27 25 22 18 1325 6 1B31759 28999999999999999999999 131  3999999999999999999999
 10  7  6  6  7 10 14 17 20 22 23 23 23 22 22 22 22 22 23 23 23 21 19 1625 6 2B311 2 2319 2 2399999999999999 220  51515 2299999999999999
 13 10  8  8  8  9 12 14 17 19 20 21 20 20 19 19 18 18 18 18 18 19 18 1725 6 3B31113 212043 1999999999999999 3 6  71724 1899999999999999
 15 13 11 10 10 10 11 13 15 17 18 19 19 18 17 16 15 14 13 13 14 15 16 1625 6 4B31126 192258 1699999999999999 345 101828 1399999999999999
 15 14 13 12 12 12 12 13 15 16 18 18 19 18 16 14 13 11 10  9 10 11 13 1425 6 5B31136 19999999999999999999999 418 1219 5  999999999999999
 15 16 15 15 14 14 14 15 16 17 18 19 19 18 17 14 12 10  8  7  7  8 10 1225 6 6B3 054 161144 1999999999999999 447 141933  799999999999999
 15 16 17 17 17 17 17 17 18 19 19 20 20 20 18 16 13 10  8  6  5  6  8 1125 6 7B31151 209999999999999999999991959  5999999999999999999999
 14 17 19 20 20 20 20 20 20 21 22 22 23 22 21 18 15 12  9  6  5  5  7 1025 6 8B312 1 239999999999999999999992025  5999999999999999999999
 13 17 20 22 23 23 23 23 23 23 24 25 25 25 24 22 19 15 11  8  6  5  6  825 6 9B31220 259999999999999999999992055  5999999999999999999999
 12 17 21 24 26 26 26 26 26 26 26 27 28 28 27 26 23 19 15 10  7  5  5  725 610B3 519 261249 2899999999999999 8 3 262130  599999999999999
 11 15 20 24 27 28 29 28 28 28 28 29 30 30 30 29 27 23 18 14 10  7  6  625 611B3 542 291326 3099999999999999 840 2822 8  699999999999999
  9 13 18 23 27 29 30 30 29 29 29 30 30 31 32 31 30 27 22 17 13  9  6  625 612B3 6 8 3014 6 3299999999999999 912 292249  699999999999999
  7 10 15 20 25 28 30 30 30 29 29 29 30 31 32 32 31 29 26 21 16 11  8  625 613B3 640 301448 3299999999999999 941 292332  599999999999999
  6  8 11 16 21 26 28 30 29 29 28 28 29 30 31 32 32 30 28 24 19 14  9  725 614B3 716 301531 32999999999999991011 28999999999999999999999
  5  6  8 12 17 22 25 27 28 27 27 27 27 28 28 29 30 30 28 25 21 16 11  825 615B3 756 281615 3099999999999999 016  51050 2799999999999999
  6  5  6  9 12 17 21 24 26 26 25 25 25 25 25 26 27 27 27 25 22 18 14 1025 616B3 836 2617 4 2799999999999999 058  51154 2599999999999999
  7  6  5  7  9 13 17 21 23 24 23 23 22 22 22 22 23 24 24 24 22 20 16 1325 617B3 913 2418 6 2499999999999999 139  51324 2299999999999999
 10  8  7  7  8 11 14 18 20 22 22 21 20 19 18 18 18 19 20 21 21 20 18 1625 618B3 943 221937 2199999999999999 217  71448 1899999999999999
 13 11 10  9 10 11 14 16 19 21 21 21 19 18 16 15 14 15 15 17 18 19 19 1925 619B310 8 212149 1999999999999999 254  916 5 1499999999999999
 17 15 14 13 13 14 15 17 19 21 22 22 20 18 15 13 11 11 11 12 14 16 18 2025 620B31030 22999999999999999999999 329 131714 1199999999999999
 20 20 19 18 18 18 19 20 21 22 24 24 23 21 17 14 11  9  8  8 10 12 16 1925 621B3 0 2 201053 2499999999999999 4 5 181816  899999999999999
 22 23 24 24 24 23 24 24 24 25 26 27 27 25 22 17 13  9  7  6  6  8 12 1625 622B31119 279999999999999999999991912  6999999999999999999999
 21 24 27 28 28 28 28 28 28 29 29 30 30 30 27 23 18 13  9  6  4  5  8 1225 623B31154 3099999999999999999999920 8  4999999999999999999999
 18 23 27 30 32 32 32 32 32 32 32 33 34 34 33 30 25 19 13  8  5  4  5  825 624B31239 3499999999999999999999921 2  4999999999999999999999
 13 19 25 30 33 34 35 34 34 34 34 35 36 36 36 35 32 27 20 14  9  5  4  625 625B3 545 351333 3799999999999999 830 342157  499999999999999
  9 15 21 27 31 34 35 35 35 34 35 35 36 37 38 38 36 33 27 21 14  9  6  525 626B3 617 351432 3899999999999999 854 342250  599999999999999
  7 10 16 22 28 32 34 34 34 33 33 34 34 35 37 38 38 36 33 27 20 14  9  625 627B3 648 341531 3899999999999999 929 332340  699999999999999
  6  8 12 17 23 28 31 32 32 32 31 31 32 32 34 35 37 37 35 31 25 19 13  925 628B3 720 321628 37999999999999991015 31999999999999999999999
  7  7 10 14 19 23 27 29 30 29 29 28 28 29 30 31 33 34 33 31 28 22 17 1225 629B3 751 301722 3499999999999999 026  71118 2899999999999999
 10  8  9 12 15 20 23 26 27 27 26 25 25 25 25 26 27 29 30 29 27 24 20 1625 630B3 821 271815 3099999999999999 1 7  81246 2599999999999999
 12 11 10 12 14 17 21 23 25 25 25 23 22 22 21 22 22 23 24 25 25 23 21 1825 7 1B3 848 251916 2599999999999999 142 101413 2199999999999999
 15 13 13 13 15 17 19 22 23 24 24 22 21 20 19 18 18 19 20 21 21 21 21 1925 7 2B3 910 242041 2199999999999999 2 8 131534 1899999999999999
 17 16 15 15 16 18 20 21 23 23 23 22 21 19 18 16 15 15 16 17 18 19 20 2025 7 3B3 925 232240 2099999999999999 221 151650 1599999999999999
 19 19 18 18 19 20 21 23 23 24 24 23 22 20 18 16 14 13 13 14 15 16 18 2025 7 4B3 931 24999999999999999999999 212 181751 1399999999999999
 20 21 21 22 22 23 24 25 25 26 26 25 24 22 19 17 15 13 12 12 13 15 17 1925 7 5B3 927 269999999999999999999991837 12999999999999999999999
 21 23 24 25 25 26 27 27 28 28 28 28 27 25 22 19 17 14 13 12 12 13 16 1925 7 6B3 926 289999999999999999999991918 12999999999999999999999
 22 24 26 27 28 29 29 30 30 31 31 31 30 28 26 23 20 17 14 12 11 12 14 1825 7 7B3 954 319999999999999999999991958 11999999999999999999999
 21 25 27 29 31 31 32 32 32 33 33 33 33 32 30 27 24 20 17 14 12 12 13 1625 7 8B31053 339999999999999999999992039 11999999999999999999999
 20 24 28 30 32 33 33 33 33 34 34 35 35 35 33 31 28 24 20 16 13 11 11 1425 7 9B312 3 359999999999999999999992122 11999999999999999999999
 17 22 26 30 33 34 34 34 34 34 34 35 36 36 36 34 31 28 23 18 14 11 10 1125 710B313 6 3699999999999999999999922 5 10999999999999999999999
 14 18 23 28 32 34 34 34 33 33 33 34 35 36 36 36 34 31 26 21 16 12 10  925 711B3 6 3 3414 5 3699999999999999 857 332247  999999999999999
 11 14 19 24 29 32 33 33 32 32 31 32 33 34 35 36 35 33 29 24 19 14 10  825 712B3 622 331459 3699999999999999 935 312328  899999999999999
  8 11 15 20 25 29 31 32 31 30 29 29 30 31 33 34 35 34 31 27 21 16 11  925 713B3 645 321553 35999999999999991016 29999999999999999999999
  7  8 11 16 21 25 28 29 29 28 26 26 26 27 29 30 32 32 31 28 24 19 14 1025 714B3 7 9 301647 3299999999999999 0 7  711 4 2699999999999999
  8  8  9 13 17 22 25 27 27 26 24 23 23 23 24 26 28 29 30 29 26 22 17 1325 715B3 734 281745 3099999999999999 043  812 2 2399999999999999
 11 10 10 12 15 19 23 25 26 25 23 21 20 19 20 21 23 25 27 27 26 24 21 1725 716B3 758 261854 2799999999999999 115 1013 5 1999999999999999
 15 13 13 14 16 19 22 25 26 26 24 21 19 17 16 17 18 20 22 24 25 25 23 2125 717B3 820 262023 2599999999999999 141 131412 1699999999999999
 19 18 18 18 19 21 23 25 27 27 26 23 20 17 15 14 14 15 17 20 22 24 25 2425 718B3 840 272223 2599999999999999 157 181523 1499999999999999
 24 23 23 23 24 25 26 27 28 29 28 26 23 20 16 14 13 12 13 15 18 21 23 2525 719B3 859 29999999999999999999999 150 231640 1299999999999999
 27 27 27 28 29 29 30 31 31 32 31 30 28 24 20 17 14 12 11 12 14 17 21 2425 720B3 921 329999999999999999999991758 11999999999999999999999
 27 29 31 32 33 33 34 34 34 34 35 34 33 30 26 22 18 14 12 11 11 13 17 2125 721B3 958 359999999999999999999991910 11999999999999999999999
 26 29 32 34 35 36 36 37 37 37 37 37 37 35 32 28 24 19 15 12 10 11 13 1725 722B31111 379999999999999999999992015 10999999999999999999999
 22 27 31 34 36 37 38 38 38 38 38 38 39 39 38 35 30 25 19 15 12 10 11 1425 723B31229 399999999999999999999992112 10999999999999999999999
 18 23 28 33 36 37 37 37 37 37 37 38 39 40 40 39 36 31 25 19 14 11 10 1125 724B31340 4099999999999999999999922 3 10999999999999999999999
 14 19 25 30 33 36 36 36 35 35 35 35 37 38 40 40 39 36 30 24 18 13 10 1025 725B3 551 361445 4099999999999999 855 352248 1099999999999999
 11 15 20 26 30 33 34 34 33 32 32 32 33 35 37 39 39 38 34 28 22 16 12 1025 726B3 6 8 341544 3999999999999999 942 322328 1099999999999999
 10 13 17 22 26 30 32 32 30 29 28 28 29 30 32 35 36 37 35 31 25 19 15 1225 727B3 628 321638 37999999999999991033 28999999999999999999999
 11 12 14 19 23 27 29 30 29 27 25 25 25 25 27 29 32 33 33 31 27 22 17 1425 728B3 649 301729 3399999999999999 0 3 111128 2599999999999999
 12 12 14 17 21 24 27 28 28 26 24 22 21 22 22 24 27 29 30 29 27 24 20 1725 729B3 710 281820 3099999999999999 032 121224 2199999999999999
 15 14 15 17 20 23 26 27 27 25 23 21 20 19 19 20 22 24 26 26 26 25 22 2025 730B3 726 271917 2799999999999999 055 141320 1999999999999999
 18 17 18 19 21 24 25 27 27 25 23 21 19 18 17 17 18 20 22 23 24 24 23 2225 731B3 734 272030 2499999999999999 1 6 171417 1799999999999999
 21 21 21 22 24 25 27 27 27 27 25 22 20 18 17 16 17 18 19 20 22 23 24 2425 8 1B3 729 28999999999999999999999 059 211517 1699999999999999
 24 24 24 25 27 28 29 29 29 28 27 25 22 20 18 17 16 16 17 18 20 22 24 2525 8 2B3 715 309999999999999999999991624 16999999999999999999999
 26 26 27 28 29 31 31 32 32 31 30 28 25 23 21 19 17 16 16 17 18 20 23 2525 8 3B3 711 329999999999999999999991735 16999999999999999999999
 27 28 30 31 32 33 34 34 34 33 33 31 29 26 24 22 19 18 16 16 17 19 21 2425 8 4B3 724 349999999999999999999991842 16999999999999999999999
 27 29 31 33 34 35 35 35 36 35 35 34 32 30 28 25 22 20 17 16 16 17 19 2225 8 5B3 751 369999999999999999999991940 16999999999999999999999
 26 29 32 34 35 36 36 36 36 36 36 36 35 34 31 29 25 22 19 16 15 15 16 1925 8 6B3 847 369999999999999999999992030 14999999999999999999999
 23 27 31 33 35 36 36 35 35 36 36 36 36 36 34 32 29 25 21 17 14 13 13 1625 8 7B31153 369999999999999999999992116 13999999999999999999999
 20 24 28 32 34 35 35 34 34 34 34 35 36 36 36 35 32 28 23 18 14 12 11 1225 8 8B3 521 351312 3699999999999999 824 342158 1199999999999999
 15 20 25 29 32 33 33 32 32 31 32 32 34 35 36 36 34 31 26 21 15 12 10  925 8 9B3 525 341416 3699999999999999 859 312236  999999999999999
 11 15 21 26 29 31 32 30 29 28 28 29 30 32 34 35 35 33 29 23 18 13 10  825 810B3 538 321515 3699999999999999 933 282312  899999999999999
  9 12 17 22 26 29 30 29 27 25 24 24 25 28 30 33 34 34 31 27 21 16 12 1025 811B3 554 301613 34999999999999991013 242346  999999999999999
  9 11 14 19 24 27 29 28 25 23 21 20 21 22 25 29 31 33 32 29 25 20 15 1325 812B3 612 291711 33999999999999991058 20999999999999999999999
 11 12 14 18 22 26 28 28 26 22 19 17 17 18 20 23 27 30 31 30 28 24 20 1725 813B3 631 281814 3199999999999999 017 111149 1799999999999999
 16 15 16 19 22 25 28 28 27 24 20 16 15 14 15 18 21 25 28 29 29 27 24 2225 814B3 649 281924 2999999999999999 042 151246 1499999999999999
 21 20 21 22 24 27 29 30 29 26 22 18 15 13 13 14 16 20 23 26 28 28 27 2625 815B3 7 5 302053 2899999999999999 053 201349 1399999999999999
 25 25 26 27 28 30 31 32 31 30 27 23 19 15 14 13 14 15 18 21 24 27 28 2925 816B3 717 32999999999999999999999 034 2515 0 1399999999999999
 29 29 30 31 32 33 34 34 34 33 31 28 24 20 17 15 13 14 15 17 20 23 26 2825 817B3 719 349999999999999999999991624 13999999999999999999999
 30 32 33 34 35 36 36 36 36 36 35 33 30 26 22 19 16 14 14 14 16 19 23 2625 818B3 639 369999999999999999999991759 14999999999999999999999
 29 32 34 36 37 38 38 38 37 37 37 36 35 32 28 24 21 17 15 14 14 15 19 2325 819B3 6 8 389999999999999999999991924 14999999999999999999999
 27 30 33 36 37 38 38 38 37 37 37 38 38 36 34 30 26 21 18 15 13 13 15 1925 820B3 6 3 389999999999999999999992028 13999999999999999999999
 23 28 31 34 36 36 36 36 36 35 36 37 38 38 37 35 31 26 21 17 14 12 13 1525 821B3 512 361249 3899999999999999 858 352117 1299999999999999
 19 24 28 32 34 34 34 33 33 32 33 34 36 37 38 37 35 30 25 19 15 13 12 1325 822B3 455 3414 0 3899999999999999 9 1 322158 1299999999999999
 16 21 25 29 32 32 32 30 29 29 29 30 32 34 36 37 36 33 28 22 17 14 12 1225 823B3 5 0 3215 1 3799999999999999 922 292232 1199999999999999
 14 17 22 26 29 31 30 28 26 25 25 25 27 29 32 35 35 34 31 25 20 15 13 1225 824B3 514 311555 3599999999999999 955 2523 2 1299999999999999
 13 15 19 24 27 29 29 27 24 22 21 21 22 24 27 30 33 33 31 27 22 18 14 1325 825B3 531 291644 33999999999999991033 212327 1399999999999999
 13 15 18 22 25 27 28 27 24 21 19 18 18 20 23 26 29 31 31 29 25 20 17 1525 826B3 547 281732 31999999999999991113 182347 1599999999999999
 15 16 18 21 24 27 27 26 24 21 18 16 16 17 19 22 25 27 29 28 26 23 20 1825 827B3 559 271821 29999999999999991152 16999999999999999999999
 18 18 20 22 25 27 28 27 25 22 18 16 15 15 16 18 21 24 26 27 27 25 23 2225 828B3 6 4 281914 2799999999999999 0 0 181233 1599999999999999
 21 22 23 25 27 28 29 28 26 23 20 17 16 15 15 16 19 21 24 25 26 26 25 2525 829B3 6 0 292019 2699999999999999 0 1 211317 152340 249999999
 24 25 26 27 29 30 31 30 28 26 23 20 17 16 15 16 17 19 21 23 25 26 27 2725 830B3 551 3199999999999999999999914 9 15999999999999999999999
 27 28 29 30 31 32 33 32 31 29 26 23 20 18 17 16 17 18 19 21 23 25 27 2825 831B3 550 339999999999999999999991514 16999999999999999999999
 29 30 31 32 33 34 35 34 33 31 29 26 24 21 20 18 17 17 18 19 21 23 25 2825 9 1B3 557 359999999999999999999991638 17999999999999999999999
 29 31 32 34 34 35 35 35 34 33 31 29 27 25 22 20 19 17 17 17 18 20 23 2625 9 2B3 6 7 3599999999999999999999918 9 17999999999999999999999
 28 31 32 34 35 35 35 35 35 34 33 32 30 28 25 23 20 18 16 15 15 17 19 2325 9 3B3 6 2 359999999999999999999991922 15999999999999999999999
 26 29 32 33 34 34 34 34 34 33 33 33 32 30 28 26 23 19 16 14 13 13 15 1925 9 4B3 459 349999999999999999999992015 13999999999999999999999
 23 27 30 32 33 33 32 32 31 31 31 32 32 32 30 28 25 21 17 14 11 11 12 1525 9 5B3 431 3312 3 3299999999999999 852 312059 1199999999999999
 19 23 27 30 31 31 30 29 28 28 29 30 31 32 32 30 28 24 19 15 11  9  9 1125 9 6B3 423 311323 3299999999999999 840 282137  999999999999999
 15 19 24 27 29 29 27 26 24 24 24 26 28 30 32 32 30 27 22 17 12  9  8  925 9 7B3 427 291430 3299999999999999 857 242212  899999999999999
 12 16 21 25 27 27 26 23 21 20 20 21 23 27 30 32 32 30 26 21 16 12 10  925 9 8B3 438 281531 3299999999999999 926 192245  999999999999999
 11 14 19 23 26 27 25 22 18 16 15 16 18 22 26 30 32 32 30 25 20 16 13 1225 9 9B3 452 271632 329999999999999910 3 152316 1299999999999999
 12 15 18 23 26 27 26 23 18 14 12 12 13 16 20 25 29 31 32 29 25 21 18 1625 910B3 5 8 271732 32999999999999991046 122343 1699999999999999
 16 17 20 23 26 28 28 25 21 16 12 10  9 11 15 19 24 28 31 31 29 26 23 2225 911B3 525 281835 31999999999999991136  92358 2199999999999999
 21 22 23 26 28 30 30 29 25 19 14 11  9  9 11 14 19 23 27 30 30 29 27 2625 912B3 541 301946 30999999999999991231  82341 2699999999999999
 26 27 28 29 31 32 33 32 29 25 19 15 11 10  9 11 14 18 22 26 28 29 29 2925 913B3 555 339999999999999999999991335  9999999999999999999999
 30 31 31 32 34 34 35 34 33 30 25 21 16 13 11 11 12 14 17 21 24 27 29 3025 914B3 6 1 359999999999999999999991449 11999999999999999999999
 31 33 34 35 36 36 36 36 35 33 30 27 23 19 16 14 13 13 14 16 19 23 26 2825 915B3 541 369999999999999999999991620 13999999999999999999999
 31 33 34 35 36 36 36 36 35 35 33 31 28 25 22 18 16 14 13 14 15 18 22 2525 916B3 5 6 3699999999999999999999918 6 13999999999999999999999
 28 31 33 34 35 35 35 34 34 34 34 33 32 30 27 23 20 16 14 13 13 15 18 2125 917B3 455 359999999999999999999991928 13999999999999999999999
 25 28 31 32 33 33 32 32 31 31 32 33 33 32 30 27 24 20 16 14 12 13 15 1825 918B3 421 331151 3399999999999999 833 312023 1299999999999999
 22 25 28 30 30 30 29 28 27 27 28 30 31 32 32 30 27 23 18 15 13 12 12 1525 919B3 353 301315 3299999999999999 843 2721 4 1299999999999999
 19 23 26 28 28 27 26 24 23 23 24 25 28 30 31 31 29 25 21 16 13 12 12 1325 920B3 351 281420 3199999999999999 9 0 232135 1199999999999999
 16 20 24 26 27 26 24 21 20 19 19 20 23 26 29 30 30 27 23 18 15 13 12 1325 921B3 359 271515 3099999999999999 923 1922 1 1299999999999999
 15 19 22 25 26 25 23 20 17 16 15 16 18 22 25 28 29 28 25 21 17 14 13 1325 922B3 412 2616 3 2999999999999999 950 152223 1399999999999999
 15 18 21 24 25 25 23 20 16 14 13 13 15 18 22 25 28 28 27 24 20 17 15 1525 923B3 426 251649 28999999999999991019 122242 1599999999999999
 16 18 21 24 25 25 24 21 17 13 11 11 12 14 18 22 26 28 28 26 23 20 18 1825 924B3 436 261734 28999999999999991049 112257 1899999999999999
 18 20 22 25 26 26 25 22 18 14 11 10 10 12 15 19 23 26 28 27 25 23 21 2125 925B3 441 261820 28999999999999991121 1023 5 2199999999999999
 21 22 24 26 28 28 27 24 20 16 13 11 10 11 14 17 21 24 27 28 27 26 24 2425 926B3 441 2819 9 28999999999999991156 1023 0 2499999999999999
 24 25 27 29 30 30 29 27 23 19 15 13 12 11 13 15 18 22 25 27 27 27 27 2625 927B3 440 3020 9 27999999999999991236 112240 2699999999999999
 27 28 29 30 32 32 31 29 26 22 19 16 14 13 13 14 16 19 22 25 26 27 27 2825 928B3 444 329999999999999999999991325 13999999999999999999999
 29 30 31 32 33 33 32 31 28 25 22 19 16 15 14 14 15 17 19 21 24 26 27 2825 929B3 452 339999999999999999999991428 14999999999999999999999
 29 30 31 32 33 33 33 32 30 27 25 22 19 17 16 15 14 15 16 18 20 23 25 2725 930B3 5 0 339999999999999999999991549 14999999999999999999999
 28 30 31 32 32 32 32 31 30 28 26 24 22 19 17 16 14 14 14 14 16 19 22 242510 1B3 456 329999999999999999999991727 13999999999999999999999
 27 28 30 30 31 31 30 30 29 28 27 25 24 22 19 17 15 13 12 11 12 14 17 212510 2B3 415 319999999999999999999991848 11999999999999999999999
 24 26 28 29 29 28 28 27 26 26 26 26 25 24 21 19 16 13 11 10  9 11 13 172510 3B3 332 299999999999999999999991943  9999999999999999999999
 21 24 26 26 26 25 24 23 23 23 24 25 25 25 24 22 18 15 12  9  8  8 10 132510 4B3 312 261216 2599999999999999 826 232026  899999999999999
 17 21 24 25 24 23 21 19 19 19 20 22 24 26 26 24 22 18 14 11  9  8  8 112510 5B3 3 8 251337 2699999999999999 821 1921 4  899999999999999
 15 19 22 23 23 21 18 16 14 14 15 18 21 24 27 27 26 22 18 14 11  9  9 112510 6B3 315 231445 2799999999999999 839 142139  999999999999999
 14 18 21 23 23 21 17 13 11  9 10 12 16 21 25 28 29 27 24 19 16 13 12 132510 7B3 327 241549 2999999999999999 910  92212 1299999999999999
 15 18 22 24 25 23 19 14  9  6  6  7 11 16 21 26 29 30 28 25 21 18 17 172510 8B3 343 251649 3099999999999999 949  62242 1799999999999999
 18 20 23 26 27 26 22 17 11  6  4  3  6 10 16 22 27 30 31 29 26 24 22 222510 9B3 4 1 271749 31999999999999991035  323 2 2299999999999999
 22 23 26 28 30 29 27 22 15  9  5  3  3  5 10 16 22 27 30 31 30 28 27 26251010B3 421 301853 31999999999999991126  32257 2699999999999999
 26 27 29 31 32 32 31 27 22 15  9  6  4  4  6 11 16 21 26 29 30 30 29 29251011B3 442 322010 30999999999999991224  42224 2999999999999999
 30 31 31 33 34 34 34 32 28 22 16 11  8  6  6  8 12 16 20 24 27 29 29 30251012B3 5 2 349999999999999999999991328  6999999999999999999999
 31 32 33 34 34 35 35 34 31 27 23 18 14 10  9  8  9 12 15 19 22 25 27 29251013B3 514 359999999999999999999991442  8999999999999999999999
 30 32 33 33 34 34 34 33 32 30 27 23 20 16 13 11 10 10 12 14 17 21 23 26251014B3 449 349999999999999999999991610 10999999999999999999999
 28 30 31 31 31 31 31 31 30 30 29 27 24 21 18 15 12 11 11 12 13 16 19 22251015B3 4 3 319999999999999999999991750 11999999999999999999999
 25 27 28 28 28 28 27 27 26 27 27 27 26 24 21 18 15 13 11 11 11 13 16 19251016B3 319 281019 2799999999999999 748 2619 6 1199999999999999
 22 24 25 25 25 24 23 22 22 22 23 25 25 25 24 21 18 15 13 11 11 11 14 17251017B3 241 251216 2599999999999999 8 1 221956 1199999999999999
 19 22 23 23 22 21 19 18 17 17 18 21 23 24 24 23 20 17 14 12 11 11 12 15251018B3 233 231334 2499999999999999 823 172032 1199999999999999
 18 20 22 22 21 19 16 14 13 13 14 16 19 22 23 23 22 19 16 14 12 12 12 14251019B3 238 221434 2399999999999999 846 132058 1299999999999999
 17 20 21 22 21 18 15 12 10  9 10 12 15 19 22 23 23 21 19 16 14 13 13 15251020B3 248 221526 2399999999999999 9 9  92119 1399999999999999
 17 20 21 22 21 19 15 12  9  7  7  9 12 16 20 23 24 23 21 19 17 15 15 16251021B3 259 221613 2499999999999999 933  72137 1599999999999999
 18 20 22 23 23 20 17 13  9  6  6  7  9 13 18 22 24 25 24 22 20 18 18 18251022B3 3 9 231656 2599999999999999 958  62153 1899999999999999
 20 22 24 25 24 22 19 15 10  7  5  6  8 11 16 20 24 26 26 25 23 21 21 21251023B3 317 251738 26999999999999991026  522 8 2199999999999999
 22 24 26 27 26 25 22 18 13  9  6  6  7  9 14 18 22 26 27 27 25 24 23 24251024B3 324 271820 27999999999999991057  62218 2399999999999999
 24 26 27 28 29 27 25 21 16 12  8  7  7  8 12 16 20 24 27 27 27 26 25 26251025B3 334 2919 6 27999999999999991133  72218 2599999999999999
 26 27 29 30 30 29 27 24 19 15 11  9  8  8 10 13 17 21 24 26 27 27 26 27251026B3 346 309999999999999999999991214  8999999999999999999999
 27 28 29 30 31 30 29 26 22 18 14 11  9  9  9 11 14 18 21 24 25 26 26 27251027B3 4 1 3199999999999999999999913 3  9999999999999999999999
 27 28 29 30 30 30 29 27 24 20 17 13 11 10  9 10 11 14 17 20 22 24 25 26251028B3 415 309999999999999999999991359  9999999999999999999999
 27 27 28 29 29 29 28 27 24 22 18 15 13 11  9  9  9 11 13 15 18 20 22 24251029B3 420 2999999999999999999999915 6  9999999999999999999999
 25 26 26 26 27 26 26 25 23 22 19 17 14 12 10  9  8  8  9 11 13 16 19 21251030B3 356 279999999999999999999991623  8999999999999999999999
 23 23 24 24 24 23 23 22 21 21 19 18 16 14 12 10  8  8  7  8 10 12 15 18251031B3 225 249999999999999999999991744  7999999999999999999999
 20 21 22 21 20 20 19 18 18 18 18 18 18 16 14 12 10  8  7  7  8 10 13 162511 1B3 143 229999999999999999999991849  7999999999999999999999
 18 20 20 19 17 16 15 14 14 15 16 18 19 19 18 16 13 11  9  8  8  9 11 142511 2B3 136 201232 1999999999999999 735 141941  899999999999999
 17 19 19 18 16 13 11 10  9 10 12 15 18 20 21 20 18 15 13 11 10 10 12 142511 3B3 142 191354 2199999999999999 747  92025 1099999999999999
 17 19 20 19 16 12  9  6  5  5  7 11 16 20 22 24 23 21 18 16 14 13 14 162511 4B3 155 2015 5 2499999999999999 816  521 4 1399999999999999
 18 21 22 22 19 14  9  5  2  1  2  6 11 17 22 25 27 26 24 21 19 18 18 192511 5B3 212 2216 9 2799999999999999 854  12139 1899999999999999
 21 23 25 25 23 19 13  7  2 -1 -1  1  5 12 18 24 27 29 28 26 24 23 22 232511 6B3 234 2517 9 2999999999999999 938 -122 4 2299999999999999
 24 26 28 29 28 24 19 12  5  1 -2 -2  1  6 12 19 25 29 30 29 28 27 26 262511 7B3 3 1 2918 9 30999999999999991028 -22212 2699999999999999
 27 28 30 31 31 30 25 19 12  5  1 -1 -1  2  7 13 20 25 28 30 30 29 28 292511 8B3 332 321913 30999999999999991122 -222 1 2899999999999999
 29 30 31 33 33 33 30 26 19 12  6  2  0  1  3  8 14 19 24 27 28 29 29 292511 9B3 4 7 339999999999999999999991221  0999999999999999999999
 30 30 31 32 33 34 33 30 25 19 13  8  4  3  3  5  9 14 18 22 25 26 27 28251110B3 444 349999999999999999999991323  2999999999999999999999
 28 29 30 30 31 32 32 30 28 24 19 14 10  6  5  5  7  9 13 17 20 22 24 25251111B3 526 329999999999999999999991428  5999999999999999999999
 26 26 27 27 28 28 28 28 27 25 22 18 14 11  8  7  7  8 10 13 16 18 20 22251112B3 617 289999999999999999999991537  7999999999999999999999
 23 23 24 23 23 23 23 23 23 23 22 20 17 15 12 10  8  8  9 10 12 15 17 19251113B3 212 249999999999999999999991652  8999999999999999999999
 20 21 20 20 19 18 18 17 18 19 19 19 18 17 14 12 11 10  9 10 11 13 15 17251114B3 1 5 211032 1999999999999999 653 1718 4  999999999999999
 18 19 18 17 16 14 13 12 12 13 15 16 17 17 16 15 13 12 11 10 11 12 14 16251115B3 059 191227 1799999999999999 729 121859 1099999999999999
 17 18 17 16 14 12 10  8  8  9 10 13 15 16 17 16 15 14 13 12 12 13 14 16251116B3 1 4 181351 1799999999999999 758  81937 1299999999999999
 17 18 18 16 14 11  8  6  5  5  7  9 13 15 17 18 17 16 15 14 14 14 15 17251117B3 113 181458 1899999999999999 824  520 3 1499999999999999
 18 19 19 17 15 12  8  5  3  3  4  7 10 14 17 19 19 19 18 17 16 16 17 18251118B3 123 191553 1999999999999999 847  32023 1699999999999999
 19 20 21 19 17 13 10  6  3  2  3  5  9 13 17 20 21 22 21 20 19 19 19 20251119B3 134 211636 2299999999999999 911  22044 1999999999999999
 21 22 23 22 20 16 12  8  4  2  2  4  7 11 16 20 23 24 24 22 21 21 21 22251120B3 148 231714 2499999999999999 938  221 7 2199999999999999
 23 25 25 25 23 20 15 11  6  3  2  3  6 10 15 19 23 25 26 25 24 23 23 24251121B3 2 5 251749 269999999999999910 9  22129 2399999999999999
 25 26 27 27 26 23 19 14  9  5  3  3  4  8 12 17 22 25 26 26 25 25 24 25251122B3 227 271826 26999999999999991044  32148 2499999999999999
 26 27 28 28 28 26 22 18 13  8  5  3  3  6  9 14 19 23 25 26 26 25 25 25251123B3 253 2819 8 26999999999999991124  322 3 2599999999999999
 26 27 28 29 28 27 24 20 15 11  7  4  3  4  7 10 15 19 22 24 25 25 24 24251124B3 321 2999999999999999999999912 6  3999999999999999999999
 25 26 27 27 28 27 25 22 18 13  9  6  4  3  4  7 11 15 18 21 23 23 23 23251125B3 348 289999999999999999999991251  3999999999999999999999
 23 24 25 25 26 25 24 22 19 15 11  7  5  3  3  4  7 10 14 17 19 21 21 21251126B3 413 269999999999999999999991336  3999999999999999999999
 21 22 22 22 23 23 22 21 18 15 12  9  6  4  3  3  4  7 10 13 15 18 19 19251127B3 434 239999999999999999999991422  3999999999999999999999
 19 19 19 19 19 19 19 18 17 15 13 10  8  5  4  3  4  5  7  9 12 15 16 17251128B3 2 9 192329 17999999999999991510  3999999999999999999999
 17 17 16 15 15 15 15 15 15 14 13 12 10  8  6  5  5  5  6  8 10 12 15 16251129B32340 1699999999999999999999916 3  5999999999999999999999
 16 15 14 12 11 11 11 11 11 12 13 13 13 11 10  9  8  7  7  8 10 12 14 16251130B31049 132355 1699999999999999 6 7 111711  799999999999999
 16 15 13 11  9  7  6  6  7  9 11 13 14 15 14 13 12 11 11 11 11 13 15 162512 1B31252 15999999999999999999999 636  61831 1199999999999999
 17 17 15 12  8  5  3  2  3  4  7 11 15 17 18 18 17 16 15 15 15 16 17 182512 2B3 012 171425 1899999999999999 714  21938 1599999999999999
 20 20 18 15 11  6  2  0 -1  0  3  7 12 17 20 22 22 22 21 20 19 19 20 212512 3B3 034 201543 2299999999999999 757 -12029 1999999999999999
 23 23 23 20 15 10  4  0 -3 -3 -2  2  8 14 19 23 26 26 25 24 23 23 23 242512 4B3 1 3 231646 2699999999999999 844 -321 5 2399999999999999
 26 27 27 25 22 16 10  3 -2 -4 -4 -2  3  9 16 21 26 28 28 27 26 26 26 272512 5B3 138 271741 2899999999999999 935 -52121 2699999999999999
 28 29 30 30 28 23 17 10  3 -2 -4 -4 -2  3 10 17 22 27 28 29 28 27 27 282512 6B3 222 301831 29999999999999991028 -52129 2799999999999999
 28 30 31 32 31 29 24 17 10  3 -2 -4 -4 -1  4 11 17 22 26 27 27 27 27 272512 7B3 311 321922 27999999999999991123 -42145 2799999999999999
 28 29 30 31 32 31 28 23 16  9  3 -1 -3 -2  1  6 11 17 21 24 25 25 25 252512 8B3 4 3 329999999999999999999991218 -3999999999999999999999
 25 26 27 28 30 30 29 26 21 15  9  4  0 -1  0  3  7 12 16 20 22 22 22 222512 9B3 456 309999999999999999999991311 -1999999999999999999999
 22 22 23 24 25 26 26 25 23 19 13  8  4  2  1  2  4  8 12 15 18 19 19 19251210B3 551 262148 199999999999999914 0  1999999999999999999999
 19 18 19 19 19 20 21 21 21 19 15 12  8  5  4  3  4  6  9 12 14 16 17 17251211B3 653 212219 1799999999999999 115 181443  399999999999999
 16 15 15 14 14 14 15 16 16 16 15 13 10  8  6  6  6  7  8 10 12 14 15 15251212B3 817 162242 1599999999999999 357 141519  699999999999999
 15 13 12 11 10 10 10 10 11 12 12 12 11 10  9  8  8  9  9 11 12 13 14 15251213B31025 1223 0 1599999999999999 544  91542  899999999999999
 14 13 11 10  8  6  6  5  6  7  9 10 11 11 11 11 11 11 11 12 13 14 15 15251214B31244 112313 1599999999999999 645  51540 1199999999999999
 15 14 12 10  7  5  3  3  3  4  6  8 10 12 13 13 13 14 14 14 15 15 16 16251215B32324 16999999999999999999999 725  2999999999999999999999
 16 15 13 11  8  5  3  1  1  2  4  7 10 12 14 15 16 16 17 17 17 17 18 18251216B32336 18999999999999999999999 756  1999999999999999999999
 18 18 16 13 10  7  4  2  0  0  2  5  9 12 15 17 19 19 19 19 19 20 20 21251217B32359 21999999999999999999999 824  0999999999999999999999
 21 20 19 17 14 10  6  3  1  0  1  4  8 12 16 19 21 22 22 21 21 21 22 23251218B39999999999999999999999999999 853  0999999999999999999999
 23 23 22 20 17 13  9  5  2  0  0  2  6 11 15 19 22 23 23 23 23 23 23 24251219B3 033 231747 2399999999999999 926  02033 2399999999999999
 24 25 25 23 21 17 13  8  4  1  0  1  4  8 13 18 21 24 24 24 23 23 23 24251220B3 115 2518 5 249999999999999910 2  021 9 2399999999999999
 25 26 26 25 24 20 16 11  6  2  0  0  1  5 10 15 19 23 24 24 23 23 23 23251221B3 159 261830 24999999999999991041  02142 2399999999999999
 24 25 26 26 25 23 19 14  9  4  1 -1 -1  2  6 11 16 20 22 23 22 22 21 21251222B3 243 261858 23999999999999991121 -12215 2199999999999999
 22 23 24 25 25 23 20 16 11  6  2 -1 -2 -1  2  6 11 16 19 21 21 20 19 19251223B3 326 251930 219999999999999912 0 -22252 1999999999999999
 19 20 21 22 23 22 21 17 13  8  3  0 -2 -2 -1  3  7 12 15 18 19 18 17 17251224B3 4 8 2320 3 19999999999999991237 -32342 1799999999999999
 17 17 18 19 20 20 19 17 14  9  5  1 -1 -2 -2  0  4  8 12 15 16 16 15 14251225B3 451 202034 16999999999999991311 -2999999999999999999999
 14 13 14 15 16 16 17 16 14 10  7  3  0 -1 -1  0  2  5  9 12 14 15 14 13251226B3 542 1721 3 1599999999999999 049 131340 -199999999999999
 11 10 10 10 11 12 13 13 13 11  9  6  3  2  1  1  3  5  8 10 12 14 13 12251227B3 650 132127 1499999999999999 2 3 1014 4  199999999999999
 10  9  7  7  7  8  9 10 10 11 10  9  7  5  5  5  5  7  8 10 12 14 14 13251228B3 841 112149 1499999999999999 320  71422  599999999999999
 11  9  6  5  4  4  4  6  7  9 10 11 10 10  9  9 10 10 11 13 14 15 16 15251229B31115 112211 1699999999999999 437  41432  999999999999999
 13 11  7  4  2  1  1  1  3  6  8 11 13 14 14 14 15 15 16 16 17 17 18 18251230B32236 18999999999999999999999 548  1999999999999999999999
 17 15 11  7  3  0 -1 -2 -1  2  5  9 13 16 18 19 20 20 20 20 21 21 21 22251231B323 8 22999999999999999999999 649 -2999999999999999999999
