 25 26 27 27 25 22 18 12  7  3  0 -1  1  5 10 15 19 22 24 24 23 22 21 2125 1 1B5 223 271820 24999999999999991048 -122 5 2199999999999999
 22 24 25 26 26 24 20 15  9  4  0 -2 -2  1  5 10 15 19 21 22 21 20 19 1825 1 2B5 314 261848 22999999999999991129 -22250 1899999999999999
 19 20 22 24 25 24 21 17 12  6  1 -2 -3 -2  1  5 10 15 18 20 19 18 16 1525 1 3B5 4 2 251919 209999999999999912 8 -32343 1599999999999999
 15 16 17 19 21 22 21 18 14  8  3  0 -3 -3 -1  2  6 11 15 17 17 16 15 1325 1 4B5 451 221947 17999999999999991244 -3999999999999999999999
 12 12 12 14 16 18 18 17 14 11  6  2  0 -2 -1  1  4  8 12 15 16 15 14 1125 1 5B5 547 182013 1699999999999999 042 121317 -299999999999999
  9  8  8  9 10 12 14 14 14 12  9  6  3  2  1  2  5  8 11 13 15 15 14 1125 1 6B5 658 142035 1599999999999999 145  81346  199999999999999
  9  6  5  5  5  7  9 10 11 11 11  9  7  6  6  6  7  9 12 14 15 16 15 1325 1 7B5 839 112054 1699999999999999 251  514 3  699999999999999
 10  7  4  2  2  2  4  6  8  9 11 11 11 11 11 11 12 13 14 16 17 17 17 1525 1 8B52113 17999999999999999999999 4 3  2999999999999999999999
 13 10  6  3  1  0  0  1  3  6  9 11 13 14 15 15 16 17 18 18 19 20 20 1925 1 9B52138 20999999999999999999999 521  0999999999999999999999
 17 14 10  6  3  0 -1 -1  0  3  6 10 13 16 18 19 20 21 21 21 22 22 22 2225 110B52224 22999999999999999999999 634 -1999999999999999999999
 21 19 16 12  8  4  1 -1 -2  0  3  7 11 15 19 21 22 23 24 24 24 24 24 2525 111B52338 25999999999999999999999 739 -2999999999999999999999
 25 24 22 18 14  9  4  1 -1 -1  0  4  8 13 18 21 23 24 25 25 24 24 25 2525 112B59999999999999999999999999999 837 -2999999999999999999999
 26 27 26 24 20 15 10  5  1 -1 -1  1  5 10 15 20 23 24 25 24 24 24 24 2425 113B5 054 271751 2599999999999999 929 -121 9 2499999999999999
 26 27 28 27 25 21 15  9  4  0 -1 -1  2  7 12 17 21 23 24 23 22 22 22 2225 114B5 2 1 2818 3 24999999999999991015 -12145 2299999999999999
 23 25 27 27 27 24 19 14  8  3 -1 -2  0  3  8 13 17 21 22 22 21 19 19 1925 115B5 259 271820 22999999999999991056 -22225 1999999999999999
 20 22 24 25 26 25 21 16 10  5  1 -2 -2  1  5  9 14 17 20 20 19 17 16 1625 116B5 348 261840 20999999999999991132 -22310 1699999999999999
 16 17 19 21 23 23 21 17 12  7  2 -1 -2 -1  2  6 11 14 17 18 17 15 14 1325 117B5 431 2319 0 189999999999999912 2 -22358 1299999999999999
 12 13 14 16 18 19 18 16 13  8  4  0 -1 -1  1  4  8 12 14 16 15 14 12 1025 118B5 512 191919 16999999999999991227 -2999999999999999999999
  9  9 10 11 13 14 15 14 12  9  5  2  0  0  1  3  7 10 13 14 14 13 11  925 119B5 554 151934 1499999999999999 048  91246  099999999999999
  7  6  6  7  8 10 11 11 10  8  6  4  2  2  2  4  7 10 12 13 14 13 11  925 120B5 645 111943 1499999999999999 141  61256  299999999999999
  7  5  4  4  5  6  7  8  8  8  7  6  5  5  5  7  9 11 13 14 14 13 12 1025 121B5 8 3  81944 1499999999999999 237  41248  599999999999999
  7  5  4  3  3  3  4  5  6  7  7  7  7  8  8 10 11 13 15 15 16 15 14 1125 122B51942 16999999999999999999999 343  3999999999999999999999
  9  7  5  3  2  2  2  3  4  6  7  9 10 11 12 13 14 16 17 18 18 17 16 1425 123B51945 18999999999999999999999 5 0  2999999999999999999999
 12  9  7  5  3  2  2  2  3  5  7  9 11 13 14 16 17 18 19 20 20 20 19 1725 124B51959 20999999999999999999999 610  2999999999999999999999
 15 13 10  8  5  3  2  1  2  3  6  9 12 14 16 18 19 20 21 21 21 21 21 2025 125B52032 21999999999999999999999 7 6  1999999999999999999999
 19 17 14 12  9  6  3  1  1  2  4  7 11 14 17 19 21 21 22 22 22 22 22 2225 126B52222 22999999999999999999999 755  1999999999999999999999
 22 20 18 15 12  9  5  2  0  0  1  4  8 13 16 19 21 22 22 22 21 22 22 2325 127B59999999999999999999999999999 841  0999999999999999999999
 23 23 21 19 16 12  7  3  0 -2 -1  1  5  9 14 18 20 21 21 21 20 20 20 2125 128B5 014 231723 2199999999999999 924 -22047 2099999999999999
 22 23 23 22 19 15 10  5  0 -3 -4 -3  0  5 10 15 18 20 20 19 18 17 17 1825 129B5 129 231731 209999999999999910 4 -42126 1799999999999999
 20 22 23 23 21 18 13  7  2 -3 -5 -6 -4  1  6 11 15 18 18 17 15 14 14 1425 130B5 230 231747 18999999999999991042 -622 7 1499999999999999
 15 18 20 22 22 20 16 10  4 -1 -5 -7 -6 -3  2  7 12 15 17 16 14 11 10  925 131B5 326 2218 7 17999999999999991118 -72252  999999999999999
 10 12 15 18 20 19 17 13  7  1 -3 -6 -7 -5 -1  4  9 13 15 15 13 10  7  525 2 1B5 422 201826 15999999999999991150 -72340  599999999999999
  5  6  9 13 15 17 17 14 10  5  0 -3 -4 -4 -2  3  7 11 14 14 12  9  6  325 2 2B5 520 171845 14999999999999991219 -5999999999999999999999
  2  2  3  6 10 12 14 14 12  8  4  1  0 -1  1  3  7 11 13 14 13 11  7  325 2 3B5 624 1419 3 1499999999999999 030  11242 -199999999999999
  0 -1 -1  1  4  7 10 11 11 10  8  6  4  4  5  6  9 12 14 15 15 13  9  525 2 4B5 738 111918 1599999999999999 123 -11253  499999999999999
  2 -1 -2 -2 -1  2  5  7  9 10 10  9  9  9  9 11 12 14 16 17 17 16 13  925 2 5B5 918 101931 1799999999999999 222 -31228  999999999999999
  5  2 -1 -2 -2 -1  1  3  6  8 10 11 12 12 13 15 16 18 19 19 19 19 17 1425 2 6B51941 19999999999999999999999 333 -3999999999999999999999
 11  7  3  1 -1 -2 -1  0  2  5  8 10 13 15 16 18 19 20 21 21 21 21 20 1825 2 7B51939 21999999999999999999999 5 4 -2999999999999999999999
 16 13  9  6  3  0 -1 -1  0  2  5  9 12 15 17 19 21 22 22 22 22 22 22 2125 2 8B51852 22999999999999999999999 638 -1999999999999999999999
 20 18 15 12  8  4  1 -1 -1  0  2  6 10 14 17 19 21 22 22 22 22 22 22 2225 2 9B52340 22999999999999999999999 751 -1999999999999999999999
 22 22 20 17 13  9  5  1 -1 -1  0  3  7 11 15 18 20 21 21 21 20 20 20 2125 210B51725 21999999999999999999999 847 -121 1 2099999999999999
 22 23 23 21 18 13  8  4  0 -2 -2  0  4  8 13 16 19 20 20 19 18 17 17 1825 211B5 111 231716 2099999999999999 932 -22123 1799999999999999
 20 22 23 22 20 17 12  6  2 -2 -3 -2  1  5 10 14 17 18 18 17 15 14 14 1525 212B5 216 231721 189999999999999910 9 -32152 1499999999999999
 16 18 21 21 21 18 14  8  3 -1 -4 -4 -2  2  6 11 14 16 16 15 13 11 10 1025 213B5 3 9 211732 16999999999999991040 -42226 1099999999999999
 12 14 17 19 19 18 15 10  5  0 -3 -4 -4 -1  4  8 12 14 15 13 11  9  7  625 214B5 355 191746 159999999999999911 6 -423 2  699999999999999
  7  9 12 14 16 16 15 11  6  2 -2 -4 -4 -2  2  6 10 12 13 12 10  7  5  425 215B5 438 161759 13999999999999991129 -42339  399999999999999
  3  5  7 10 12 13 13 11  8  3  0 -2 -3 -1  2  5  9 11 13 12 10  7  4  225 216B5 521 141810 13999999999999991147 -3999999999999999999999
  1  1  3  6  8 10 11 10  8  5  2  0  0  1  3  6  9 11 13 12 10  7  4  225 217B5 6 7 111817 1399999999999999 016  11158  099999999999999
  0 -1  0  2  5  7  8  9  8  7  5  3  3  3  5  8 10 13 14 13 12  9  6  325 218B5 7 0  91819 1499999999999999 054 -11159  399999999999999
  1 -1 -1  0  2  4  6  7  8  8  7  6  6  7  8 10 12 14 15 15 14 11  8  525 219B5 8 7  81820 1599999999999999 135 -11140  699999999999999
  2  1  0  0  1  3  4  6  7  8  8  9  9 10 11 13 15 16 17 17 16 14 11  825 220B51823 17999999999999999999999 222  0999999999999999999999
  5  3  2  1  1  2  3  4  6  8  9 10 11 12 14 15 17 18 19 19 18 17 14 1225 221B51830 19999999999999999999999 326  1999999999999999999999
  9  6  4  3  2  2  2  3  4  6  8 10 12 14 16 17 18 19 20 20 20 19 17 1525 222B51839 20999999999999999999999 5 3  2999999999999999999999
 12 10  8  5  4  2  1  1  2  4  6  9 12 14 16 18 19 20 20 20 20 20 19 1725 223B51839 20999999999999999999999 633  1999999999999999999999
 16 14 11  8  6  3  1  0  0  1  3  7 10 13 16 18 19 19 19 19 19 19 19 1925 224B51752 19999999999999999999999 736  0999999999999999999999
 18 17 14 12  8  5  1 -1 -3 -2 -1  3  7 11 14 17 18 18 18 17 17 17 18 1825 225B51652 18999999999999999999999 826 -32028 1799999999999999
 19 18 17 15 11  7  3 -1 -4 -5 -4 -2  2  7 11 14 16 16 16 15 14 14 14 1625 226B5 013 191640 1699999999999999 9 9 -52045 1499999999999999
 17 18 19 17 14 10  5  0 -4 -7 -7 -6 -2  3  8 12 14 15 13 12 10  9  9 1125 227B5 135 191645 1599999999999999 947 -72117  999999999999999
 13 16 18 18 17 13  9  3 -2 -6 -8 -8 -5  0  5  9 12 13 12  9  7  5  4  525 228B5 242 181656 13999999999999991023 -82155  499999999999999
  8 11 15 17 18 16 12  7  1 -3 -6 -7 -6 -2  3  7 11 12 12  9  5  2  0  025 3 1B5 345 181710 12999999999999991056 -72238 -199999999999999
  1  5  9 13 16 16 15 11  6  1 -3 -5 -4 -2  2  7 11 13 12 10  5  1 -3 -425 3 2B5 446 161726 13999999999999991125 -52323 -499999999999999
 -4 -2  3  7 12 14 15 13 10  6  2  0 -1  1  4  8 11 14 14 12  8  3 -2 -525 3 3B5 547 151742 14999999999999991149 -1999999999999999999999
 -7 -6 -3  1  6 10 13 13 12 10  7  5  4  5  7 10 13 15 16 15 12  7  2 -325 3 4B5 651 131759 1699999999999999 011 -712 4  499999999999999
 -6 -7 -6 -3  1  5  9 11 12 12 10  9  9 10 11 13 15 17 18 18 16 12  7  225 3 5B5 8 5 121814 1899999999999999 1 2 -71154  999999999999999
 -2 -5 -6 -5 -2  1  4  7 10 11 12 12 12 13 15 16 18 19 20 20 19 16 12  825 3 6B51827 20999999999999999999999 2 0 -6999999999999999999999
  4  0 -2 -3 -3 -1  1  4  6  9 11 12 14 15 17 18 20 21 21 21 20 19 17 1425 3 7B51830 21999999999999999999999 313 -3999999999999999999999
 10  6  3  1 -1 -1 -1  1  3  6  9 11 14 16 18 19 20 21 21 21 21 20 19 1725 3 8B51759 21999999999999999999999 455 -1999999999999999999999
 15 12  9  6  3  1  0  0  1  3  6  9 12 15 17 19 20 20 20 20 19 19 19 1925 3 9B51716 20999999999999999999999 637  0999999999999999999999
 18 16 14 11  7  4  1  0 -1  0  3  6  9 13 16 17 18 19 18 18 17 17 17 1825 310B51640 19999999999999999999999 748 -12044 1799999999999999
 18 18 17 14 11  7  3  1 -1 -1  0  3  7 10 13 16 17 17 16 15 14 14 14 1525 311B5 0 9 181620 1799999999999999 837 -12056 1499999999999999
 17 18 18 16 14 10  5  2 -1 -2 -2  0  4  8 11 14 15 15 13 12 10 10 10 1125 312B5 130 181617 1599999999999999 914 -22117 1099999999999999
 13 15 17 17 15 12  7  3 -1 -3 -3 -2  1  5  9 12 13 13 11  9  7  6  6  725 313B5 229 171623 1399999999999999 944 -32143  699999999999999
  9 12 14 16 15 13  9  5  1 -2 -4 -3  0  3  7 10 12 12 10  8  5  3  2  225 314B5 318 161632 129999999999999910 9 -42211  299999999999999
  5  8 11 13 14 13 11  6  2 -1 -3 -3 -1  3  6  9 11 12 10  7  4  1 -1 -125 315B5 4 4 141642 12999999999999991031 -32241 -199999999999999
  0  3  7 10 12 13 11  8  5  1 -1 -1  0  3  6  9 11 12 11  8  4  0 -2 -325 316B5 449 131650 12999999999999991050 -12312 -399999999999999
 -3  0  3  7 10 12 12 10  7  4  2  1  2  4  7 10 12 13 12  9  5  1 -2 -425 317B5 533 121656 139999999999999911 5  12343 -499999999999999
 -4 -3  0  4  8 10 11 11  9  7  5  5  5  7  9 12 14 14 14 11  8  4  0 -325 318B5 619 1217 1 14999999999999991114  5999999999999999999999
 -4 -3 -1  2  5  8 11 11 11 10  8  8  8  9 11 14 16 16 16 14 11  7  3  025 319B5 7 9 1217 6 1699999999999999 015 -41113  899999999999999
 -2 -3 -2  1  4  7  9 11 12 11 11 11 11 12 14 16 17 18 18 16 14 10  6  325 320B5 8 9 121714 1899999999999999 050 -31056 1199999999999999
  0 -1 -1  0  2  5  7 10 11 12 12 13 13 14 16 17 19 19 19 18 16 13  9  625 321B51723 19999999999999999999999 131 -1999999999999999999999
  3  2  1  1  2  3  5  7 10 11 12 13 15 16 17 18 19 20 20 19 18 15 12  925 322B51730 20999999999999999999999 226  1999999999999999999999
  7  4  3  2  1  2  3  5  7  9 11 13 15 16 17 18 19 20 20 19 18 17 15 1225 323B51729 20999999999999999999999 351  1999999999999999999999
 10  7  5  3  2  1  1  1  3  5  8 11 13 15 17 18 18 19 18 18 18 17 16 1425 324B517 7 19999999999999999999999 539  1999999999999999999999
 12 10  7  5  2  0 -1 -1 -1  1  4  7 11 13 15 16 17 16 16 16 15 15 15 1525 325B516 5 17999999999999999999999 655 -1999999999999999999999
 14 13 10  8  4  1 -1 -3 -4 -3  0  3  7 11 13 14 14 14 13 12 12 12 13 1425 326B51534 15999999999999999999999 751 -42012 1299999999999999
 14 14 13 11  7  3  0 -3 -5 -5 -3  0  4  8 11 12 13 11  9  8  7  7  8 1025 327B5 022 151530 1399999999999999 836 -52027  799999999999999
 13 14 15 14 11  7  3 -1 -4 -5 -5 -2  2  6  9 11 11 10  7  4  2  2  2  525 328B5 150 151536 1299999999999999 916 -52058  299999999999999
  8 12 15 16 15 12  8  3 -1 -3 -4 -3  1  5  9 11 12 10  7  2 -1 -3 -3 -125 329B5 3 1 161546 1299999999999999 953 -42137 -399999999999999
  2  7 12 15 16 16 13  8  4  1 -1  0  2  5  9 12 13 12  9  4 -2 -5 -7 -725 330B5 4 7 1616 1 13999999999999991025 -12220 -799999999999999
 -4  1  7 12 16 17 16 13 10  6  4  4  5  8 11 14 16 15 12  7  1 -4 -8-1025 331B5 5 9 171618 16999999999999991053  423 6-1099999999999999
 -8 -5  1  7 12 16 17 17 14 11 10  9  9 11 14 16 18 19 17 12  6  0 -5 -925 4 1B5 610 171639 19999999999999991114  92354-1099999999999999
-10 -8 -4  1  7 12 15 17 17 15 14 13 13 14 16 19 21 21 20 18 13  7  1 -425 4 2B5 715 1717 1 21999999999999991120 13999999999999999999999
 -7 -8 -6 -2  2  7 12 15 16 16 16 16 16 17 19 20 22 23 23 21 18 13  7  225 4 3B51723 23999999999999999999999 046 -8999999999999999999999
 -2 -4 -4 -3  0  3  7 11 14 15 16 17 18 19 20 21 22 23 23 23 21 18 13  925 4 4B51741 23999999999999999999999 145 -4999999999999999999999
  5  2  0 -1  0  1  4  7 10 13 15 16 18 19 20 21 22 22 22 22 21 19 17 1425 4 5B51731 22999999999999999999999 257 -1999999999999999999999
 11  7  4  2  1  1  2  4  7  9 12 14 17 18 19 20 20 20 20 20 19 19 18 1625 4 6B51616 20999999999999999999999 431  1999999999999999999999
 14 12  9  6  4  2  2  2  4  6  9 12 14 16 18 18 18 18 17 16 16 16 16 1625 4 7B51526 18999999999999999999999 6 3  2999999999999999999999
 15 14 12  9  7  4  2  2  2  4  6  9 12 14 16 16 16 15 14 13 12 12 13 1425 4 8B515 3 16999999999999999999999 7 9  22024 1299999999999999
 15 15 13 11  9  6  3  2  1  2  4  7 10 12 14 15 14 13 11  9  8  8  9 1025 4 9B5 027 151458 1599999999999999 756  12040  899999999999999
 12 13 14 13 10  8  5  2  1  1  2  5  8 11 13 13 13 11  8  6  5  4  5  725 410B5 142 1415 1 1399999999999999 831  121 0  499999999999999
  9 11 13 13 12  9  6  4  2  1  2  4  7 10 12 13 12 10  7  4  2  1  1  325 411B5 240 1315 6 1399999999999999 9 0  12123  099999999999999
  5  9 11 13 13 11  9  6  4  3  3  4  7 10 12 13 12 10  7  3  0 -2 -2 -125 412B5 332 131513 1399999999999999 925  32148 -299999999999999
  2  6  9 12 14 13 11  9  7  5  5  6  8 11 13 14 14 12  8  4  0 -2 -4 -325 413B5 419 141520 1499999999999999 947  52215 -499999999999999
 -1  3  7 11 14 15 14 12 10  8  8  8 10 12 14 16 16 14 11  6  2 -2 -4 -425 414B5 5 4 151528 169999999999999910 7  82243 -499999999999999
 -3  1  5 10 13 15 16 15 13 11 11 11 12 14 16 18 18 17 14 10  5  1 -2 -425 415B5 547 161538 18999999999999991023 112313 -499999999999999
 -3  0  4  8 12 15 17 17 16 14 14 14 14 16 18 20 20 19 17 13  8  4  0 -225 416B5 630 171551 20999999999999991035 132345 -299999999999999
 -2 -1  2  6 10 14 17 18 18 17 16 16 17 18 20 21 22 21 19 16 12  7  3  125 417B5 717 1816 6 22999999999999991040 16999999999999999999999
 -1  0  2  5  9 12 15 17 18 18 18 18 18 19 20 22 23 22 21 19 15 11  7  325 418B51621 23999999999999999999999 020 -1999999999999999999999
  1  1  1  3  6 10 13 16 17 18 18 19 19 20 21 22 23 23 22 20 17 13 10  625 419B51632 23999999999999999999999 1 1  1999999999999999999999
  4  2  2  2  4  6  9 12 15 17 18 19 19 20 21 21 22 22 21 20 18 15 12  925 420B51633 22999999999999999999999 152  2999999999999999999999
  6  4  2  2  2  3  6  8 11 14 16 17 18 19 20 20 20 20 20 19 18 16 13 1125 421B516 4 20999999999999999999999 3 0  2999999999999999999999
  8  5  3  2  1  1  2  4  7 10 12 15 16 18 18 18 18 17 17 16 16 15 14 1225 422B51427 18999999999999999999999 424  1999999999999999999999
 10  8  6  3  2  0  0  1  3  6  9 12 14 16 16 16 15 14 13 13 13 13 13 1325 423B51359 16999999999999999999999 544  0999999999999999999999
 12 11  9  6  4  2  0  0  1  3  6  9 12 14 14 14 12 10  9  8  8  9 10 1225 424B51355 14999999999999999999999 651  01934  899999999999999
 13 13 13 11  8  5  3  1  1  2  4  8 11 13 14 13 11  8  5  3  3  3  6  925 425B5 044 1314 0 1499999999999999 745  11959  399999999999999
 12 14 15 15 13 10  7  5  4  4  5  8 11 13 15 14 11  8  3  0 -2 -2  0  325 426B5 213 1514 9 1599999999999999 833  42035 -299999999999999
  8 13 16 18 18 16 13 10  8  8  8 10 13 15 17 17 14 10  5  0 -4 -6 -5 -225 427B5 326 181425 1799999999999999 913  72117 -699999999999999
  3  9 14 18 20 20 19 16 14 12 12 13 15 18 20 20 19 15 10  3 -3 -6 -8 -725 428B5 432 211447 2099999999999999 948 1222 3 -899999999999999
 -3  3 10 16 20 22 23 21 19 17 17 17 18 21 23 24 23 21 16  9  2 -3 -7 -825 429B5 534 231514 24999999999999991016 172251 -899999999999999
 -6 -1  5 11 17 21 24 24 23 21 21 21 21 23 25 27 27 26 22 16 10  3 -2 -525 430B5 635 241545 27999999999999991034 202342 -699999999999999
 -6 -4  1  7 13 18 22 24 24 23 23 23 23 25 26 28 29 28 26 22 17 10  5  025 5 1B5 744 241619 29999999999999991037 23999999999999999999999
 -3 -3 -1  3  8 13 18 21 23 24 24 24 24 25 26 27 28 28 28 26 22 17 11  625 5 2B51653 28999999999999999999999 035 -3999999999999999999999
  3  1  1  2  5 10 14 17 20 22 23 23 24 24 25 26 26 27 27 26 23 20 16 1225 5 3B51724 27999999999999999999999 133  0999999999999999999999
  8  5  3  3  5  7 10 14 17 19 21 22 22 23 23 23 23 23 23 23 22 21 18 1525 5 4B517 3 23999999999999999999999 235  3999999999999999999999
 12  9  7  5  5  6  8 10 13 16 18 20 21 21 21 21 20 20 19 19 19 18 18 1625 5 5B51330 21999999999999999999999 342  5999999999999999999999
 14 12  9  7  6  6  7  8 10 13 15 17 19 19 19 18 17 16 15 15 15 15 15 1525 5 6B51315 19999999999999999999999 447  6999999999999999999999
 14 13 11  9  8  7  7  7  9 11 13 15 17 18 17 16 15 13 11 10 10 11 11 1325 5 7B51316 18999999999999999999999 546  71955 1099999999999999
 13 13 13 11 10  8  8  8  8 10 12 14 16 17 17 15 13 11  9  7  6  7  8 1025 5 8B5 035 141320 1799999999999999 635  72013  699999999999999
 12 13 14 13 12 11  9  9  9 10 12 14 15 16 16 15 13 10  7  5  3  3  5  725 5 9B5 159 141326 1799999999999999 717  92033  399999999999999
 10 12 14 15 14 13 12 11 11 11 13 14 16 17 17 16 14 10  7  4  2  1  2  425 510B5 3 5 151331 1799999999999999 753 112055  199999999999999
  8 11 14 16 17 16 15 14 14 14 15 16 18 19 19 18 16 12  8  4  1  0  0  225 511B5 4 1 171339 1999999999999999 825 142120  099999999999999
  6 10 14 17 19 19 19 18 17 17 17 18 20 21 22 21 19 15 11  6  3  0  0  125 512B5 447 201350 2299999999999999 854 172147  099999999999999
  5  9 14 18 21 22 22 21 20 20 20 21 22 24 24 24 22 19 15 10  5  2  1  125 513B5 527 2214 9 2499999999999999 919 202218  199999999999999
  4  8 13 17 21 23 24 24 23 22 22 23 24 25 26 26 25 23 19 14  9  5  3  225 514B5 6 3 241434 2799999999999999 944 222251  299999999999999
  3  6 11 16 20 23 25 25 25 24 24 24 25 26 27 28 27 25 22 18 13  8  5  325 515B5 640 2615 1 289999999999999910 8 242326  399999999999999
  3  5  9 14 18 22 25 26 26 25 25 25 25 26 27 28 28 27 25 21 16 11  7  525 516B5 722 261529 28999999999999991032 25999999999999999999999
  4  5  7 11 15 19 23 25 26 26 25 25 25 26 27 28 28 27 25 22 18 14 10  725 517B5 815 261553 2899999999999999 0 5  41057 2599999999999999
  5  4  5  8 12 16 19 22 24 25 25 25 25 25 25 26 26 26 25 23 20 16 12  825 518B51612 26999999999999999999999 047  4999999999999999999999
  6  4  4  5  8 11 15 19 21 23 24 24 24 24 24 24 24 24 23 22 20 17 13 1025 519B51344 24999999999999999999999 133  4999999999999999999999
  7  5  4  4  5  8 11 14 17 20 21 22 22 22 21 21 21 21 20 20 19 17 15 1225 520B51136 22999999999999999999999 224  4999999999999999999999
  9  7  5  4  5  6  8 11 14 17 19 20 20 20 19 18 17 17 17 17 17 16 16 1425 521B51150 20999999999999999999999 320  4999999999999999999999
 12 10  8  7  6  6  7  9 12 14 17 19 19 19 17 15 14 13 12 12 13 14 15 1525 522B512 0 192311 1599999999999999 421  61816 1299999999999999
 15 14 13 11 10  9  9 10 11 14 16 18 19 19 17 14 11  9  8  7  8 10 12 1525 523B51210 19999999999999999999999 526  91848  799999999999999
 17 18 17 16 15 14 13 13 14 15 17 19 20 20 18 15 11  8  5  3  3  5  8 1225 524B5 115 181223 2199999999999999 633 131928  399999999999999
 16 19 21 21 21 19 18 18 18 18 20 22 23 23 22 19 15 10  5  2  0  1  4  825 525B5 248 211243 2399999999999999 734 172013  099999999999999
 13 18 22 25 25 25 24 23 22 22 23 25 26 27 27 24 20 15  9  3  0 -1  0  325 526B5 4 4 251311 2799999999999999 825 2221 1 -199999999999999
  9 15 21 25 28 29 28 27 27 26 27 28 29 31 31 30 27 22 15  9  3  0 -1  125 527B5 5 8 291347 3199999999999999 9 4 262151 -199999999999999
  5 11 17 23 27 30 31 31 30 29 29 30 31 33 34 34 32 28 23 16  9  4  1  025 528B5 6 5 311431 3499999999999999 934 292243  099999999999999
  2  7 13 19 25 29 31 32 31 31 31 31 32 33 35 36 35 33 29 23 17 10  5  325 529B5 658 321519 3699999999999999 959 312336  299999999999999
  2  5  9 15 20 25 29 31 31 31 31 31 31 32 33 35 35 35 33 29 23 17 11  725 530B5 752 3116 8 35999999999999991027 31999999999999999999999
  5  5  7 11 16 21 25 28 30 30 30 29 30 30 31 32 33 33 33 30 27 21 16 1225 531B51656 33999999999999999999999 028  5999999999999999999999
  8  7  7  9 13 17 21 25 27 28 28 28 28 28 28 28 29 30 30 29 27 23 19 1525 6 1B51741 30999999999999999999999 118  7999999999999999999999
 12  9  8  9 11 14 18 21 24 25 26 26 26 25 25 24 24 25 25 25 24 23 20 1725 6 2B51026 261828 2599999999999999 2 5  81517 2499999999999999
 14 12 10 10 11 13 16 18 21 23 24 24 24 23 22 21 20 20 20 20 20 20 19 1825 6 3B51052 24999999999999999999999 246 10999999999999999999999
 16 14 12 11 12 13 14 17 19 21 22 23 23 22 20 19 17 16 16 16 16 17 17 1725 6 4B51110 232230 1799999999999999 321 111831 1699999999999999
 16 15 14 13 13 14 15 16 18 20 21 22 22 21 19 17 15 13 12 12 12 13 14 1625 6 5B51123 22999999999999999999999 350 1319 4 1299999999999999
 17 17 16 16 16 16 17 18 19 20 22 22 22 21 20 17 15 12 10  9  9 10 12 1425 6 6B5 053 171132 2299999999999999 413 161929  999999999999999
 16 18 19 19 19 19 19 20 21 22 23 24 24 23 21 18 15 12 10  8  7  8 10 1325 6 7B51137 249999999999999999999991954  7999999999999999999999
 16 19 21 22 22 22 23 23 23 24 25 26 26 25 24 21 18 14 11  8  7  7  9 1225 6 8B51147 269999999999999999999992022  7999999999999999999999
 16 19 22 24 25 26 26 26 26 27 27 28 29 28 27 24 21 17 13 10  8  7  8 1125 6 9B512 7 299999999999999999999992052  7999999999999999999999
 15 19 23 26 28 29 29 29 28 29 29 30 31 31 30 28 25 21 17 13 10  8  8 1025 610B51239 319999999999999999999992126  8999999999999999999999
 14 18 23 27 29 31 31 31 30 30 31 32 33 33 33 32 29 26 21 17 13 10  9 1025 611B5 550 311320 3399999999999999 838 3022 3  999999999999999
 13 17 22 26 30 32 32 32 32 31 31 32 33 34 35 34 32 29 25 20 16 12 10  925 612B5 6 9 3214 4 3599999999999999 917 312241  999999999999999
 11 15 19 24 28 31 33 33 32 32 31 32 32 34 35 35 34 32 28 24 19 14 11  925 613B5 635 331447 3599999999999999 957 312321  999999999999999
 10 12 16 21 25 29 32 32 32 31 31 31 31 32 33 34 34 33 30 26 21 16 12 1025 614B5 7 7 321529 34999999999999991041 31999999999999999999999
  9 10 12 17 21 26 29 31 31 31 30 29 29 30 30 32 32 32 30 27 23 18 14 1025 615B5 745 3116 9 3299999999999999 0 0  91135 2999999999999999
  8  8 10 13 17 22 25 28 29 29 28 28 27 27 27 28 29 29 29 27 24 20 15 1225 616B5 826 291652 2999999999999999 040  81245 2799999999999999
  9  8  8 10 13 18 21 25 27 27 27 26 25 24 24 24 25 26 26 25 24 21 17 1425 617B5 9 3 271747 2699999999999999 118  81359 2499999999999999
 11  9  9 10 12 15 18 22 24 26 26 25 23 22 21 21 21 22 22 23 23 21 19 1725 618B5 934 261910 2399999999999999 156  915 7 2199999999999999
 14 12 11 11 12 14 17 20 23 24 25 24 23 21 19 17 17 17 18 19 20 21 21 2025 619B5 957 252122 2199999999999999 234 111610 1799999999999999
 18 17 16 15 15 16 18 20 23 24 25 25 23 21 18 16 14 13 14 15 17 19 21 2225 620B51015 252353 2299999999999999 310 1517 9 1399999999999999
 22 22 21 20 20 21 21 23 24 26 27 27 26 23 20 16 13 11 10 11 13 15 19 2225 621B51033 27999999999999999999999 346 2018 6 1099999999999999
 24 25 26 26 26 26 26 27 27 29 30 30 29 27 24 20 15 12  9  8  9 12 15 1925 622B51058 3099999999999999999999919 3  8999999999999999999999
 24 27 29 30 31 31 31 31 31 32 33 33 34 32 30 25 21 16 11  9  8  9 12 1625 623B51134 349999999999999999999991959  8999999999999999999999
 21 26 30 33 34 34 34 34 34 35 35 36 37 37 35 32 28 22 16 12  9  8  9 1225 624B51224 379999999999999999999992056  8999999999999999999999
 17 23 28 32 35 36 37 36 36 36 37 38 39 40 40 38 34 29 23 17 12  9  8 1025 625B51324 409999999999999999999992151  8999999999999999999999
 14 19 25 30 34 36 37 37 37 36 37 37 39 40 41 41 39 36 30 24 18 13 10  925 626B5 616 371427 4199999999999999 9 3 362245  999999999999999
 11 15 21 26 31 34 36 37 36 36 35 36 37 38 40 41 41 39 35 30 24 18 13 1125 627B5 645 371527 4199999999999999 948 352335 1099999999999999
 10 13 17 22 27 31 34 35 35 34 33 33 34 35 37 38 40 39 37 33 28 22 17 1325 628B5 713 351621 40999999999999991041 33999999999999999999999
 11 12 14 18 23 27 31 33 33 32 31 31 30 31 32 34 35 36 36 34 30 25 20 1625 629B5 742 331711 3699999999999999 019 111148 3099999999999999
 13 12 13 16 20 24 28 30 31 30 29 28 28 27 28 29 30 31 32 31 29 26 22 1825 630B5 810 3118 0 3299999999999999 057 1213 1 2799999999999999
 15 13 13 15 18 22 25 27 29 29 28 27 25 25 24 24 25 26 27 27 27 25 23 2025 7 1B5 836 291855 2799999999999999 129 131414 2499999999999999
 17 15 15 16 18 21 23 26 27 28 27 26 24 23 22 21 21 21 22 23 23 23 22 2125 7 2B5 858 282014 2499999999999999 154 151528 2199999999999999
 19 18 17 18 19 21 23 25 26 27 27 26 24 22 20 19 18 18 18 19 20 21 22 2225 7 3B5 915 272223 2299999999999999 2 9 171644 1899999999999999
 21 21 20 20 21 23 24 26 27 28 27 27 25 23 21 19 17 16 16 17 18 19 21 2225 7 4B5 923 28999999999999999999999 2 5 201745 1699999999999999
 23 23 23 24 25 25 27 28 29 29 29 28 27 25 22 20 18 16 15 15 16 18 20 2225 7 5B5 925 299999999999999999999991832 15999999999999999999999
 24 25 26 27 28 29 29 30 31 31 31 31 30 28 25 22 20 17 16 15 15 16 19 2225 7 6B5 933 319999999999999999999991913 15999999999999999999999
 25 27 29 30 31 32 32 33 33 34 34 34 33 31 29 26 23 20 17 16 15 16 18 2125 7 7B510 3 349999999999999999999991954 15999999999999999999999
 25 28 31 32 34 34 34 35 35 36 36 36 36 35 33 30 27 23 20 17 16 16 17 2025 7 8B511 1 369999999999999999999992035 15999999999999999999999
 24 28 31 33 35 36 36 36 36 36 37 38 38 38 36 34 31 27 23 20 17 16 16 1825 7 9B512 9 389999999999999999999992117 16999999999999999999999
 22 26 30 33 35 37 37 36 36 36 37 38 39 39 39 37 35 31 27 22 19 16 15 1625 710B5 541 371314 3999999999999999 815 362159 1599999999999999
 19 23 28 32 35 36 37 36 35 35 35 36 37 39 39 39 37 34 30 25 20 17 15 1425 711B5 548 371411 3999999999999999 9 2 352240 1499999999999999
 16 20 24 29 32 35 36 35 34 34 33 34 35 37 38 39 38 36 32 27 22 18 14 1325 712B5 6 7 3615 2 3999999999999999 947 332319 1399999999999999
 13 16 20 25 29 32 34 34 33 32 31 31 32 33 35 37 37 36 33 29 24 19 15 1225 713B5 632 341550 37999999999999991036 312355 1299999999999999
 12 13 16 21 25 29 32 33 32 30 29 28 28 29 31 33 34 35 33 30 26 21 17 1325 714B5 659 331640 35999999999999991129 28999999999999999999999
 12 12 14 17 22 26 29 31 31 29 27 26 25 25 26 28 30 32 32 30 28 24 19 1625 715B5 725 311735 3299999999999999 029 111223 2599999999999999
 13 13 13 16 20 24 27 29 30 29 26 24 23 22 22 23 25 27 29 29 28 26 22 1925 716B5 749 301843 2999999999999999 1 1 131318 2299999999999999
 17 16 16 17 20 23 26 28 29 29 27 24 22 20 19 19 21 23 25 27 27 27 25 2325 717B5 810 2920 9 2799999999999999 130 151414 1999999999999999
 21 20 20 20 22 24 27 29 30 30 28 26 23 20 18 17 17 19 21 23 25 26 27 2725 718B5 829 3022 4 2799999999999999 153 201514 1799999999999999
 26 25 25 25 26 27 29 30 31 32 31 29 26 22 19 17 16 16 17 19 22 24 27 2825 719B5 846 32999999999999999999999 2 3 251624 1699999999999999
 29 29 30 30 31 31 32 33 34 35 34 33 30 27 23 20 17 15 15 16 18 21 25 2825 720B5 9 9 359999999999999999999991741 15999999999999999999999
 30 32 33 34 35 35 36 36 37 37 37 37 35 33 29 25 21 18 16 15 16 18 22 2625 721B5 951 379999999999999999999991857 15999999999999999999999
 29 32 35 36 37 38 38 39 39 39 40 40 40 38 35 32 27 23 19 16 15 16 18 2225 722B511 5 4099999999999999999999920 5 15999999999999999999999
 27 31 34 37 39 39 39 39 39 40 40 41 42 42 41 38 34 29 24 19 16 15 16 1925 723B51228 4299999999999999999999921 6 15999999999999999999999
 23 28 32 36 38 39 39 39 39 39 39 41 42 43 44 42 39 35 29 24 19 16 15 1625 724B51342 449999999999999999999992159 15999999999999999999999
 19 24 29 33 36 38 38 37 37 37 37 38 40 42 43 44 43 39 34 28 23 18 15 1525 725B5 544 381446 4499999999999999 856 372246 1599999999999999
 17 20 25 29 33 36 36 36 35 34 34 34 36 38 40 42 43 41 37 32 26 21 17 1525 726B5 6 0 361542 4399999999999999 946 342325 1599999999999999
 15 17 21 26 30 33 34 34 33 31 30 30 31 33 36 38 40 40 38 34 29 23 19 1625 727B5 619 341633 40999999999999991039 302359 1599999999999999
 15 16 19 23 27 30 32 32 31 29 28 27 27 28 30 33 35 36 36 34 30 25 21 1725 728B5 639 331720 36999999999999991132 27999999999999999999999
 16 16 18 21 25 28 30 31 30 28 26 25 24 24 25 27 30 32 33 32 30 26 23 2025 729B5 659 3118 9 3399999999999999 027 151224 2499999999999999
 18 17 18 21 24 27 29 30 30 28 26 24 22 22 22 23 25 27 29 29 29 27 24 2225 730B5 716 3019 4 2999999999999999 050 171315 2299999999999999
 20 20 20 22 24 27 29 30 30 28 26 24 22 21 20 20 22 23 25 26 27 27 26 2425 731B5 727 302014 2799999999999999 1 5 2014 6 2099999999999999
 23 23 23 24 26 28 29 30 30 29 28 25 23 21 20 19 20 21 22 24 25 26 26 2625 8 1B5 731 30999999999999999999999 1 8 2315 3 1999999999999999
 26 26 26 27 29 30 31 32 32 31 30 28 25 23 21 20 20 20 21 22 24 25 27 2825 8 2B5 729 329999999999999999999991612 20999999999999999999999
 28 29 30 31 32 33 34 34 34 34 32 31 28 26 24 22 21 20 20 21 22 24 26 2825 8 3B5 731 349999999999999999999991730 20999999999999999999999
 30 31 32 33 34 35 36 36 36 36 35 34 32 30 27 25 23 22 21 20 21 23 25 2825 8 4B5 750 369999999999999999999991840 20999999999999999999999
 30 32 34 35 36 37 37 37 38 38 37 37 36 34 31 29 26 24 22 20 20 21 24 2625 8 5B5 844 389999999999999999999991938 20999999999999999999999
 30 32 34 36 37 37 38 38 38 38 39 39 38 37 35 33 30 27 23 21 20 20 21 2425 8 6B51040 399999999999999999999992029 20999999999999999999999
 27 31 34 36 37 37 37 37 37 38 38 39 40 39 38 36 33 29 25 22 19 18 19 2125 8 7B51216 409999999999999999999992114 18999999999999999999999
 24 28 32 34 36 37 36 36 35 36 36 38 39 40 40 38 36 32 28 23 19 17 16 1725 8 8B5 5 1 371325 4099999999999999 8 4 352155 1699999999999999
 20 24 29 32 34 35 35 34 33 33 33 35 36 38 40 39 38 34 30 25 20 16 15 1425 8 9B5 5 8 351423 4099999999999999 848 332232 1499999999999999
 17 20 25 29 32 34 33 32 31 30 30 30 32 35 37 39 38 36 32 27 22 17 14 1325 810B5 524 341516 3999999999999999 932 2923 7 1399999999999999
 14 17 21 26 29 32 32 31 29 27 26 26 27 30 33 36 37 36 34 30 24 19 15 1325 811B5 542 321610 37999999999999991019 262339 1399999999999999
 13 15 19 23 27 30 31 30 28 25 23 22 23 25 28 31 34 35 34 32 27 22 18 1625 812B5 6 2 3117 6 359999999999999911 6 22999999999999999999999
 14 15 18 22 26 29 30 30 28 25 21 20 19 20 22 26 30 32 33 32 30 26 22 1925 813B5 621 3018 7 3399999999999999 0 9 141155 1999999999999999
 18 18 19 22 25 28 30 31 29 26 22 19 17 17 18 21 24 28 30 32 31 29 26 2425 814B5 640 311915 3299999999999999 036 181246 1799999999999999
 23 22 23 24 27 30 31 32 31 29 25 21 18 16 16 17 20 23 26 29 30 31 30 2825 815B5 657 322036 3199999999999999 058 221341 1699999999999999
 27 27 27 28 30 32 33 34 34 32 29 25 21 18 17 16 17 20 22 25 28 30 31 3125 816B5 714 34999999999999999999999 1 4 271444 1699999999999999
 31 31 32 32 33 35 36 36 36 35 33 30 27 23 20 18 17 18 19 22 24 27 30 3125 817B5 733 3699999999999999999999916 5 17999999999999999999999
 33 34 35 36 36 37 38 38 38 38 37 35 32 29 26 22 20 19 18 19 21 24 27 3025 818B5 8 3 389999999999999999999991744 18999999999999999999999
 32 34 36 37 38 39 39 39 39 40 40 39 37 35 32 28 25 22 20 19 19 21 24 2725 819B5 932 409999999999999999999991913 19999999999999999999999
 30 33 36 37 38 39 39 39 39 39 40 41 41 40 37 34 30 26 22 20 18 18 20 2325 820B51129 419999999999999999999992021 18999999999999999999999
 27 31 34 36 37 37 37 37 37 37 38 40 41 42 41 39 35 31 26 22 19 17 18 2025 821B51256 429999999999999999999992114 17999999999999999999999
 24 28 31 34 35 36 35 35 34 34 35 37 39 41 42 41 39 34 29 24 20 17 16 1725 822B5 445 3614 4 4299999999999999 816 342156 1699999999999999
 20 24 28 31 33 34 33 32 31 30 31 32 35 38 40 41 40 37 32 27 21 18 16 1625 823B5 451 341459 4199999999999999 859 302231 1599999999999999
 18 21 25 29 31 32 32 30 28 27 27 28 30 33 36 38 39 37 34 29 23 19 16 1525 824B5 5 4 321549 3999999999999999 942 2723 1 1599999999999999
 16 19 23 27 29 31 30 29 26 24 23 23 25 28 31 34 36 36 34 30 25 21 18 1625 825B5 519 311635 36999999999999991025 232326 1699999999999999
 16 18 21 25 28 30 30 28 26 23 21 20 21 23 26 29 32 33 33 31 27 23 20 1825 826B5 535 301721 349999999999999911 7 202348 1799999999999999
 17 19 21 24 27 29 29 28 26 23 20 19 18 19 22 25 28 30 31 31 28 25 23 2125 827B5 548 2918 9 31999999999999991147 18999999999999999999999
 20 20 22 25 28 29 30 29 27 24 21 19 18 18 19 22 25 27 29 30 29 27 25 2425 828B5 557 3019 1 3099999999999999 0 5 201226 1799999999999999
 23 23 25 27 29 30 31 30 28 26 23 20 18 18 18 20 22 25 27 28 29 28 27 2725 829B5 6 0 3120 4 2999999999999999 014 2313 8 1899999999999999
 26 27 28 29 31 32 32 32 31 28 25 23 21 19 19 19 21 23 25 27 28 29 29 2925 830B5 6 0 32999999999999999999999 0 5 261355 1999999999999999
 29 29 30 32 33 34 34 34 33 31 29 26 24 22 21 20 21 22 23 25 27 28 29 3025 831B5 6 3 349999999999999999999991459 20999999999999999999999
 31 32 33 34 35 35 36 36 35 34 32 29 27 25 23 22 21 21 22 23 25 27 29 3025 9 1B5 614 369999999999999999999991638 21999999999999999999999
 32 33 34 35 36 36 37 37 36 36 34 33 31 28 26 25 23 22 21 21 22 24 26 2925 9 2B5 634 379999999999999999999991816 21999999999999999999999
 31 33 34 35 36 36 36 37 36 36 36 35 33 32 29 27 25 22 21 20 20 21 23 2625 9 3B5 718 379999999999999999999991923 20999999999999999999999
 29 31 33 35 35 35 35 35 35 36 36 36 35 34 32 30 27 23 21 18 17 18 20 2325 9 4B51035 369999999999999999999992014 17999999999999999999999
 26 29 32 33 34 34 33 33 33 33 34 35 36 36 34 32 29 25 21 18 16 15 16 1925 9 5B5 416 341217 3699999999999999 723 332056 1599999999999999
 22 26 29 31 32 32 31 30 30 30 31 33 35 36 36 34 31 27 23 18 15 13 13 1525 9 6B5 4 9 321327 3699999999999999 758 302133 1399999999999999
 18 23 26 29 30 30 28 27 26 26 26 28 31 34 35 35 33 30 25 20 16 13 12 1325 9 7B5 415 301427 3699999999999999 836 2522 7 1299999999999999
 15 20 24 27 29 29 27 24 22 21 21 23 26 30 33 35 35 33 29 23 18 15 13 1225 9 8B5 427 291526 3599999999999999 917 212240 1299999999999999
 14 18 22 26 28 28 26 23 20 18 17 18 20 24 29 32 34 34 32 27 22 18 15 1425 9 9B5 441 281625 349999999999999910 1 172310 1499999999999999
 15 18 21 25 28 29 28 24 20 16 14 14 15 18 23 28 32 33 33 31 27 23 20 1825 910B5 457 291724 34999999999999991047 142338 1899999999999999
 18 19 22 26 29 30 30 27 22 18 14 12 12 14 18 23 27 31 33 32 30 27 25 2325 911B5 515 301826 33999999999999991135 12999999999999999999999
 22 23 25 28 30 32 32 30 26 22 17 13 11 12 14 18 22 26 30 32 32 30 29 2725 912B5 534 321933 3299999999999999 0 0 221226 1199999999999999
 27 27 28 30 32 34 34 34 31 27 22 17 14 13 13 15 18 22 26 29 30 31 31 3025 913B5 554 3421 4 3199999999999999 0 9 271324 122334 309999999
 30 31 32 33 35 36 36 36 35 32 28 23 20 17 15 15 16 19 21 25 27 29 31 3225 914B5 616 369999999999999999999991434 15999999999999999999999
 32 33 34 35 36 37 37 37 37 35 33 29 26 22 20 18 17 17 19 21 23 26 28 3025 915B5 643 379999999999999999999991610 17999999999999999999999
 32 34 35 36 36 37 37 37 37 37 36 34 31 28 25 22 20 18 18 18 20 22 25 2825 916B5 740 379999999999999999999991759 18999999999999999999999
 30 32 34 35 35 36 36 36 36 36 37 36 35 33 30 27 23 20 18 17 17 19 21 2525 917B510 1 379999999999999999999991920 17999999999999999999999
 28 30 32 33 34 34 33 33 33 34 35 36 36 36 34 31 27 23 20 17 16 16 18 2125 918B5 4 9 341156 3699999999999999 713 332016 1699999999999999
 25 28 30 31 31 31 30 30 29 30 31 33 35 36 35 33 30 26 21 18 16 15 16 1825 919B5 345 321312 3699999999999999 749 292057 1599999999999999
 22 25 28 29 30 29 27 26 25 25 27 29 31 34 35 34 32 28 23 19 16 14 14 1625 920B5 343 301411 3599999999999999 824 252130 1499999999999999
 19 23 26 28 28 27 25 23 22 21 22 24 27 30 32 33 32 30 25 21 17 15 14 1525 921B5 350 2815 2 3399999999999999 859 212157 1499999999999999
 18 21 24 26 27 26 24 21 19 18 18 19 22 26 29 31 32 30 27 23 19 16 15 1525 922B5 4 2 271549 3299999999999999 934 172221 1599999999999999
 17 20 23 26 27 26 24 21 18 16 15 15 18 21 25 28 30 30 29 25 22 19 17 1725 923B5 414 271636 319999999999999910 9 152242 1699999999999999
 18 20 23 26 27 27 25 22 18 15 13 13 15 18 21 25 28 30 29 27 24 22 20 1925 924B5 425 271721 30999999999999991042 1323 0 1999999999999999
 20 22 24 27 28 28 27 24 20 16 14 13 13 15 19 22 26 28 29 29 27 24 23 2225 925B5 433 2818 8 29999999999999991116 122313 2299999999999999
 22 24 26 28 29 30 28 26 22 19 16 14 13 14 17 20 23 26 28 29 28 27 26 2525 926B5 439 301857 29999999999999991151 132317 2599999999999999
 25 26 28 30 31 31 31 29 25 22 18 16 15 15 16 19 21 24 27 28 29 28 28 2725 927B5 445 321955 29999999999999991230 1423 2 2799999999999999
 28 29 30 32 33 33 33 31 28 25 22 19 17 16 16 18 20 22 25 27 28 29 29 2925 928B5 455 339999999999999999999991316 16999999999999999999999
 29 30 31 33 34 34 34 33 31 28 25 22 20 18 18 18 19 20 22 24 26 27 28 2925 929B5 5 8 349999999999999999999991419 18999999999999999999999
 30 31 32 33 34 34 34 33 32 30 28 25 23 21 19 18 18 18 19 21 23 25 27 2825 930B5 522 349999999999999999999991554 18999999999999999999999
 30 31 32 33 33 33 33 33 32 31 29 27 25 23 21 19 18 17 17 18 19 21 24 262510 1B5 530 339999999999999999999991735 17999999999999999999999
 28 30 31 31 32 32 32 31 31 31 30 29 27 25 23 20 18 16 15 14 15 17 20 232510 2B5 458 329999999999999999999991844 14999999999999999999999
 26 28 29 29 29 29 29 29 29 29 29 29 28 27 25 22 19 16 14 12 12 13 16 192510 3B5 329 309999999999999999999991935 12999999999999999999999
 22 25 27 27 27 26 25 25 25 26 27 28 29 28 27 24 21 17 14 12 10 11 13 162510 4B5 3 4 2712 9 2999999999999999 724 252018 1099999999999999
 19 23 25 25 25 23 22 21 21 21 23 25 27 29 29 27 24 20 16 13 11 10 11 142510 5B5 3 2 251327 2999999999999999 749 212056 1099999999999999
 17 21 23 24 24 22 19 17 16 16 18 21 24 27 29 29 28 24 20 16 13 11 11 132510 6B5 3 7 241434 2999999999999999 823 162131 1199999999999999
 16 20 23 24 24 22 18 15 12 11 12 15 19 24 28 30 30 28 25 21 17 15 14 152510 7B5 317 251537 3099999999999999 9 2 1122 3 1499999999999999
 17 21 24 26 26 24 20 15 11  8  8  9 13 18 24 28 31 31 29 26 22 19 18 182510 8B5 332 261639 3199999999999999 946  82232 1899999999999999
 19 22 26 28 28 27 23 18 13  8  6  6  8 13 19 24 29 31 31 30 27 24 23 222510 9B5 350 281739 32999999999999991032  52256 2299999999999999
 23 25 28 30 31 31 28 23 17 12  7  5  6  9 13 19 24 28 31 31 30 28 27 26251010B5 413 311841 31999999999999991123  523 9 2699999999999999
 27 28 30 32 34 34 32 29 24 18 12  9  7  7 10 14 19 24 28 30 31 30 29 29251011B5 440 341954 31999999999999991217  72259 2999999999999999
 29 30 32 34 35 36 35 33 29 24 19 14 11  9 10 12 15 19 23 26 28 29 30 30251012B5 510 369999999999999999999991319  9999999999999999999999
 31 32 33 34 35 36 36 35 33 30 25 21 17 14 12 12 13 16 19 22 25 27 28 29251013B5 546 369999999999999999999991435 12999999999999999999999
 30 31 32 33 34 35 35 35 34 32 30 26 23 19 16 14 14 14 15 18 20 23 25 27251014B5 631 359999999999999999999991610 14999999999999999999999
 29 30 31 31 32 32 32 32 32 32 31 29 27 24 20 18 15 14 14 15 17 19 22 24251015B5 753 329999999999999999999991742 14999999999999999999999
 26 28 29 29 29 29 28 28 29 29 30 29 28 27 24 21 18 15 14 13 14 16 18 21251016B5 310 291014 3099999999999999 628 281850 1399999999999999
 24 26 27 27 26 25 24 24 24 25 26 27 28 27 26 23 20 17 14 13 13 14 16 19251017B5 234 2712 3 2899999999999999 715 241939 1399999999999999
 21 24 25 25 24 22 21 20 19 20 22 24 25 26 26 24 22 18 15 13 12 13 14 17251018B5 228 251316 2699999999999999 750 192015 1299999999999999
 20 22 23 23 22 20 18 16 15 15 17 19 22 24 25 25 23 20 17 15 13 13 14 16251019B5 232 241415 2699999999999999 821 152045 1399999999999999
 19 21 23 23 22 19 17 14 12 12 13 15 18 22 24 25 25 22 20 17 15 14 14 16251020B5 240 2315 8 2599999999999999 851 122110 1499999999999999
 19 21 23 23 22 20 16 13 11  9 10 12 15 19 22 25 25 24 22 20 17 16 16 17251021B5 250 231557 2599999999999999 920  92133 1699999999999999
 20 22 24 24 24 21 18 14 11  8  8  9 12 16 20 24 26 26 25 23 21 19 19 19251022B5 259 241643 2699999999999999 950  82153 1999999999999999
 21 23 25 26 26 24 20 16 12  9  8  8 10 14 18 22 25 27 27 25 24 22 21 22251023B5 3 9 261727 27999999999999991020  72210 2199999999999999
 23 25 27 28 28 26 23 19 15 11  9  8  9 12 16 20 24 27 28 27 26 25 24 24251024B5 321 281810 28999999999999991053  82223 2499999999999999
 25 27 29 30 30 29 26 23 18 14 11 10 10 11 15 18 22 25 27 28 27 27 26 26251025B5 337 301856 28999999999999991129  92229 2699999999999999
 27 28 30 31 32 31 29 26 22 18 14 12 11 11 13 16 20 23 26 27 28 27 27 27251026B5 356 321952 289999999999999912 9 112223 2799999999999999
 28 29 30 31 32 32 30 28 24 21 17 14 12 12 13 14 17 20 23 25 26 27 27 27251027B5 416 329999999999999999999991256 12999999999999999999999
 28 29 30 31 31 31 31 29 26 23 19 16 14 13 12 13 14 17 19 22 24 25 26 27251028B5 435 319999999999999999999991354 12999999999999999999999
 27 28 29 29 30 30 30 28 27 24 21 18 15 13 12 11 12 13 15 17 20 22 24 25251029B5 449 3099999999999999999999915 5 11999999999999999999999
 26 27 27 27 28 28 27 27 26 24 22 19 17 14 12 11 10 10 11 13 16 18 20 22251030B5 441 289999999999999999999991624 10999999999999999999999
 24 25 25 25 25 25 24 24 24 23 22 20 18 16 14 11 10  9  9 10 12 14 17 20251031B5 226 259999999999999999999991734  9999999999999999999999
 22 23 23 22 22 21 21 20 21 21 21 21 20 18 16 13 11  9  8  8  9 11 14 172511 1B5 142 23 958 2199999999999999 653 201833  899999999999999
 19 21 21 20 19 17 16 16 16 17 19 20 21 21 19 17 14 12 10  9  9 10 13 162511 2B5 135 211212 2199999999999999 7 0 161924  999999999999999
 18 20 20 19 17 14 12 11 11 13 15 18 21 22 22 21 19 16 13 12 11 11 13 162511 3B5 138 201338 2299999999999999 727 1120 8 1199999999999999
 19 20 21 20 17 13 10  7  7  7 10 14 18 22 24 25 24 21 18 16 15 14 15 172511 4B5 146 211451 2599999999999999 8 4  72048 1499999999999999
 20 22 23 22 19 15 10  6  4  3  5  8 14 19 23 26 27 26 24 21 19 18 19 202511 5B5 2 1 231557 2799999999999999 846  32122 1899999999999999
 22 25 26 26 24 20 14  8  4  1  1  4  8 14 20 25 28 29 28 26 24 23 23 232511 6B5 223 271659 2999999999999999 933  12150 2399999999999999
 25 28 30 30 29 26 20 14  7  3  1  1  4  9 15 21 26 29 30 29 28 26 26 262511 7B5 252 3018 0 30999999999999991024  02210 2699999999999999
 27 30 32 33 33 31 27 21 14  8  4  2  2  5 10 16 22 26 29 30 29 28 28 282511 8B5 328 3319 3 30999999999999991117  12218 2899999999999999
 29 30 32 34 35 34 32 27 21 15  9  5  4  4  7 11 16 21 25 28 28 28 28 282511 9B5 4 9 359999999999999999999991215  4999999999999999999999
 29 30 32 33 35 35 34 31 27 21 16 11  8  6  6  9 12 16 20 24 26 27 27 27251110B5 453 359999999999999999999991317  6999999999999999999999
 28 29 30 31 32 33 33 32 30 26 21 16 12  9  8  8 10 13 16 19 22 24 25 26251111B5 541 339999999999999999999991424  8999999999999999999999
 26 27 27 28 28 29 29 29 29 27 24 20 17 13 11  9  9 10 12 15 18 20 22 23251112B5 636 309999999999999999999991534  9999999999999999999999
 24 24 24 24 24 24 24 25 25 25 24 22 19 16 13 11 10 10 11 12 15 17 19 21251113B5 755 259999999999999999999991640 10999999999999999999999
 22 22 22 21 20 20 19 19 20 21 21 21 20 18 16 13 12 10 10 11 13 15 17 19251114B5 053 2210 9 2199999999999999 611 191739 1099999999999999
 20 20 20 19 17 16 15 14 15 16 17 18 19 18 17 15 13 12 11 11 12 14 16 18251115B5 053 2012 5 1999999999999999 7 4 141828 1199999999999999
 19 20 19 18 16 13 12 10 10 11 13 15 17 18 18 17 15 14 13 12 13 14 15 17251116B5 059 201329 1899999999999999 739 101910 1299999999999999
 19 19 19 17 15 12 10  8  7  7  9 12 15 17 19 19 18 17 15 14 14 15 16 18251117B5 1 8 191438 1999999999999999 8 8  71946 1499999999999999
 19 20 20 18 16 13  9  7  5  5  7  9 13 16 19 20 20 20 18 17 17 17 18 19251118B5 117 201536 2099999999999999 834  52017 1799999999999999
 21 22 22 20 18 14 11  7  5  4  5  7 11 15 19 21 23 22 21 20 19 19 20 21251119B5 128 221623 2399999999999999 9 2  42044 1999999999999999
 23 24 24 23 21 17 13  9  6  4  4  6  9 14 18 22 24 25 24 23 22 22 22 23251120B5 142 2417 4 2599999999999999 931  421 9 2299999999999999
 25 26 26 26 24 21 17 12  8  6  5  5  8 12 17 21 24 26 26 25 24 24 24 24251121B5 2 3 261741 269999999999999910 4  52131 2499999999999999
 26 27 28 28 27 24 21 16 11  8  6  6  7 11 15 19 23 26 27 27 26 25 25 25251122B5 229 291817 27999999999999991039  52152 2599999999999999
 26 28 29 30 29 27 24 19 15 11  8  6  7  9 12 17 21 24 26 27 26 25 25 25251123B5 3 0 301856 27999999999999991117  62213 2599999999999999
 26 27 29 30 30 29 26 22 18 13 10  7  6  7 10 13 17 21 24 25 26 25 25 25251124B5 331 301944 26999999999999991158  62234 2599999999999999
 25 26 27 28 29 28 26 23 19 15 11  8  6  6  7 10 14 17 20 23 24 24 24 24251125B5 4 0 299999999999999999999991241  6999999999999999999999
 24 24 25 26 27 27 26 23 20 16 12  9  7  5  6  7 10 13 16 19 21 22 22 22251126B5 427 279999999999999999999991326  5999999999999999999999
 22 22 23 23 24 24 23 22 20 17 13 10  7  5  5  5  6  9 12 15 17 19 20 20251127B5 453 242313 20999999999999991413  5999999999999999999999
 20 20 20 20 20 20 20 20 18 17 14 11  9  6  5  4  5  6  9 11 14 16 18 19251128B52328 1999999999999999999999915 2  4999999999999999999999
 19 18 17 17 16 16 16 16 16 16 15 13 11  9  7  6  5  6  7  9 12 14 16 17251129B52339 179999999999999999999991557  5999999999999999999999
 17 16 15 14 13 12 12 12 13 14 14 14 14 12 11  9  8  8  8  9 11 13 15 17251130B51021 142349 1799999999999999 539 121658  899999999999999
 17 16 14 12 10  8  8  8  9 11 13 15 16 16 15 14 13 12 11 12 12 14 16 182512 1B51236 16999999999999999999999 617  818 6 1199999999999999
 18 18 16 13  9  6  4  4  4  7 10 13 16 18 19 19 18 17 16 15 16 17 18 202512 2B5 0 2 181413 1999999999999999 659  41912 1599999999999999
 21 21 19 16 11  7  3  1  1  2  5 10 14 19 22 23 23 22 21 20 20 20 21 232512 3B5 021 211531 2399999999999999 746  120 4 2099999999999999
 24 25 23 21 16 11  6  1 -1 -1  1  5 11 16 21 24 26 26 25 24 24 24 24 252512 4B5 050 251636 2699999999999999 835 -12042 2399999999999999
 27 28 28 26 23 17 11  5  1 -2 -2  1  6 12 18 23 26 28 28 27 26 26 26 272512 5B5 129 281732 2899999999999999 928 -22111 2699999999999999
 29 31 32 31 29 24 18 12  5  1 -2 -1  2  7 13 19 24 27 29 28 28 27 27 282512 6B5 216 321823 29999999999999991022 -22135 2799999999999999
 29 31 33 33 33 30 25 19 12  6  1 -1  0  3  8 14 19 24 27 27 27 27 26 272512 7B5 3 9 331911 28999999999999991117 -122 2 2699999999999999
 27 29 31 33 33 33 30 25 19 12  6  2  1  1  4  9 14 19 23 25 25 25 25 252512 8B5 4 2 331958 25999999999999991212  12238 2499999999999999
 25 26 27 29 31 31 30 28 23 17 11  7  3  2  3  6 10 14 18 21 23 23 22 222512 9B5 455 312045 239999999999999913 4  22341 2299999999999999
 22 22 23 24 26 27 27 26 24 20 15 10  7  4  4  5  7 11 14 17 19 20 20 20251210B5 546 282127 20999999999999991351  4999999999999999999999
 19 19 19 19 20 21 22 22 21 19 16 13  9  7  5  5  6  9 12 14 17 18 18 18251211B5 640 2222 3 1899999999999999 135 191433  599999999999999
 17 17 16 15 15 16 16 17 17 17 15 13 11  9  7  7  7  8 10 13 15 16 17 17251212B5 754 172230 1799999999999999 336 1515 8  799999999999999
 16 15 14 12 11 11 11 11 12 13 13 13 12 11  9  9  9  9 11 12 14 15 16 16251213B510 1 132251 1699999999999999 524 111536  999999999999999
 16 15 13 11  9  8  7  7  8  9 10 11 12 12 12 11 11 11 12 13 14 15 16 17251214B51231 1223 6 1799999999999999 632  71555 1199999999999999
 16 15 13 11  8  6  5  4  4  6  8 10 12 13 14 14 14 14 14 15 16 16 17 18251215B52318 18999999999999999999999 712  4999999999999999999999
 18 16 15 12  9  6  4  3  2  3  6  8 11 14 16 17 17 17 17 17 18 18 19 20251216B52332 20999999999999999999999 743  2999999999999999999999
 20 19 17 14 11  8  5  3  2  2  4  7 11 14 17 19 20 20 20 20 20 21 21 22251217B52356 22999999999999999999999 813  2999999999999999999999
 22 22 20 18 15 11  7  4  2  2  3  6 10 14 18 20 22 23 23 22 22 22 23 24251218B51724 23999999999999999999999 845  220 5 2299999999999999
 24 24 23 21 18 15 11  7  4  2  3  5  9 13 17 21 23 24 24 24 23 23 24 25251219B5 033 241736 2499999999999999 919  22041 2399999999999999
 26 26 26 25 22 19 14 10  6  4  3  4  7 11 16 20 23 25 25 25 24 24 24 25251220B5 119 261753 2599999999999999 956  32114 2499999999999999
 26 27 27 27 25 22 18 13  9  5  3  3  5  8 13 18 21 24 25 25 24 23 23 23251221B5 2 5 271815 25999999999999991034  32148 2399999999999999
 24 26 27 27 26 24 20 16 11  7  4  2  3  5  9 14 18 22 24 24 23 22 22 22251222B5 249 271843 24999999999999991112  22226 2199999999999999
 22 23 25 26 26 25 22 17 13  8  4  2  1  3  6 10 15 18 21 22 22 21 20 20251223B5 329 261915 22999999999999991148  12312 2099999999999999
 20 21 22 23 24 23 21 18 14  9  5  2  0  0  2  6 10 14 18 20 20 19 18 18251224B5 4 6 241949 20999999999999991223  0999999999999999999999
 17 17 18 19 20 21 20 17 14 10  5  2  0 -1  0  3  7 11 14 17 18 18 17 16251225B5 444 212024 1899999999999999 0 8 171255 -199999999999999
 15 14 15 15 16 17 17 16 14 10  7  3  1  0  0  1  4  8 11 14 16 16 16 14251226B5 529 172054 1699999999999999 114 141325  099999999999999
 13 12 11 11 12 13 14 14 13 11  9  6  4  2  2  2  4  7 10 12 14 15 15 14251227B5 632 142118 1599999999999999 220 111354  299999999999999
 12 10  9  8  8  9 10 11 11 11 10  9  7  6  5  5  6  8 10 12 14 15 15 14251228B5 821 112137 1599999999999999 324  81421  599999999999999
 12 10  7  6  5  5  6  7  9 10 11 11 11 10 10 10 10 11 12 14 15 16 17 16251229B511 2 112154 1799999999999999 429  51443 1099999999999999
 14 11  8  5  3  2  2  3  5  7 10 12 14 15 15 15 15 16 16 17 18 19 19 19251230B52217 19999999999999999999999 534  2999999999999999999999
 18 15 12  8  4  1  0  0  1  4  7 11 15 17 19 20 20 21 21 21 22 22 23 23251231B52251 23999999999999999999999 635  0999999999999999999999
