183112 48  4 -5 3110118526432535534630524818813711112316622427530931628925 1 1CF1016356214331899999999999999 342 -7161311199999999999999
232159 86 26 -9 -1 5113121729234335833428322216311810412918324329131931625 1 2CF1053359222632299999999999999 421-11165210499999999999999
277211136 67 14 -8 15 8016424631235135231525819714210510414019825429831925 1 3CF1131356231131999999999999999 5 1 -81733 9999999999999999
307260192121 58 15  8 44115195269324349336291233174125 9810714920525829625 1 4CF12 9349235931199999999999999 541  51816 9699999999999999
311293243179115 62 31 36 81149221283325337313265209155113 9410915220425225 1 5CF1249337999999999999999999999 623 2819 3 9499999999999999
287298277232176123 81 61 73117177237287317317288242190141105 9210814619425 1 6CF 052298133132199999999999999 7 8 601957 9299999999999999
239272282266230185143111 98111147196243281300295267225178133100 8710013325 1 7CF 154282141730299999999999999 8 1 9821 0 8799999999999999
177221255270263239206173146134141166202239268282277253215171128 94 78 8525 1 8CF 310270151428399999999999999 9 91342213 7799999999999999
113156202241265270258234206179162159172198228254268267248214170125 86 6325 1 9CF 44627116262709999999999999910411582327 6099999999999999
 64 91135187235270287283263234202175162167188217244264268252217170119 7325 110CF 6182881744269999999999999991214161999999999999999999999
 44 42 6912018023928530930828625021017415315517721024426927726022116610825 111CF 727312185127799999999999999 034 39132515199999999999999
 55 22 21 5511418525330633232629625220316113814317221325428329026822015725 112CF 819333194629199999999999999 132 17141913799999999999999
 92 35  2  7 5112220227532834833329223918514112213717722627030030227021225 113CF 9 3348203430599999999999999 223 -115 412299999999999999
141 72 15-12  5 6314422830034635432527421616012011214019124528931430626225 114CF 941356211731599999999999999 3 9-12154311099999999999999
195120 51  0-15 18 8917525832335634730524718613310411115421126530532129925 115CF1017358215732199999999999999 349-16161810299999999999999
244171 98 34 -6 -3 47127212288340354328275213155111 9712117423228231431625 116CF1050355223432099999999999999 426-111652 9699999999999999
281218146 78 25  3 26 90171249311345339298239180128 9710013819424929131225 117CF1121348231131399999999999999 5 0  31725 9499999999999999
301255190124 66 29 28 68137212278324337312262204150109 9411215721125929225 118CF1150337234730199999999999999 532 231758 9499999999999999
300276227167111 67 49 66116182246296322315279226173128100 9912817322026025 119CF1218324999999999999999999999 6 2 491831 9699999999999999
282280250203153110 83 8211116121726629930628624419615111610011014118122125 120CF 025285124630799999999999999 633 7819 710099999999999999
25226625722919115312411112015219423727128728125421617513811310611914618025 121CF 1 7266131528899999999999999 7 6110195010699999999999999
21323824824021919216714814315518121224126226725523019716413511611112214425 122CF 2 1248134926899999999999999 748143204811199999999999999
17220122323423322220618917617217919421423324524723621619016313711811011525 123CF 322235143724899999999999999 85417222 611099999999999999
132158186212231239238229215200189186192204218230234229215193166137113 9925 124CF 52224016 02349999999999999910481862328 9799999999999999
100115142177212240258262253234211191179179189206223234235224200168131 9925 125CF 6492621736236999999999999991230178999999999999999999999
 79 77 9613117722326128428727124220817816216217720322924825223720616311625 126CF 739288184425299999999999999 035 76133015999999999999999
 76 52 53 8113018924629031130627823619215613914717521324827127224920414825 127CF 818312193427499999999999999 128 49141213999999999999999
 91 46 23 33 7614221427832133431427121816612911914118523427529729125319325 128CF 853334201829899999999999999 213 22144911899999999999999
125 61 14 -2 24 8616724731234834630925219013510210514620526230432030124725 129CF 92735221 032099999999999999 254 -21525 9899999999999999
173 98 31-12-15 31111201283342365344290223156102 8010316123028932933630025 130CF10 0365214133899999999999999 333-2016 1 8099999999999999
231149 71  6-27 -9 57148240316364367326259187121 74 6811018125331234533825 131CF1034372222234899999999999999 411-271637 6499999999999999
288209126 51 -6-22 17 97191276342371353296223150 88 54 6712520127132534825 2 1CF11 737223 434899999999999999 449-231715 5299999999999999
328267188110 43  1  5 59144230304352361324258185117 64 46 7614121528032625 2 2CF1141363234833999999999999999 526 -41753 4699999999999999
338308245172105 51 27 48110188261317346334285219152 93 53 50 8915322027725 2 3CF1214347999999999999999999999 6 4 271834 4699999999999999
314317283228168115 78 70100157220276313323298247188130 82 55 6210115721425 2 4CF 035320124732499999999999999 643 681919 5399999999999999
263291291263221177140117118146190236273294290262218169123 85 66 7410615125 2 5CF 128295132329599999999999999 7271142013 6699999999999999
198239264267252227199175160161179206234256265259237204167129 98 79 8010125 2 6CF 23926914 726599999999999999 8261582127 7799999999999999
135175212240254255246230212196188191202216230238238228207178144112 87 7725 2 7CF 433256152924099999999999999101618823 2 7799999999999999
 86112149190227256271272260240216196183183192207223234236223197160120 8525 2 8CF 6332731738237999999999999991234182999999999999999999999
 64 64 8712917923027129529828225221718316115717119622424725624521316711725 2 9CF 73830019 025699999999999999 030 61134215799999999999999
 71 42 40 7012218624829632131628824619915713313616220124027128226422016225 210CF 820323195328299999999999999 133 37142413199999999999999
102 49 19 24 6713420827632433931927622316812510812716922026729930227021225 211CF 854339203530599999999999999 221 16145810899999999999999
145 78 24  2 24 84163242309346343305249188132 95 9613319024929732230926125 212CF 925350211232299999999999999 3 1  21529 9099999999999999
192119 51  5  0 44119204281337355330276211148 96 76 9915522027932133130025 213CF 954355214633399999999999999 336 -41559 7699999999999999
237163 90 29  0 19 83166248316353346300235169109 71 7311718425030433432525 214CF1021356221833699999999999999 4 8 -11627 6699999999999999
277206132 66 20 15 58134216289338351319259191127 78 60 8614521427531933225 215CF1046352225033299999999999999 437 111655 6099999999999999
304245174107 53 29 50110187260316343329279213148 93 60 6611017523929132125 216CF1110344232132399999999999999 5 4 291722 5899999999999999
315273212148 93 58 58 98164233291326328293234170113 72 60 8513820025529625 217CF1133332235430999999999999999 530 521750 6099999999999999
309288242186134 95 80100149209264303316297250192137 92 68 7411016221626025 218CF1155316999999999999999999999 557 801819 6699999999999999
287286259217173136113115145191238275295289258210161117 87 78 9513217722025 219CF 029290121829699999999999999 6261101851 7899999999999999
253268261236205175152142153182217248269272256223183145114 95 9511414518025 220CF 110269124227399999999999999 6591421931 9399999999999999
21223624624122620819117817518420322324024824422720117214612411011012214325 221CF 2 8247131224999999999999999 746174203310899999999999999
16919521622923423222621620619919920521322022422221319817915913812211411625 222CF 4 8234141222499999999999999 929199221811399999999999999
12814817320122524325225224222620919719019119720721521821319917715012310325 223CF 6292531652218999999999999991225190999999999999999999999
 9510112315719823626628227926123220217716416618120522624024022319115011025 224CF 723283183024299999999999999 0 5 95132316399999999999999
 78 63 7110415521126329931229826422117814513314718021925427427124319413825 225CF 759312192427699999999999999 111 63135813399999999999999
 84 44 29 4910017024029933433430225119314110810714019424829031029725118425 226CF 83133820 831199999999999999 158 29143110399999999999999
115 53 10  4 44116200279337360340288221154 98 73 9214921928332834131124525 227CF 9 2360204934299999999999999 238  115 5 7399999999999999
165 88 21-15 -2 61150241319367370327256180108 56 49 9317025031835935830925 228CF 933375212936599999999999999 316-171539 4599999999999999
229143 63  0-21 16 98194283352382360295214134 64 25 4010719627934437635825 3 1CF10 5382221037799999999999999 353-211614 2399999999999999
294208122 47 -3 -3 56146239318370375329252168 90 29 10 4912922030035837525 3 2CF1036380225137699999999999999 430-101650  999999999999999
342270188110 46 15 38108196277339367348286206126 56 11 14 6915223730935525 3 3CF11 7368233336299999999999999 5 6 151727  699999999999999
357315247175111 64 54 92161236298339344306240165 96 40 14 34 9317024430325 3 4CF1137347999999999999999999999 543 5218 5 1499999999999999
335327285229174126 98104145203258300319306262201140 84 44 34 6011417823825 3 5CF 01833712 731999999999999999 620 961847 3399999999999999
283304294262223186155142154186225260282285264226179133 92 65 62 8412517325 3 6CF 1 9304123828699999999999999 7 31421938 6099999999999999
219253270267252231209191183190206226243251248232207177145115 94 88 9912325 3 7CF 220271131625299999999999999 8 21832052 8899999999999999
156191222243254256249237223211205204207213218220218209193170144119103 9825 3 8CF 44025614592209999999999999910402042249 9899999999999999
10813216419923225827327426324322019818217718319521122422922019816713210225 3 9CF 6352751755229999999999999991258177999999999999999999999
 85 8610814719324027729729627724520717315014716218922124725924921917612925 310CF 72630019 425999999999999999 026 83133914699999999999999
 87 62 65 9614720626330432030727222717813611712716020324728028926822416925 311CF 8 1320194828999999999999999 126 5914 911799999999999999
111 63 40 54102167236295331331299250193137 99 9512517523128131130827021225 312CF 830335202431599999999999999 2 8 401437 9299999999999999
147 85 39 30 64128203274327346324274212149 96 71 9014120526731533331025625 313CF 857346205733399999999999999 243 2815 5 7199999999999999
188119 58 25 38 94170247312349342298234166103 61 6110417124230334033829625 314CF 922352212834599999999999999 314 241531 5599999999999999
229157 89 40 29 68140219290340352319257186118 64 43 7013320827833135032625 315CF 946353215835099999999999999 342 271557 4399999999999999
268197127 68 38 55115192266323350334279208137 76 39 45 9617024430734534225 316CF10 8350222734999999999999999 4 9 381623 3699999999999999
300235166104 61 57 98167240301338338297231159 95 47 34 6613120627432434225 317CF1030344225734299999999999999 436 531648 3399999999999999
320267204143 94 73 93148216276319332307251183118 66 38 49 9816723629232625 318CF1052333232833099999999999999 5 2 731714 3799999999999999
325289236180131100101138194251295317307265205143 91 54 48 7713319625429625 319CF1114318999999999999999999999 529 961742 4699999999999999
313297259213169135122139180228269294296271223169119 81 62 7110816121325825 320CF 0 1313113629999999999999999 5581221812 6199999999999999
285289270237203173153153175209243267276265234191149113 88 82 9813317521525 321CF 039291115927699999999999999 6311501848 8199999999999999
24726426425022920819018018319922123925025023520917814812310710411714217125 322CF 130267122825299999999999999 716179194010399999999999999
20122624224824523822621420520220621322122522521720318416414412711912113325 323CF 3 8248132622699999999999999 851202211711999999999999999
15317720422824725825925223621820319319019420221221821720819116614112010925 324CF 5412601625219999999999999991158190232610799999999999999
10912515419123026328428827424721518516415716819121823924924321918214110625 325CF 64328818 9249999999999999991253157999999999999999999999
 82 78 9814119524929331631228323919215012412515319624127529027723918512925 326CF 72131819 429099999999999999 042 76132812199999999999999
 80 49 49 85147217282329344322273213152103 8310215321827731833030324617625 327CF 755344194933099999999999999 131 4514 2 8399999999999999
108 51 21 35 92171252320360358313245171103 55 50 9416924931635835931424025 328CF 827365203136499999999999999 213 201436 4699999999999999
160 86 28  9 43120209292354378351284203122 52 15 3410319528235238737130925 329CF 859378211238899999999999999 252  81512 1499999999999999
227143 68 18 18 74162251327375375324242155 73 10 -7 3612422331137639736525 330CF 930382215439899999999999999 330 101548 -999999999999999
294210130 62 27 49119207288350376351283196110 34-14 -8 5515024733038338925 331CF10 2376223639399999999999999 4 8 271625-1999999999999999
345273196125 70 56 95168246311353356312237154 76 13-16 11 8317526233437225 4 1CF1034361232037599999999999999 446 5517 2-1699999999999999
364317253189131 94 99144209270317338322269198125 60 13  4 4111219226632225 4 2CF11 6338999999999999999999999 524 901742  299999999999999
346332290240190148129144185234276304307281231172114 64 34 37 7513419825725 4 3CF 0 6346113830999999999999999 6 51291825 3199999999999999
298312300271236201174166180208239264276270245207164121 86 67 7310114519325 4 4CF 1 0312121327799999999999999 6521661917 6699999999999999
23626828127826324222020219520021222623824323822420117414411810210111614325 4 5CF 21628113 324399999999999999 8 61952033 9999999999999999
17721224026026926825724122320919919720020721422022121319717414912811611625 4 6CF 4202701537221999999999999991055197222811499999999999999
13115719122525527528227425523020318116916918120022023523822620217113911525 4 7CF 5562821743239999999999999991227167999999999999999999999
10511414218222626629329928525621918014913614416920323726226825221917713525 4 8CF 648299184626999999999999999 0 210513 713699999999999999
101 8810314019124428931331028324119214511310913417622426729429326522016925 4 9CF 723315192829799999999999999 059 88133710799999999999999
118 83 76104155216273315328308264209152104 82 9714119925630232130626320725 410CF 75232820 332199999999999999 141 7514 6 8299999999999999
148 96 68 78123186251306335328288229166107 67 6610416623329433333630324825 411CF 819337203534099999999999999 215 661433 6199999999999999
184123 77 65 97157226288332341310252185119 65 44 6812720127232835233528625 412CF 84334221 635299999999999999 246 641459 4499999999999999
223157100 69 81131200267319344327275207137 74 36 40 8916324030835135532025 413CF 9 7344213635999999999999999 314 671525 3299999999999999
260194131 86 77112175243301337337297231159 92 41 25 5612320227733435934325 414CF 93034222 635999999999999999 342 751551 2599999999999999
293231168114 87102153218278322336312255185116 58 26 35 8716223930534735125 415CF 953336223635499999999999999 410 861618 2499999999999999
318264204148109104138195254300325317274211144 84 41 30 6212519926732034325 416CF101732723 834499999999999999 4381011646 2999999999999999
330289237184140119132175229276307312286234172114 67 41 51 9616022628332025 417CF1042314234332899999999999999 5 81181715 4099999999999999
327304263217175145140164206249282297287251199146 99 66 57 8012718624128425 418CF11 8297999999999999999999999 5411381748 5799999999999999
307304280246210179161166191224254274276258222178136101 80 8110614919724025 419CF 023309113827799999999999999 6191601828 7799999999999999
27328828426624121519318218620422624425525223620717414211510010312315519225 420CF 117289122125699999999999999 7121811922 9999999999999999
22725527127426524922921019719420021222423323522821118816113712011512514725 421CF 242274134523699999999999999 846194204811599999999999999
17621024126527727826624522019818417918520021823223823221518715713111511325 422CF 43227916 2238999999999999991055179223811299999999999999
12715719623727229429828425421718215614515518121524626526724821317113210425 423CF 54329917352689999999999999912 21452359 9399999999999999
 9310614319424829331931929224719614811510612917522827430330527823017512425 424CF 6303231835308999999999999991246105999999999999999999999
 85 71 92143208271320343330286224159103 68 7111518225231034334030023817125 425CF 7 9344192534799999999999999 056 711326 6499999999999999
111 68 59 93159234301347358326262187114 54 27 4911620128334737736230823625 426CF 746359201137899999999999999 143 5714 4 2799999999999999
163 98 57 61112188266329365358305227143 67 11 -1 4413022631337639736930425 427CF 821368205539899999999999999 226 531443 -399999999999999
228154 91 60 80143223295349369341272186102 27-18 -9 5615125133639240136125 428CF 856369214040499999999999999 3 8 591522-2299999999999999
293219147 92 77112180254316356357311234149 69  3-26  2 7817527034839238825 429CF 931362222539699999999999999 349 7616 2-2699999999999999
342278210146105105148213276325348331277201122 50 -3-14 2710519628134737725 430CF10 7348231137899999999999999 430 991643-1699999999999999
364320263204152126137181235285319326300245177108 48 11 13 5913121028333425 5 1CF1045328999999999999999999999 5121251726  699999999999999
353337299251203165151166203244280300298270221165109 62 38 48 9015221727425 5 2CF 0 0353112530399999999999999 5591511813 3799999999999999
313325312282245209181173185211240263275270247210166122 88 72 8211616421525 5 3CF 056325121427699999999999999 65317319 7 7299999999999999
26029030229527424621819618719120522323924924923621117914611810510913216725 5 4CF 2 5302132825199999999999999 811186201610499999999999999
20724427228728727325122620318718218720021623124023822420017214612912513725 5 5CF 328289152124099999999999999 959182214512499999999999999
16319823326428428927825622819917516216317720022424425224422319516514112925 5 6CF 44728917 1252999999999999991124160231112999999999999999
13515819323226729129628325521918115013413916219623226127426724220817214125 5 7CF 54729618 9274999999999999991216133999999999999999999999
12413015819824328130330328024219615211810712316120725328729828525221116725 5 8CF 630306185829899999999999999 016124125410799999999999999
132117130166214262299315303266217163115 86 8812217423128231531829425120125 5 9CF 7 4315193732199999999999999 1 31171326 8399999999999999
154119113139186239286317319290240181123 78 62 8413520026431533832829123925 510CF 734322201233999999999999999 1411121356 6299999999999999
184136111119159214268309327310265204140 84 49 53 9516223429934235132527725 511CF 8 2327204535299999999999999 2151091425 4699999999999999
219163121111137188245295325324288230163100 51 34 6012119627032935935031125 512CF 828329211636099999999999999 2471101454 3499999999999999
255196144115123164220275315329308257191124 66 31 36 8315423230234936233725 513CF 855329214936299999999999999 3171131523 2899999999999999
289231174131119145195251297324319281221154 92 44 28 5411419026532535735225 514CF 923326222235999999999999999 3481191554 2799999999999999
316264208158129135172225274309320299249187124 69 36 39 8114822228933635225 515CF 952320225735299999999999999 4211271626 3299999999999999
334292241191151137156199247287309306273219159103 59 41 6011117924630233625 516CF1023311233534199999999999999 45513717 1 4199999999999999
338313272225182154152178219260289300286247195141 93 62 57 8513920126030525 517CF1058300999999999999999999999 5331491739 5599999999999999
327322295257217182163167194229261281284266229182135 96 74 7710815821326325 518CF 019328114028699999999999999 6181611823 7299999999999999
299315309284251216187172177198226251268270254222182141108 91 9612416721525 519CF 112316123727199999999999999 7151711917 9099999999999999
25829130630228225221919117417418921223625526225322919415812710911013116725 520CF 216307135826299999999999999 830172202710799999999999999
21025228530330328525522018716515816719122024826526524821718014612311612925 521CF 328306153226799999999999999 954157215111699999999999999
16020324828630831029125621417214112813816921025128028927724520316213011525 522CF 43531216562899999999999999911 5128231211599999999999999
123154201252294319320295249196145107 9210815220926330432030827122217313225 523CF 53232318 53209999999999999912 0 92999999999999999999999
111117153208263309333327290232168110 67 56 8414421728433335233529023317725 524CF 62033519 235299999999999999 0181091248 5599999999999999
130106117161221280325344327276207135 71 29 27 7214723230736037735330023825 525CF 7 4344195437799999999999999 1131051333 2299999999999999
177127105124176240298338348318255178101 37  1 12 7215925032938139135930125 526CF 745349204339399999999999999 2 31051417 -299999999999999
236173125111139197260314346344301230150 73 12-14 11 8317626934639139235325 527CF 827350213139799999999999999 25011015 2-1499999999999999
294229168127123159218277324346332280206127 54  0-14 2410219528435539038225 528CF 9 9347221839299999999999999 3351191546-1599999999999999
340282220165132139180235288326338315259187113 46  2  1 4712521329535537925 529CF 95233823 637999999999999999 4211301632 -499999999999999
364322267211163142156197247291320323295240173106 49 18 27 7615023030034725 530CF1037326235436299999999999999 5 71421718 1699999999999999
362343302252203165152170208250286307305276226166109 63 42 5810717424229925 531CF1126310999999999999999999999 55515218 4 4299999999999999
335342322284239198169162179211246275291287260217167119 84 73 9213619324925 6 1CF 043343122029299999999999999 6461611853 7399999999999999
29532132330326923019517116618020623526027427125021517413711010412215920625 6 2CF 134326132227599999999999999 745166194610499999999999999
25128830830828925822419317116417419522024526126324822118915813713214517525 6 3CF 228311143626499999999999999 853164204713199999999999999
21325128229829728025121818716415416017920723425526325523420718015915115925 6 4CF 32530015592639999999999999910 715422 015199999999999999
18321625027829329227424521017514913614316619823326027327025222519617216025 6 5CF 4252951718274999999999999991110136231516099999999999999
16518621825227929429026923519415612711512715819924127429228826823720417625 6 6CF 51929518212939999999999999912 0115999999999999999999999
161165189224259286298289260218172130101 9611716021126029731330527824120225 6 7CF 6 629819 931399999999999999 0161601242 9499999999999999
170156166196234270296302284245195144100 77 8311817223228632233231527923425 6 8CF 645302195033299999999999999 1 51561319 7599999999999999
191160152171208250286306302272224167113 73 60 8113019526031434334231427025 6 9CF 721308202734699999999999999 1471511354 5999999999999999
220175149152182225269302313296254197137 84 51 52 9015222329033835634230425 610CF 75531321 235699999999999999 2241471428 4799999999999999
253200159144160199247289314313283230168107 59 39 5710918025431735536033325 611CF 828318213736299999999999999 25914415 3 3999999999999999
286232181147145174221269305321306264205140 82 43 37 7113521028233736335425 612CF 9 3321221336499999999999999 3341421539 3599999999999999
317265210165142154192242287316320293242179116 64 36 46 9316424030635036225 613CF 938322225136299999999999999 4101421616 3599999999999999
341297244192154144166211260299319312276220156 98 54 39 6312019326432235525 614CF1017320233035999999999999999 4481431654 3999999999999999
355325277225178149150180226271304316301259201140 87 53 51 8514821828333125 615CF1059316999999999999999999999 5291451735 4799999999999999
353343307259210169148156190235275302309289245188133 87 63 7011117223829425 616CF 011354114731099999999999999 6141471818 6199999999999999
334346330291244198162146159193234271296301280237185136 98 81 9413519225025 617CF 055346124230299999999999999 7 414619 5 8199999999999999
29933133731627723218815514215418622626328929527724019415011710411715420525 618CF 142338134629699999999999999 8 014220 110499999999999999
25629932532730526622117714413114117121225328429528325221217214112813716725 619CF 234329145929599999999999999 9 413121 712899999999999999
21125729631931929725821116512911212015119724428330229827423719816614815025 620CF 3303221620303999999999999991011112222514699999999999999
173212256293315315292250199149108 88 9513018324028731632030026422318616025 621CF 4313181739322999999999999991115 87234315499999999999999
155174212255292315315289243186130 84 61 7011217424129833534432428624019725 622CF 5313181847345999999999999991214 60999999999999999999999
165155173212257296319318287234171109 60 36 5010117224831335636534329924925 623CF 628322194636699999999999999 05115513 9 3599999999999999
199163152173215263304326321285225156 89 38 16 38 9817826033037337935130225 624CF 721328203938199999999999999 15015214 1 1699999999999999
247193156149176223273314334323279213140 72 21  6 3610519127734638538334825 625CF 811335212838999999999999999 2421471451  599999999999999
295236182148148182234285324340322271201126 59 12  5 4612221129535938937825 626CF 9 0340221339099999999999999 3301431539  299999999999999
336279220169142151192246296331341315259187114 51 12 17 6814823431236638425 627CF 948341225638499999999999999 4151401624  899999999999999
363316258201156139159205258303333335303243173105 50 23 4110017925932636725 628CF1034338233737599999999999999 45813917 7 2399999999999999
372341291235183147141169216266306329323285227162102 58 46 7613721128033525 629CF1120330999999999999999999999 5401391748 4599999999999999
361352315265213168142147179224268302318306266212156107 77 7911617523929625 630CF 01536212 531899999999999999 6211401827 7399999999999999
33634732828824019415814215418622726529430328725020315812110511715520726025 7 1CF 052347125330399999999999999 7 414219 610599999999999999
30332832830326322018015214415818822425728128727224120416914413715318722925 7 2CF 128331134628899999999999999 751144194813799999999999999
27030131530628024420617214914415718421624826927526524321518917116818120725 7 3CF 2 7315145127699999999999999 846144204216799999999999999
24027129329928826423119616514514015117520723926227326925423321119518919725 7 4CF 251299161427399999999999999 950139215618999999999999999
21624126628228627625422318915813612913916520023526428128327225222920919825 7 5CF 3472861740284999999999999991055129232119899999999999999
20021523725927528027224921718114612211412715719824027529730229126723821225 7 6CF 4532801846303999999999999991153114999999999999999999999
196195210233257276282273247210168129103 9811615520425429531932130327223625 7 7CF 555282193632399999999999999 0321941244 9799999999999999
204186187206234264285290276243198150108 83 8311116022027631933933430726625 7 8CF 647290201734099999999999999 1261841329 8099999999999999
223188173181208244278299299277234181127 84 64 7411517624330334335533829925 7 9CF 732302205335599999999999999 2 91731411 6399999999999999
250203170162181219262297314306272219158101 61 49 7312820027233036236233125 710CF 813315212936699999999999999 2481611451 4899999999999999
283228181153156189237283317327308261198133 76 41 42 8315223030235437535925 711CF 85332722 437599999999999999 3241511529 3799999999999999
316260204159141158204258305333334302244175108 55 30 4710418326333037237825 712CF 933337223938199999999999999 4 114116 8 3099999999999999
347294234178140135167222278322344334289223151 88 42 31 6513521729435338225 713CF1014344231438399999999999999 4381321646 2999999999999999
371327268207155126135180240294333347326272202134 76 41 46 9517125131936725 714CF1056347234938099999999999999 5171251724 3799999999999999
380354301240181135118140192251303337343313255187125 76 55 7513220727933625 715CF1141345999999999999999999999 55711818 3 5599999999999999
369366329272213158121115146200256304333332298243182129 91 8311216923629725 716CF 026373122933799999999999999 6391131844 8299999999999999
34236034430124619014211311514920025329732332028824019014711911914920025525 717CF 1 3360132432599999999999999 726109193111599999999999999
30333534231927622517413110811414519224228531030928524920917515415618021925 718CF 143343142831399999999999999 819107202715299999999999999
26229832032029825921216512710510813417722627029830629326823720818818419725 719CF 230323155130699999999999999 924103214518399999999999999
224257286303303285252209164124 99 9611715820825529231131129426723821219925 720CF 3323051728313999999999999991038 94232219799999999999999
201219245271290296284255213165120 89 79 9613719224829632633432029225622325 721CF 4512961850334999999999999991152 79999999999999999999999
199193206232263288300293264218164113 74 59 7612118425130834635634030426125 722CF 611301195135799999999999999 0481921259 5999999999999999
218187177192225263296314308275221159100 56 39 6011518926432836737334830325 723CF 717315204037599999999999999 1531771357 3999999999999999
251202168161185228274312331321280217148 84 37 25 5712420628635038437934225 724CF 812332212238799999999999999 2421601448 2499999999999999
288230178147151187240292331347328275205132 67 24 23 6914723431337139237225 725CF 85934722 039299999999999999 3241441532 1799999999999999
322263203153131150200258311347355323261187114 53 21 37 9818226733938438725 726CF 942356223439199999999999999 4 21311612 2099999999999999
351293231173131125160218277327356351307239166 99 48 34 6914022330035938525 727CF102335923 738699999999999999 4381231648 3399999999999999
369320259198146118130177237293336354335283216149 91 56 6311318726332736825 728CF11 1354233737699999999999999 5131171721 5399999999999999
373339284223168127117144196253303336341311257195138 95 8110616323129434225 729CF1139343999999999999999999999 5461161753 8099999999999999
36334730324719214611912516121226330532732028523518414011411815320826531325 730CF 0 5363121732899999999999999 620118182411199999999999999
34234331426721616913412213917622226529831029726422418515514415919524128425 731CF 032346125831099999999999999 655122185614499999999999999
31532731428123719315613313115118522426028529127825422519818017919522525825 8 1CF 059327134929199999999999999 734129193517799999999999999
28630430428525421818315413814015718521824826927627125623822020920821923825 8 2CF 13030615 027699999999999999 824137203220799999999999999
25927628528026423921118215814414315517820623525827227627125924423122522725 8 3CF 211285165527699999999999999 934142221722599999999999999
23524826026726625623821418716214313714416419322625628029229228126224222625 8 4CF 3222671831294999999999999991059137999999999999999999999
22022223224625926426124622219115913312112614818322626729931531429726823825 8 5CF 5 8265192731799999999999999 014219121412199999999999999
214202205220243264277276259228187146114 9910613618423928932533933030026025 8 6CF 62727820 634099999999999999 1192021312 9899999999999999
221192181192219253283298295269225173123 87 74 9113619926431935335833429025 8 7CF 720300203936099999999999999 2 11811358 7499999999999999
240195166163189231275309323310270212150 95 59 54 8715022629735237636532425 8 8CF 8 4323211137799999999999999 2361611438 5199999999999999
268211164141154198253304337344317261191122 66 35 4610017926233338038935825 8 9CF 844346214339199999999999999 3 91411516 3399999999999999
301237177133123156217280332362357312242165 95 42 24 5612921830136639938725 810CF 923364221440099999999999999 3431221552 2499999999999999
336269201141106116169240306356377357297218141 74 30 32 8617126033638940225 811CF10 3377224640399999999999999 4181041628 2599999999999999
368303231163109 90120187262327371380345276197124 65 38 6112921629836239725 812CF1044382231839999999999999999 454 9017 5 3899999999999999
387335265193129 87 86133206279338373370325255183119 74 6610517825732537225 813CF1126378234938699999999999999 531 801741 6399999999999999
386357296226160105 78 9314821928633836435030324118013010110815422028533625 814CF1211364999999999999999999999 610 771820 9899999999999999
365359319259196138 95 8110616022328232634332728723819215614015519724929625 815CF 02236713 134399999999999999 652 8119 214099999999999999
330342325284231178131 99 9311816421726730431830828124821619118319622526025 816CF 05634214 331899999999999999 741 92195418399999999999999
29031031229426021917613811110512215720024427829729928826924722821822023325 817CF 137314153630099999999999999 845105211921799999999999999
25227128328627525422318815312511211714017621825728730330629727825623722525 818CF 2412861742307999999999999991013111233722399999999999999
22323224626127227426424120716813210810111715119824729032033132329926823625 819CF 44227419 3331999999999999991148101999999999999999999999
211200207226251275289286263224176129 93 79 9313419225330834535533930426125 820CF 623290195235599999999999999 1 720013 1 7999999999999999
217184173187219258293314312281230172115 72 57 7913320327533536937033929225 821CF 725316203037499999999999999 1571731355 5699999999999999
238187153151180227278320341330287224156 94 50 43 8115023030636338636932325 822CF 81234221 338699999999999999 2341481439 4199999999999999
264204152127142189249305347361335277205134 71 36 4710418526834038538835125 823CF 852361213439299999999999999 3 81261517 3499999999999999
291227165120112149211276333368367324255180110 55 38 7314522930836839337225 824CF 92837322 339399999999999999 3401101550 3899999999999999
318251185128 99115169239304354376356299227155 92 53 6111619527534238338325 825CF10 3376222938999999999999999 410 981621 5099999999999999
340275207146101 94132197266326365369332268199135 86 7110216924531436338025 826CF1036372225438099999999999999 440 911650 7099999999999999
354298230167115 90106158225289338362348301239178126 9710515322028633836625 827CF11 9363231736799999999999999 5 8 891718 9599999999999999
358314252190135 99 9512818624830333934632027121716813212415020226131134425 828CF1143348234035199999999999999 537 92174512399999999999999
349322271213159118 9911315520926230532732229124920717215416119524128531825 829CF1218329999999999999999999999 6 6 99181415399999999999999
33131828223318514411711313617722226529630729627024021119018419922926229025 830CF 0 233113 030799999999999999 638111184718499999999999999
30630528424820917314412913315518822425627828527826324522821621522724526425 831CF 027308135728599999999999999 717128193321499999999999999
27828427625623020217615614514916418621223825826927226926225124123723824425 9 1CF 056284155827299999999999999 815145211323699999999999999
25125725925524422921119017115715315817219321924526628228928627425824223225 9 2CF 153259181328999999999999999 957153999999999999999999999
22722823524425025024422920718115714213814817220724528030531530828725923125 9 3CF 43625119 731599999999999999 017227114813899999999999999
21020120622324426327326925021717814311811012416020926230733534032128524325 9 4CF 616273194234199999999999999 110201125310999999999999999
204178174192226262292305296263214162116 85 8110916322929334236535531726525 9 5CF 7 8305201236599999999999999 1421721339 7999999999999999
212167144154193245294328337315264199136 83 54 6311218626433237638435329625 9 6CF 749338204138699999999999999 2131431418 5299999999999999
231170126116148209275330364362320252176106 53 34 6413622330537040138633225 9 7CF 828368211140199999999999999 2451141454 3499999999999999
260188125 89100157235309365391372312231151 80 34 34 8917626734639840736725 9 8CF 9 7391214141099999999999999 317 871530 2799999999999999
295216141 83 64100178264339391404367293209130 65 34 5813122330937640939225 9 9CF 946406221141099999999999999 351 6316 6 3499999999999999
331250169 98 52 56115203290361403400349271191119 67 5710118226834138939925 910CF1027408224240199999999999999 426 471642 5499999999999999
359286205129 68 40 66137225306369398381323251182123 88 9815322930035538325 911CF11 8399231238499999999999999 5 3 401719 8699999999999999
369316242168102 55 47 8716024031136137735229924018514212514820126331535025 912CF1153378234335999999999999999 541 44175712599999999999999
357329273208146 94 62 6811117624330133934732328324020117316919323527731025 913CF1243348999999999999999999999 622 60183916799999999999999
327321290242191143104 85 9413018123327930831530327925322821120922424827125 914CF 016328134831699999999999999 711 84193520799999999999999
28929528626223019415812811211613817221224927829329528827525824223423324025 915CF 056295154429699999999999999 819111213123399999999999999
24925826326225423721318415613412613215318522225728530330830028226023822225 916CF 22226417523089999999999999910 5125999999999999999999999
21521822924425726426024221217714412111512916220625329532333131929325722225 917CF 510264185433199999999999999 011215114911599999999999999
194182189212242271290290269230184139104 9310915220826731834834932528423625 918CF 631293193335299999999999999 1 61821256 9299999999999999
190158152173213258298322317285234176121 82 7510416122929634736835431325825 919CF 72132420 536899999999999999 1421501342 7399999999999999
200150124134175231287332350332284221156 97 63 7111818926433037237433928325 920CF 8 1350203437899999999999999 2131231420 6199999999999999
219157111102135195261321361365329268198130 76 58 8715223130536138436230725 921CF 83636921 038499999999999999 2431001454 5799999999999999
240173114 84 99154226296352379363311241170106 66 7212319927634138037633125 922CF 9 9380212538499999999999999 311 831524 6299999999999999
263192127 80 74114185262328374381345282211144 92 7510517224831736537934925 923CF 940384214938099999999999999 339 711552 7499999999999999
286214146 90 64 84144221294352380366316250184127 9410215222329134437135825 924CF1011381221237199999999999999 4 5 641620 9199999999999999
307237168108 69 6711018025531936237134028422216512311314220126632035435625 925CF1042372223435999999999999999 432 62164611199999999999999
320260192131 85 67 8914421428033235834830825520315913514518724329433134325 926CF1114359225634499999999999999 459 67171413499999999999999
324277216158110 80 8312017824029433033931928023619516616018322526930432325 927CF1148340231832499999999999999 526 77174315999999999999999
317286237185139106 9311015120225229331531429226122920218619121624827829725 928CF1226318234230299999999999999 557 93181718599999999999999
30128425020917013811711613717321325027929329027525623621921221823525426925 929CF1317294999999999999999999999 63311419 321299999999999999
27727225522920017315013713915518020823625827227627326525324123323223624225 930CF 011277145927699999999999999 725136203923299999999999999
2482512492402262091901711571521571701902142392622782862852752592422282202510 1CF 1 9251172628799999999999999 859152234921799999999999999
2182222312392442422322131901661491421471661962322682963113092912632322052510 2CF 41424418243129999999999999911 7142999999999999999999999
1891872012242492672732622351991621321151191461902422903253393262932482042510 3CF 55227319 133999999999999999 036186122111499999999999999
168151161193236276303309289247195144104 85 971402032693243583593282752162510 4CF 644310193236399999999999999 1 915113 9 8499999999999999
161122116146202263314345343306246179119 74 61 911552333063613833643102402510 5CF 72734820 338399999999999999 1411141349 6099999999999999
170110 79 92149225299356382365309234159 93 52 541061872723443893923482742510 6CF 8 8382203339799999999999999 213 781428 4799999999999999
193118 62 46 86166256336391405370299217139 75 45 691402293123754023803132510 7CF 84840721 440299999999999999 247 4515 5 4599999999999999
228143 70 24 32 97192287365413411360282200126 71 591041852713433903953492510 8CF 929419213639999999999999999 323 201543 5799999999999999
268180 99 33  6 38119219311382417400340263188123 83 921492293033603863682510 9CF101141822 838799999999999999 359  61621 8099999999999999
307224141 68 16 10 59146240323383403375316249185133111135194262320358364251010CF1054403224036699999999999999 437  617 011199999999999999
330264188116 56 21 32 88169251322367375345295241191155149178228279318339251011CF1141377231433999999999999999 517 19174114799999999999999
330290231168110 64 44 64116183251307339342318282243208185185209244277300251012CF1234345235230899999999999999 6 1 44182918299999999999999
308294259214166122 88 78 95135187238281308313301280254230213212223241259251013CF1346313999999999999999999999 653 77193721099999999999999
271274265244214181148121110118143178218254281295297288271251232221217221251014CF 046274153829899999999999999 8 6110215621799999999999999
229240248251246231207179152133128138163196233267293305303287263235210194251015CF 255251171930699999999999999 951128234819099999999999999
190198216236255263257237206172142125125146182226270304321317295260220184251016CF 5 72641818322999999999999991128122999999999999999999999
161158176207243274291286260222177137112111137182236288325337323287240189251017CF 617292185733799999999999999 037157123210899999999999999
147126134168215264303320308271222169122 97104143200261314345345313263205251018CF 7 4320192934999999999999999 1121251317 9599999999999999
148107 99127179240296335342316267208150104 88112165230293340357336287225251019CF 743344195735799999999999999 143 981354 8899999999999999
160104 76 89138205273330360351309250186128 91 94136201268325358353311247251020CF 817361202336199999999999999 212 751427 8799999999999999
178114 68 60 98165241310359372344289225161110 91115173242305349360331271251021CF 849373204736199999999999999 240 581457 9199999999999999
200130 73 46 64123201278341375368324262197139103106151216281332357344294251022CF 920378211135899999999999999 3 7 461525 9999999999999999
224153 89 47 44 87160240312362376350296234173126111136192255310345347312251023CF 950377213435199999999999999 334 40155311099999999999999
250179113 61 39 61121198274335367362323267208157127132173230285326341322251024CF1021370215834199999999999999 4 1 39162212499999999999999
272206141 85 50 51 92159232298344358337293241191153141163208259301325321251025CF1054358222332799999999999999 429 45165214099999999999999
287232171116 74 57 76127192256308338337310268224185161164193235275302310251026CF1128342225031099999999999999 459 57172415999999999999999
292252200149105 78 77107158215267305322313286252218190178189216248275289251027CF12 8322232029099999999999999 532 7418 217899999999999999
286262224181141109 94103134178224264292301293273248223204197207226246262251028CF13 0301999999999999999999999 610 94185419799999999999999
268261240211178148125115124149183219252275286284273256236218209210219230251029CF 0 1268142028799999999999999 7 2115202320999999999999999
240246245233214191166145133135151175205237264282289284270248225207197196251030CF 11924716 628999999999999999 821132223419599999999999999
204218233243244234214188162142133139158190227263291305302282251217186167251031CF 33624517193069999999999999910 8133234216299999999999999
1631772042352592712652422071701391191191411812302773123273172842391911492511 1CF 51227118 6327999999999999991132117999999999999999999999
1261281582042522893083002672191691261001001311862473023383463212712091492511 2CF 613308184534799999999999999 0251231230 9699999999999999
102 82100151218281328346329282221160109 81 901372052743313623553092411672511 3CF 7 2346192036499999999999999 1 3 821317 8099999999999999
100 53 45 85159242316366378347286215148 94 72 961582353053573743472822002511 4CF 747379195537499999999999999 140 4314 0 7299999999999999
120 51 12 24 87178271349395396351280205136 86 771171892673323723713242442511 5CF 831402203037899999999999999 218 101442 7499999999999999
157 76 12-13 20101202297372410397342269195130 90 961482232953493743542912511 6CF 91541221 537499999999999999 257-131523 8699999999999999
206119 42-11-18 331242253163834083843262561881311051251822523123533603252511 7CF10 0408214236299999999999999 337-2216 510499999999999999
256173 93 25-14 -4 571482423243793913623072451851401281562112693163423362511 8CF1046393222034499999999999999 419-17164812799999999999999
293226152 82 26  1 23 851682513203623663362892371891561541832282733063202511 9CF113636923 232099999999999999 5 3  1173415199999999999999
307265207144 86 43 30 55112182251307338338314277235198175175198232263286251110CF1231342235229399999999999999 551 29182817299999999999999
293279245199149103 71 64 87133189244288313315299271238209190187200221243251111CF1336317999999999999999999999 644 63193918699999999999999
260267260237204165129103 96111145188232270294301292271244217195185188200251112CF 1 1267145430199999999999999 750 96211718599999999999999
217235248251241218189158133121127149183221258284297292275248217189170165251113CF 244252161429799999999999999 911121225116599999999999999
174193218241255255239213183154134132147178216255286301297277244206169144251114CF 4282571718302999999999999991039131235013699999999999999
137150178214248271276262233198163137130145178221263296309300271229182139251115CF 54527718 6309999999999999991150129999999999999999999999
112111135176224267295298279244201160131125147187235279310316295253201147251116CF 639300184331799999999999999 033108124212499999999999999
103 83 95135190247294320316286242193149122125157206257299322314278224164251117CF 722322191632399999999999999 1 8 82132412099999999999999
108 69 63 93149215278323340323282230177134117134178232282317325300249186251118CF 758340194532699999999999999 140 6014 011799999999999999
123 70 44 58107176249310347349318267210157122121153205260305328317275212251119CF 832353201232899999999999999 210 43143311799999999999999
145 83 41 34 69134211284338360344301245186139119135180236287321326297241251120CF 9 5360204032899999999999999 240 3115 411999999999999999
173106 52 26 40 94168247313354359329278219165129126158210264306325312267251121CF 93736121 732599999999999999 3 9 25153412399999999999999
204136 75 33 26 61127204278333357345305251195150129143185238284314317288251122CF10 9358213632099999999999999 340 2416 612999999999999999
234169106 55 29 41 91161236300341349324280227178144139165211258295311299251123CF104335022 631199999999999999 412 28163913799999999999999
260202141 86 47 38 66123193259311337332301257210169148155187230269294298251124CF1120339224030099999999999999 445 37171614799999999999999
276232177122 77 52 57 94153216273312326314281241200169157171202239269284251125CF12 1326231928599999999999999 521 50175815799999999999999
280254211161115 80 66 80120174230276306313298268232198174167180207236259251126CF1248314999999999999999999999 6 2 66184916799999999999999
269263238200158119 92 84101138186233273297302289262230200177169178199223251127CF 010269134530399999999999999 650 84195716999999999999999
243255253234203167133110103116147188230267291298287263231199173160162179251128CF 121256145229899999999999999 751103211915999999999999999
203229248254243218186153128117123147184226264291300291265229190157136135251129CF 25225416 030099999999999999 9 9116223513399999999999999
152184220251267265244211174143123122142179224267297308297264219170128102251130CF 42326917 03089999999999999910341202334 9799999999999999
100125170221265292295274235191151123116136178229277309319300256199140 902512 1CF 5372971751319999999999999991146116999999999999999999999
 61 661051662322883233273012542021531191101351842412913243272972391711032512 2CF 638330183733099999999999999 023 59124610999999999999999
 49 23 39 941712503153533543192652051501121081411982583083363302852161392512 3CF 731359192033899999999999999 1 9 22133710599999999999999
 66 12 -7 23 951842713403773703272662021441091121542162773233433242681902512 4CF 82037920 334399999999999999 154 -7142510599999999999999
108 35-16-23 221052012913593893733242601941381091231722352933333433122472512 5CF 9 8389204634499999999999999 239-27151210999999999999999
165 84 13-30-24 321222193073683883653122481851341151381902513033353342952512 6CF 956388213033999999999999999 324-34155811599999999999999
226146 67  3-29-12 531432363163673773482952341761341251542062613053283192512 7CF1044379221532999999999999999 410-30164412399999999999999
275208132 61  6-14 13 801652503183583593262752201691371361682162632993142512 8CF113136323 431599999999999999 457-14173113299999999999999
300256193126 65 21 12 451101862593153433373032572081651421461772182572862512 9CF1219345235629699999999999999 543 11182014099999999999999
296280239185128 78 46 46 81139203263306325314282241199164146152178212244251210CF13 7325999999999999999999999 630 42191514599999999999999
267276262228183138 99 78 82114162215262295306294266230193163147151171198251211CF 054276135730699999999999999 720 76201814799999999999999
226248258249224190155126110115140179220258284291279254222188159142142156251212CF 2 2258145229199999999999999 816109213214099999999999999
181209233247246230205177153138140157187221253274280270247215181150129125251213CF 324249155228099999999999999 926137224412599999999999999
138164196226247253245225199174157153164189220249269276265240206167133109251214CF 4542531653276999999999999991047152234210499999999999999
105121154193231259270264244215186164155165189221250271276262232191147108251215CF 6 82701747277999999999999991159155999999999999999999999
 85 86111153201247279291282256222186159151163192226258278278257218170120251216CF 7 3291183228199999999999999 029 82125415199999999999999
 81 62 73110163221271303310293258216175149145165200239271286278246198142251217CF 745311191128799999999999999 1 9 62133914399999999999999
 90 54 45 70120184248299325321293249200159137143173215256285292272229171251218CF 823327194629399999999999999 145 44141713699999999999999
111 60 32 38 78141213278323338321281230178141130149189236276298293259205251219CF 857338202029999999999999999 220 30145113099999999999999
141 80 35 20 43 98171245306340340310261205156128131163211259293304286239251220CF 930344205330499999999999999 255 20152512599999999999999
177111 54 19 19 59126204275326346332291236181138122140183234278304303270251221CF10 4347212730799999999999999 329 14155812299999999999999
214148 83 33 12 30 84159236300339343315266210159127125155205255292307293251222CF103834622 330799999999999999 4 4 12163312199999999999999
249187120 62 23 17 51116193264317342332294241188143122133173223268297302251223CF1113343224130499999999999999 439 14171012199999999999999
277226162 99 49 23 33 80150223285327337316271218169133122144187235274295251224CF1149338232329799999999999999 515 21175012299999999999999
291259204143 88 48 34 57112180246298327326296249199155127125152195238271251225CF1227331999999999999999999999 553 34183412299999999999999
287278242189134 88 58 56 86141204261302321310276230184145122125152192232251226CF 01028713 832199999999999999 635 53192412099999999999999
263277266233186139101 79 83115165219266299310294259215172135116119144181251227CF 1 6277135431099999999999999 722 77202211499999999999999
220252268261234196156124106110137178224265291297281247205161125104104126251228CF 213269144529899999999999999 820105212910199999999999999
163205242264266248217183152133132149183222259282288273240197151111 85 81251229CF 334268154628999999999999999 9351302240 8099999999999999
102142191236268280271245212179154143153180217252277285272238191139 93 60251230CF 5 428016542859999999999999911 31432346 5299999999999999
 54 76123181236280302299275239200166147150175212249277287274236183124 71251231CF 6233041758287999999999999991223145999999999999999999999
