  5 24 51 80105123130129121111103101106117131143147140122 95 63 33  9 -325 1 1CS 61913115551479999999999999910481012328 -599999999999999
 -3 11 34 62 90113126129124114103 97 97106119134144145135114 85 54 26  725 1 2CS 6501291638146999999999999991125 96999999999999999999999
 -1  5 22 47 75100118127126117106 96 91 94105119133141140127105 77 48 2525 1 3CS 721128172214299999999999999 0 5 -112 6 9199999999999999
 11  8 18 37 62 88109122126120109 97 88 85 90101115127133130117 96 71 4725 1 4CS 750126181113399999999999999 041  81251 8599999999999999
 30 21 24 36 56 79101117124123113100 88 79 78 83 94107117122118107 89 7025 1 5CS 81712519 612299999999999999 117 211343 7899999999999999
 52 40 37 43 57 76 96112123124118106 92 79 71 69 74 83 94104108107 99 8725 1 6CS 842125201410899999999999999 151 371446 6999999999999999
 73 62 56 57 65 78 94109121126123114100 84 71 62 58 61 69 79 88 95 97 9425 1 7CS 9 81262154 9799999999999999 224 5616 1 5899999999999999
 89 82 77 75 78 85 96109120126127122110 95 78 63 52 46 47 53 63 74 84 9125 1 8CS 937128999999999999999999999 256 751723 4699999999999999
 94 95 94 93 93 95101110118126129128121109 92 74 56 41 33 32 38 48 62 7625 1 9CS 047 95101513099999999999999 329 921840 3299999999999999
 89 99104107107107108112117123129131130122109 91 69 48 31 20 18 24 37 5525 110CS11101319999999999999999999991945 18999999999999999999999
 74 92106114117117115114116119125130133133125111 90 65 41 20  9  7 15 3125 111CS 421117122113499999999999999 6581142041  699999999999999
 53 77 98114122124121117114114118124131137137129112 88 60 32 11 -1 -1 1125 112CS 451124133113799999999999999 8311142130 -299999999999999
 31 57 84106120127126120114109110115124133140140131111 83 53 24  4 -6 -225 113CS 519127143114199999999999999 9281092214 -699999999999999
 13 37 66 93113125127122114106102104112124136143142129106 76 45 17 -1 -625 114CS 54512715211449999999999999910101022253 -699999999999999
  2 22 49 78103120126123115104 96 94 99111125138144140124 98 67 37 13  025 115CS 61012616 7144999999999999991047 942329 -299999999999999
  0 13 37 65 92113123124116104 93 86 87 96111126138141133114 88 58 31 1225 116CS 6321251649141999999999999991122 86999999999999999999999
  5 12 30 55 82105120124118106 93 82 79 83 95110125134133122102 76 50 2925 117CS 653124172913599999999999999 0 1  51158 7999999999999999
 17 17 29 50 75 99116123121110 96 82 74 73 80 93108120126122110 90 67 4725 118CS 71312318 912699999999999999 029 161236 7399999999999999
 32 28 34 50 71 94112122123115101 86 74 68 70 78 90103112115110 97 80 6325 119CS 732124185111599999999999999 056 281317 6899999999999999
 49 41 43 54 71 90109121124119107 92 78 67 64 67 75 86 96102103 98 88 7625 120CS 753124193910499999999999999 120 4114 3 6499999999999999
 64 57 55 61 73 89105118124122113 99 84 71 63 60 63 70 78 86 91 92 89 8325 121CS 8141242043 9399999999999999 142 551459 6099999999999999
 76 71 69 71 79 90103115122123117106 93 79 67 59 56 57 62 69 76 82 85 8525 122CS 8381242250 8599999999999999 2 1 691611 5699999999999999
 84 83 82 83 86 93102112119122120113102 88 75 63 55 50 49 53 59 67 74 8125 123CS 9 6122999999999999999999999 2 8 821736 4999999999999999
 87 90 93 94 96 99103109115120121117110 99 86 72 59 48 41 39 42 49 59 7125 124CS 9461219999999999999999999991854 39999999999999999999999
 83 92100104105105106108111115119120117111100 86 69 53 39 30 28 32 41 5625 125CS10521209999999999999999999991953 27999999999999999999999
 72 88101110113113110108108110114119122121114102 84 64 44 27 18 16 23 3725 126CS 419113121812299999999999999 7361082042 1599999999999999
 56 78 97111118119116110106105108114121126126118103 81 56 32 15  5  6 1825 127CS 438120132912799999999999999 8451052124  499999999999999
 37 62 86107119124121113105100100106116127133133122102 75 46 21  3 -4  125 128CS 5 2124142513499999999999999 92810022 4 -499999999999999
 18 43 71 97116125125117106 97 93 96106120133140137123 98 67 36 10 -5 -825 129CS 52612615151409999999999999910 5 932241 -899999999999999
  3 25 54 84108123127120108 95 86 84 92106124138144138119 91 58 27  4 -725 130CS 55012716 1144999999999999991041 842316 -799999999999999
 -3 13 39 69 97118126123112 96 82 75 77 89107126140144134112 82 51 23  525 131CS 6141271647144999999999999991117 742350  099999999999999
  0  9 30 58 87111124125116 99 81 68 64 70 85105125137138126103 75 46 2525 2 1CS 6361261734139999999999999991155 64999999999999999999999
 13 15 30 53 80104121126120104 85 67 56 55 64 81101119129127115 94 70 4825 2 2CS 656126182313099999999999999 021 131236 5499999999999999
 33 29 37 54 77100118127124111 92 71 54 46 47 58 75 94109117114103 87 6925 2 3CS 715127191611799999999999999 050 291321 4599999999999999
 55 48 51 62 79 99116127128118101 81 61 46 39 42 52 67 83 96102101 94 8325 2 4CS 734129201910399999999999999 114 481413 3999999999999999
 73 67 67 73 86101116126130124111 93 73 55 42 36 37 45 58 71 81 88 90 8825 2 5CS 7531302157 9099999999999999 132 661516 3699999999999999
 85 82 82 86 94104116125129128120106 89 70 54 41 34 33 37 46 57 68 76 8325 2 6CS 816130999999999999999999999 132 821640 3299999999999999
 87 91 93 97102108115122126127124116104 89 73 56 42 32 27 28 35 45 57 7025 2 7CS 8441279999999999999999999991817 27999999999999999999999
 82 92 99105109111114117120122123121115107 94 77 59 42 28 20 19 24 36 5225 2 8CS 9411239999999999999999999991939 18999999999999999999999
 69 86 99109113115114113113114116119120119112100 82 60 39 22 12 10 18 3325 2 9CS 45911512 712099999999999999 7411132040 1099999999999999
 53 75 94108116117114109105104106111118123125119105 83 58 34 15  5  6 1725 210CS 444118134312599999999999999 8581042126  499999999999999
 36 61 85104116119116108 99 94 93 99108120129131123105 80 52 27  8  1  625 211CS 455119144413199999999999999 935 9322 5  199999999999999
 23 47 73 97114120118108 96 86 82 85 95109124134134123101 73 44 19  5  325 212CS 51112015321359999999999999910 7 822238  299999999999999
 14 36 63 89110120120110 96 82 73 72 79 94112128136133117 93 63 35 15  725 213CS 5271211614137999999999999991038 7123 7  799999999999999
 12 29 54 81105119122114 99 82 68 61 65 78 96116130134127108 81 53 30 1625 214CS 54412216521359999999999999911 9 612334 1499999999999999
 15 27 49 75100117123117103 84 67 55 54 62 79 99117128128116 96 70 47 3025 215CS 6 01231730130999999999999991140 532359 2499999999999999
 24 31 48 71 96115124121108 89 69 54 47 50 63 81101116122118104 84 63 4525 216CS 61612418 7122999999999999991211 47999999999999999999999
 36 38 50 70 93112124124114 96 75 57 45 42 50 65 83100111113106 93 76 6025 217CS 632125184611399999999999999 021 351244 4299999999999999
 50 48 56 71 91109122126119103 83 63 48 40 42 52 66 82 95103103 96 84 7225 218CS 649126192810499999999999999 042 481319 4099999999999999
 63 60 64 75 90107119125122109 91 72 55 43 40 43 53 66 79 89 93 93 88 8125 219CS 7 71252021 9499999999999999 059 601359 4099999999999999
 75 72 73 80 91104116123122114 99 82 65 51 43 41 45 52 62 72 80 84 85 8425 220CS 7261232153 8599999999999999 111 711450 4199999999999999
 83 82 83 87 94103112119120116106 92 77 63 51 44 41 43 48 56 64 71 77 8225 221CS 748120999999999999999999999 058 8216 6 4199999999999999
 86 89 92 95 99104109114117115110101 90 77 64 53 44 39 38 40 46 54 64 7425 222CS 8141179999999999999999999991751 38999999999999999999999
 84 92 98102105106108109111112111108102 93 81 68 54 42 33 28 29 36 46 6025 223CS 9 51129999999999999999999991919 28999999999999999999999
 76 90101108111110108105105106108110110107 99 87 70 52 35 23 17 18 27 4325 224CS 411111113911099999999999999 7551052019 1699999999999999
 62 82 99111116114109102 98 97100106113117116108 92 70 47 26 12  6 11 2525 225CS 413116132111799999999999999 845 9721 4  699999999999999
 46 70 93110119118111101 92 87 88 95107119126125114 94 67 40 17  3  0  925 226CS 428119142512799999999999999 919 862144  099999999999999
 29 55 82105119122115101 87 77 74 79 93111126135132117 92 62 33 11  0  225 227CS 445122151713599999999999999 951 732220 -199999999999999
 17 42 71 98117124119104 86 69 60 61 73 92114132140135116 88 57 29 10  425 228CS 5 412416 6140999999999999991025 592254  499999999999999
 13 33 61 90113124123109 88 66 50 44 50 68 92117134140131110 82 53 30 1725 3 1CS 52212516541409999999999999911 0 442325 1699999999999999
 18 32 56 84108124126115 94 69 47 33 31 43 65 91116132134124103 77 53 3725 3 2CS 5401271742135999999999999991137 302353 3299999999999999
 32 39 57 81106123129122103 78 51 31 21 24 39 63 89111123124113 94 74 5825 3 3CS 5581291831125999999999999991216 20999999999999999999999
 49 52 64 83105122131128113 90 63 38 21 15 21 38 61 84102111110101 88 7525 3 4CS 616132192511299999999999999 018 491258 1599999999999999
 67 66 73 88105121132132122103 78 52 31 18 15 23 38 57 76 90 97 97 92 8625 3 5CS 6341332030 9899999999999999 037 651345 1599999999999999
 80 79 83 93106120129133127113 93 71 49 32 22 20 26 37 52 66 77 84 87 8725 3 6CS 653133999999999999999999999 045 791444 1999999999999999
 87 88 91 98107117125129127119105 88 70 53 38 29 25 28 35 45 56 66 75 8225 3 7CS 71412999999999999999999999916 5 25999999999999999999999
 87 92 97102107113118121122118111101 89 75 61 47 36 29 27 30 37 47 59 7125 3 8CS 7351229999999999999999999991754 27999999999999999999999
 83 92100105108110111111112111110107102 95 84 70 55 41 30 24 25 31 43 5825 3 9CS 7421129999999999999999999991925 24999999999999999999999
 74 89100107109108105102100 99101104107107103 93 77 59 41 27 20 21 30 4525 310CS 4 4109123410899999999999999 834 992023 1999999999999999
 64 83 98108111108102 94 88 86 88 95104112115111 98 79 57 37 22 16 20 3325 311CS 357111135911599999999999999 858 8621 6 1699999999999999
 53 75 95109114111101 90 79 73 74 81 94108119122115 99 77 52 31 18 17 2625 312CS 4 6114145212299999999999999 924 722140 1699999999999999
 44 67 90108116114104 89 74 63 59 65 79 97114125126115 95 70 45 27 19 2325 313CS 419117153512799999999999999 952 592210 1999999999999999
 38 60 85106118118108 92 72 56 48 50 62 81102120129125110 88 62 40 27 2525 314CS 4341191614129999999999999991019 482237 2499999999999999
 36 56 80103118122114 96 75 55 41 37 46 63 86108124128120102 79 55 38 3225 315CS 4491221651128999999999999991047 3723 3 3299999999999999
 37 54 76 99117124119103 80 57 38 29 32 46 68 92112124123112 92 71 53 4225 316CS 5 41241728125999999999999991115 292326 4199999999999999
 43 55 74 96115125123109 87 62 40 26 24 33 51 74 97113120115102 84 66 5425 317CS 52012618 4120999999999999991144 232348 5199999999999999
 51 58 74 94113125126116 95 71 47 29 21 24 37 58 80 99111113106 93 78 6625 318CS 5371271842113999999999999991213 20999999999999999999999
 61 64 75 92110123127120103 80 56 36 23 21 28 44 63 83 97105104 97 86 7725 319CS 554127192310599999999999999 0 9 611244 2099999999999999
 71 71 78 91106119125122110 90 67 46 31 23 25 35 50 66 82 92 97 95 90 8425 320CS 6131262014 9799999999999999 027 701318 2399999999999999
 80 79 83 92104115122122114 99 79 59 42 31 27 31 39 52 65 77 85 89 89 8825 321CS 6321232141 8999999999999999 040 7914 2 2799999999999999
 87 87 89 94102110117119115105 90 73 57 44 35 32 34 41 50 60 69 77 83 8725 322CS 653119999999999999999999999 032 8615 5 3299999999999999
 90 93 95 98102107111113112107 98 87 73 61 49 40 35 34 37 43 52 62 72 8225 323CS 7151139999999999999999999991647 34999999999999999999999
 90 97101103104105105106106105102 97 89 80 68 55 44 35 30 30 35 44 57 7225 324CS 7461069999999999999999999991832 29999999999999999999999
 86 97105108107104100 98 97 98100102102 98 89 76 61 45 31 23 22 28 41 5825 325CS 315108112610299999999999999 755 971941 2299999999999999
 77 94107112111105 96 89 84 85 90 98106110109100 84 63 43 26 17 17 27 4425 326CS 319113131711199999999999999 825 842030 1699999999999999
 66 88105115115108 95 81 71 68 73 84 99113121120108 88 64 40 23 15 19 3325 327CS 333116142312299999999999999 855 682112 1599999999999999
 55 79101116120112 96 77 61 51 51 62 81102121130128113 90 63 39 24 20 2825 328CS 349120151813199999999999999 927 502149 2099999999999999
 47 72 97115123118101 78 55 38 31 37 55 80106127136131114 89 63 42 31 3225 329CS 4 612316 91369999999999999910 2 312223 3099999999999999
 46 68 93114126125110 85 57 32 17 15 27 51 81109129136128110 87 64 49 4425 330CS 4241271659136999999999999991038 142255 4499999999999999
 51 68 91113128131120 97 67 37 13  2  5 23 50 81108126130122105 85 69 5925 331CS 4431311749130999999999999991116  12322 5999999999999999
 61 72 91112128135129110 82 50 21  1 -5  3 23 51 80104118120113 99 85 7525 4 1CS 5 31351841121999999999999991156 -52346 7299999999999999
 73 79 93111127137135122 98 68 38 13 -2 -4  7 27 53 78 97107109103 95 8725 4 2CS 5251381939109999999999999991239 -5999999999999999999999
 83 86 96109124134137129112 87 59 33 13  3  3 14 32 53 73 88 96 98 96 9225 4 3CS 5471372053 9899999999999999 0 4 831326  299999999999999
 90 91 97107118128133130119101 79 56 36 21 13 14 22 36 52 67 79 86 91 9225 4 4CS 611133999999999999999999999 011 901423 1399999999999999
 93 95 99105112119124124119109 94 77 60 44 32 25 24 29 38 49 61 72 81 8825 4 5CS 6361259999999999999999999991540 24999999999999999999999
 93 97100103106109112113112108101 92 81 68 55 44 36 32 32 38 47 59 70 8225 4 6CS 7 11139999999999999999999991719 31999999999999999999999
 91 98101103102101100100 99 99 99 98 94 88 78 66 53 42 35 33 38 47 60 7425 4 7CS 3131039999999999999999999991845 33999999999999999999999
 87 98104105102 96 91 86 85 86 90 95 99100 96 86 73 57 44 35 34 39 51 6725 4 8CS 243105124510099999999999999 8 5 841944 3499999999999999
 83 97106108104 96 85 76 70 70 75 85 95104108103 92 75 58 43 35 36 45 6025 4 9CS 250108135810899999999999999 832 692027 3599999999999999
 78 95108113109 98 84 69 59 55 59 70 85100111114108 93 74 56 42 37 42 5525 410CS 3 4113144911599999999999999 9 0 5521 2 3799999999999999
 73 93108116115104 86 67 51 42 43 53 70 90108118119109 91 71 54 43 43 5225 411CS 319117153212099999999999999 927 412133 4299999999999999
 69 89107119120110 92 70 49 34 29 36 52 74 97115123119106 87 68 53 48 5225 412CS 335121161212399999999999999 955 2922 2 4899999999999999
 67 86105120124116 99 75 50 31 20 22 35 57 82105120124116101 82 66 56 5625 413CS 3521241650124999999999999991022 202230 5599999999999999
 66 83103119127122107 83 56 33 17 13 21 40 65 90111121121111 95 78 66 6225 414CS 4101271727123999999999999991050 122256 6299999999999999
 68 82100117127127115 92 65 39 19  9 11 25 48 73 97113119115104 89 77 7025 415CS 42912918 4119999999999999991118  82320 6999999999999999
 71 81 97113126129121102 76 49 26 11  7 16 34 57 81100112114108 97 86 7825 416CS 4491291843114999999999999991147  72344 7699999999999999
 76 82 94109122129125111 88 62 37 19 10 12 24 43 64 85100107107101 93 8525 417CS 5101291926108999999999999991219  9999999999999999999999
 82 84 93105117125126116 98 75 51 31 17 13 19 32 50 69 85 96101101 96 9125 418CS 533127202110299999999999999 0 6 821255 1399999999999999
 88 88 93102112120123119106 88 66 46 30 21 20 26 38 53 69 82 91 96 97 9525 419CS 5571232148 9799999999999999 026 881339 1999999999999999
 94 93 95100107114118117110 98 81 63 47 34 27 26 31 41 53 66 78 87 93 9725 420CS 623118999999999999999999999 044 931438 2699999999999999
 98 98 99100103106110111109103 93 80 66 52 41 34 31 33 40 50 62 75 86 9525 421CS 65811199999999999999999999916 3 31999999999999999999999
100103103102100 99100101102101 99 93 84 73 61 49 39 33 33 38 48 61 76 8925 422CS 133103 82010299999999999999 514 991735 3399999999999999
100106108105 99 93 89 87 88 92 96 99 98 93 84 71 56 43 35 33 38 49 64 8225 423CS 1481081124 9999999999999999 7 4 871848 3399999999999999
 97108112109101 89 78 71 70 74 83 94103107105 95 80 63 47 37 35 42 55 7425 424CS 2 5112131010799999999999999 746 701945 3599999999999999
 92107116115105 89 72 58 50 51 61 77 94109117116105 87 68 52 42 42 51 6825 425CS 224116142111899999999999999 822 492031 4199999999999999
 88106118121112 94 72 50 34 28 34 51 73 97116126124111 93 73 58 51 54 6625 426CS 243121151912799999999999999 859 282112 5099999999999999
 84104120127121104 79 50 26 11 10 22 44 73101122131128114 96 78 66 62 6925 427CS 3 4127161413199999999999999 937  92149 6299999999999999
 84103121132131117 92 61 30  6 -6 -2 15 42 74103123131127114 97 83 75 7625 428CS 32713317 7131999999999999991017 -62223 7499999999999999
 86102120134138130108 78 44 13 -8-15 -7 14 44 76103121127122111 98 88 8425 429CS 35213818 1127999999999999991058-152253 8499999999999999
 90102118133141139124 98 65 32  4-13-16 -4 18 47 77101115119115106 97 9225 430CS 4191421857119999999999999991141-162321 9299999999999999
 93101114128139142134115 87 56 26  3-10 -9  4 25 51 77 96108111108102 9725 5 1CS 4481421958111999999999999991227-112347 9699999999999999
 96100109121132138136125105 79 52 27  8  0  3 15 34 55 76 91100103102 9925 5 2CS 51913821 9103999999999999991316  0999999999999999999999
 97 98103112121128131126115 96 75 52 33 19 13 16 26 41 59 75 88 96 99 9925 5 3CS 554131223710099999999999999 013 971411 1399999999999999
 98 98 99103109115119119115105 91 74 57 42 31 26 28 36 48 62 76 87 94 9825 5 4CS 634120235910099999999999999 051 981514 2699999999999999
100 99 98 98 99101104106106103 98 89 77 65 53 43 38 38 44 54 66 79 89 9725 5 5CS 733106999999999999999999999 238 981628 3799999999999999
101102 99 96 92 90 89 90 92 94 95 94 90 83 73 62 53 46 45 50 60 72 85 9625 5 6CS 03910210 7 9599999999999999 556 891740 4599999999999999
103106104 98 90 83 77 74 75 80 86 92 95 95 90 81 70 59 52 51 56 67 80 9325 5 7CS 1 51061229 9699999999999999 712 741841 5199999999999999
104110110104 93 80 69 61 59 63 71 82 93100102 97 87 75 64 57 57 64 76 9025 5 8CS 129111134710299999999999999 753 591931 5699999999999999
103113115110 99 83 66 53 46 46 54 67 83 98107109103 91 78 67 61 64 73 8725 5 9CS 151115144310999999999999999 827 452013 6199999999999999
102114120117106 88 68 49 36 32 37 50 69 89105114114106 93 79 70 67 72 8425 510CS 213120152911599999999999999 858 322052 6799999999999999
 99113122123114 97 74 51 32 22 22 33 52 75 97113120117107 93 80 73 73 8225 511CS 235124161112099999999999999 928 212127 7299999999999999
 96111123128122106 83 57 33 17 12 18 35 58 84105119122116105 91 81 77 8125 512CS 258128165012299999999999999 957 122159 7799999999999999
 93108122130128115 94 67 40 19  7  8 20 41 67 92111121121113101 90 83 8325 513CS 3211301729122999999999999991028  62229 8299999999999999
 90104118129132124105 79 51 26  9  3 10 26 50 76 99114120117109 98 89 8525 514CS 34613218 8120999999999999991059  32258 8599999999999999
 89100114126133130116 93 65 38 17  5  5 15 35 59 83103114117112104 95 8925 515CS 4131331849117999999999999991132  32327 8999999999999999
 90 97108121130132124105 80 53 29 13  6 10 24 44 67 88104112112108100 9425 516CS 44113319351139999999999999912 7  62357 9299999999999999
 92 95103115125130127115 95 70 46 25 13 10 17 32 51 72 90103109109104 9925 517CS 5111302028109999999999999991246 10999999999999999999999
 95 95 99108117124126120106 86 63 42 26 17 17 25 39 57 75 9110110610710325 518CS 544126213010799999999999999 032 941331 1699999999999999
 99 97 97102108115119119112 98 81 62 44 31 24 25 32 45 61 78 9210110610725 519CS 624120223510799999999999999 120 971424 2499999999999999
104100 97 97 99103108111110105 94 80 65 50 39 33 33 39 51 66 81 9410410825 520CS 722111232810999999999999999 241 971528 3299999999999999
108104 99 94 91 90 93 97101102101 94 85 72 59 49 42 42 47 57 71 86 9910825 521CS 9 3102999999999999999999999 437 901638 4199999999999999
112109103 94 85 78 75 77 83 90 96100 99 93 83 71 60 53 51 55 66 80 9410725 522CS 0 7112111710099999999999999 6 4 751747 5199999999999999
114115109 98 83 69 60 56 59 68 81 93103106103 95 83 71 63 61 66 76 9110525 523CS 03711613 410699999999999999 7 1 561849 6199999999999999
116121117106 88 68 50 38 35 42 56 74 93108115114106 94 82 74 72 78 8910325 524CS 1 6121142311699999999999999 748 351943 7299999999999999
117126126117 99 75 49 29 17 16 27 47 71 95113123122114102 91 84 83 9010225 525CS 135127152812499999999999999 833 152032 8299999999999999
117129134130114 89 60 31 10 -1  2 17 42 70 97117127127119107 97 92 9410225 526CS 2 5134162712899999999999999 917 -12116 9299999999999999
115129138140130108 78 46 16 -4-12 -6 13 41 72100119128128120110101 9810225 527CS 23814017231299999999999999910 2-122157 9899999999999999
112125138145142127101 68 35  6-12-16 -6 15 44 7510111912612511710910310225 528CS 3141451817126999999999999991048-16223410299999999999999
108119133143147140121 93 60 28  3-12-13 -1 22 50 7910211612211911310610225 529CS 35214719 8122999999999999991135-14231110299999999999999
104112123136144144134114 86 55 26  5 -6 -4 10 32 58 8310211311611310710225 530CS 4331451957116999999999999991221 -7235110099999999999999
100104112123134139137126106 80 53 29 12  5  9 23 43 66 8710211011210810225 531CS 51514020421129999999999999913 7  5999999999999999999999
 98 97102110119127131127116 98 76 53 34 21 18 24 37 56 75 9210410910810425 6 1CS 6 1131212310999999999999999 037 971353 1899999999999999
 98 94 94 97104111117119116106 92 74 57 42 33 32 39 51 67 84 9810610910725 6 2CS 65311922 110999999999999999 137 941439 3299999999999999
102 95 91 89 91 95100105107105 98 88 75 62 52 46 46 53 64 79 9310311011025 6 3CS 8 1107223911199999999999999 3 0 891528 4599999999999999
107100 92 86 82 81 83 88 92 96 97 94 88 80 70 62 58 59 65 76 8910110911325 6 4CS 946 97231611499999999999999 443 811621 5799999999999999
112106 98 87 78 72 69 70 75 82 88 93 94 92 87 79 72 69 70 76 86 9710811525 6 5CS1155 94235211799999999999999 6 8 691719 6899999999999999
117114105 93 80 67 59 55 58 65 74 85 94 99 99 95 88 81 78 79 85 9410511525 6 6CS1333 99999999999999999999999 7 6 551819 7899999999999999
120120113101 85 69 54 45 43 47 58 72 87 99106107103 96 89 85 86 9210211325 6 7CS 028121144110799999999999999 750 421916 8599999999999999
121124121111 94 74 55 40 32 32 41 56 74 92106114114109101 93 90 92 9910925 6 8CS 1 2125153211599999999999999 827 3120 8 9099999999999999
120127127120105 84 61 41 26 21 25 39 58 80100114120119112103 96 93 9710625 6 9CS 136128161612099999999999999 9 2 212054 9399999999999999
117127132129116 96 72 47 27 15 14 23 41 64 88108120124120112103 97 9610225 610CS 2 9132165612499999999999999 937 132134 9699999999999999
112124133135127110 86 59 34 16  8 11 25 47 72 96114124124118109101 97 9925 611CS 2431351735125999999999999991012  82210 9799999999999999
107119131137135123101 74 46 23  8  5 13 31 55 81103118124122115106 99 9725 612CS 3181381813125999999999999991048  42245 9799999999999999
102113126136139133116 91 63 36 15  5  6 18 39 64 89108120123119111102 9725 613CS 3531391852123999999999999991125  42320 9799999999999999
 99106118130138138127107 81 53 29 12  6 11 26 48 73 95112120120115106 9925 614CS 42913919311219999999999999912 3  62358 9699999999999999
 96100109121132137133120 98 72 46 25 13 11 19 36 58 8210111412011811110225 615CS 5 81372010120999999999999991241 10999999999999999999999
 96 95100110121129132126112 90 66 44 26 18 19 30 48 69 9010711611911410625 616CS 550132204811999999999999999 041 951322 1799999999999999
 98 93 93 98107116123124118104 85 64 46 33 28 32 43 61 80 9811211811711125 617CS 641125212311999999999999999 133 9214 4 2899999999999999
102 93 88 87 91 99107114115110 99 84 67 53 44 41 46 58 74 9110611611911625 618CS 745115215711999999999999999 238 871449 4199999999999999
107 97 86 79 77 80 87 95103106105 98 87 75 65 58 57 62 73 8810211412112125 619CS 913106223012299999999999999 355 771539 5799999999999999
114103 90 77 67 63 65 72 81 91 99102100 95 87 79 74 73 78 8810011212112525 620CS111010223 512599999999999999 513 631636 7399999999999999
122113 98 81 65 53 46 47 55 68 81 94103106105100 94 89 88 9210111112112825 621CS1311106234413099999999999999 621 461740 8899999999999999
129124111 93 72 52 36 29 30 40 56 74 9210611411511210610210010411112012925 622CS1446115999999999999999999999 720 28184910099999999999999
134134126110 87 62 38 21 13 16 28 48 71 9311112112412111511010811111812725 623CS 029135155612499999999999999 815 13195610899999999999999
135141139128108 82 53 27  8  1  5 21 44 71 9611512612912511911411211512225 624CS 117141165112999999999999999 9 7  1205511299999999999999
132141146142129106 76 45 18 -1 -6  1 19 45 7410011912913012511811311111525 625CS 2 8146173913199999999999999 957 -6214611199999999999999
124136146150144128102 70 38 12 -4 -8  2 23 51 8010512212912812111410810825 626CS 2581501819129999999999999991044 -8223010799999999999999
114125138148151143124 97 65 34 10 -3 -3 10 33 61 8911012312712311510610225 627CS 3471511855127999999999999991129 -5231310299999999999999
104112125138147148138118 90 60 32 12  3  7 23 47 73 98115123123116106 9925 628CS 4351491925124999999999999991210  32355 9699999999999999
 96100110123135142141129109 83 56 32 17 14 22 40 63 87107119122117108 9825 629CS 5211431952122999999999999991248 14999999999999999999999
 91 90 96106118129134131119100 77 54 37 27 29 40 58 8010011512112011210125 630CS 6 8134201712299999999999999 040 901323 2799999999999999
 91 85 85 91101112120123119108 92 73 56 45 41 46 59 77 9611112112211710725 7 1CS 658123204112399999999999999 131 841355 4199999999999999
 95 85 80 80 85 93102109111108 99 87 74 63 56 56 64 77 9310912012412211325 7 2CS 75511121 812499999999999999 229 791427 5599999999999999
102 90 80 74 74 78 84 92 98101100 95 87 79 72 70 72 81 9310611712412512025 7 3CS 912101213712699999999999999 339 7315 1 7099999999999999
110 98 85 75 68 66 68 74 81 88 94 96 95 92 88 84 84 87 9410411512312612525 7 4CS1113 96221112799999999999999 457 661543 8399999999999999
118107 94 80 68 60 57 58 64 73 82 90 97100100 98 96 96 9810411212012612725 7 5CS1335100225312799999999999999 6 9 571644 9599999999999999
124116104 89 73 60 50 46 48 56 67 80 9210210811010810610410510911612312725 7 6CS1459110234412999999999999999 7 9 4618 810499999999999999
129125115101 83 65 50 40 36 40 50 65 82 9711011611811611210910911211812525 7 7CS1549118999999999999999999999 758 36192910899999999999999
130131126114 97 76 56 39 29 27 34 48 67 8710511812412411911411011011412125 7 8CS 039131162612499999999999999 842 27203210999999999999999
129134134127112 91 67 45 28 19 20 31 49 72 9511312512812611911210810911525 7 9CS 13213517 012899999999999999 923 18212010899999999999999
124134139138127108 83 57 33 18 12 17 32 55 8010312113013012411610810510825 710CS 21914017321319999999999999910 2 1222 010599999999999999
117129139144140125102 74 46 23 10  8 18 38 63 9011212713212812011010310225 711CS 3 314418 3132999999999999991039  7223710299999999999999
109120134144147139120 93 64 36 16  7 10 24 47 75100120130131124113103 9825 712CS 3461471833132999999999999991116  62314 9799999999999999
100109123137146146135113 84 55 30 13  9 17 35 61 88111126131127117105 9525 713CS 42914819 1131999999999999991152  92353 9299999999999999
 92 97109124138145142127104 76 49 28 16 17 30 51 77101120130130121108 9525 714CS 5131451927131999999999999991226 15999999999999999999999
 87 87 94107122135140134119 96 71 48 32 26 32 47 69 93114127131125113 9825 715CS 6 0140195213199999999999999 035 8613 0 2699999999999999
 86 79 80 89102117127131125110 90 70 52 43 42 51 68 8910912413112911910425 716CS 652131201513299999999999999 121 791332 4199999999999999
 89 77 71 73 81 94107117120115104 89 74 63 59 62 73 8910612213113312611225 717CS 753120203913399999999999999 214 7114 4 5999999999999999
 96 80 68 62 64 71 83 95105109108101 92 83 78 77 83 9310712113113513212225 718CS 91310921 513599999999999999 317 621435 7799999999999999
107 89 73 60 53 53 59 70 82 93100103102100 96 95 9610111012013013613613125 719CS1119103213713799999999999999 431 5215 5 9499999999999999
120104 86 68 53 44 41 46 56 69 82 9410210811011011011111512112813413813725 720CS2223138999999999999999999999 550 41999999999999999999999
132120104 84 64 46 34 30 33 43 58 75 9210511512012112112112212613113613925 721CS2334140999999999999999999999 7 4 30999999999999999999999
139134123106 84 60 40 25 19 22 34 52 73 9411112312812912612412312512913525 722CS1635129999999999999999999999 8 9 19194812399999999999999
141143139128108 83 57 33 16 10 14 29 51 76 9911812913313112512011812112725 723CS 05614317 213399999999999999 9 5 1021 111899999999999999
135144148144131109 81 52 27 10  5 13 31 56 8310812513313312711911311111525 724CS 2 6148172813499999999999999 954  5214911199999999999999
124136147152147132107 77 46 22  7  6 17 39 67 9411713013412911910910310325 725CS 3 41521752134999999999999991037  5223010299999999999999
110123138150154147128101 70 41 19  9 13 29 53 82107125133130121108 98 9325 726CS 3541541814133999999999999991114  923 7 9399999999999999
 96107122138149151141121 93 63 38 21 17 26 46 72 98119131132124110 96 8725 727CS 4401521835133999999999999991148 172345 8499999999999999
 84 91105121137145144132110 84 58 38 28 31 45 67 92115129133128115 99 8525 728CS 5231461854133999999999999991217 28999999999999999999999
 78 79 88103119132138134120100 77 57 44 41 50 67 89111127135132120104 8825 729CS 6 5138191213599999999999999 023 771244 4199999999999999
 76 71 75 86100115125128122109 91 74 61 55 58 70 88108125135135126112 9525 730CS 650128193113699999999999999 1 4 7113 8 5599999999999999
 80 70 68 73 83 96108116117111100 88 76 70 70 77 9010712313413713111910325 731CS 739117195213799999999999999 148 681331 6999999999999999
 87 74 66 65 70 80 90100106107103 97 89 84 82 86 9510712013113613512611225 8 1CS 841107201413799999999999999 239 651351 8299999999999999
 97 82 71 64 63 67 74 83 91 97100100 98 96 95 9610110911812813413513012025 8 2CS1031100204113599999999999999 342 6314 1 9599999999999999
107 93 79 68 61 59 61 67 75 83 91 9710110410610710911211812413013313212725 8 3CS2117133999999999999999999999 5 1 59999999999999999999999
117105 92 78 66 57 53 53 58 67 77 88 9910711311611711811912212512913113025 8 4CS2217131999999999999999999999 623 53999999999999999999999
126118106 91 76 62 50 44 44 50 61 75 9010511612212512412212012112312713025 8 5CS16 8125235013199999999999999 731 44191412099999999999999
131128121108 91 72 54 41 34 35 44 59 77 9611312513013012612111711712112725 8 6CS1624130999999999999999999999 823 34203011799999999999999
133136134125109 88 65 45 30 25 28 41 61 8410612313213413012211511211311925 8 7CS 110136164513599999999999999 9 7 25211411299999999999999
129138143140128107 82 56 34 21 17 26 44 68 9411613113713412511510710510925 8 8CS 2 914317 713799999999999999 946 17215010499999999999999
120133145149144127103 74 46 25 14 16 29 52 80107127138138129116104 97 9725 8 9CS 2591491729139999999999999991022 132225 9699999999999999
107122138150153144124 95 65 38 20 14 21 40 67 96120136140133119104 91 8625 810CS 3461531751140999999999999991057 1423 0 8699999999999999
 91105124142153153140117 87 58 34 21 21 35 58 86112132140137124106 89 7825 811CS 4311551812141999999999999991129 202337 7699999999999999
 77 86103124142151148133109 81 55 37 31 37 55 79106128140140130111 91 7525 812CS 51715218321429999999999999912 0 31999999999999999999999
 66 69 82101122138145140124102 78 58 47 47 59 79102124139143135119 97 7725 813CS 6 5145185114399999999999999 016 661228 4699999999999999
 62 57 63 77 97116130135129115 97 79 67 63 69 83102122138145141127107 8525 814CS 65713519 914599999999999999 058 571254 6399999999999999
 66 54 51 58 72 90107119122118108 96 86 81 83 92106122137145145136119 9825 815CS 757122192914699999999999999 146 511315 8199999999999999
 77 60 50 48 54 66 81 95106110109105100 97 9710311212413614414714213011325 816CS 920110195114799999999999999 243 481325 9799999999999999
 93 74 59 49 46 49 58 70 83 9310010510710811011311912613414114514413812625 817CS2019145999999999999999999999 357 46999999999999999999999
111 94 77 61 49 43 43 49 59 71 83 9510411211712112512813213614014114013525 818CS21 5141999999999999999999999 529 43999999999999999999999
127115 99 82 64 49 39 36 40 49 63 79 9510912012613013013013013213313613725 819CS2313137999999999999999999999 659 36999999999999999999999
136131121106 87 66 47 34 29 32 43 60 8010011712813313212912512212312613125 820CS1623133999999999999999999999 8 8 29202612299999999999999
137141138129112 89 64 43 28 23 28 43 64 8811012613413512912111411111312025 821CS 111141163313599999999999999 859 23211011199999999999999
130140147145134113 87 60 37 24 21 31 50 75100121134137131120109101 9910425 822CS 221147164813799999999999999 941 212145 9899999999999999
116131145152149134110 82 54 33 23 26 41 64 91115132138134122107 94 87 8925 823CS 31315217 4138999999999999991017 222219 8799999999999999
 99116134149154147129103 74 49 32 28 37 57 83109129139137126109 92 79 7625 824CS 3581541721140999999999999991048 282251 7699999999999999
 82 98118137150152141120 94 67 47 37 40 55 78104126139141131114 94 77 6725 825CS 4401521737142999999999999991116 372324 6799999999999999
 69 80 99120138147145131110 86 64 50 48 58 77101123139143136120 99 79 6525 826CS 5191481753143999999999999991141 472356 6099999999999999
 60 66 81101121135140135120100 81 66 60 64 79 99121137145141127106 85 6725 827CS 55914018101459999999999999912 4 59999999999999999999999
 57 57 66 83102119130131124110 94 80 73 73 83100119135145144133115 93 7325 828CS 640132182714699999999999999 030 551225 7299999999999999
 59 54 57 69 85102115122121114104 93 86 84 90102117132143145138123103 8325 829CS 725123184514599999999999999 1 5 541243 8499999999999999
 67 57 55 60 71 85 99109113112108102 97 95 98105117129139143140129113 9425 830CS 82011319 514399999999999999 145 541256 9599999999999999
 78 65 58 57 63 72 83 9310110510610610510410611111812713513913913312110625 831CS10 1106192614099999999999999 235 57124110499999999999999
 91 77 67 61 59 62 69 77 85 9310010510811111411712112613013413613312611625 9 1CS1951136999999999999999999999 347 59999999999999999999999
104 92 80 69 62 58 58 62 69 78 88 9810711512012312512612712913013012812425 9 2CS2036130999999999999999999999 528 58999999999999999999999
117108 96 83 71 60 53 51 53 61 73 8710211412412913012812612412312412612725 9 3CS1547130231512799999999999999 657 51194712399999999999999
127122114101 85 69 54 44 41 45 56 73 9111012413313513112511911511511912525 9 4CS1550135999999999999999999999 756 41203111599999999999999
131133131121104 84 63 45 35 33 41 57 7810112113413913512711610810510811625 9 5CS 1 313416 413999999999999999 841 3321 210599999999999999
127138143139126105 80 55 37 28 30 42 64 89114132141139130115102 94 9310125 9 6CS 2 7143162014299999999999999 920 272133 9299999999999999
116132146151145127102 74 48 32 26 34 52 78105128142143134117 99 84 78 8325 9 7CS 259151163814499999999999999 955 2622 5 7899999999999999
 97117138152156146125 97 68 45 32 33 46 69 97123141146139122100 79 66 6425 9 8CS 3461561656146999999999999991028 312239 6399999999999999
 75 95119142155156143120 92 66 48 41 48 66 91118138148145129105 80 60 5025 9 9CS 4331581713149999999999999991059 412314 5099999999999999
 54 70 94120142154151137114 89 68 57 57 69 90115136149150137114 87 62 4425 910CS 5211541732151999999999999991128 552352 3999999999999999
 39 48 67 93119138146143128109 90 76 72 78 94114135150154145125 99 71 4825 911CS 6101471750154999999999999991154 72999999999999999999999
 35 35 46 66 91114130136131120106 94 88 90100117134149155151136113 87 6125 912CS 7 413618 915599999999999999 033 331215 8899999999999999
 42 33 35 47 66 87105118123121114107102102108120134146154154144127104 8025 913CS 8 8123182915599999999999999 119 33122810199999999999999
 59 44 37 39 49 64 80 9510611111211211111111612313314315015214713612010025 914CS 957112185115299999999999999 215 37121011199999999999999
 81 63 50 44 44 50 60 72 85 9510310911311712112613213814214514413913011725 915CS1915145999999999999999999999 330 43999999999999999999999
103 87 72 59 51 47 48 55 65 76 8910011111912412813113213413513513413212725 916CS1945135999999999999999999999 513 47999999999999999999999
120110 97 82 67 55 47 45 49 59 73 8910411712613013112912612312212312512825 917CS1537131235512999999999999999 648 4520 112299999999999999
129127119106 89 71 55 45 42 47 59 76 9511312613213212712011310810811312025 918CS1530133999999999999999999999 752 42203110899999999999999
129135135128112 92 71 53 42 41 49 65 86107124134135129118106 97 93 9710625 919CS 133136153813699999999999999 838 4021 0 9399999999999999
120133142142132114 90 67 50 41 44 57 78101121135139133119103 88 80 80 8925 920CS 231143155213999999999999999 915 412130 7999999999999999
105123139148145132110 85 63 48 45 54 72 95118135142138124105 85 71 66 7125 921CS 31814816 714299999999999999 946 452159 6699999999999999
 86107129145150144127104 80 61 52 55 69 91114134144143130109 87 67 56 5625 922CS 3591501622145999999999999991015 512228 5599999999999999
 68 88112134147149139119 97 76 63 61 70 88111132145147136116 92 68 52 4625 923CS 4381501638148999999999999991041 602258 4699999999999999
 53 70 94118137146144131111 91 76 70 74 88109129145150142124 99 74 53 4225 924CS 51614716551509999999999999911 6 702327 4199999999999999
 43 55 76100122137141135122105 90 81 81 91107127143150147132109 83 60 4425 925CS 5551421712151999999999999991129 802357 3999999999999999
 39 45 61 82105123133134127114101 92 89 95107124139149149138118 93 69 5125 926CS 6341351730150999999999999991150 89999999999999999999999
 41 41 51 68 88107121127126119109101 98100109122135145148142126104 81 6225 927CS 717127174914899999999999999 028 3912 9 9899999999999999
 48 43 47 58 74 91106116119118114109105106111120131140145142131114 94 7525 928CS 81112018 914599999999999999 1 3 43122210599999999999999
 60 51 49 54 64 77 90101109113113113112112115121128135139139133122106 8925 929CS 950113182914099999999999999 146 49121111299999999999999
 74 63 56 55 58 65 75 85 9510310911311611812012312613013313413112511510325 930CS1848134999999999999999999999 247 55999999999999999999999
 91 79 69 62 58 59 63 70 79 901001091171221251271271261261261261241201142510 1CS1532127999999999999999999999 424 58999999999999999999999
106 97 86 75 65 58 55 57 64 75 881021151241301311281241201171161171191202510 2CS144513123 412099999999999999 6 6 55195211699999999999999
119114105 93 78 65 54 49 51 60 74 911091241331351321241141071041051111192510 3CS1452135999999999999999999999 714 49201210499999999999999
125128125114 98 79 62 49 45 49 61 80101120134139136125111 98 90 89 951082510 4CS 05912815 513999999999999999 8 3 452038 8899999999999999
122134139135121101 79 59 47 44 52 69 92115133142140129111 92 77 71 75 882510 5CS 2 5139152014399999999999999 844 4421 8 7199999999999999
107128143148142125102 78 58 49 50 63 84109131144146135115 90 69 55 53 632510 6CS 258148153714799999999999999 921 482140 5299999999999999
 84110134150154145126101 78 62 57 64 81104128145151143123 95 68 46 35 392510 7CS 348154155615199999999999999 956 572215 3599999999999999
 56 83112138153155144124101 82 71 71 83103125145154151134106 75 46 27 222510 8CS 4371561615155999999999999991027 692251 2199999999999999
 31 53 83114138151151139121102 88 84 89104124144156158145121 89 57 31 162510 9CS 5271531636159999999999999991057 842331 1499999999999999
 16 30 54 85113134144143132118105 97 99108124142156161154135107 75 45 23251010CS 6201451658161999999999999991122 97999999999999999999999
 13 17 33 57 85109127134133125116109108113125139152160158146124 96 67 42251011CS 718134172116199999999999999 013 13114310799999999999999
 25 19 24 40 61 83103117123123120116114117125135146154156150135114 90 66251012CS 831124174615699999999999999 1 0 19115511499999999999999
 46 33 29 34 46 63 80 96107114117118118120124131138145148147139126109 90251013CS1813148999999999999999999999 156 29999999999999999999999
 72 56 46 42 44 52 63 77 90101109115119122124127130134136136134128119108251014CS1840136999999999999999999999 3 9 41999999999999999999999
 95 82 69 58 52 51 55 63 75 87100110118123125125124123122122122122120118251015CS1431125999999999999999999999 443 51999999999999999999999
112104 93 80 68 59 55 57 64 76 90104116124127126121115110106106108112117251016CS1410127999999999999999999999 611 55194110599999999999999
120119113102 88 73 62 57 59 68 82 98113125130129122112101 93 89 91 98108251017CS 019120141913199999999999999 714 572010 8999999999999999
119126127121108 91 75 64 60 64 76 92110125134134127113 97 83 74 73 80 93251018CS 140128143313599999999999999 8 0 602039 7399999999999999
109124133134125110 92 75 65 64 72 88106124136140133118 98 79 64 58 62 75251019CS 235135145014099999999999999 837 6321 8 5899999999999999
 94114131140138126109 90 75 69 72 85103122137144140125103 80 60 47 46 56251020CS 32014015 714499999999999999 910 692136 4599999999999999
 75 99122138144138124106 89 77 76 84100119136146145133111 85 60 42 35 41251021CS 4 1144152614799999999999999 940 7522 4 3599999999999999
 57 81107129142144135120103 89 82 86 98116134146149140120 93 66 43 30 30251022CS 43914515441509999999999999910 9 822233 2899999999999999
 41 63 90115134143141130115100 91 90 98113131145151146129103 75 49 31 25251023CS 51714416 4151999999999999991036 8923 1 2599999999999999
 31 48 72 98121136140135124111100 96100111127141150149137114 87 59 38 26251024CS 55514116251519999999999999911 2 962331 2499999999999999
 26 37 57 82106124134135128118108102102110123137147150142124 99 72 49 33251025CS 6351361646150999999999999991127101999999999999999999999
 27 32 46 67 89109123129128122114108106110119131142147144131111 86 63 44251026CS 71813017 914799999999999999 0 2 27115010699999999999999
 34 33 41 56 74 94109120123122118114111112118126135142142134119100 78 59251027CS 813124173314399999999999999 037 32121311199999999999999
 45 39 40 49 63 79 94107115119119118116116118123129134136133124110 93 75251028CS 935119175813799999999999999 118 39123711599999999999999
 60 50 46 48 55 66 79 92104112117120120120120121123126128128124116105 91251029CS1825128999999999999999999999 212 46999999999999999999999
 78 66 57 53 53 58 67 78 91102112119123124123121119118118118118116112105251030CS1253124999999999999999999999 327 52999999999999999999999
 96 85 74 65 58 56 59 66 78 91105117125128127123116110106104105108111112251031CS1316128225511299999999999999 458 5619 110499999999999999
110104 95 83 71 62 58 59 67 80 96112124131132126116104 94 88 88 931011112511 1CS1335133999999999999999999999 614 581934 8799999999999999
118120116106 92 77 66 60 63 72 88106122133137132119102 85 72 67 71 82 982511 2CS 051120135413799999999999999 713 6020 5 6799999999999999
114126131127115 99 82 70 66 70 82100119134141138125105 81 61 49 47 56 752511 3CS 2 3131141414299999999999999 8 1 662039 4699999999999999
 98120135141136122104 88 77 75 82 97116134145146135113 85 58 37 26 30 462511 4CS 3 1141143514799999999999999 843 742115 2699999999999999
 71100126143148141126109 94 85 87 97114133147153146126 97 65 35 16 10 192511 5CS 355148145915399999999999999 922 852154 1099999999999999
 41 71103130146150142128112100 96101114131147157156141115 81 46 18  2  12511 6CS 447150152415899999999999999 957 962234 -199999999999999
 15 41 73105130144147139127114106106115129145158162154133102 67 34  9 -32511 7CS 54114715521629999999999999910301052317 -499999999999999
  0 17 44 76106128139140134124116112116126140154162160147122 91 58 28  82511 8CS 63614116221629999999999999911 0112999999999999999999999
  0  7 25 50 79104122131132127121116117123133145155159153137112 83 54 302511 9CS 736133165515999999999999999 0 2  0112811699999999999999
 15 11 18 35 57 81102116124125122119117119126135144150150142126105 80 57251110CS 844125173015199999999999999 051 10115911799999999999999
 38 26 24 31 46 64 83100112118120119117117119124130136139137130117100 82251111CS10 1120181013999999999999999 143 24124311799999999999999
 64 49 41 39 44 56 71 86100111117119118116115115117120123124123118110 99251112CS111311919 612499999999999999 243 39142411599999999999999
 86 73 62 54 52 56 65 77 91103113118120119115111107105105107109110110108251113CS1158120212811099999999999999 352 52173210599999999999999
102 93 83 73 66 63 65 73 84 97109118123123119111103 95 90 89 91 95101106251114CS1229124999999999999999999999 5 4 631855 8999999999999999
109108102 93 83 75 71 73 81 93106118126128125116103 90 79 73 72 77 86 97251115CS 010109125512899999999999999 6 8 711938 7299999999999999
108114115110100 90 81 78 81 90102116127133131123108 91 74 62 56 58 68 83251116CS 138115132013399999999999999 7 3 782012 5699999999999999
 99113121122116106 94 86 84 89 99113126135137131116 96 74 56 45 42 50 65251117CS 237123134513899999999999999 749 842044 4299999999999999
 85105121129128120108 97 90 90 97110124136141138125104 80 56 39 31 34 47251118CS 32513014 914299999999999999 831 892114 3099999999999999
 68 92114129135132122109 99 94 97106120134143144134114 89 62 39 25 22 31251119CS 4 7135143414599999999999999 9 8 942144 2299999999999999
 50 75101122135138132120108100 98104116130142147141125100 72 45 25 16 20251120CS 446138145914799999999999999 943 982214 1699999999999999
 35 58 85110129138137129117107102103112126139147146134112 85 56 32 17 14251121CS 52413815261489999999999999910151012245 1399999999999999
 23 42 68 95117132137133124113106104109120134145148142124 99 70 43 23 14251122CS 6 113715531489999999999999910451042317 1399999999999999
 17 30 52 78103121132133128119110106108115127139146145133112 85 58 35 20251123CS 64013316211479999999999999911151062351 1699999999999999
 16 24 40 63 87108122129128122115109107112121132141144138122100 74 50 31251124CS 7221291651144999999999999991146107999999999999999999999
 22 22 33 50 72 93110122126124119113109110115124133138137128111 89 66 46251125CS 8 9126172313999999999999999 026 21122110999999999999999
 33 27 31 42 59 79 97112121123121117112110111116123129131128118102 83 64251126CS 9 1123175813199999999999999 1 6 2713 911099999999999999
 48 38 35 40 51 67 84101113120123120116112109109112117121122118110 97 81251127CS 957123184612299999999999999 151 35142410999999999999999
 66 54 46 45 49 60 74 90104116122123120115109105102103106109111110105 96251128CS1047123201311199999999999999 244 44161710299999999999999
 85 74 63 57 55 59 68 81 96109120125125120112103 94 89 88 90 95101104105251129CS1128126223610599999999999999 348 551749 8899999999999999
101 94 85 75 68 66 69 77 89104116125129126117104 90 78 70 69 73 82 93103251130CS12 2129999999999999999999999 459 661845 6999999999999999
109110106 98 88 80 77 79 87 99113125132133125111 92 73 57 48 48 57 71 882512 1CS 042110123313399999999999999 6 8 771930 4799999999999999
104116120118110100 92 88 90 98110124134139135122101 76 52 34 26 29 43 632512 2CS 2 812113 413999999999999999 7 9 882014 2699999999999999
 87109124131129120110101 98101109122135144145135116 88 58 32 14  8 15 342512 3CS 314131133614699999999999999 8 3 982057  899999999999999
 60 88113131138135127116108106110120133145152148133108 75 42 15 -2 -5  72512 4CS 413138141215299999999999999 8521062141 -599999999999999
 30 60 91117135141138129119113112118130143154157149129 99 64 30  3-11-102512 5CS 5 7141144915799999999999999 9351112227-1299999999999999
  5 31 63 95120135139136127119114116124137150158158146122 90 55 22 -1-122512 6CS 55913915291609999999999999910151142313-1299999999999999
 -8 10 37 68 98120132135131123116113117127140152158155140114 82 49 20  12512 7CS 64813516111589999999999999910541132359 -699999999999999
 -6  1 20 47 76101119128129124117111111117127139149153147131106 77 47 232512 8CS 7341301655153999999999999991135110999999999999999999999
  8  6 15 34 58 84105119124123117110106107113123134141143136120 98 73 492512 9CS 815125174014399999999999999 043  5122010699999999999999
 30 20 21 31 49 71 92109119121118111105101102108116124130130123110 92 72251210CS 852121183013099999999999999 127 19131710199999999999999
 54 41 35 38 49 65 84101113119119114107100 96 96 99105111115115110101 88251211CS 926120193211699999999999999 2 9 351432 9599999999999999
 74 62 53 51 55 66 80 96109118121118112103 95 89 87 88 91 96100102101 96251212CS10 012121 710299999999999999 251 511612 8799999999999999
 89 80 72 67 66 71 81 93106116122123118110 99 89 81 75 74 77 82 88 93 96251213CS10351232336 9799999999999999 337 661748 7499999999999999
 96 94 89 83 80 80 84 92103114122126124118107 94 80 69 62 60 63 70 79 89251214CS1113126999999999999999999999 432 791854 6099999999999999
 97101102 99 94 91 90 94101111120127129125116102 85 69 55 47 46 52 63 76251215CS 138102115312999999999999999 539 901940 4699999999999999
 91102109111108103 99 98101108117125131131125112 94 74 55 41 34 35 45 60251216CS 250111123413299999999999999 649 982019 3499999999999999
 79 97111118120115109104102105112122130134132122105 84 61 41 27 23 29 43251217CS 340120131413499999999999999 7521022055 2399999999999999
 63 86106120126125119111106104108117127135137132118 96 71 46 27 16 16 27251218CS 420126135213799999999999999 8441042130 1599999999999999
 46 70 95115127130127119110105106112122132139139129110 85 57 33 16  9 14251219CS 456130142914099999999999999 92710522 4  999999999999999
 30 53 80104122131131125115107104107115127138143138124100 72 44 21  8  7251220CS 53113215 41439999999999999910 41042238  699999999999999
 17 37 63 90112126131128120110104103109120133142143134115 89 59 33 14  5251221CS 6 413115401449999999999999910381032312  599999999999999
  9 24 47 74 99118128129123114105101103112124136143141127105 77 48 24 10251222CS 63813016161439999999999999911111012346  699999999999999
  7 15 34 59 85107122128126118108101 99104114127137141134118 93 66 40 20251223CS 7111281652141999999999999991146 99999999999999999999999
 11 13 26 46 71 95114124126121112102 97 97104115127134134125107 83 58 36251224CS 743126173113699999999999999 020 101225 9699999999999999
 21 17 23 39 60 84104119125123116106 97 93 95102113122127125115 97 76 54251225CS 815125181512899999999999999 054 171312 9399999999999999
 37 28 28 38 54 75 95112122124119110100 91 88 90 97105113117115106 91 73251226CS 84612419 911799999999999999 129 2714 8 8899999999999999
 57 45 40 43 54 70 89106118124123115104 93 84 80 81 86 94101106105 99 89251227CS 916124202310699999999999999 2 6 401518 8099999999999999
 77 65 58 56 61 71 86101115123125121111 98 85 74 68 67 72 79 88 95 98 97251228CS 9471252215 9899999999999999 247 561638 6799999999999999
 92 85 78 74 74 78 87 99112122127126119107 91 75 62 53 51 55 63 74 85 94251229CS1022127999999999999999999999 335 731753 5199999999999999
 99100 97 94 91 90 94101110120127130128118103 84 65 48 36 33 37 47 63 79251230CS 04510011 213099999999999999 438 901858 3399999999999999
 93104110111109107105107112119127132134129118 99 76 53 32 19 15 20 34 54251231CS 247111114713499999999999999 5591051955 1599999999999999
