  5 27 54 82106121126123113102 94 92 98110124136138130112 85 54 25  4 -625 1 1D1 6 61271546139999999999999991046 922317 -799999999999999
 -3 12 37 66 92112124125117106 94 88 89 98112127137137125104 76 45 19  225 1 2D1 6371251629138999999999999991124 872354 -399999999999999
 -3  5 24 51 78102117124121110 97 87 83 86 97113127134131118 95 68 40 1925 1 3D1 7 912417141349999999999999912 5 82999999999999999999999
  7  7 19 40 66 91110120122114102 88 79 77 82 94109121126122108 87 62 4025 1 4D1 73812218 212699999999999999 030  51249 7799999999999999
 24 17 22 37 58 82102116121117107 92 79 71 70 76 88102112115111 99 81 6225 1 5D1 8 5121185811599999999999999 1 6 171340 6999999999999999
 45 35 33 41 56 76 96111120120112 99 84 71 63 62 67 78 90 99103101 92 7925 1 6D1 83112120 710399999999999999 140 331439 6199999999999999
 66 55 50 52 61 76 93108118121117106 92 76 63 54 52 56 65 76 85 91 92 8825 1 7D1 8571212141 9299999999999999 214 501549 5299999999999999
 82 75 69 68 72 80 92105116122121114102 87 70 55 44 40 42 50 61 72 81 8725 1 8D1 927122999999999999999999999 248 6817 9 4099999999999999
 89 89 87 85 85 88 95104113120123121113100 83 65 48 35 28 28 35 47 62 7525 1 9D1 016 8910 712399999999999999 327 841826 2799999999999999
 86 94 98 99 99 98100104110116122124122114100 82 61 40 24 15 15 23 37 5625 110D1 256 9911 212499999999999999 443 981932 1499999999999999
 74 90102108110109107105107111117123126125117102 80 56 33 14  4  4 14 3325 111D1 357110121412699999999999999 7 01052029  399999999999999
 55 77 97110117117113108105105109117124129128120102 78 51 24  5 -5 -2 1225 112D1 433118132313099999999999999 8291052118 -599999999999999
 34 60 85105117122119112105100101107117127133132121101 74 44 17 -2 -9 -325 113D1 5 3122142113499999999999999 92510022 2 -999999999999999
 15 41 69 94113122122116106 97 93 96105118130137134120 97 67 36 10 -6 -825 114D1 53112315121379999999999999910 8 932242 -999999999999999
  3 25 54 82104119123119108 96 88 86 92105120133137132115 89 58 29  6 -425 115D1 5571231558137999999999999991045 862317 -599999999999999
 -1 15 41 69 95113122121111 97 85 79 80 90106122133134126106 79 49 24  725 116D1 6211231641135999999999999991121 782349  299999999999999
  3 12 33 60 86107120122114101 86 75 72 77 90106121129128116 95 68 43 2325 117D1 6421221721130999999999999991156 72999999999999999999999
 13 15 30 53 79102117122118105 90 76 67 67 75 89105117122117104 83 60 4025 118D1 7 212218 212299999999999999 019 121233 6699999999999999
 27 24 33 51 74 96113122120110 95 80 67 62 64 74 88101110111105 92 74 5625 119D1 722122184511299999999999999 045 241313 6199999999999999
 43 37 40 52 71 92109120122115102 86 71 61 58 62 71 83 94100100 94 83 7025 120D1 742122193310199999999999999 110 361357 5899999999999999
 58 51 51 58 72 89105117122118108 93 78 65 57 55 59 67 76 84 89 90 86 7925 121D1 8 51222035 9099999999999999 134 501450 5599999999999999
 71 65 63 66 75 88101113120119113101 86 72 61 54 51 54 60 67 74 80 82 8225 122D1 8301202223 8299999999999999 156 631557 5199999999999999
 80 78 76 77 81 89 99108116118115107 96 82 69 57 49 45 46 50 57 65 73 7925 123D1 9 0118999999999999999999999 211 761722 4599999999999999
 84 86 87 88 90 93 98104110115116112104 93 80 66 53 43 37 36 40 48 59 7025 124D1 9431169999999999999999999991841 35999999999999999999999
 81 90 95 98 99 99 99102105110113114112105 93 79 62 46 33 26 24 30 41 5625 125D110501149999999999999999999991941 24999999999999999999999
 72 87 98105108106103101101104108113116115107 94 77 57 37 22 13 13 22 3725 126D1 4 3108121311699999999999999 7311012030 1299999999999999
 57 78 96108114114109103 98 98101108116121120111 95 73 49 26  9  2  5 1825 127D1 425115132112199999999999999 839 972113  299999999999999
 39 64 87106117119115106 98 93 93100111121127125114 93 67 39 14 -2 -6  225 128D1 450120141612899999999999999 924 922153 -699999999999999
 20 46 74 98115122120111 99 89 85 89100115128133129114 89 58 28  5 -8 -825 129D1 51612315 51339999999999999910 2 852230-1099999999999999
  5 29 58 86109121123115102 88 79 78 86102119133137129110 82 49 20  0 -925 130D1 5411241552137999999999999991038 7723 6 -999999999999999
 -3 16 44 74100118124120106 89 75 68 71 84103122134136125103 73 42 16  125 131D1 6 51241638137999999999999991115 682339 -299999999999999
 -1 11 34 63 91112123123111 93 75 62 58 65 82103121131130117 94 66 38 1925 2 1D1 6271241725132999999999999991152 58999999999999999999999
 10 14 31 57 84107121124116 99 79 61 50 50 60 79100116124121107 85 61 4025 2 2D1 647125181412499999999999999 011 101232 4999999999999999
 28 26 36 55 80102119125121106 86 65 49 41 44 56 74 93107112109 96 79 6125 2 3D1 7 612519 711399999999999999 039 251316 4199999999999999
 48 42 47 60 80100117125124114 96 74 55 41 35 39 51 67 83 94 99 96 88 7625 2 4D1 72412620 7 9999999999999999 1 4 4214 5 3599999999999999
 66 60 61 69 83 99114124126120106 87 67 49 37 32 35 45 57 70 80 86 86 8325 2 5D1 7451272134 8699999999999999 124 6015 6 3299999999999999
 79 75 75 80 89100112122126123114100 82 64 48 36 30 31 36 46 57 67 75 8025 2 6D1 8 9126999999999999999999999 131 751627 3099999999999999
 83 85 87 91 96102110117122123119110 98 83 66 50 37 28 24 27 34 45 57 6925 2 7D1 84112399999999999999999999918 4 24999999999999999999999
 80 88 95 99103105108112115117118115110100 87 71 53 36 23 17 17 24 37 5325 2 8D1 9431189999999999999999999991927 16999999999999999999999
 69 84 97105108109108106106108111114115113106 93 75 54 33 17  8  9 18 3425 2 9D1 438109115811599999999999999 7341062028  799999999999999
 55 75 93106113113108103 98 97100106113119119112 97 76 51 27  9  1  4 1825 210D1 430113133312099999999999999 851 972115  199999999999999
 39 63 86104114116111102 93 87 87 94105116124125116 98 72 44 19  3 -2  625 211D1 443117143512699999999999999 931 862154 -299999999999999
 25 50 76 99113119114103 90 80 76 79 91107121129128116 94 65 36 13  0  125 212D1 5 111915241309999999999999910 4 762227 -199999999999999
 15 39 67 92111120118107 91 76 67 66 76 92111125132127111 85 55 28  9  325 213D1 51912016 6132999999999999991035 662257  399999999999999
 11 31 58 85107119121111 94 76 63 57 61 76 95115127130121101 73 45 23 1125 214D1 53612116451309999999999999911 6 572324 1099999999999999
 13 28 52 79103118123115 99 80 62 51 50 60 78 99116125124111 89 63 40 2425 215D1 5531231722126999999999999991136 492349 2099999999999999
 20 29 49 75 99116124120105 85 65 50 43 48 62 82101114119114 98 77 56 3925 216D1 6 912417591199999999999999912 7 43999999999999999999999
 31 35 50 72 95114124123111 92 71 53 42 40 49 65 84100109110102 87 69 5425 217D1 625125183711199999999999999 012 311239 3999999999999999
 44 44 53 71 92111122124116 99 78 59 44 38 40 51 67 83 95101100 91 79 6625 218D1 642125191810299999999999999 033 431313 3899999999999999
 57 55 60 73 90107119124119106 87 68 51 41 38 42 53 66 79 88 92 90 83 7625 219D1 7 012420 9 9299999999999999 052 541352 3799999999999999
 69 66 68 76 89103115121120111 96 78 61 48 40 39 43 52 62 72 79 82 82 8025 220D1 7201222130 8399999999999999 1 6 661442 3999999999999999
 78 76 78 82 90100110116118113102 88 73 59 48 41 39 41 47 54 62 70 75 7925 221D1 744118999999999999999999999 1 4 761558 3999999999999999
 82 84 87 90 94100106111113112107 98 86 73 60 50 41 36 35 38 44 53 63 7225 222D1 8141139999999999999999999991745 35999999999999999999999
 81 89 94 98100101103105107108107104 98 88 77 63 50 38 29 25 27 34 46 6025 223D1 9111089999999999999999999991911 25999999999999999999999
 75 88 98104106105102100 99101104106106103 94 82 65 47 31 19 14 16 27 4325 224D1 4 0106113610699999999999999 742 9920 9 1499999999999999
 63 82 98108112109103 96 92 91 95102109113110101 85 64 41 21  8  4 10 2525 225D1 4 4112131111399999999999999 839 912055  499999999999999
 47 71 93108116114106 95 86 81 83 91103115121119107 86 60 33 12 -1 -1 1025 226D1 419116141512199999999999999 915 812134 -399999999999999
 32 58 84105117119110 96 81 71 68 75 90108122129125109 84 54 26  6 -3  125 227D1 43811915 912999999999999999 948 682211 -499999999999999
 19 46 74 99116121115 99 80 64 55 57 70 90112128134127107 79 48 22  5  225 228D1 4571211558134999999999999991021 542244  299999999999999
 13 36 65 93113123120105 83 61 45 40 48 67 92115130134124102 73 44 23 1325 3 1D1 5151231646134999999999999991056 402315 1299999999999999
 16 33 59 87110123124112 89 64 42 29 29 42 66 92115128128116 94 68 45 3025 3 2D1 5331251733130999999999999991132 272344 2799999999999999
 27 37 58 84108123127119 99 72 46 27 18 23 40 65 90110120118106 86 66 5025 3 3D1 5501281822121999999999999991210 18999999999999999999999
 43 47 62 84106122130125109 85 57 34 18 13 22 40 63 85101109106 95 81 6825 3 4D1 6 8130191310999999999999999 0 9 431250 1399999999999999
 60 60 69 86105121130129118 97 72 48 27 16 15 24 40 60 77 90 95 93 87 7925 3 5D1 6261312013 9599999999999999 028 591336 1499999999999999
 74 73 78 89104118127129123108 88 65 45 28 20 19 26 39 54 67 77 83 84 8325 3 6D1 6461302158 8499999999999999 040 721432 1899999999999999
 82 82 86 93103113122125123114100 83 65 48 35 26 24 28 35 46 57 66 74 8025 3 7D1 7 9125999999999999999999999 020 821553 2499999999999999
 84 88 92 97103109114117117114107 96 84 70 56 43 33 27 26 30 38 48 59 7125 3 8D1 7351189999999999999999999991743 26999999999999999999999
 81 90 97101103105106107107107106103 98 90 79 65 50 36 26 22 23 31 44 5925 3 9D1 8191079999999999999999999991912 21999999999999999999999
 74 88 98104106103100 96 94 95 98101104103 98 87 71 52 35 22 16 19 29 4625 310D1 348106122310499999999999999 818 942012 1699999999999999
 65 83 98107109104 97 88 82 81 84 92101109111106 92 73 50 30 17 12 19 3425 311D1 346109135011199999999999999 849 812055 1299999999999999
 55 77 96108112108 97 84 73 68 69 78 92106115118110 93 69 44 24 13 13 2525 312D1 357112144511899999999999999 918 672130 1299999999999999
 46 70 92108115112100 84 68 58 55 62 77 96112122121110 88 62 38 20 14 2025 313D1 412116152912399999999999999 947 5522 1 1499999999999999
 38 63 87106117117105 87 67 52 44 47 60 81102118125120104 80 54 33 21 2125 314D1 42811816 8125999999999999991015 432228 1999999999999999
 34 57 82104118120111 92 70 50 37 35 44 64 87108121124115 95 71 48 32 2725 315D1 4431211644125999999999999991043 342254 2799999999999999
 35 54 78101117123116 99 76 52 35 27 31 47 70 93112121119106 85 63 46 3725 316D1 4581231720122999999999999991110 272318 3699999999999999
 39 53 75 98116124121106 83 58 37 24 22 33 53 77 98112117111 96 77 59 4825 317D1 5131251755117999999999999991138 222340 4699999999999999
 46 55 74 95114124124112 91 66 43 26 19 24 39 60 82 99109110101 87 71 6025 318D1 52912618321119999999999999912 6 19999999999999999999999
 55 60 73 92110122125117100 76 52 32 21 20 29 46 66 84 97103100 92 80 7025 319D1 547126191110399999999999999 0 1 551237 1999999999999999
 65 66 75 90106119124120107 86 63 43 28 22 25 35 51 68 82 91 94 92 86 7925 320D1 6 612420 0 9499999999999999 020 651311 2299999999999999
 74 74 79 89102113120120111 95 75 55 39 29 26 30 40 52 65 76 83 86 86 8425 321D1 6271212120 8699999999999999 035 731354 2699999999999999
 82 82 84 90 99108114116112101 86 69 54 41 33 31 33 40 49 59 68 76 81 8425 322D1 650116999999999999999999999 036 811458 3199999999999999
 87 89 91 94 98103107110109104 95 83 70 57 46 38 33 32 35 42 51 61 71 8025 323D1 7161109999999999999999999991643 32999999999999999999999
 88 94 97 99100100101102102101 98 93 85 75 64 52 40 32 27 28 33 43 56 7125 324D1 7581029999999999999999999991825 27999999999999999999999
 84 95102104103 99 95 92 91 93 95 97 97 93 84 71 56 40 27 20 20 27 40 5825 325D1 3 41041121 9899999999999999 745 911932 1999999999999999
 77 93104109107100 91 83 78 79 85 94101105103 93 77 57 37 22 14 15 26 4525 326D1 31110913 910599999999999999 820 782022 1399999999999999
 67 88104112112103 89 75 65 62 68 80 95108115113101 81 56 34 18 12 17 3325 327D1 325113141611599999999999999 851 6221 3 1299999999999999
 56 81101114116107 90 71 55 46 47 59 79100116124120105 81 55 32 19 17 2725 328D1 342117151112499999999999999 923 452140 1699999999999999
 48 74 98114120114 96 72 49 33 27 34 54 80104122129123105 79 54 35 26 2925 329D1 35912016 212999999999999999 957 272215 2599999999999999
 45 69 94114124121105 79 51 27 13 12 27 52 82108125130121102 78 56 42 3825 330D1 4171241651130999999999999991032 112246 3899999999999999
 48 67 92113126127115 91 60 31  9 -1  5 24 53 83108122125115 97 77 61 5325 331D1 43512817401259999999999999911 9 -12314 5299999999999999
 56 70 90112127132124104 75 43 16 -2 -6  4 26 55 83104116116106 92 77 6825 4 1D1 4551321830117999999999999991148 -72339 6699999999999999
 66 75 91109125134131116 91 61 32  8 -4 -4  9 31 56 80 97106105 98 88 8025 4 2D1 5161341925106999999999999991229 -62359 7799999999999999
 77 81 92107121131132124105 80 53 28  9  1  4 16 35 56 75 88 95 95 92 8725 4 3D1 5391332034 96999999999999991315  1999999999999999999999
 85 86 93103115125129125113 95 73 50 31 17 11 14 24 38 54 69 79 86 89 8925 4 4D1 6 4129999999999999999999999 012 851410 1199999999999999
 89 90 94100108115120120114103 88 71 54 39 28 23 23 29 39 51 63 73 81 8725 4 5D1 6311209999999999999999999991526 22999999999999999999999
 91 94 96 98102105107109107103 96 86 75 63 50 39 32 29 31 38 48 60 71 8225 4 6D1 7 210999999999999999999999917 5 29999999999999999999999
 90 96 99 99 98 96 95 94 95 95 95 93 89 82 72 60 48 37 31 31 37 48 61 7525 4 7D1 237 999999999999999999999991831 30999999999999999999999
 88 97102102 97 91 85 80 79 81 86 91 95 95 91 81 67 51 38 31 31 38 51 6825 4 8D1 2261021237 9699999999999999 753 791931 3099999999999999
 84 97105106101 90 79 69 64 65 71 82 93101103 98 86 69 51 37 30 33 43 6025 4 9D1 239107135210399999999999999 824 642016 3099999999999999
 79 96107111106 94 78 63 52 49 55 67 83 98108110102 87 67 49 36 32 39 5425 410D1 255111144311099999999999999 853 492053 3299999999999999
 74 93108115112 99 81 61 45 37 38 50 68 89105115114103 84 64 47 37 38 5025 411D1 312115152611699999999999999 921 362125 3699999999999999
 69 90107117117106 86 63 43 29 25 33 51 74 96112119114 99 80 60 47 42 4925 412D1 32911816 511999999999999999 949 252154 4299999999999999
 65 86105118121112 94 69 45 26 16 19 34 58 83104117120111 94 75 59 50 5125 413D1 3461211642120999999999999991016 162222 4999999999999999
 63 83103118124118102 77 50 27 13 10 20 41 66 91110119116105 88 71 60 5725 414D1 4 31241718119999999999999991043  92248 5699999999999999
 64 80 99116125123110 86 59 33 14  6 10 26 50 75 98112116110 98 83 70 6425 415D1 4211261754116999999999999991111  62313 6499999999999999
 67 78 96113124126116 96 70 43 21  8  6 16 35 59 83101110111103 91 80 7225 416D1 4401271832112999999999999991139  52337 7099999999999999
 71 78 92108121126121105 82 56 32 14  7 11 24 44 66 86100105104 97 87 8025 417D1 5 21261914106999999999999991210  7999999999999999999999
 77 80 90103116123123112 93 69 45 26 14 11 18 33 51 70 85 96 99 98 92 8725 418D1 52512420 8 9999999999999999 0 1 771246 1199999999999999
 83 84 89 99109118120115101 82 61 41 26 18 18 25 38 54 69 82 90 94 94 9225 419D1 5501202132 9499999999999999 024 831329 1799999999999999
 90 89 91 96103110114113105 92 75 58 42 30 24 24 30 40 53 66 77 86 91 9425 420D1 619114999999999999999999999 049 891428 2399999999999999
 95 94 94 95 98101105106104 97 87 74 60 47 37 30 28 31 39 50 62 74 85 9325 421D1 6541069999999999999999999991553 28999999999999999999999
 98100 99 97 95 93 94 95 96 95 92 87 78 67 55 44 35 30 31 37 47 61 75 8825 422D1 1 9100 817 9699999999999999 521 931726 3099999999999999
 98103104100 93 87 82 80 82 86 90 93 92 87 77 65 51 39 31 30 36 48 65 8125 423D1 1341041119 9399999999999999 659 801839 3099999999999999
 96106108104 95 82 71 64 63 68 77 88 97101 98 88 73 56 41 33 32 40 55 7425 424D1 15510813 410199999999999999 741 631935 3199999999999999
 92106113110 99 82 64 50 43 45 56 73 90104111108 97 79 60 45 37 38 49 6725 425D1 215113141511199999999999999 818 432022 3699999999999999
 88105116117107 87 64 42 27 23 30 48 71 94112119116103 84 65 50 45 49 6425 426D1 235118151312099999999999999 854 2321 4 4599999999999999
 84104118123116 97 71 43 19  6  6 20 44 73 99117125120106 87 69 58 56 6525 427D1 25612316 612599999999999999 931  42141 5699999999999999
 82102119128126110 84 52 22  0-10 -4 15 44 75102120126120106 89 75 68 7025 428D1 31812916581269999999999999910 9-102216 6799999999999999
 82100118131133123100 69 36  7-13-17 -7 16 47 78103119122116103 90 80 7825 429D1 3421341750123999999999999991049-182248 7899999999999999
 84 98115130137132116 89 56 24 -2-17-17 -3 22 51 80101114116110100 91 8625 430D1 4 81371844116999999999999991131-192317 8599999999999999
 87 96110125135136126106 78 47 18 -3-12 -9  6 29 56 80 98107108104 97 9225 5 1D1 4371371942109999999999999991215-132346 9099999999999999
 90 95104117128133130117 96 70 43 20  4 -2  3 17 37 59 79 93101102100 9625 5 2D1 5 913320501029999999999999913 2 -2999999999999999999999
 93 94 99107116123125119106 88 66 45 26 14 11 15 28 44 62 78 90 96 99 9825 5 3D1 54512522 7 9999999999999999 019 931355 1199999999999999
 95 94 95 98104110114113108 97 83 67 50 36 27 24 27 37 50 65 78 89 95 9825 5 4D1 6261142322 9899999999999999 1 9 941458 2499999999999999
 98 96 94 93 93 96 98101100 97 91 82 71 58 47 38 34 36 44 55 68 81 91 9825 5 5D1 728101999999999999999999999 3 7 931611 3499999999999999
101100 96 91 86 83 83 84 87 89 90 89 85 77 67 57 47 42 43 49 60 73 86 9625 5 6D1 01310110 4 9099999999999999 548 831724 4299999999999999
103104101 94 84 76 70 68 69 75 81 87 91 90 85 75 64 54 48 48 55 66 80 9425 5 7D1 0471041222 9199999999999999 7 2 681828 4799999999999999
104109107 99 87 73 62 54 52 57 67 79 89 96 97 92 81 69 58 52 53 61 75 9025 5 8D1 1161091341 9899999999999999 745 521921 5299999999999999
103111113106 93 76 59 45 38 40 50 65 81 95103104 97 85 71 61 56 60 70 8525 5 9D1 141113143610599999999999999 819 3820 5 5699999999999999
101112117113101 82 60 42 29 26 32 48 68 87103111110100 86 73 63 61 68 8125 510D1 2 4117152211199999999999999 850 262045 6199999999999999
 97111120119109 90 66 43 25 16 18 31 51 75 96111116112100 86 74 67 68 7825 511D1 22712016 311699999999999999 920 152120 6699999999999999
 93109120123116 99 75 49 26 11  7 16 34 59 84104117118111 98 85 75 71 7725 512D1 249124164111999999999999999 949  72153 7199999999999999
 90106119126123109 86 58 32 12  2  5 19 42 69 93111119117108 95 83 77 7825 513D1 3121261719120999999999999991018  22223 7699999999999999
 87101116126127118 98 71 43 19  3  0  8 27 52 78100114118114104 92 83 8025 514D1 3361281757118999999999999991049 -12253 8099999999999999
 85 97112124129124109 85 57 30 10  0  2 15 37 62 86104114115109 99 90 8425 515D1 4 31291838115999999999999991121  02324 8499999999999999
 85 93105119127127117 98 72 45 22  7  2  9 24 46 70 90105111110104 96 8925 516D1 4311291923112999999999999991156  22356 8799999999999999
 87 90100111122126122108 87 62 38 19  9  8 17 33 54 75 92103108107101 9525 517D1 5 21262016108999999999999991234  7999999999999999999999
 91 90 95103113120121113 98 78 56 36 21 14 15 25 41 60 78 9210210610510025 518D1 535121211610699999999999999 033 901318 1399999999999999
 95 92 92 96103110114112104 91 73 54 38 26 21 24 33 47 64 80 9310110510425 519D1 615114221810599999999999999 126 921411 2199999999999999
100 96 92 91 93 97102105103 97 87 73 58 44 34 30 31 39 52 67 82 9510310625 520D1 713105231110799999999999999 252 911514 3099999999999999
105100 94 88 84 83 86 90 94 95 93 87 77 65 54 44 39 39 46 58 72 87 9910725 521D1 857 95235310999999999999999 440 831625 3899999999999999
109106 98 87 77 70 68 70 76 84 90 93 92 86 76 65 55 48 48 54 65 80 9410625 522D11112 93999999999999999999999 6 0 681735 4799999999999999
112111104 91 76 62 52 49 53 63 76 88 97100 96 88 76 65 58 57 63 75 9010425 523D1 025113125810099999999999999 656 491838 5799999999999999
114117112 99 80 60 42 31 29 37 52 71 89103109107 98 86 75 68 67 74 8610225 524D1 055117141610999999999999999 742 281935 6699999999999999
115122121111 91 66 41 21 10 11 24 45 70 93109117116107 94 83 77 77 85 9925 525D1 124123152011899999999999999 825  92026 7699999999999999
114125129123106 80 51 23  3 -6 -1 17 43 72 97115123121112100 90 85 87 9725 526D1 154129161712399999999999999 9 8 -62111 8599999999999999
111125134133122 99 69 36  8-10-16 -7 15 44 75101118125122113102 94 91 9625 527D1 227135171112599999999999999 952-162153 9199999999999999
107122134139134117 91 58 26 -1-17-18 -5 19 49 79103118124120112102 96 9625 528D1 3 313918 4124999999999999991036-192232 9599999999999999
103115128138140131111 83 50 19 -4-16-14  2 27 56 83104117120116108100 9625 529D1 3401411854120999999999999991121-172312 9699999999999999
 98106119131138137125104 76 45 18 -1 -9 -4 13 37 64 88105114116111103 9725 530D1 42113919411169999999999999912 6 -92354 9599999999999999
 95 98107119129133129116 96 70 44 21  7  3 10 26 49 72 92106112111106 9925 531D1 5 31332024112999999999999991251  2999999999999999999999
 93 92 96105114122125120107 89 67 45 28 17 16 25 41 61 80 9610711010810225 6 1D1 55012521 411099999999999999 043 921336 1699999999999999
 95 90 88 92 98106112113109 99 84 67 50 37 30 31 40 54 72 8810110810910625 6 2D1 644113214311099999999999999 146 881423 2999999999999999
 99 91 85 83 84 89 95100102 99 92 82 69 57 47 43 45 53 67 82 9510611011025 6 3D1 756102222111199999999999999 3 6 831512 4299999999999999
104 96 87 79 75 74 77 82 88 91 92 89 83 74 65 58 55 57 65 77 9010211011325 6 4D1 944 9223 011399999999999999 437 7416 6 5599999999999999
110103 92 81 71 64 62 64 70 78 85 89 91 88 82 75 68 65 67 75 85 9710811425 6 5D11149 91233911599999999999999 558 6217 6 6599999999999999
115110100 87 72 60 52 49 52 61 72 83 91 96 95 91 84 77 74 76 82 9310411325 6 6D11326 96999999999999999999999 655 491810 7499999999999999
118116108 95 78 61 47 38 37 43 55 71 85 97103103 98 91 84 80 82 8910011025 6 7D1 016118143210499999999999999 739 361911 8099999999999999
118121116104 87 67 47 33 26 28 38 55 74 92105111110104 95 88 85 87 9510625 6 8D1 052121152211299999999999999 817 2520 4 8599999999999999
117123123114 98 76 53 33 20 16 22 38 59 81100113118115107 97 90 88 9210225 6 9D1 12612416 511899999999999999 852 162050 8899999999999999
114123127122109 88 63 39 20 10 10 22 42 67 90109119122116107 97 91 91 9725 610D1 159127164412299999999999999 926  82130 9099999999999999
109121129129120102 77 50 26  9  4 10 26 50 76 99115123122115104 95 91 9425 611D1 23313017221249999999999999910 0  422 7 9199999999999999
103116127133129115 92 65 38 16  3  2 13 33 59 85106119124120111101 94 9225 612D1 3 713318 1124999999999999991035  12243 9299999999999999
 98109122132134126107 82 54 28  9  1  5 20 43 69 93111121122116107 97 9225 613D1 3421341839123999999999999991111  12319 9299999999999999
 93101114126134132119 99 72 45 22  7  4 12 29 53 78100114121119112102 9425 614D1 4181341918121999999999999991148  42358 9199999999999999
 91 95104117127131126112 90 64 39 20 10 10 21 41 64 87105116120116107 9825 615D1 4571311956120999999999999991227  8999999999999999999999
 91 90 95105116124126119103 82 59 37 22 16 20 33 53 75 9510911711811210225 616D1 540126203411899999999999999 043 9013 7 1699999999999999
 93 87 87 92101111118118111 96 78 58 40 29 27 33 46 65 8510211311811510825 617D1 63111921 911899999999999999 136 861349 2699999999999999
 97 88 82 81 85 93102108109103 92 77 61 48 41 40 47 60 77 9410811611811325 618D1 737109214311899999999999999 240 801435 3999999999999999
103 91 80 73 70 74 81 90 97101 99 92 81 70 60 55 55 62 74 8910311411911825 619D1 9 8101221711999999999999999 352 701525 5499999999999999
110 98 83 70 60 57 59 67 77 87 95 97 95 89 81 74 70 70 76 87 9911112012225 620D111 3 97225312299999999999999 5 6 571623 6999999999999999
118107 92 74 58 46 40 43 52 65 79 91 99102100 94 88 84 84 89 9810811912525 621D113 2102233312699999999999999 612 401731 8499999999999999
125118105 86 64 44 30 24 27 38 55 74 91104110111106101 96 95 9810611612525 622D11434111999999999999999999999 711 231845 9599999999999999
130129119102 79 54 31 15  9 13 28 49 73 9411011812011610910410210511212225 623D1 018130154212099999999999999 8 4  9195510299999999999999
131135132120 99 73 44 19  3 -2  5 23 48 74 9811512512512011310710510811625 624D1 1 7135163712699999999999999 855 -2205510599999999999999
127136140135120 96 66 36 11 -5 -8  2 23 51 7910412012812712111210610510925 625D1 157140172412999999999999999 944 -9214610499999999999999
119131140143136118 92 61 30  5 -8 -8  5 29 58 8610912412912511710810210225 626D1 24714318 4129999999999999991030-10223110199999999999999
108120133142143134114 87 55 26  4 -5 -2 15 40 69 95114125127120110101 9625 627D1 3361441839127999999999999991114 -62314 9699999999999999
 98107120134141140129108 81 51 25  7  2 10 29 55 81104119125122113102 9325 628D1 42414219 9125999999999999991155  22357 9099999999999999
 90 94105119131137134122101 75 48 27 15 14 25 46 71 94112122123116105 9425 629D1 5111371936124999999999999991233 13999999999999999999999
 86 84 90102115125129125112 93 70 48 33 26 30 44 65 87106119123120110 9725 630D1 6 012920 212399999999999999 042 8413 8 2699999999999999
 86 79 79 86 97108117119114103 86 68 52 42 40 48 63 8210111512312311510325 7 1D1 652119202712499999999999999 131 791341 4099999999999999
 90 80 74 74 80 90 99106108104 95 83 70 59 54 56 66 80 9711212112412011025 7 2D1 752108205412499999999999999 226 731414 5499999999999999
 97 85 74 69 69 73 81 89 96 99 97 92 84 76 70 68 72 81 9410711812412311725 7 3D1 910 99212412599999999999999 330 681450 6899999999999999
106 92 79 69 62 61 65 71 80 87 92 94 93 90 85 82 82 86 9410411412212412125 7 4D111 3 9422 012499999999999999 443 611534 8199999999999999
113102 88 74 62 55 52 55 62 72 82 90 96 99 98 96 93 93 9610210911712312425 7 5D11318 99224412499999999999999 556 521641 9399999999999999
120111 98 83 67 54 45 42 46 55 67 81 9310210710810510210110210611211912425 7 6D11442108233612599999999999999 655 42181110099999999999999
124119109 94 77 59 44 35 33 39 51 67 84 9911011611611210810410410811412125 7 7D11532116999999999999999999999 745 33193210499999999999999
126126120107 89 69 49 33 25 25 34 50 70 9010711912312111510910410410811625 7 8D1 032127161112399999999999999 828 24203310499999999999999
124130129120104 83 60 38 23 16 20 33 53 77 9911612612812311510710210311025 7 9D1 123130164512899999999999999 9 8 16211910299999999999999
120129134131120100 75 49 27 14 10 18 36 60 86108123130129121111102 9910325 710D1 210134171713099999999999999 947 102159 9999999999999999
112125135138133117 94 66 39 18  8  9 22 44 70 96116129132126115104 97 9625 711D1 2541381749132999999999999991025  72236 9699999999999999
103116130139140131112 85 56 30 13  6 12 30 55 82106124132130120108 97 9225 712D1 33614118191329999999999999911 2  62313 9199999999999999
 94104119133141139127105 77 48 25 12 10 21 42 69 95116129131125112 99 8925 713D1 4191421847132999999999999991138  92352 8699999999999999
 86 92105121134139135120 97 69 43 25 16 20 35 58 84107124131128118103 8925 714D1 5 31391914131999999999999991213 16999999999999999999999
 81 81 89103119131134128112 89 65 43 30 27 35 53 76100118129130122108 9325 715D1 551134193813199999999999999 033 801247 2799999999999999
 80 73 75 85 99114124126119104 85 65 49 41 43 54 73 94113126131127115 9925 716D1 64412620 213199999999999999 118 731319 4199999999999999
 83 71 65 68 78 92105114116111 99 84 70 60 57 62 75 9210912313113012210725 717D1 747116202513299999999999999 2 9 651352 5799999999999999
 90 74 62 57 60 69 81 94103107104 97 88 80 75 76 82 9410812113013212811725 718D1 9 6107205213299999999999999 3 9 571424 7499999999999999
101 83 67 55 49 50 58 69 82 92 99101100 96 93 91 93 9910811912813313212625 719D111 5101212513399999999999999 419 481459 9199999999999999
114 97 79 62 48 40 39 45 56 70 83 9410210610710610610711111712413013313225 720D114 0107221413499999999999999 537 38154610699999999999999
125113 97 77 58 41 31 28 33 45 61 78 9410611411811811711611712012513013425 721D11535118232613499999999999999 651 2818 211699999999999999
133128116 98 77 54 34 21 17 23 37 56 77 9711312212612512111811711812313025 722D11613126999999999999999999999 756 17195711799999999999999
135137132120100 76 50 28 13  9 17 33 57 8110412012913112712011411211412125 723D1 047137164313199999999999999 851  921 311299999999999999
130138142137123101 73 45 22  8  6 16 37 63 9011212713313112311310610410825 724D1 156142171113499999999999999 940  5215010499999999999999
119132142146140124 99 69 40 17  6  8 22 47 75101121132134126114103 96 9625 725D1 2541461737134999999999999991023  52229 9599999999999999
104119134145147140121 93 63 35 16  9 16 35 62 90113129134129117103 91 8625 726D1 34514818 01349999999999999911 1  923 6 8699999999999999
 90102119135145146135114 86 57 33 19 18 31 54 81106125134132121106 91 8125 727D1 4321471821134999999999999991134 172343 7899999999999999
 79 86102120135142140126104 78 53 35 28 33 51 75100120132134126111 94 8025 728D1 51614218401359999999999999912 5 28999999999999999999999
 72 74 85101118131135130116 95 72 53 42 42 53 73 96117131136131117100 8325 729D1 6 0135185913699999999999999 020 721232 4199999999999999
 71 67 71 84100114124126119106 88 71 58 54 60 74 94113128136134123107 8925 730D1 645126191813699999999999999 059 671258 5499999999999999
 74 65 64 70 82 96108115116109 98 85 74 68 69 78 93110125134136129115 9825 731D1 734116193913699999999999999 140 631322 6899999999999999
 82 69 62 62 69 79 91100106107102 95 88 82 81 86 9510812113113513212110725 8 1D1 83610720 213599999999999999 228 611344 8199999999999999
 91 77 66 60 61 66 74 84 92 98100100 97 95 94 9510010811812613213212611525 8 2D11015100203013299999999999999 328 6014 3 9499999999999999
102 87 74 64 58 57 60 67 76 85 93 9810210410510510711011612212712912812225 8 3D121 8129999999999999999999999 445 57999999999999999999999
112100 86 73 62 54 51 53 59 69 80 9110110811311511511511511812112412612525 8 4D12213126999999999999999999999 6 8 51999999999999999999999
121112100 86 71 57 47 43 44 52 64 79 9410711712212312111711511511812212525 8 5D11543123234812699999999999999 716 42192611599999999999999
126123115102 85 67 50 38 33 36 46 63 8210111612612912712111511111111512125 8 6D116 5129999999999999999999999 8 9 33203111199999999999999
128131128118102 82 60 41 28 24 30 45 66 8911012513313312611710910510711425 8 7D1 1 4131162813499999999999999 853 24211410599999999999999
124133137133121101 76 51 31 19 19 29 50 75100120133137131120109100 9810325 8 8D1 2 2137165213799999999999999 933 182149 9899999999999999
115129140143137120 96 68 41 22 14 19 35 60 88112130138136125110 97 90 9125 8 9D1 2521431716139999999999999991010 142223 8999999999999999
101118134145147137117 89 59 34 19 16 26 47 75103125137139130114 97 84 8025 810D1 3381481738140999999999999991045 152257 8099999999999999
 86101121138148147134110 81 53 32 21 24 40 66 94118135140134119100 82 7225 811D1 42414918 0140999999999999991118 212333 7099999999999999
 71 82101122139147143127103 75 51 35 32 40 61 87112131140138125105 84 6825 812D1 5101471819141999999999999991149 31999999999999999999999
 61 65 79100121136141135119 96 73 55 46 48 62 84108128140141131113 91 7125 813D1 559141183814299999999999999 011 611218 4599999999999999
 57 53 60 77 97116129132125111 92 75 64 62 70 86106125139143137122101 7925 814D1 650132185614399999999999999 051 531244 6299999999999999
 60 50 48 57 73 92108118121116105 93 83 78 82 92107124137143141130112 9125 815D1 749121191614499999999999999 136 4813 7 7899999999999999
 71 55 46 46 54 67 83 97106110108103 97 94 9510111112313414214313612310625 816D1 9 7110193914399999999999999 231 451321 9499999999999999
 87 69 54 46 44 50 60 72 85 9510110410510610711011612313113714013813111925 817D120 8140999999999999999999999 342 44999999999999999999999
104 88 71 57 46 42 44 51 61 74 86 9710511111611912112412813113413513412925 818D12057135999999999999999999999 514 42999999999999999999999
120108 93 76 60 46 38 36 41 52 67 82 9811012012512712612512412512712913125 819D116 9127231013199999999999999 644 36185912499999999999999
130125115100 81 61 43 32 29 34 47 65 8510411912813112912411911511611912625 820D116 1131999999999999999999999 753 29202711599999999999999
132135132122105 83 59 39 26 23 31 48 70 9311412813413212511510710310611425 821D1 1 5135161513499999999999999 846 2321 910399999999999999
125136141139127107 80 54 33 22 22 34 56 82106125135136128115102 93 92 9825 822D1 214142163313799999999999999 929 202143 9199999999999999
112128141147143128104 75 48 29 22 28 45 71 97120134138132117101 87 80 8325 823D1 3 814716521389999999999999910 5 222215 8099999999999999
 95113132145150142123 97 68 44 30 28 40 63 90115132140136122103 85 73 7025 824D1 3531501710140999999999999991037 272247 7099999999999999
 78 95117136147148137115 88 62 43 36 41 59 84110130140140128108 87 71 6225 825D1 43414917261429999999999999911 5 362318 6199999999999999
 64 78 98120137145142127105 80 60 48 48 60 81106127140143133115 93 73 5925 826D1 5141451742143999999999999991131 462350 5599999999999999
 56 63 80102122135139132116 96 76 62 58 65 81103124139144138122101 79 6225 827D1 5531391758144999999999999991155 58999999999999999999999
 53 54 66 84104120130130122107 91 77 70 72 84102121137144142129109 87 6825 828D1 633131181514599999999999999 022 521217 7099999999999999
 55 51 56 70 87104116122121112101 90 83 82 89102119133142143134117 97 7825 829D1 717123183414399999999999999 056 511237 8199999999999999
 62 54 53 60 73 87100110114112106 99 94 92 96104116129138141136124107 8925 830D1 810114185414199999999999999 134 521253 9299999999999999
 73 61 56 56 63 73 84 9410210610610510310210410811612513213613512811510125 831D1 938106191613799999999999999 222 55125410299999999999999
 86 73 63 59 58 62 69 78 87 9510110510811011211411812212713013112812111125 9 1D11943131999999999999999999999 332 58999999999999999999999
 99 87 76 66 60 57 58 62 70 80 9010010811411912112112212212312412512311925 9 2D12034125999999999999999999999 516 57999999999999999999999
112103 91 79 67 57 51 50 54 63 75 8910311512312712712312011711611812012225 9 3D11523127232112299999999999999 645 50194711699999999999999
121117109 96 81 65 51 42 40 46 58 76 9411212413113212711911210810811211925 9 4D11534132999999999999999999999 745 40202810899999999999999
126128125115 99 79 59 42 33 33 42 60 82104122133136131121109100 9710111025 9 5D1 059128155013799999999999999 831 322059 9799999999999999
123133137133120 99 74 51 34 27 31 46 68 94117133139136124108 94 86 86 9525 9 6D1 2 213716 914099999999999999 910 272129 8599999999999999
111128141145138121 95 68 44 29 26 36 56 83109130141140128110 91 77 71 7725 9 7D1 253145162714299999999999999 945 2622 1 7199999999999999
 93115135148150140118 90 62 41 31 33 49 74102126140144134115 92 72 59 5925 9 8D1 3411501645144999999999999991019 302233 5799999999999999
 71 93118139151150137113 85 60 44 40 49 69 96121139146140122 97 72 53 4525 9 9D1 42715217 3146999999999999991050 4023 8 4599999999999999
 50 68 94120140150146131107 83 63 54 56 70 93118138148145131107 79 55 3925 910D1 5141501720148999999999999991119 532345 3699999999999999
 36 46 68 95120137143138122102 84 71 69 77 94116136148150139118 91 64 4325 911D1 6 21431738150999999999999991146 68999999999999999999999
 32 33 47 69 94115129133127115100 89 84 87 99116134147151145129105 79 5525 912D1 654133175715199999999999999 024 3112 8 8399999999999999
 38 31 35 49 69 90107118121117110102 97 98105117131144150148137119 96 7325 913D1 754121181715099999999999999 1 8 311224 9799999999999999
 53 40 35 39 51 67 83 97106110110108107107111119129139145146140128112 9325 914D1 929111184114699999999999999 2 1 35122010799999999999999
 74 58 47 42 44 51 62 75 87 9610310811111411712212713213713913713212211025 915D119 7139999999999999999999999 314 42999999999999999999999
 96 81 67 56 48 46 49 56 67 78 9010111011712112412612712712812812712512025 916D11946128999999999999999999999 459 46999999999999999999999
113104 91 77 63 52 45 44 50 61 75 9110511712412712612311911611511611912225 917D11511127235312399999999999999 634 44195211599999999999999
123121113100 84 66 51 42 40 47 61 79 9711412513012812211310510110110711625 918D11513130999999999999999999999 740 40202410099999999999999
124130130122106 86 64 47 38 39 49 67 89109125133132124111 98 89 85 9010225 919D1 129131152613499999999999999 827 372054 8599999999999999
117130138137126107 83 60 44 38 42 58 80103123134136128113 95 81 72 73 8425 920D1 227139154213799999999999999 9 5 382124 7299999999999999
102121137144141126103 78 56 43 42 53 73 97119135140134118 97 77 64 59 6725 921D1 313144155814099999999999999 937 412153 5999999999999999
 84106127142147139121 96 72 55 47 52 69 92116134142139124102 79 60 50 5225 922D1 35414716141439999999999999910 7 472222 4999999999999999
 66 88113133145145134113 89 69 57 57 68 89112132143143131110 84 62 46 4225 923D1 4321471630145999999999999991033 552250 4299999999999999
 51 70 95119136144140125105 85 70 65 71 87109130143146137118 92 67 48 3825 924D1 5 91441646146999999999999991058 652319 3799999999999999
 40 55 77102123136139131116 98 83 75 76 88107126141147142125102 76 54 4025 925D1 54613917 2147999999999999991122 742348 3699999999999999
 36 44 62 85107124132131122108 95 86 84 91105123138146144132111 86 63 4625 926D1 6231331721147999999999999991144 84999999999999999999999
 38 40 52 70 91109121126123114104 96 92 95105119133143144136120 98 75 5625 927D1 7 5126174014599999999999999 018 3712 5 9299999999999999
 44 41 47 59 76 93107115118115109104100101107117128137141137125108 88 7025 928D1 75511818 114199999999999999 052 41122210099999999999999
 56 48 47 54 64 78 91101108111110109107107110116123131135134127115100 8425 929D1 921111182413599999999999999 134 47122710799999999999999
 70 59 54 53 57 65 75 85 94102107110112114115118121124127128125119109 9825 930D11847128999999999999999999999 235 53999999999999999999999
 86 74 65 59 56 57 62 69 79 89 991071141191211211201191191191191171141092510 1D11443121999999999999999999999 417 56999999999999999999999
101 92 81 71 61 55 53 55 62 74 871011131211261251221171121091091101131142510 2D11428126231111499999999999999 559 53193710999999999999999
113109100 88 74 60 50 46 49 58 73 91108121129130125116106 98 96 981041132510 3D11439131999999999999999999999 7 7 4620 3 9599999999999999
120122119108 92 74 57 45 41 46 60 80101119131134129117102 89 81 81 891022510 4D1 056122145513499999999999999 756 412031 8099999999999999
117128133128114 94 72 53 42 41 50 69 92114130138134121102 83 68 63 68 832510 5D1 2 0133151213899999999999999 837 4021 1 6399999999999999
104124138142135117 93 70 52 44 47 62 84109129140140127106 81 60 47 47 592510 6D1 253142152914199999999999999 914 432133 4599999999999999
 82108131145147137117 92 70 55 51 60 80104127141145135114 86 59 38 30 352510 7D1 342148154714599999999999999 948 5122 7 2999999999999999
 55 83112136148148136114 91 73 63 65 79101124142149144125 97 66 38 21 182510 8D1 43015016 6149999999999999991020 632243 1799999999999999
 30 55 85115136147144131111 93 80 76 84101122141151150136111 80 48 24 122510 9D1 5181471626152999999999999991050 762321 1199999999999999
 14 31 58 88114133140136124109 96 89 91103120138151154146125 97 66 38 19251010D1 6 81401647154999999999999991116 89999999999999999999999
 11 17 36 61 88111125130127118108101100106119134147153150136114 86 59 36251011D1 7 2130171115499999999999999 0 2 111139 9999999999999999
 21 18 25 42 64 86104116120118114109107110118129140148149141126105 81 59251012D1 810120173814999999999999999 048 17115710799999999999999
 41 30 28 35 48 65 82 97106111113112112113117124131138141139130117100 82251013D1101011318 714199999999999999 142 28115811299999999999999
 65 51 42 40 43 52 65 78 90100107112114116117120123126128129126120112101251014D11841129999999999999999999999 254 40999999999999999999999
 88 75 63 54 49 49 54 63 75 87 99108115118119118116115114114115115114111251015D11351119204511599999999999999 431 48181711499999999999999
106 98 86 74 62 54 51 54 63 75 89103114120122119113106101 98 98102107112251016D11351122999999999999999999999 6 0 511923 9799999999999999
115114107 96 81 67 56 52 55 66 80 97111122126123115103 92 84 81 84 93104251017D1 01511514 612699999999999999 7 4 521957 8199999999999999
115122122115101 84 67 57 54 59 73 91108122130129120105 88 74 66 66 75 90251018D1 134123142413099999999999999 751 532029 6599999999999999
107121129129119102 83 67 57 58 67 85104121132134126110 89 70 56 51 56 72251019D1 228130144313599999999999999 830 562059 5199999999999999
 92113128136132119100 81 67 61 66 80100119133138133117 94 71 51 40 41 53251020D1 31213615 113899999999999999 9 3 612128 3999999999999999
 74 99120135139132116 96 79 68 68 78 95115132141138125102 76 52 36 30 37251021D1 352139151914199999999999999 934 672156 3099999999999999
 56 82107128139139128111 93 79 73 78 92112130141142132111 84 58 36 25 26251022D1 43014015371439999999999999910 3 732224 2499999999999999
 41 64 91115132139135122106 91 82 82 91108126140145138120 95 67 42 26 21251023D1 5 61391556145999999999999991031 802252 2199999999999999
 29 49 74100121134136129116101 91 87 92105122137145142128106 78 52 32 22251024D1 5431361617145999999999999991057 872321 2199999999999999
 24 37 59 84107123131130121110 99 93 94103117132142143134116 91 65 43 28251025D1 6201321640144999999999999991122 932352 2499999999999999
 24 31 47 69 91109121126122115106100 98103113126137141137124103 79 56 39251026D1 7 212617 4141999999999999991147 98999999999999999999999
 30 31 40 56 76 94108117119116111106103104110120129136136127112 92 71 53251027D1 754119172913799999999999999 026 29121310399999999999999
 41 36 39 48 63 79 93105112114113111108107110115122128130127117103 86 69251028D1 911114175713099999999999999 1 7 36124410799999999999999
 55 46 43 46 54 65 78 91101108112114113112112112115118121121117109 98 85251029D111 6114183112199999999999999 2 2 43135111299999999999999
 72 61 53 49 50 55 64 76 88 99108114117117115112110109109110110109105 99251030D11227117194711099999999999999 321 49171210999999999999999
 90 79 69 60 54 52 55 63 75 88101112119121119114107100 96 95 98101105106251031D113 1121225810699999999999999 454 521843 9599999999999999
104 98 89 77 65 57 53 55 63 77 92107119125124117106 94 84 79 79 86 951052511 1D11324125999999999999999999999 6 9 521922 7899999999999999
112114109 98 84 70 59 54 57 68 84101117127129123109 91 74 63 59 64 77 942511 2D1 046114134512999999999999999 7 7 541956 5999999999999999
110121124119107 90 73 62 58 63 77 96114128134130115 94 71 51 40 40 52 722511 3D1 15612414 613499999999999999 755 582031 3999999999999999
 95116130134127112 94 77 67 66 74 91111128138137125103 75 48 28 20 25 442511 4D1 253134142713999999999999999 838 6521 7 2099999999999999
 71 99123137140132115 97 82 75 77 89108127141144136116 86 54 27  9  6 172511 5D1 345141145014599999999999999 917 752145  599999999999999
 41 72103127140142132116100 88 85 91106124141149146130103 70 37 11 -3 -12511 6D1 436143151614999999999999999 952 852224 -499999999999999
 15 43 76106128139139129115102 95 96105121138150152143121 90 56 25  3 -62511 7D1 5271401543153999999999999991026 9423 6 -699999999999999
  0 20 48 79106125134133124113105101106117132146153150135111 80 48 21  32511 8D1 62013516141539999999999999910571012350 -299999999999999
 -1  8 28 54 82105120127125119111106106113124137147150142126101 73 46 232511 9D1 7171271647150999999999999991128106999999999999999999999
 11  9 19 37 61 84102114119119115110107110116126136142141132116 95 71 49251110D1 821120172514299999999999999 037  812 310799999999999999
 32 23 23 31 47 66 85100110114114112109108110115121128131129121108 92 74251111D1 93111518 813199999999999999 130 21125310899999999999999
 57 43 36 36 43 56 71 86 99108112113111108106106108111115117116111103 92251112D11040113191011799999999999999 230 35143510699999999999999
 79 66 56 49 48 53 63 76 89101109114114111106101 97 96 97 99102104104102251113D11133114213410599999999999999 340 4817 6 9699999999999999
 96 87 77 67 60 57 61 70 82 94106114117116110102 92 85 81 80 84 90 97102251114D11212117999999999999999999999 454 571833 8099999999999999
104102 96 86 75 67 64 67 76 88102113120121117106 93 80 69 64 65 72 83 94251115D1 0 1104124312299999999999999 6 0 641921 6499999999999999
104110110103 93 81 73 70 73 83 97111121126124114 98 80 64 52 48 53 65 81251116D1 127111131212699999999999999 657 701959 4899999999999999
 97110117117109 97 85 76 75 80 92107120128129122106 86 64 47 37 36 46 63251117D1 225118133813099999999999999 745 742032 3599999999999999
 84104118125122112 99 87 80 80 88102117129133129115 94 70 47 31 25 30 45251118D1 31212514 313399999999999999 827 7921 3 2499999999999999
 68 92112126130124112 99 88 83 87 98113127135135124104 79 52 31 19 18 29251119D1 354130142813699999999999999 9 5 832133 1799999999999999
 50 76101120131131123110 97 89 88 95108123135138132115 90 62 37 19 12 17251120D1 432132145313899999999999999 939 8722 3 1299999999999999
 35 59 86110126133130120107 96 91 93104118132139137125102 75 47 25 12 11251121D1 5 91331519140999999999999991011 902234 1099999999999999
 22 44 70 96116129131125114103 95 93100112127138140132114 89 61 35 17 10251122D1 5461311547141999999999999991041 9323 6 1099999999999999
 15 31 54 80103120128127120109100 95 98107120132139137124102 76 50 28 15251123D1 6241281616140999999999999991111 952339 1399999999999999
 13 23 41 64 88107120124122114105 99 97102113125134136129113 91 66 43 26251124D1 7 51241646137999999999999991143 97999999999999999999999
 18 20 32 51 73 93109118121117110103 99100106116125131130120103 81 59 40251125D1 751121171913299999999999999 015 181220 9999999999999999
 28 24 29 42 60 79 97109116117114108103100102107115121124120110 94 76 57251126D1 843118175712499999999999999 055 2413 910099999999999999
 42 33 32 38 50 67 84 99109115116112107102 99 99103108113114111102 90 75251127D1 938116184811499999999999999 141 321424 9999999999999999
 60 48 42 41 47 58 72 88101111116116112106 99 94 92 94 97101104103 98 90251128D11031116201610499999999999999 236 4016 5 9299999999999999
 79 67 57 51 50 55 65 78 92105114118117111102 92 84 79 79 83 89 95 98 98251129D111151182233 9999999999999999 342 501732 7899999999999999
 95 87 78 68 62 60 63 72 85 98111119121117107 93 79 68 61 61 67 77 88 98251130D11151121999999999999999999999 453 601832 6099999999999999
103103 98 89 80 72 69 72 80 93107118124124115100 81 62 47 40 42 52 68 852512 1D1 032104122412599999999999999 6 3 691919 4099999999999999
100110114110101 90 82 78 81 90103117127130125111 90 65 42 26 20 25 40 622512 2D1 156114125613099999999999999 7 5 7820 3 2099999999999999
 86105119123119110 99 90 87 90100114127135135124104 77 48 23  7  3 13 342512 3D1 3 1123132913699999999999999 8 0 872047  399999999999999
 61 88111125130126116104 96 94 99111125137142137121 96 64 32  7 -7 -7  72512 4D1 35813014 414299999999999999 848 942131 -999999999999999
 32 62 92115129133128118107100100107120134144146137116 87 52 20 -3-14-112512 5D1 452133144114799999999999999 932 992215-1599999999999999
  7 35 66 96118130132126116107102104113127141149147134110 78 44 14 -7-142512 6D1 543133152114999999999999999101310223 1-1499999999999999
 -7 13 41 72 99118128128122112105102107117131143148143128102 71 39 13 -42512 7D1 63112916 31489999999999999910531022346 -899999999999999
 -8  2 23 51 79102118124123116107101100106118131141143136120 95 66 38 162512 8D1 7161251647143999999999999991135100999999999999999999999
  4  4 16 37 62 86105117120117109101 96 97104115126134134126110 88 64 412512 9D1 757120173413599999999999999 030  31222 9699999999999999
 24 16 19 32 52 74 94108116117111103 96 92 93 99108117122122115101 84 64251210D1 834117182612399999999999999 114 161319 9199999999999999
 47 35 31 36 49 66 85101112116114107 98 91 86 86 91 98105109109104 95 81251211D1 9 8116193211099999999999999 157 311430 8699999999999999
 67 55 47 46 52 64 80 95107115116112104 94 85 79 77 80 85 91 95 98 96 91251212D1 94311621 8 9899999999999999 241 461556 7799999999999999
 83 74 66 61 61 67 77 90103113117116111101 90 79 71 66 67 71 77 84 90 93251213D110201182320 9399999999999999 329 601725 6699999999999999
 92 88 83 77 73 73 78 87 98109117119117109 98 84 70 60 54 53 58 67 77 87251214D111 1119999999999999999999999 427 721835 5399999999999999
 94 97 96 92 87 83 83 87 94104114120121117107 92 75 59 47 40 41 48 61 75251215D1 118 97114412199999999999999 536 821925 4099999999999999
 89100105105101 95 90 89 92100109118123123116102 84 64 46 33 28 32 43 60251216D1 231106122612499999999999999 648 8920 6 2899999999999999
 78 95108114113107100 94 92 96104114122126123113 96 74 51 33 21 19 27 43251217D1 32211413 712699999999999999 751 922043 1899999999999999
 64 86104116121118110101 95 94 99108119127129122108 86 61 38 20 11 13 26251218D1 4 4121134512999999999999999 841 942118 1199999999999999
 47 71 95113123124119109100 95 95103114125131130119100 75 48 25 10  5 13251219D1 441125142213299999999999999 923 942152  599999999999999
 31 55 81104120126124116106 97 94 97107120130134129114 90 62 36 15  3  4251220D1 51612714571359999999999999910 0 942226  299999999999999
 17 39 65 91112124127121111101 94 93100112126135135125105 79 50 25  8  2251221D1 5501271533136999999999999991034 9323 0  299999999999999
  8 25 50 76100117125124116105 96 91 94104117130136132118 95 67 40 18  5251222D1 62312616 81369999999999999911 8 912334  399999999999999
  4 15 36 62 87107120124120110 99 91 90 95107121131133126109 84 57 32 15251223D1 6571241645134999999999999991144 90999999999999999999999
  7 12 26 49 74 96113121121114103 93 88 89 96108121128127117 99 75 50 29251224D1 730122172412999999999999999 0 9  71224 8799999999999999
 17 14 23 40 62 85104117121117108 97 88 84 86 94106116121118107 89 68 47251225D1 8 212118 912199999999999999 044 141310 8499999999999999
 32 24 26 37 55 76 96111119119113102 91 82 79 81 89 99108111108 99 83 66251226D1 83312019 411199999999999999 119 2414 5 7999999999999999
 50 39 36 40 52 69 88104115119116107 95 84 75 71 73 79 88 96100 99 93 82251227D1 9 4119201910199999999999999 157 361511 7199999999999999
 70 59 52 51 56 68 83 99111118119113102 89 76 65 60 60 66 74 83 90 93 91251228D1 93612022 5 9399999999999999 239 501626 5999999999999999
 85 78 71 67 67 72 82 95107116121119111 98 82 66 53 46 44 50 59 71 82 90251229D11011121999999999999999999999 327 661741 4499999999999999
 93 93 90 86 82 82 86 94104114121123119109 94 75 56 40 30 27 33 45 61 77251230D1 025 94105312399999999999999 431 821846 2799999999999999
 90 99103103100 97 96 98103111119125126120108 89 67 44 25 13 11 18 34 54251231D1 226104114012699999999999999 556 961944 1099999999999999
