  3 24 52 81106123130128120110102100105116129140143136117 89 58 28  4 -825 1 1D2 61513015501439999999999999910481002323 -899999999999999
 -5  9 34 63 91113126128123112102 95 96104118132141141130109 80 49 21  225 1 2D2 6471291633143999999999999991125 952359 -599999999999999
 -5  2 21 47 75101118126125116104 94 90 93103117130138135122 99 71 43 2025 1 3D2 71812717171389999999999999912 5 89999999999999999999999
  6  5 16 37 63 89110122125119108 95 86 83 88 99113125130126112 91 66 4225 1 4D2 74712518 513099999999999999 036  41250 8399999999999999
 25 17 21 35 56 79101117124122112 99 86 77 76 81 92105115119115103 85 6525 1 5D2 81412419 011999999999999999 111 171342 7699999999999999
 48 37 34 41 56 75 96112122124117105 90 77 69 67 72 81 93102106104 96 8325 1 6D2 840124201010699999999999999 145 341444 6799999999999999
 70 59 54 55 63 77 94109121125122112 98 82 68 59 56 59 67 78 87 94 95 9225 1 7D2 9 51252151 9599999999999999 219 531558 5699999999999999
 87 80 75 73 76 84 96108119126126120108 93 76 60 49 44 45 52 62 74 84 9025 1 8D2 934127999999999999999999999 253 731717 4499999999999999
 94 94 93 91 91 94101109118125128126119106 90 71 53 39 31 30 37 49 63 7725 1 9D2 042 94101112899999999999999 331 911833 3099999999999999
 90 99104106106106107111116122127130127120106 88 66 45 28 18 17 24 38 5625 110D211 41309999999999999999999991938 16999999999999999999999
 76 93107114117117115114115118123128131130122108 86 61 37 17  6  5 15 3225 111D2 413117121513299999999999999 6591142035  499999999999999
 55 79100114122124121117114114117123130134134125108 84 56 29  8 -3 -2 1125 112D2 446124132613599999999999999 8341132124 -499999999999999
 33 59 85107121127125120113109109114122132138137127107 79 48 20  0 -8 -425 113D2 516127142613999999999999999 92910822 8 -999999999999999
 13 39 68 94114125127122113105101103111123135141139125102 72 40 13 -5 -925 114D2 54312715161429999999999999910101012247 -999999999999999
  1 22 50 80104120126123114103 95 93 99110124137142136120 94 63 32  8 -425 115D2 6 812616 2142999999999999991046 932323 -599999999999999
 -3 12 37 66 93113123123115104 92 86 87 96110125136138129110 83 53 26  825 116D2 6301241643139999999999999991121 852355  299999999999999
  2 10 29 55 83106119123117106 92 82 78 82 94109123132130119 98 72 46 2425 117D2 6511231723132999999999999991157 78999999999999999999999
 13 14 28 50 75 99116123120109 95 81 73 72 80 93107119124120106 86 64 4325 118D2 71112318 312499999999999999 024 121234 7299999999999999
 29 25 32 49 71 94112122122114100 85 73 67 69 77 90102111113107 94 77 6025 119D2 730123184611399999999999999 051 251315 6799999999999999
 46 39 41 52 70 91109121124118106 91 76 66 63 66 74 85 95101102 96 86 7325 120D2 750124193410299999999999999 116 3914 1 6399999999999999
 62 55 54 60 73 89106118124121112 98 83 70 62 59 62 69 78 86 91 92 88 8225 121D2 8111242040 9299999999999999 138 531456 5999999999999999
 75 70 68 70 78 90104115122123117105 91 77 66 58 55 57 62 69 76 82 85 8525 122D2 8341232243 8599999999999999 158 6816 6 5599999999999999
 84 82 81 82 86 93103112119122119112100 87 74 62 53 49 49 53 60 68 75 8225 123D2 9 2122999999999999999999999 2 6 811729 4999999999999999
 87 91 93 94 96 99103109115119120117109 98 85 71 58 47 40 39 43 50 61 7325 124D2 9411209999999999999999999991847 39999999999999999999999
 84 94101104105106106108111115118119116110 99 84 67 51 37 29 27 32 43 5825 125D210461199999999999999999999991947 27999999999999999999999
 74 90103111114113110108108110114118121119113100 82 62 42 26 16 15 23 3825 126D2 414114121312199999999999999 7381082036 1599999999999999
 58 80 99112119119116110106105108114121125125117101 78 53 30 12  4  6 1825 127D2 434120132512699999999999999 8461052119  399999999999999
 39 64 88108120124121113105100100106116126132131119 99 72 43 18  0 -6  125 128D2 458124142113399999999999999 929 992159 -699999999999999
 19 45 73 99117125125117106 97 92 96106119132138134119 94 63 32  7 -8 -925 129D2 52312615101389999999999999910 5 922236-1199999999999999
  3 26 56 85109124127120108 95 86 84 92106123137142135115 87 54 23  1 -925 130D2 5481271556142999999999999991040 842311-1099999999999999
 -5 13 40 71 99119127123112 96 82 74 77 89107125138141130108 78 46 19  125 131D2 6121271642141999999999999991116 742345 -399999999999999
 -2  8 31 60 89112125125116 99 81 67 63 70 85106124135135122 99 71 43 2125 2 1D2 6331271729137999999999999991153 63999999999999999999999
 10 14 29 54 81106122127120104 84 66 55 54 64 81102119128125112 91 66 4525 2 2D2 653127181812899999999999999 016 101234 5399999999999999
 30 27 36 55 78102119127124111 91 70 53 45 47 59 76 95109116113101 85 6725 2 3D2 713128191211699999999999999 045 271318 4599999999999999
 53 46 50 62 80100118128128118101 80 60 45 39 42 53 68 84 97102101 93 8225 2 4D2 731129201610399999999999999 110 4614 9 3999999999999999
 72 66 66 73 86102117127130124111 92 72 54 41 35 37 46 59 72 83 89 91 8925 2 5D2 7511302151 9199999999999999 130 651512 3599999999999999
 85 82 82 86 94105116125130128119105 88 69 53 40 33 33 38 48 59 70 78 8525 2 6D2 812130999999999999999999999 132 821633 3299999999999999
 89 92 94 98102109116122126127123115103 88 71 55 41 31 27 29 36 47 59 7225 2 7D2 83912799999999999999999999918 9 27999999999999999999999
 84 93101106110112115118121122122120114105 92 76 58 40 27 20 19 26 38 5425 2 8D2 9301239999999999999999999991932 18999999999999999999999
 72 88101110115116115114113114116118120118111 98 80 58 37 21 11 11 19 3525 2 9D2 45611612 112099999999999999 7521132034 1099999999999999
 55 77 96110117118115110106104106111118123124117103 81 56 32 13  4  6 1825 210D2 443118133912499999999999999 9 01042120  399999999999999
 38 63 87106117120116108100 94 94 99109120128129121103 78 49 24  6  0  625 211D2 454120143913099999999999999 935 932159  099999999999999
 24 49 75 99114121118109 97 86 82 85 95110124133132120 98 70 40 16  2  125 212D2 5 912115271349999999999999910 6 822232  099999999999999
 14 37 64 91111120120110 96 82 73 72 80 95113128135131115 89 60 32 12  425 213D2 52612116 8135999999999999991036 7123 2  499999999999999
 10 29 55 83106119122114 99 81 68 61 66 79 97116130133124105 78 50 27 1325 214D2 54212216471339999999999999911 6 612329 1299999999999999
 13 27 50 76101118123117103 84 66 55 54 63 80100118127126114 93 68 44 2725 215D2 5581231725128999999999999991137 532354 2299999999999999
 22 30 48 72 97116124121108 89 69 54 47 51 64 82101116121117102 82 61 4325 216D2 61412418 21219999999999999912 8 47999999999999999999999
 34 37 50 71 94113124124114 96 75 56 45 43 51 66 84101111113106 91 74 5925 217D2 631126184111399999999999999 017 341241 4299999999999999
 49 47 56 72 92110123126118103 82 63 48 41 43 53 68 84 97103103 95 84 7225 218D2 647126192410499999999999999 038 471316 4099999999999999
 63 60 64 75 91108120126122109 91 71 55 44 40 45 55 68 81 90 95 93 88 8125 219D2 7 51262017 9599999999999999 056 601355 4099999999999999
 75 72 74 81 92106117123122114 99 82 65 51 43 42 46 54 64 74 82 86 87 8525 220D2 7231242145 8799999999999999 1 8 721446 4299999999999999
 83 82 84 88 95104113120121116106 92 77 63 52 45 42 44 50 57 65 73 79 8425 221D2 744121999999999999999999999 059 8216 1 4299999999999999
 87 90 93 96100105110115117116111101 90 77 65 53 45 40 38 41 47 56 66 7625 222D2 8101179999999999999999999991747 38999999999999999999999
 85 93 99103105107109110112113112108102 93 81 68 54 42 33 28 30 37 48 6225 223D2 8581139999999999999999999991916 28999999999999999999999
 77 91102109111111108106106106108110110107 99 86 70 51 35 22 16 18 28 4425 224D2 411111113411199999999999999 7581062015 1699999999999999
 64 84101112116115109103 99 98101107113117115107 90 69 46 25 10  5 10 2525 225D2 412116131611799999999999999 846 9721 0  599999999999999
 47 72 94111119119112102 92 87 89 96108119126124112 92 65 38 15  1 -1  925 226D2 426120142012699999999999999 918 872139 -299999999999999
 30 57 84107120122115102 88 77 74 80 94111126134130115 89 59 30  8 -3  125 227D2 444123151213499999999999999 950 742215 -399999999999999
 17 43 73 99118124119105 86 69 60 61 74 93115132139132113 85 53 25  7  225 228D2 5 212416 1139999999999999991023 592249  299999999999999
 12 34 63 92114125123109 88 66 50 44 51 69 94118134139129108 79 50 26 1525 3 1D2 5201261649139999999999999991057 442320 1499999999999999
 17 32 57 85110125127116 94 69 46 33 32 44 67 93117132133122100 74 50 3425 3 2D2 5381281737134999999999999991134 302349 3099999999999999
 30 39 58 83107124130122103 77 51 30 20 24 41 65 91112124123112 93 73 5625 3 3D2 5561301827125999999999999991212 20999999999999999999999
 48 51 64 84106123132128113 89 62 37 20 15 22 40 63 86104112111101 88 7525 3 4D2 613132192111399999999999999 014 481254 1599999999999999
 66 66 74 88106122132132122102 77 52 30 18 16 24 40 60 78 92 99 99 93 8625 3 5D2 632134202510099999999999999 034 651340 1599999999999999
 80 79 84 94107121130133127113 93 70 48 31 22 20 27 39 54 69 80 86 89 8925 3 6D2 650133999999999999999999999 044 791438 2099999999999999
 88 89 92 99108118126129127119105 88 69 52 38 29 26 29 37 47 58 68 77 8425 3 7D2 7101299999999999999999999991558 26999999999999999999999
 89 94 98103109114119122122118111101 88 75 60 47 36 30 28 31 39 49 61 7325 3 8D2 7281229999999999999999999991748 28999999999999999999999
 84 94101106109111112112112111110107102 94 83 69 54 40 29 24 25 33 45 6025 3 9D2 7101129999999999999999999991920 24999999999999999999999
 76 90102108110109106103100100102105107107102 92 76 57 39 26 19 21 30 4625 310D2 4 3110123010899999999999999 8381002019 1999999999999999
 65 84100109112109102 95 89 86 89 96105112115110 97 78 55 35 20 15 20 3425 311D2 357112135411599999999999999 857 8621 1 1599999999999999
 54 77 96109114111102 90 79 73 74 82 95108119121114 98 74 50 29 16 15 2525 312D2 4 5114144712299999999999999 922 732135 1499999999999999
 45 68 91108116114104 89 74 63 60 66 80 98114125125114 93 68 43 24 17 2225 313D2 418117153112699999999999999 949 6022 6 1699999999999999
 38 61 86106118118108 91 72 56 48 50 63 82103120128124108 85 59 37 24 2325 314D2 4321191610128999999999999991017 482233 2299999999999999
 35 56 81103118122113 96 75 54 40 38 46 65 88109124127119100 77 53 36 3025 315D2 4471221647127999999999999991044 372259 3099999999999999
 37 54 77100117124118102 80 56 38 29 33 48 70 94113123122110 91 69 51 4125 316D2 5 21241724124999999999999991112 292323 4099999999999999
 42 55 75 97116125123109 87 62 40 26 24 34 53 76 98114120115101 83 65 5325 317D2 51812618 1120999999999999991140 232345 5099999999999999
 50 58 75 95113125126115 95 70 46 29 21 25 39 60 82101111113105 92 77 6625 318D2 53512718391139999999999999912 9 21999999999999999999999
 60 64 76 93110123127120103 80 56 35 23 21 30 46 66 85 99106104 97 86 7625 319D2 552127192010699999999999999 0 6 601240 2199999999999999
 71 71 79 92107120126122110 90 67 46 31 24 26 36 52 69 84 94 98 96 91 8425 320D2 6101262010 9899999999999999 024 701315 2499999999999999
 80 79 84 93105116122122114 99 79 59 42 32 28 32 41 54 67 78 86 90 90 8825 321D2 6291232133 9099999999999999 037 791358 2899999999999999
 87 87 90 95103111118119115105 90 73 57 44 36 33 35 42 51 61 70 78 84 8825 322D2 649119999999999999999999999 030 8715 2 3399999999999999
 91 93 96 99103108112114113108 99 87 73 60 49 41 35 34 37 44 52 63 73 8325 323D2 7111149999999999999999999991646 34999999999999999999999
 91 97102104105106106107107106103 97 89 79 67 55 43 34 29 29 35 44 58 7225 324D2 7331079999999999999999999991830 29999999999999999999999
 87 98106109108105101 98 97 98100102101 97 88 75 59 43 30 22 21 27 41 5925 325D2 316109111910299999999999999 758 971938 2099999999999999
 78 95107113112106 97 89 85 85 90 98106110107 98 82 61 41 24 15 16 26 4425 326D2 319113131211099999999999999 825 842027 1499999999999999
 66 89106116116108 95 82 72 68 73 85 99113120118106 86 61 38 20 13 17 3225 327D2 331117141812099999999999999 854 6821 8 1399999999999999
 55 80103117120112 96 77 60 51 52 63 82103120129125110 87 60 36 21 18 2725 328D2 347120151312999999999999999 926 502145 1799999999999999
 47 73 98116123118101 78 55 37 31 37 56 81107127134129111 86 60 39 28 3125 329D2 4 412316 513499999999999999 959 312219 2899999999999999
 45 68 94115126124109 85 56 31 16 15 28 53 82110129135127108 85 62 46 4225 330D2 4221271655135999999999999991035 132251 4299999999999999
 50 68 91114128131119 96 66 35 12  1  6 24 52 83110126130121104 84 67 5825 331D2 4411311745130999999999999991112  12319 5799999999999999
 60 72 91112129135128109 80 48 19  0 -6  4 25 54 83106119121112 99 84 7425 4 1D2 5 11351838121999999999999991151 -62343 7199999999999999
 72 79 93111127136135121 97 66 36 11 -3 -4  8 29 55 80 99109110104 94 8625 4 2D2 5221371935110999999999999991234 -6999999999999999999999
 83 86 96110124134136128110 85 57 31 12  2  4 15 34 55 75 90 97 99 97 9325 4 3D2 5441372048 9999999999999999 0 2 831321  199999999999999
 90 92 98108119128132129118100 78 55 34 19 12 14 23 37 53 69 80 88 92 9325 4 4D2 6 7132999999999999999999999 011 901418 1299999999999999
 94 96100106113120124124119108 93 76 59 43 31 24 24 29 38 50 63 74 82 8925 4 5D2 6311249999999999999999999991534 23999999999999999999999
 94 98101104107110112113112107100 91 79 67 54 43 34 30 32 38 48 59 71 8325 4 6D2 6521139999999999999999999991715 30999999999999999999999
 92 98102103103102101100 99 99 99 97 93 87 77 64 51 40 33 32 37 47 60 7525 4 7D2 3101049999999999999999999991840 32999999999999999999999
 88 98104105102 97 91 86 85 86 90 94 98 99 95 85 71 55 42 33 32 38 51 6725 4 8D2 2431051240 9999999999999999 8 6 851939 3299999999999999
 84 98106109104 96 85 75 70 70 75 85 95104106102 90 73 55 41 33 34 44 6025 4 9D2 249109135410799999999999999 831 692022 3299999999999999
 79 96108113109 98 83 69 58 54 59 70 85100111113106 91 72 53 40 35 40 5425 410D2 3 2113144611399999999999999 857 542058 3599999999999999
 73 93109116114103 86 66 50 41 42 53 70 90107117117107 89 69 51 41 41 5125 411D2 317117152911899999999999999 924 412130 4099999999999999
 69 90108119119109 91 68 47 33 29 36 53 75 97114122118104 85 66 51 46 5125 412D2 33312016 912299999999999999 952 282159 4699999999999999
 66 86106120123116 98 74 49 29 19 21 35 58 83105119123115 99 81 64 54 5525 413D2 3501231647123999999999999991019 182227 5399999999999999
 66 83103119126121106 82 55 31 15 12 21 41 66 91111121120110 94 77 65 6125 414D2 4 81261724122999999999999991047 112253 6199999999999999
 67 82100117127126113 91 64 37 17  8 11 26 49 75 98113119115103 88 76 6925 415D2 42612818 2119999999999999991115  72318 6999999999999999
 71 81 97114125128120101 75 48 24 10  7 16 35 59 82101112114107 97 85 7725 416D2 4461291840114999999999999991144  62341 7699999999999999
 76 82 95110122128124109 87 60 36 17  9 11 24 44 66 86101108107101 92 8525 417D2 5 71281924108999999999999991216  8999999999999999999999
 82 85 94106118125125115 97 74 50 29 16 13 19 32 51 70 86 97101101 96 9125 418D2 529126201810299999999999999 0 2 821252 1399999999999999
 88 89 94103113120123118105 86 65 44 29 20 19 26 38 53 69 82 91 96 97 9525 419D2 5521232146 9799999999999999 022 881336 1899999999999999
 94 94 96101108114118117109 96 79 61 45 32 26 25 30 40 52 66 78 87 93 9725 420D2 618118999999999999999999999 038 931435 2599999999999999
 98 99 99101104107110111108102 91 78 64 50 39 32 29 32 39 49 62 75 86 9525 421D2 64911199999999999999999999916 0 29999999999999999999999
101103104102101100100101101101 97 91 82 71 58 46 37 31 31 36 47 61 76 8925 422D2 136104 8 410199999999999999 5261001733 3099999999999999
100107108105100 93 89 87 88 91 95 97 96 91 81 68 53 41 32 31 36 48 64 8225 423D2 1481081116 9799999999999999 7 8 871845 3099999999999999
 97108112109101 89 78 71 69 73 82 93101105102 92 77 60 44 34 33 40 55 7425 424D2 2 411213 510599999999999999 746 691940 3299999999999999
 93108116115105 89 71 57 49 50 60 76 94108115113102 84 65 49 39 40 50 6725 425D2 222117141611699999999999999 821 492027 3899999999999999
 88107119121112 94 71 48 32 27 34 50 74 97116124122109 90 70 55 48 52 6525 426D2 241121151612599999999999999 857 2721 8 4899999999999999
 85105121127121103 77 49 24 10  9 21 45 74101121130126112 94 75 63 60 6825 427D2 3 1127161013099999999999999 934  72146 6099999999999999
 84103121132130116 90 59 27  3 -8 -3 15 44 76104123131126112 96 81 73 7525 428D2 32413317 4131999999999999991013 -82220 7399999999999999
 86102120134137128106 76 41 10-11-17 -8 15 46 78105121127122110 96 86 8325 429D2 3481381758127999999999999991054-172251 8399999999999999
 89102118133140137122 95 62 29  1-16-17 -5 19 49 79102116120115106 97 9225 430D2 4151411853120999999999999991137-182319 9199999999999999
 93101114128138141132112 84 53 22 -1-12-10  4 27 53 78 97108111108102 9725 5 1D2 4441411954111999999999999991222-132345 9699999999999999
 96100109121132137135123102 76 48 23  5 -3  1 14 34 56 77 9210110410310025 5 2D2 51513721 7104999999999999991310 -3999999999999999999999
 98 99104112121128130125112 94 72 49 29 16 10 14 25 41 59 76 88 9610010025 5 3D2 549130224010099999999999999 012 9814 5 1099999999999999
 99 99100104110115118118113103 88 71 54 39 28 24 26 34 47 62 76 87 95 9925 5 4D2 627119999999999999999999999 049 9915 9 2499999999999999
100100 99 98 99101104105105102 95 86 75 62 49 40 35 36 42 53 66 79 90 9825 5 5D2 0 2100 72310599999999999999 244 981623 3599999999999999
102102100 96 92 90 89 89 91 93 94 92 88 81 70 59 49 44 43 48 59 72 85 9625 5 6D2 039102 957 9499999999999999 6 5 891735 4399999999999999
103106104 98 90 82 76 73 74 78 84 90 94 93 88 78 67 56 50 49 55 66 80 9325 5 7D2 1 41061224 9499999999999999 713 731835 4999999999999999
104110110103 92 79 68 60 58 61 70 81 91 98100 95 85 72 61 55 55 63 75 9025 5 8D2 126111134410099999999999999 752 581926 5499999999999999
104113115110 98 81 64 51 44 44 53 67 83 97106107101 89 76 65 60 63 72 8725 5 9D2 148115144110899999999999999 824 4320 9 6099999999999999
102114120117105 87 66 47 34 30 35 49 69 89105113113105 91 78 68 66 71 8425 510D2 210120152811499999999999999 855 302048 6699999999999999
 99113122122113 95 72 48 29 19 20 32 52 75 97113119116105 92 79 72 73 8225 511D2 23212416 911999999999999999 924 182124 7199999999999999
 96111123127120104 80 54 30 15 10 17 35 59 84105119122116104 91 80 77 8125 512D2 254127164912299999999999999 954 102157 7799999999999999
 93108122129127114 91 64 37 16  5  6 19 42 68 93112121121113101 89 82 8325 513D2 3181291727122999999999999991024  42228 8199999999999999
 91104118129131122103 77 48 23  6  1  8 26 51 77100115120117108 97 89 8625 514D2 34313118 6120999999999999991055  12257 8699999999999999
 90100114126132128114 90 62 35 14  2  2 14 35 60 84103115117112104 95 9025 515D2 4 91321848117999999999999991128  12325 8999999999999999
 90 97109121130131122103 78 50 26  9  3  8 23 44 67 89104112113108101 9425 516D2 43613119341139999999999999912 4  32355 9299999999999999
 92 96104115125129126113 92 67 42 22 10  8 15 31 51 72 91103109109105 9925 517D2 5 51292028109999999999999991242  7999999999999999999999
 96 96100109117124125118103 83 60 39 22 14 14 23 38 57 75 9110210710710425 518D2 537125213110799999999999999 030 951327 1399999999999999
100 98 98102109115119117109 95 77 58 40 27 21 22 31 44 61 78 9210210710725 519D2 616119223610899999999999999 119 971419 2199999999999999
105101 98 97 99103107110108102 91 76 61 46 35 30 30 38 50 65 81 9510410925 520D2 711110232810999999999999999 244 971522 2999999999999999
109105100 94 91 90 92 96 99100 98 91 81 68 56 45 39 39 45 57 71 8710010925 521D2 852100999999999999999999999 444 901632 3899999999999999
112110103 94 84 77 74 76 81 88 94 97 96 89 79 68 57 50 49 54 65 80 9510825 522D2 0 61121111 9799999999999999 6 8 741741 4899999999999999
115116109 98 83 68 58 55 58 67 79 92101104101 92 80 69 61 59 65 76 9110625 523D2 03611613 010499999999999999 7 1 551843 5999999999999999
117121117105 87 66 48 36 33 40 55 74 92106113112104 92 80 72 71 77 8910425 524D2 1 3121142011499999999999999 747 331939 7099999999999999
118126126116 98 73 47 26 14 14 26 46 71 95113122121113101 89 82 82 9010325 525D2 131127152612399999999999999 830 132029 8199999999999999
117129134129112 87 57 28  6 -4  0 17 42 72 98118127126118107 96 91 9310225 526D2 2 1134162412899999999999999 913 -42114 9199999999999999
115129138139128106 75 42 12 -8-15 -7 14 43 74101120129127119109101 9810225 527D2 234140172012999999999999999 958-152154 9899999999999999
113126138144140124 98 65 31  2-16-19 -7 16 46 7710312012712511710910310225 528D2 3 91441814127999999999999991043-19223310299999999999999
109120133143145137118 89 56 24 -2-16-16 -2 23 52 8010311712212011310610325 529D2 34614619 7122999999999999991128-18231010299999999999999
105113124136143142131110 82 50 21  0-10 -7  9 32 59 8410311411711410810325 530D2 4261441956117999999999999991214-10235010199999999999999
101105113124133138135122102 75 48 23  7  1  6 22 43 67 8810311111210910325 531D2 5 913820421139999999999999913 0  1999999999999999999999
 99 98103110119127129125112 94 71 48 29 17 14 21 36 55 76 9310511010910525 6 1D2 554129212311099999999999999 038 981346 1499999999999999
 99 95 95 98104111116117113103 88 70 52 38 29 29 36 50 67 85 9810711010825 6 2D2 64511822 211099999999999999 139 941433 2899999999999999
102 96 91 89 90 94 99103105102 95 84 72 59 48 43 43 51 64 79 9310411011125 6 3D2 752105223811199999999999999 3 5 891522 4299999999999999
107100 92 85 81 80 82 86 91 94 94 91 85 77 67 59 55 57 64 76 8910111011425 6 4D2 939 94231311499999999999999 448 801615 5599999999999999
113107 97 87 77 70 67 69 73 80 86 91 92 90 84 77 71 67 69 76 86 9810911625 6 5D21152 92234811899999999999999 6 9 671713 6799999999999999
117114105 92 78 66 57 54 56 63 73 84 92 97 98 94 87 80 77 79 85 9510611625 6 6D21333 98999999999999999999999 7 4 541813 7799999999999999
121120113100 84 66 52 43 41 46 57 71 86 98105106102 95 88 85 86 9310311325 6 7D2 023121144110799999999999999 746 401912 8599999999999999
122124121109 92 72 52 37 29 30 40 56 74 93106114114109101 93 90 9310011025 6 8D2 057124153111599999999999999 823 2820 6 9099999999999999
120127127119103 82 58 37 23 18 24 38 59 81101115121119112103 96 94 9810625 6 9D2 131128161412199999999999999 858 182053 9499999999999999
117127131127115 94 69 44 24 12 12 22 41 65 90109121125121112103 97 9710325 610D2 2 4131165412599999999999999 932 102134 9699999999999999
113124132134125107 83 55 30 12  5  9 25 48 74 98116125125119110102 9810025 611D2 23813417331269999999999999910 8  52210 9899999999999999
108120131136133120 98 70 42 19  5  2 11 31 56 82105120126123116107100 9825 612D2 3121371811126999999999999991043  12245 9899999999999999
103114126135138130113 87 59 32 11  1  3 17 39 65 90110121124120112103 9825 613D2 3471381851124999999999999991120  12320 9899999999999999
100107118130137136124104 77 49 24  8  2  9 25 49 74 9711312212211610810025 614D2 4231381930122999999999999991157  22358 9799999999999999
 97101110121131135131116 94 68 42 21  9  8 17 36 59 8310311612111911210425 615D2 5 113520 9121999999999999991235  7999999999999999999999
 97 96101110120128130123107 86 61 39 22 14 17 29 48 70 9210811812011610825 616D2 543130204712099999999999999 041 961315 1499999999999999
 99 94 93 98106115122122114100 81 60 41 29 25 30 43 61 8210011312011911225 617D2 632123212212099999999999999 135 931356 2599999999999999
103 94 88 87 91 98106112113107 95 80 63 49 41 39 45 58 75 9310811812111725 618D2 737113215512199999999999999 241 871441 3999999999999999
108 97 87 79 77 79 86 94101104102 95 84 72 62 56 56 62 74 8910411612212225 619D2 9 7104222712399999999999999 359 771532 5599999999999999
115104 90 76 66 62 64 70 80 90 97100 98 93 85 78 73 73 79 8910211412312625 620D211 710023 112699999999999999 514 621629 7299999999999999
123113 98 81 64 51 45 46 54 67 81 93102105104 99 93 89 89 9310211212212925 621D21311105234013099999999999999 619 441734 8899999999999999
130124111 92 70 50 34 27 29 39 56 75 9310611411511210710210110511212113025 622D21445116999999999999999999999 717 26184410199999999999999
135134125109 85 60 36 18 11 14 28 49 72 9511212212512211611110911211912825 623D2 023135155312599999999999999 810 11195410999999999999999
136140138126106 79 49 23  5 -1  4 21 46 73 9911712813012712011511311612325 624D2 111140164913099999999999999 9 1 -1205511399999999999999
133141145141126102 72 41 14 -4 -9  0 20 48 7710312213113212712011411211725 625D2 2 2145173613299999999999999 951 -9214611299999999999999
125136145148142124 98 66 34  7 -8-10  2 25 54 8310812413112912311511010925 626D2 2521481818131999999999999991037-11223110999999999999999
116126138147149140120 92 60 29  5 -7 -5 10 34 63 9111312512812411610810325 627D2 3411491853128999999999999991122 -8231310399999999999999
105113126138146145134113 85 54 26  7 -1  5 23 48 7610011712512411710810025 628D2 42814719241259999999999999912 3 -12356 9799999999999999
 97101111123135141138126105 78 51 27 13 11 21 40 64 89109121124119110 9925 629D2 5141411951124999999999999991241 10999999999999999999999
 92 91 96106118128132128115 95 72 50 32 24 27 39 59 8210211712312111310225 630D2 6 1132201512399999999999999 041 911316 2499999999999999
 92 86 85 91101111119121116105 88 69 53 41 39 45 59 78 9711312212411810825 7 1D2 651121203912499999999999999 132 851348 3899999999999999
 96 85 80 80 85 93101108109106 97 84 71 60 54 56 64 78 9511012112612311425 7 2D2 74911021 512699999999999999 230 791420 5499999999999999
102 90 80 74 73 77 83 91 97 99 98 93 85 77 71 69 73 81 9410811912612612025 7 3D2 9 9100213312799999999999999 339 731454 6999999999999999
110 97 84 74 67 65 67 73 81 88 93 95 94 91 88 85 84 88 9610611612412812525 7 4D21113 9522 612899999999999999 455 651536 8499999999999999
118106 93 79 67 58 55 57 64 73 82 91 97100101 99 97 9710010611412112712825 7 5D21338101224612899999999999999 6 5 551637 9799999999999999
124116103 88 72 58 49 45 48 56 68 81 9310310911111010710610711111812412825 7 6D21459111233712999999999999999 7 3 4518 410699999999999999
129124114 99 82 63 48 38 35 40 51 67 8410011211812011711311111111412012625 7 7D21546120999999999999999999999 752 35192911099999999999999
130131125113 95 74 53 36 27 26 34 49 69 9010812012612512111511111111512225 7 8D2 033131162312699999999999999 836 25203511199999999999999
129134133126110 88 64 42 25 17 20 32 51 75 9811612713112712111411011011625 7 9D2 126135165713199999999999999 917 17212310999999999999999
125134139136125105 80 53 30 15 10 17 33 57 8310712413213212611711010711025 710D2 214139172913399999999999999 956 1022 210799999999999999
118129139143137122 98 70 42 20  7  7 18 39 66 9311512913413012111110410325 711D2 25814318 1134999999999999991033  5223910399999999999999
109121134143145136116 89 60 32 13  4  8 25 49 78104123132133125114104 9925 712D2 3401451831134999999999999991110  42315 9899999999999999
101110123137145143131108 80 51 26 10  7 16 37 63 91114129133129118106 9625 713D2 4221451859133999999999999991145  62354 9399999999999999
 93 98109124137143138123100 72 45 24 14 16 30 53 79104123132132123109 9625 714D2 5 61431925133999999999999991219 13999999999999999999999
 88 87 94107122133137131115 92 67 44 29 25 32 49 72 96117130133127114 9925 715D2 553137194913399999999999999 035 861252 2599999999999999
 86 79 80 89102116126129122107 87 67 50 41 42 52 70 9211212713413112010525 716D2 646129201213499999999999999 121 791325 4099999999999999
 89 76 70 73 81 94107116119113102 87 72 62 58 63 74 9110912513413412711325 717D2 749119203513599999999999999 214 701357 5899999999999999
 96 80 67 62 63 71 83 95105109107100 91 83 78 78 84 9510912313313713312225 718D2 91110921 013799999999999999 316 611429 7799999999999999
107 89 72 59 52 53 59 70 82 93101104103100 97 96 9810311212313213713713125 719D21117104213113899999999999999 427 5115 0 9699999999999999
119103 85 66 52 43 41 46 57 70 84 9610410911111211211311712313013613913825 720D22215139999999999999999999999 544 41999999999999999999999
131119102 83 62 44 33 29 33 44 60 78 9510811812212412312312412813213714025 721D22324140999999999999999999999 658 29999999999999999999999
139133122104 82 58 37 23 18 22 35 54 76 9711412613113112912612512613113625 722D21631131999999999999999999999 8 2 18195412599999999999999
141142138126106 80 54 30 14  9 15 31 54 7910312113213513312812212012212825 723D2 04814217 013599999999999999 858  921 512099999999999999
136143147142128106 78 48 23  8  4 13 33 59 8711112813613512912111411211625 724D2 159147172613699999999999999 947  4215211299999999999999
125137146150145128103 73 42 18  5  5 18 41 70 9812013313613112111110410425 725D2 2571501750136999999999999991029  3223110399999999999999
111124138149152144125 97 66 37 16  7 12 30 56 85110128135132122110 99 9325 726D2 34815218121359999999999999911 7  723 8 9399999999999999
 97107123138148149138117 89 59 34 18 15 26 48 75102122133134125111 97 8725 727D2 4331501832135999999999999991141 152344 8599999999999999
 85 92105122136144142128107 80 54 35 26 30 46 69 95117131135129116100 8525 728D2 5171441851135999999999999991211 26999999999999999999999
 78 79 88103119131136131117 97 74 54 42 40 50 68 91113130136133121105 8825 729D2 6 013619 913699999999999999 022 771238 3999999999999999
 76 71 75 86101115124126120107 90 72 59 54 58 72 91111127137136127112 9525 730D2 645127192813899999999999999 1 2 7113 3 5499999999999999
 79 70 67 73 84 97108115116110 99 87 76 70 70 78 9311012513613813211910325 731D2 736116194813899999999999999 146 671325 6999999999999999
 86 73 66 65 70 80 91100106107103 97 90 85 84 88 9711012313313813512611225 8 1D2 84010720 913899999999999999 236 651345 8399999999999999
 96 81 70 63 63 67 75 84 92 98101101 99 98 97 9810311112113013613613012025 8 2D21031101203413699999999999999 338 621354 9799999999999999
107 92 78 68 61 59 62 68 76 85 93 9910410610810911111512012613213413212625 8 3D221 8134999999999999999999999 454 59999999999999999999999
117104 91 77 65 57 53 54 60 69 80 9110211011611912012012112412713013113025 8 4D222 5131999999999999999999999 615 53999999999999999999999
125117105 90 75 60 50 44 45 52 63 78 9410811912512712612412212312512813025 8 5D216 3127234113199999999999999 723 44192412299999999999999
131128120106 89 70 53 40 34 36 45 61 8010011712813213212812211911912212725 8 6D21620133999999999999999999999 817 34203711899999999999999
132135133123107 86 63 43 29 24 29 43 64 8710912613513613212411711311412025 8 7D2 1 5135164113799999999999999 9 1 24211811299999999999999
129137141138125105 79 53 32 19 17 27 46 71 9712013413913612711610810511025 8 8D2 2 514117 413999999999999999 940 16215310599999999999999
120133143147141124 99 71 43 22 12 15 31 55 83110130140139131117105 97 9825 8 9D2 2551471726141999999999999991016 122226 9699999999999999
107122137149151141120 92 62 35 17 13 22 42 70 99123138142135120104 91 8625 810D2 3411511748142999999999999991051 1223 0 8699999999999999
 91105123141151150137113 84 55 31 19 21 36 60 89116135142138125106 89 7825 811D2 42615218 8143999999999999991123 182336 7699999999999999
 76 86104124141149146130106 78 52 35 30 38 57 82109131142142130112 91 7425 812D2 5121501828143999999999999991154 30999999999999999999999
 66 68 82101122137143138122 99 76 56 46 47 60 81105127141144136119 97 7625 813D2 6 1143184714599999999999999 014 651223 4599999999999999
 61 56 63 78 97117130134128114 96 78 66 63 70 85105125140146142128107 8425 814D2 65413419 514699999999999999 056 561249 6399999999999999
 65 53 51 58 73 91108119123118109 97 86 82 84 94109125139147146136118 9725 815D2 755123192414899999999999999 142 501311 8199999999999999
 76 58 49 47 54 67 83 97107112111107102 98 9910411412613814614714212911225 816D2 918112194514899999999999999 238 471323 9899999999999999
 92 73 57 48 45 50 60 72 85 9610310710911011211512112813614314614413712525 817D22010146999999999999999999999 350 45999999999999999999999
110 92 75 59 48 43 44 50 61 74 87 9810811512012412713013413814014113913425 818D22049141999999999999999999999 520 43999999999999999999999
125113 97 80 62 48 39 37 41 51 66 82 9811212312913213213213213313413513625 819D22259136999999999999999999999 651 36999999999999999999999
135130119104 84 64 46 33 29 33 45 63 8410412013113513513112612312312613125 820D21620135999999999999999999999 8 0 29203612399999999999999
136139137127109 86 62 41 27 23 29 45 67 9111312913613613112311511111311925 821D2 1 6139163013799999999999999 853 23211411199999999999999
129139145143131110 84 57 35 22 21 32 52 78104124136138132121109101 9910425 822D2 216145164513899999999999999 935 202146 9999999999999999
116131144150146131107 78 51 30 21 25 42 66 94118134139135123107 94 87 8925 823D2 3 815017 1139999999999999991011 212218 8699999999999999
 99116134147152145126100 71 46 30 27 37 59 85112131140138126109 91 79 7525 824D2 3541521717141999999999999991042 262250 7599999999999999
 82 98118136148149138118 91 65 44 35 40 56 80106128140141131113 93 76 6625 825D2 4351501733142999999999999991110 352322 6699999999999999
 68 80 99120137145143129108 83 62 49 47 58 78103125140144136120 98 78 6325 826D2 5161461750144999999999999991136 462354 5999999999999999
 59 65 81101121135139133119 99 79 64 59 65 80101123139145141126106 84 6525 827D2 55613918 61469999999999999912 0 59999999999999999999999
 55 56 66 84103120130131123110 94 80 73 74 84101120137145144133114 92 7225 828D2 637132182314699999999999999 027 541221 7299999999999999
 58 53 57 70 86103116123122115104 93 86 85 91103119134144145137122102 8225 829D2 723123184114699999999999999 1 1 531240 8499999999999999
 65 56 54 61 72 87100110114114109103 98 96 99107119131140144140128112 9325 830D2 819115185914499999999999999 141 541252 9699999999999999
 76 64 57 57 63 73 84 9510310710810710610610811212012813614013913212010525 831D2 957108191914099999999999999 229 57124010699999999999999
 89 76 66 60 59 63 70 79 87 9510210711011311611912212713213513613212511525 9 1D21941136999999999999999999999 339 59999999999999999999999
103 90 79 69 61 58 59 63 71 80 9010111011712212512612712812913013012712325 9 2D22016130999999999999999999999 520 58999999999999999999999
116106 95 82 70 59 53 51 54 63 75 8910411712613013112912612412312412512625 9 3D2154313123 712699999999999999 651 5120 312399999999999999
125121112 99 83 67 53 43 41 46 58 74 9411212613413613212612011511511812425 9 4D21547136999999999999999999999 751 41203611599999999999999
129132129119102 82 61 44 33 32 41 58 8010312313514013612711610810410711525 9 5D2 05913216 114099999999999999 837 3221 410499999999999999
126136140136123102 77 53 35 26 29 43 65 92116134142140130115101 93 9210025 9 6D2 2 3140161714299999999999999 915 262134 9199999999999999
115131144148142124 99 71 46 29 25 33 53 80107130143144134117 98 83 77 8225 9 7D2 255148163514599999999999999 951 2522 4 7799999999999999
 96117137151153143122 94 65 43 30 32 46 71 99125142146139121 99 78 64 6325 9 8D2 3431541652147999999999999991024 292237 6299999999999999
 74 94119141154154141117 89 63 45 40 48 67 93120140149144128104 78 58 4825 9 9D2 4301551710149999999999999991055 402312 4899999999999999
 52 69 94121142152150135112 87 66 55 56 70 92116138150149136113 85 59 4225 910D2 5181531728151999999999999991124 542349 3799999999999999
 38 47 67 94119138146142127108 88 75 71 78 95116136150153144124 97 69 4625 911D2 6 71461746154999999999999991150 71999999999999999999999
 33 33 46 67 92115131136132120106 94 88 90101118135149155150135111 84 5825 912D2 7 113618 515599999999999999 029 311213 8799999999999999
 40 31 34 47 67 89107120124122115107102102109121134147154153143125101 7725 913D2 8 5124182415499999999999999 114 31122710299999999999999
 56 41 35 39 49 65 82 97108113114113112112117124134143149151146134117 9725 914D2 949114184415199999999999999 2 8 35121311299999999999999
 78 61 48 42 43 50 61 74 87 9710511111511812212713213814214414213712711425 915D219 4144999999999999999999999 321 42999999999999999999999
100 85 70 58 49 46 49 56 66 78 9110211212012612913113313413413413212912525 916D219 5134999999999999999999999 5 4 46999999999999999999999
117107 94 80 65 53 46 45 50 60 75 9010611812713113112912512312112212412625 917D21532132235112799999999999999 641 44201412199999999999999
127124117104 87 69 53 43 41 47 60 77 9711412713313312711911210710711111925 918D21527133999999999999999999999 747 41203410799999999999999
127133133125110 89 68 50 40 39 48 66 87108125134135128117105 95 92 9510525 919D2 130134153613699999999999999 833 3821 0 9299999999999999
119132140140129111 87 64 47 39 43 57 78102122135138132118101 87 78 78 8725 920D2 228141154913899999999999999 910 392128 7799999999999999
104122138146143129107 82 60 46 43 53 72 95118135141136122103 83 69 64 7025 921D2 31514616 314199999999999999 942 422157 6499999999999999
 85106128143148141124101 77 58 49 53 68 91115134143141128107 84 64 53 5425 922D2 3561481619144999999999999991011 492226 5299999999999999
 67 88112133146147136117 94 73 60 59 69 88111132144145134114 89 66 49 4425 923D2 4361481635146999999999999991038 582254 4499999999999999
 51 70 94118136145142129109 89 74 68 73 88109129144148140122 97 71 50 3925 924D2 51414516511489999999999999911 3 682323 3899999999999999
 41 54 76100122136140134120103 88 79 80 90107126142149145129106 80 57 4125 925D2 55214117 8149999999999999991126 782353 3699999999999999
 36 44 61 83106123133134126113100 91 88 94107124139148147135115 91 67 4825 926D2 6321351726148999999999999991148 88999999999999999999999
 38 40 51 69 89108121127125118109101 97100108121135144146139123102 79 5925 927D2 715127174514799999999999999 024 3812 7 9799999999999999
 46 41 46 58 75 92107116120118113108105106111120131140143140129112 92 7225 928D2 8 812018 414399999999999999 058 41122110599999999999999
 57 49 48 53 64 77 91102109113113112111112115121128134138138131119103 8725 929D2 941113182213999999999999999 140 47121211199999999999999
 72 61 55 54 58 65 75 86 9510310911311611812012312612913213212912311310125 930D21838133999999999999999999999 241 53999999999999999999999
 88 76 67 60 57 58 62 69 79 901001091171221251261261261251251241221181122510 1D21527126999999999999999999999 419 57999999999999999999999
104 94 83 72 63 56 53 56 63 74 881021141241291301281231191151141151171182510 2D21443130225911899999999999999 6 3 5320 011499999999999999
116111102 90 76 62 52 47 49 59 73 911091231321341301221131051021031091162510 3D21449134999999999999999999999 711 47201310299999999999999
123125121111 95 76 59 46 42 47 60 79101120133138134123109 96 88 87 931052510 4D2 05612515 213899999999999999 8 0 422038 8699999999999999
120131136131118 97 75 56 43 41 50 68 91115132141139127109 89 74 68 72 862510 5D2 2 2136151814299999999999999 841 4121 6 6899999999999999
106126140145138121 98 74 55 45 48 62 84109130143144133112 88 65 52 50 612510 6D2 255145153414599999999999999 918 452138 4999999999999999
 82108132148151142122 98 75 59 54 62 80104127144149140120 92 64 42 32 362510 7D2 345152155214999999999999999 952 542211 3299999999999999
 55 82112137152153141121 98 78 68 69 81102125143152148130103 71 42 23 182510 8D2 4341541612153999999999999991025 672248 1899999999999999
 29 53 84114138150149137118 99 85 81 87103123142154155142117 85 52 26 122510 9D2 5241511632156999999999999991054 812326 1099999999999999
 13 29 55 86114135144142131116102 95 97107123140154158151131103 71 41 19251010D2 6171441654158999999999999991121 95999999999999999999999
 10 15 33 58 86111127134132124115107106112123138150157155142120 91 62 37251011D2 714134171715899999999999999 0 8 10114310699999999999999
 21 16 23 39 61 84104117123123119115113116123134144152153146131110 85 62251012D2 825124174115499999999999999 054 16115711399999999999999
 42 30 27 33 46 63 81 97108114117117117119123129137143145143135122104 86251013D218 6145999999999999999999999 149 27999999999999999999999
 68 52 42 39 42 51 63 77 90101109115118121123126129132133133131125116104251014D21829134999999999999999999999 3 1 39999999999999999999999
 91 78 65 55 49 48 53 62 74 87 99109117122124124122121120119119118117114251015D21422124999999999999999999999 437 48999999999999999999999
109100 89 76 64 56 52 54 62 75 89103115123126124119113107103103105109114251016D214 8126999999999999999999999 6 6 52194210399999999999999
117116110 98 84 70 59 54 56 66 80 97112123129127120109 98 89 86 88 95106251017D2 017117141712999999999999999 7 9 5420 8 8699999999999999
116123124118104 88 71 60 56 61 73 91109123132132124110 94 79 71 70 77 91251018D2 138125143113399999999999999 756 562036 6999999999999999
107122131131122106 88 71 61 61 70 86105122134137130114 95 75 60 54 59 72251019D2 232132144713799999999999999 834 6021 4 5499999999999999
 92112129137135123105 86 72 65 69 82101120135141136121 99 75 55 43 43 54251020D2 31813815 414199999999999999 9 7 652132 4199999999999999
 74 98120136141136121103 85 74 73 81 98117134143142129107 80 56 38 31 38251021D2 359141152214499999999999999 938 7222 0 3199999999999999
 55 80106128141142133117100 85 79 83 96114132144146136116 89 61 38 26 26251022D2 43714315411469999999999999910 7 792228 2499999999999999
 39 62 89115133142139128112 98 88 87 96111128142147142124 99 70 45 27 21251023D2 51514216 0147999999999999991035 862257 2199999999999999
 28 47 72 98121135139133122108 97 93 97109124139147145132110 82 55 34 22251024D2 55313916211489999999999999911 1 932326 2199999999999999
 23 35 57 82106124133133127116106100100108121134144146138120 95 68 45 29251025D2 6321341643146999999999999991126 992358 2499999999999999
 24 30 45 66 89109122128127120112106104108117129139144140127106 82 59 40251026D2 71512817 5144999999999999991149104999999999999999999999
 30 30 39 55 74 93109118122120116111109110116124133139138130115 95 74 55251027D2 8 8122172813999999999999999 033 29121210999999999999999
 42 36 38 47 61 77 93106114117117115114113116121127132133130120106 88 71251028D2 929117175213399999999999999 114 35123511399999999999999
 56 47 43 45 53 64 78 91102110115117118118118119121124125125120112100 87251029D21816125999999999999999999999 2 7 43999999999999999999999
 74 62 54 49 50 55 64 76 89101110117121122121119117115115115114112108101251030D21252122999999999999999999999 323 49999999999999999999999
 91 81 70 61 55 52 55 63 75 89103115123126125120114107103101102105108108251031D21314126225010999999999999999 455 5219 310199999999999999
106100 91 79 67 58 54 56 64 78 94110122129129123113101 91 85 84 89 981072511 1D21333130999999999999999999999 612 541932 8499999999999999
114116112101 87 73 62 56 59 69 85103120131134129116 98 81 68 64 67 79 952511 2D2 048116135213499999999999999 710 5620 3 6499999999999999
111123127123111 95 78 66 62 67 79 98117132139135122101 77 57 44 43 53 722511 3D2 2 0127141113999999999999999 758 622036 4299999999999999
 96118133138132118100 83 73 71 79 94113131142143131109 81 53 32 22 26 442511 4D2 258138143214499999999999999 841 702112 2299999999999999
 70 99124141145138123105 89 81 83 94111130144149142122 93 60 30 11  6 162511 5D2 352145145514999999999999999 920 812149  599999999999999
 39 71103129144147139124108 96 92 97111128144154152136109 75 41 13 -3 -32511 6D2 444148152115499999999999999 956 922229 -599999999999999
 13 40 73105130143145137124111103103112126142154158149127 96 61 28  3 -82511 7D2 53714515481589999999999999910291022312 -899999999999999
 -3 16 44 77106127138138131121113109113123137150158155141117 85 52 22  22511 8D2 63213916181589999999999999911 01092356 -499999999999999
 -4  4 24 50 79104122130130125119114114120131142152154148131107 77 48 242511 9D2 7311311650155999999999999991129113999999999999999999999
  9  6 15 33 57 81102116122123120116114117123132141146146137121 99 75 51251110D2 838123172614799999999999999 044  612 111499999999999999
 32 21 20 28 44 63 83 99111117118117115114116121127133135133125112 95 76251111D2 95611818 513599999999999999 137 20124611499999999999999
 58 44 36 35 41 53 69 85 99109115117116114112112114117119120119114106 94251112D2111011719 012099999999999999 237 34143011299999999999999
 81 68 57 49 48 52 62 75 89101111116118116112108104102102103105106106103251113D21156118212310799999999999999 347 48173710299999999999999
 98 89 79 69 61 59 61 70 82 95107116120120115108 99 91 86 85 87 92 98103251114D21226121999999999999999999999 5 0 591852 8599999999999999
105104 98 89 78 70 67 70 78 90103115123125121112 99 86 75 68 68 73 83 94251115D2 0 8105125212599999999999999 6 5 671933 6799999999999999
105111112106 97 86 77 74 77 87 99113124129128119104 86 69 57 52 55 65 80251116D2 136112131713099999999999999 7 0 7420 7 5299999999999999
 97111119120113102 91 82 80 85 96110123132133126111 91 69 51 40 38 47 63251117D2 236120134113499999999999999 747 802038 3899999999999999
 83104119127126118105 94 87 87 94107121132138134120 99 74 51 33 26 30 45251118D2 32312814 513899999999999999 829 8621 8 2699999999999999
 67 91113128133129119106 96 91 94103117131139139129109 83 56 34 20 18 29251119D2 4 4133143014099999999999999 9 8 912138 1799999999999999
 49 75101122134136129118105 97 95101113127138143136120 95 66 40 20 12 16251120D2 443136145614399999999999999 943 9522 9 1299999999999999
 33 57 85110128136135126115104 99100109123135143142129107 79 50 27 12 10251121D2 5201371522144999999999999991015 982240  999999999999999
 20 41 68 95117131135131121111103101106117130141144137119 93 65 38 18 10251122D2 55713515491449999999999999910461012312  999999999999999
 13 28 51 78102120130131125116108103105113124136142140128107 80 53 30 15251123D2 63613216181439999999999999911151032346 1299999999999999
 12 21 38 62 86107121127126120112106105109118129137139133117 94 69 45 26251124D2 7181271647140999999999999991146105999999999999999999999
 17 19 30 48 70 92109120124121116110106107113121130134133123106 84 61 41251125D2 8 5124171813599999999999999 022 16122110699999999999999
 28 23 27 39 57 77 96110118121119114109107109113120126128124113 97 77 58251126D2 858121175312899999999999999 1 1 2313 810799999999999999
 43 33 31 36 48 65 82 99111118120118113109106107110114117118114105 91 76251127D2 955120184011899999999999999 146 31142510699999999999999
 61 49 42 40 46 57 72 88102113120121118112106102 99100102105107105100 91251128D2104512120 610799999999999999 239 401620 9999999999999999
 80 69 59 52 51 55 65 79 94107117123122117109 99 91 86 84 87 92 97100101251129D21126123223110199999999999999 344 511748 8499999999999999
 97 90 80 71 64 62 65 74 87101114123126123114101 86 74 66 65 70 79 90100251130D212 0126999999999999999999999 456 621842 6599999999999999
105106102 94 84 77 73 76 84 97111122130129122107 88 68 53 44 45 54 69 862512 1D2 039107123013099999999999999 6 5 731927 4399999999999999
102114118115107 97 88 84 87 95108121132136131118 96 71 47 30 22 26 41 622512 2D2 2 511813 113699999999999999 7 7 8420 9 2299999999999999
 86108122128126117107 98 94 97107119132141141131111 83 53 27  9  4 12 322512 3D2 311129133314299999999999999 8 2 942052  499999999999999
 60 89113130136133124113105103107117131142148144128102 70 37  9 -7 -8  52512 4D2 4 813614 814899999999999999 8511032136 -999999999999999
 29 61 92118134139136126116110109115127140150153144123 93 58 24 -2-15-132512 5D2 5 2139144515399999999999999 9351082221-1699999999999999
  4 31 64 95120134138134125116111113121134146154153140116 84 48 16 -7-172512 6D2 554138152515599999999999999101511123 7-1799999999999999
-11  9 37 69 98120131133129120113111115124137148154150134108 76 43 14 -52512 7D2 64413416 71549999999999999910541112352-1199999999999999
-11 -2 19 46 76101119127127122114109108114124136146148142125100 70 41 172512 8D2 7301281650149999999999999991135108999999999999999999999
  3  1 12 32 58 83104118123121115108104105111121131138138131114 92 67 432512 9D2 812123173513999999999999999 037  0122110499999999999999
 24 15 17 28 47 70 91108117119116109102 99100105113121126125118104 86 66251210D2 850119182512699999999999999 120 141317 9999999999999999
 48 35 30 34 46 63 82100112117117112104 97 93 93 96102108111111106 96 83251211D2 924118192711299999999999999 2 3 301433 9399999999999999
 69 57 48 47 52 63 78 94107116119116109100 92 86 84 85 88 93 97 99 97 92251212D2 95711921 4 9999999999999999 247 461612 8399999999999999
 85 76 68 63 63 68 78 91104114120120115106 96 85 77 72 71 73 79 85 90 93251213D210311212333 9499999999999999 334 621743 7199999999999999
 93 91 86 80 77 77 81 90101112120123121114103 90 76 65 58 56 60 68 77 87251214D211 8123999999999999999999999 430 761847 5699999999999999
 95 99100 97 92 88 88 92 99109118124126122112 98 81 64 51 44 43 49 61 75251215D2 136100114812699999999999999 538 881933 4299999999999999
 90101108110107101 97 96 99106114123128128121108 90 69 50 37 30 33 43 60251216D2 248110122912899999999999999 648 962012 3099999999999999
 79 97110118118114107102100103110119127131128118101 79 56 36 23 20 27 43251217D2 33611913 913199999999999999 7521002049 2099999999999999
 64 86106119125124117109104102106114124132134128113 91 66 42 22 13 14 26251218D2 416125134813499999999999999 8451022123 1299999999999999
 46 71 95115126129125117108103103109119129136135125105 80 52 28 11  6 12251219D2 452129142513799999999999999 9281022158  699999999999999
 29 54 80104122130130123114105102105113124135139134119 95 67 39 17  4  3251220D2 52613115 11399999999999999910 51022233  299999999999999
 15 37 63 90112126130127118109102101107118130138139130110 83 54 28  9  1251221D2 6 0130153614099999999999999103810023 7  199999999999999
  6 22 47 74 99118127128122112103 99101110122133139136122 99 71 43 19  5251222D2 6341291611140999999999999991111 992341  299999999999999
  3 13 33 58 85107121127124116106 99 97102112125134137129112 88 60 34 15251223D2 7 81271647137999999999999991146 97999999999999999999999
  6  9 23 45 71 95113123125119110101 95 96102113124131130120101 77 52 31251224D2 741125172513299999999999999 015  61225 9499999999999999
 17 13 21 37 59 83104118124122114104 95 91 93100110119124121110 92 70 49251225D2 81312418 912499999999999999 049 131311 9199999999999999
 33 24 25 35 53 74 95111121123118108 98 89 86 88 94103111114111101 86 69251226D2 84412319 311499999999999999 124 2314 8 8699999999999999
 52 41 37 41 52 69 88105118123121113102 91 82 77 78 84 92 99103102 96 85251227D2 914123201810399999999999999 2 1 371518 7799999999999999
 73 62 55 53 59 70 85100114122124119109 96 82 72 65 65 69 77 86 93 96 94251228D2 9441242211 9699999999999999 243 531636 6499999999999999
 89 82 76 72 71 76 86 98111121126124117104 89 73 59 50 48 53 62 73 84 93251229D21018126999999999999999999999 332 711749 4899999999999999
 97 98 96 92 89 88 92 99109119126129125116100 81 62 44 33 30 35 47 62 79251230D2 041 98105812999999999999999 436 881852 3099999999999999
 93104109110108105104105110118125130132126114 96 73 49 29 16 12 19 34 55251231D2 242110114313299999999999999 5581041949 1299999999999999
