 -6  7 33 65 98125141145137123109 98 96103117133146149140119 89 55 24  125 1 1D8 6471451647149999999999999991145 96999999999999999999999
 -9 -4 14 44 78110133143141130114100 92 93103120137147147134110 78 45 1725 1 2D8 720144172914999999999999999 013 -91223 9199999999999999
 -2 -7  3 26 58 91119136141135121105 92 87 91104121136144141125100 69 3925 1 3D8 754141181314599999999999999 050 -713 3 8799999999999999
 15  2  2 17 43 74103126137136126110 95 84 81 88101118132137132115 91 6425 1 4D8 82613819 113799999999999999 127  01347 8199999999999999
 38 20 13 19 36 61 89114129134129116 99 85 76 75 82 95110122126121106 8625 1 5D8 856134195712699999999999999 2 4 131437 7499999999999999
 64 45 33 31 39 57 80103121130129120106 90 76 67 66 73 85 9910911411110125 1 6D8 92713121 511499999999999999 241 301537 6699999999999999
 86 70 58 51 52 62 78 96113124128124113 98 82 68 59 57 62 72 84 9510210325 1 7D8 958128224310399999999999999 321 511648 5699999999999999
 99 91 82 75 72 74 82 94107119125126120108 93 76 61 50 45 48 57 69 82 9325 1 8D81035126999999999999999999999 4 5 7218 8 4599999999999999
100102101 97 93 91 92 97105114121125125119107 90 72 54 40 33 33 42 56 7225 1 9D8 1 5102112412699999999999999 511 911926 3299999999999999
 88101110113112109106104106110116122126126120108 90 68 47 30 20 19 29 4625 110D8 316113123012799999999999999 7 71042032 1899999999999999
 67 88107119125124119114109107110116124130131125110 89 64 39 19  8  8 2025 111D8 423125134013199999999999999 8511072128  699999999999999
 41 67 93114128133130123114107105109117127135137129112 87 58 30  9 -2  125 112D8 5 6133144213799999999999999 9511052217 -299999999999999
 17 43 73101123135137130119108101101107119132141142132111 82 50 21  1 -725 113D8 541137153414399999999999999103310023 1 -799999999999999
  0 21 50 82111130138135124110 99 93 96107123138146145131106 75 42 14 -425 114D8 61213816221479999999999999911 9 932341 -899999999999999
 -7  6 31 63 95120134136128113 99 88 86 93108126141148143125 98 65 33  925 115D8 64013717 5148999999999999991144 86999999999999999999999
 -3  0 18 47 79108127135130117101 86 79 80 92110128142145136115 87 55 2725 116D8 7 6135174714599999999999999 018 -41219 7899999999999999
  9  4 14 36 66 96119131131121104 87 75 71 77 91110128138137125103 76 4825 117D8 729133182813999999999999999 051  41254 7199999999999999
 26 15 17 32 58 86111127131124109 91 75 66 66 75 91109124130127113 92 6725 118D8 75113119 913099999999999999 121 141331 6599999999999999
 45 31 27 36 55 80104122129126114 97 79 66 60 63 74 90105117120115101 8225 119D8 811130195312099999999999999 148 271411 6099999999999999
 63 48 41 44 57 77 99117127127118103 85 70 60 57 61 72 86 99108109104 9225 120D8 831128204211099999999999999 213 411453 5799999999999999
 78 65 57 56 63 78 95112124127121109 93 77 64 56 54 59 69 81 92 98100 9625 121D8 851127214610099999999999999 238 551543 5499999999999999
 89 80 73 70 73 82 95108119125123114101 86 72 60 53 52 56 64 74 83 90 9425 122D8 9131252332 9499999999999999 3 2 701646 5299999999999999
 94 91 88 85 85 89 96106115121122118109 96 83 69 58 51 48 49 56 65 75 8525 123D8 943122999999999999999999999 329 8518 7 4899999999999999
 92 97 99 99 98 99101105110116119119115107 95 82 68 55 45 40 40 46 56 6925 124D8 229 99102911999999999999999 422 981929 3999999999999999
 83 96105110111110108107107110114117118116109 98 83 66 50 37 29 28 36 5025 125D8 353111115211899999999999999 7131072034 2899999999999999
 68 87104116122121117111106105107112118121121114101 82 61 41 25 16 17 2825 126D8 426122132412299999999999999 8571052125 1599999999999999
 47 71 95115128131127118109102100104112122128128120103 79 53 28 10  3  725 127D8 456131143012999999999999999 94810022 8  399999999999999
 24 50 79107127137136127114101 94 95103116129137136123101 72 41 15 -3 -725 128D8 5251381522138999999999999991026 932247 -799999999999999
  4 27 58 91119137142135121104 91 86 91105122138145140123 95 61 29  3-1125 129D8 55414216 81459999999999999911 0 862324-1399999999999999
-10  7 37 72106131143141128110 91 80 79 89108128144149140118 86 50 18 -425 130D8 6211441652149999999999999991135 78999999999999999999999
-12 -4 20 53 90120140144135116 95 77 69 73 89111132147148135110 76 42 1325 131D8 648144173714999999999999999 0 0-121211 6999999999999999
 -4 -5 11 39 74107132143139123101 79 64 60 69 88112133144142126100 68 3825 2 1D8 713143182214599999999999999 034 -61248 6099999999999999
 15  6 13 33 63 95122138140128108 84 64 52 53 65 86109128137132116 91 6425 2 2D8 737141191013799999999999999 1 6  61328 5199999999999999
 40 26 25 36 59 87113132138132115 92 69 52 44 48 61 82103119125120106 8625 2 3D8 75913820 312599999999999999 137 241411 4499999999999999
 66 50 44 48 63 84107126135133121101 79 58 44 39 44 57 75 93106111108 9825 2 4D8 82013521 611199999999999999 2 6 4415 0 3999999999999999
 85 73 66 66 73 87105120130132125110 91 70 53 41 36 40 51 66 81 92 98 9925 2 5D8 8401332237 9999999999999999 231 6516 1 3699999999999999
 95 90 85 84 87 95106117126129126117103 86 68 52 41 35 36 43 54 67 79 8825 2 6D8 9 3129999999999999999999999 249 841722 3599999999999999
 94 97 99100102105109115120124124120112101 87 71 55 42 33 29 32 41 54 6825 2 7D8 93212499999999999999999999919 1 29999999999999999999999
 83 95104110113114115115115117118119117113105 93 77 59 41 28 21 22 30 4525 2 8D810551199999999999999999999992025 20999999999999999999999
 64 83101113120122120115111108109112116119119113100 82 60 38 21 11 12 2325 2 9D8 451122132612099999999999999 9211082125 1099999999999999
 43 67 90110123127125117108101 98101109118126128121106 83 57 31 12  3  725 210D8 5 5127144712899999999999999 958 982211  399999999999999
 23 48 76102121130129120107 95 87 88 96109123134136127107 80 49 23  5  025 211D8 5231301542136999999999999991029 862250  099999999999999
  9 31 61 91115129132124109 92 79 75 80 94113130141140127102 71 40 15  125 212D8 5421321627142999999999999991058 752324  099999999999999
  3 19 47 79107127134128113 93 75 65 65 76 96118136144139121 93 60 31 1125 213D8 6 113417 8144999999999999991129 632354  499999999999999
  4 14 37 68 99123134132118 97 76 60 54 60 77100123139142132110 81 50 2625 214D8 62013517461439999999999999912 0 54999999999999999999999
 13 15 32 60 91117133135124104 80 60 48 48 60 81105126137136121 97 69 4425 215D8 639136182313899999999999999 021 121231 4699999999999999
 27 23 33 55 84111130136129111 87 64 47 41 46 63 85108125132126109 86 6225 216D8 65613619 013299999999999999 047 2213 2 4199999999999999
 43 35 39 56 80106126135132117 94 70 51 39 38 49 67 89109121123114 97 7825 217D8 713136193912399999999999999 110 351333 3799999999999999
 60 50 49 60 79102121133133121102 79 57 42 36 40 53 71 91106114113103 9025 218D8 729134202111499999999999999 132 4814 6 3699999999999999
 75 65 62 67 81 99117129132124108 87 66 49 39 37 44 57 73 88100105103 9625 219D8 745132211410599999999999999 152 621442 3799999999999999
 87 79 76 78 86 99113124129125113 96 77 59 47 40 40 46 57 70 82 91 96 9725 220D8 8 31292240 9799999999999999 211 751529 3999999999999999
 94 91 89 89 93101110119124123116104 88 72 59 48 42 41 45 52 62 73 82 9025 221D8 823125999999999999999999999 221 881642 4199999999999999
 95 98100101103106110115118119116110100 88 75 62 51 43 39 39 43 52 63 7625 222D8 8491199999999999999999999991832 38999999999999999999999
 88 99106111113113112111112112113112109102 93 81 67 53 40 31 28 31 40 5625 223D8 422113 95811399999999999999 71211120 3 2899999999999999
 74 92107118122121116110106104105109112114111102 89 70 51 33 19 14 19 3325 224D8 415122125411499999999999999 9 410421 3 1499999999999999
 54 79102120129130123112102 95 94 99108118123122112 94 70 44 22  7  3 1225 225D8 433130142112499999999999999 939 932148  399999999999999
 32 60 90115132137131117101 87 81 85 96112127135133119 95 65 35 10 -3 -225 226D8 4551371519135999999999999991010 812227 -599999999999999
 13 40 74106129141138124104 84 71 69 78 96118136145140121 92 58 26  3 -625 227D8 51814116 8145999999999999991042 6823 3 -699999999999999
  1 24 57 92122140143131110 85 65 55 58 74 99125144150141118 85 50 20  225 228D8 5411441655150999999999999991115 542338 -199999999999999
  0 15 43 79112136145138118 91 64 46 41 51 74103130147150137111 78 46 2225 3 1D8 6 31451741151999999999999991150 41999999999999999999999
 11 16 37 68102129144143126 99 70 45 31 32 48 74105130145144129103 73 4725 3 2D8 625145182714699999999999999 010 111226 2999999999999999
 30 28 40 64 94122140144133109 80 51 30 21 28 47 75104126137134119 96 7225 3 3D8 645145191613799999999999999 041 2713 5 2199999999999999
 54 46 51 67 91116135143137119 92 63 37 21 18 28 48 74100118125121109 9225 3 4D8 7 414320 812599999999999999 1 9 461345 1899999999999999
 76 67 66 75 92112130140138125104 77 52 31 20 20 30 49 71 9110611110910125 3 5D8 723140211111199999999999999 134 651431 1999999999999999
 92 84 82 87 97111125135136129113 92 69 48 33 25 25 33 48 65 80 92 9810025 3 6D8 740137225310099999999999999 151 821528 2499999999999999
 98 96 95 98104112121128131127118104 87 69 53 40 32 30 34 44 56 68 80 8925 3 7D8 757131999999999999999999999 146 951648 3099999999999999
 95100103106110114118121123122117110100 89 75 62 49 39 33 32 37 46 58 7225 3 8D8 8 81239999999999999999999991839 32999999999999999999999
 85 97106112115116115114112111111110108104 97 86 72 57 42 32 27 29 39 5325 3 9D8 4541169999999999999999999992010 27999999999999999999999
 71 89104114119118114107101 98 99102107111112108 96 80 60 41 27 20 24 3625 310D8 422119134311299999999999999 924 9821 9 2099999999999999
 56 78 98114122121114103 92 85 83 88 98110120123118103 82 58 36 21 16 2425 311D8 427123145512399999999999999 944 832151 1699999999999999
 42 66 91112124126118103 87 74 68 71 83100117129132123104 78 51 29 16 1825 312D8 43912615441329999999999999910 9 682225 1599999999999999
 32 56 83109125130124107 87 68 56 55 65 84107126138137123 98 70 43 24 1825 313D8 4551311625139999999999999991036 542255 1899999999999999
 26 47 76104125135130114 91 67 49 41 47 65 90115134142135116 89 60 36 2425 314D8 51113517 31429999999999999911 5 412322 2399999999999999
 26 42 69 98123137136122 99 72 48 34 33 46 70 98123139141129106 79 53 3525 315D8 5291381739142999999999999991134 322348 3199999999999999
 31 41 64 92119136140130108 80 53 33 26 32 52 79107129139135119 96 70 5025 316D8 54614118141399999999999999912 2 26999999999999999999999
 41 45 62 87113133141135116 89 60 37 24 24 37 60 88114130135127109 87 6625 317D8 6 3141185013599999999999999 012 401230 2299999999999999
 54 53 63 84108129140137122 98 69 44 27 21 27 45 70 96117128127117100 8225 318D8 620140192812999999999999999 036 521258 2199999999999999
 68 63 69 83104123136137126105 79 53 33 23 23 35 54 77 99115121118108 9525 319D8 63613820 912199999999999999 059 631327 2299999999999999
 82 76 77 86102118131135128112 89 64 43 29 24 29 42 60 80 9810911311010325 320D8 65313521 211399999999999999 121 7514 0 2499999999999999
 94 88 87 92102115126131128117 98 77 56 40 31 29 35 46 62 78 9110010410425 321D8 712131222610599999999999999 141 871443 2999999999999999
102 99 97 99105112120126126119107 90 72 56 43 36 34 38 46 57 70 82 92 9925 322D8 732126999999999999999999999 157 971550 3499999999999999
104106107108109112115118120117111101 89 75 62 50 41 36 36 40 49 60 74 8725 323D8 7561209999999999999999999991738 36999999999999999999999
 99108114116116114112110110110110108103 95 84 72 58 45 35 30 31 39 52 7025 324D8 3151169999999999999999999991920 29999999999999999999999
 88105117123123118110103 99 98101105110111106 97 81 63 45 29 21 22 32 5025 325D8 327124124411199999999999999 840 982027 2099999999999999
 73 96116128130124112 99 88 82 85 94106117123120109 89 65 41 23 14 17 3125 326D8 346131141412399999999999999 911 822116 1399999999999999
 55 84110129136132118 98 80 68 66 74 91110127136132117 93 64 37 18 12 1925 327D8 4 7136151413699999999999999 942 652158 1299999999999999
 40 69100126140139126103 78 57 47 51 67 92118138146141121 93 62 35 19 1725 328D8 42914116 6146999999999999991016 472236 1699999999999999
 31 57 89119139145135112 83 55 35 30 40 64 95125146152143121 91 60 37 2625 329D8 4511451655152999999999999991050 302311 2699999999999999
 31 51 80111136147143123 92 60 32 17 18 36 65100130149152141117 88 62 4525 330D8 5131481743153999999999999991126 152345 4199999999999999
 41 52 75104130146148133105 71 39 15  6 13 36 68103131147147134112 87 6725 331D8 53514918321499999999999999912 4  5999999999999999999999
 58 61 76 99124143149141118 87 53 23  5  2 14 39 72103127139138125107 8925 4 1D8 556149192214099999999999999 016 571243  199999999999999
 76 74 82 99119138147144128102 71 40 16  4  5 20 44 7310011912812611610425 4 2D8 617148201812899999999999999 045 731325  399999999999999
 93 88 90101116132142143134115 89 61 36 18 10 13 27 49 73 9410811511511025 4 3D8 638144212511699999999999999 110 881412 1099999999999999
103 99 99104114125134138134121103 81 58 39 26 21 24 34 51 69 85 9710410725 4 4D8 659138232110799999999999999 129 9815 9 2099999999999999
107106106108113119125129128122111 96 80 63 49 38 32 33 39 50 63 77 88 9725 4 5D8 720129999999999999999999999 1271051627 3299999999999999
104107110111112114115117117115111104 96 85 73 61 50 42 38 40 48 59 72 8525 4 6D8 73711799999999999999999999918 9 38999999999999999999999
 97106111114113110106104102102103104104101 95 85 72 59 47 40 39 45 57 7225 4 7D8 310114112910499999999999999 8291021936 3999999999999999
 88102112117115109100 92 87 85 89 95103109111106 95 80 63 48 39 39 47 6125 4 8D8 313117134811199999999999999 845 852034 3899999999999999
 80 98113120120112 99 85 73 68 71 80 94108118121115101 82 62 46 38 41 5325 4 9D8 325121145112199999999999999 911 682116 3899999999999999
 72 94113124126118102 83 65 54 52 61 78 98117128130120102 79 58 44 40 4825 410D8 340127153713099999999999999 939 522149 4099999999999999
 66 89111127133126110 87 63 45 38 42 59 82107127137134120 98 74 54 44 4625 411D8 35813316171379999999999999910 8 382219 4399999999999999
 61 83108128138135119 95 68 44 29 28 40 63 91118136141133115 91 68 53 4925 412D8 4161391654141999999999999991036 272247 4999999999999999
 58 78103126140142129106 76 48 27 19 25 45 73103128141141129108 84 66 5625 413D8 43614317301439999999999999911 5 192315 5699999999999999
 59 75 98121139145137116 87 56 31 17 16 30 55 85114135143138122101 80 6725 414D8 45514518 6143999999999999991133 142343 6499999999999999
 65 74 93115135145141124 97 67 39 20 12 19 39 67 97122137140131114 96 8025 415D8 51414518431409999999999999912 1 12999999999999999999999
 73 77 90110129141142130107 78 49 27 14 14 27 50 78105125135134124109 9425 416D8 534143192313699999999999999 010 731229 1399999999999999
 84 83 91106123137141134115 89 61 37 20 14 20 36 59 8510812413012711710525 417D8 55314120 813099999999999999 037 8313 0 1499999999999999
 96 92 95105118131138135122100 75 50 31 20 19 27 44 66 8810711812312011325 418D8 61413821 412399999999999999 1 4 921337 1899999999999999
106101101106115125132133126110 89 66 46 31 24 24 33 48 67 8610111211611625 419D8 638134222611799999999999999 1341001423 2399999999999999
113109107108112119125128125116102 84 65 48 36 30 30 37 49 64 81 9610711425 420D8 7 7128999999999999999999999 2141071528 2999999999999999
116116114113112113115118119117110 99 85 71 56 44 36 34 37 46 60 76 9210525 421D8 025117 75311999999999999999 3561121656 3499999999999999
115120121118113109106105106109110108103 94 81 67 53 42 35 36 43 57 74 9325 422D8 139121 95811099999999999999 6461051828 3599999999999999
109121126125118108 98 91 89 92 99106111112106 94 78 61 46 36 35 42 58 7825 423D8 216127123511299999999999999 751 891940 3499999999999999
100118130132125111 94 80 71 71 79 92107119124120107 88 67 49 37 36 46 6525 424D8 24313214 412499999999999999 832 702037 3599999999999999
 89112130137133118 97 74 57 49 53 68 90112130137133118 96 72 52 41 42 5625 425D8 3 913715 913799999999999999 910 492124 4099999999999999
 78104127141141129105 77 51 34 29 40 62 91119140148142124100 76 57 49 5425 426D8 33414316 414899999999999999 947 2922 6 4999999999999999
 72 96122141148140118 87 55 28 13 15 32 61 95126147154146127103 80 65 6125 427D8 3581481657154999999999999991025 122245 6199999999999999
 71 91116138150148132103 67 34 10  0  7 30 64100131150154145126104 85 7525 428D8 42315117481559999999999999911 5  02322 7499999999999999
 76 89110133149153143119 86 49 18 -2 -6  6 33 68104132148150140123105 9125 429D8 4491541839151999999999999991145 -72357 8699999999999999
 86 92107127144153150133105 70 37 10 -5 -4 12 39 7310512914114213311910625 430D8 5151541932143999999999999991228 -6999999999999999999999
 98 98106121137149151141121 92 60 31  9  0  4 21 47 7610312313213212511525 5 1D8 542151202813399999999999999 030 971313  099999999999999
107104107116129140146143130109 83 56 32 16 10 15 31 53 7810011512312311925 5 2D8 611146213312499999999999999 1 210414 2 1099999999999999
113109108112120129136137131118100 79 58 39 27 23 28 41 59 78 9610811511725 5 3D8 643137225511799999999999999 1381081458 2399999999999999
115112110110112117122125125119110 96 80 64 50 40 36 39 49 63 79 9310411125 5 4D8 724125999999999999999999999 23410916 5 3699999999999999
114114111108106105107109111112110105 97 86 74 62 52 47 48 55 66 80 9310425 5 5D8 022114 84611299999999999999 4511051722 4799999999999999
112115114110104 98 93 92 93 97101104105102 95 84 72 62 55 55 60 71 85 9825 5 6D8 114115114510599999999999999 658 921836 5499999999999999
110117118114105 94 84 77 75 78 86 95104110110104 93 80 68 61 60 66 78 9325 5 7D8 144118133211199999999999999 753 751937 5999999999999999
108119124121111 97 80 67 59 59 66 80 95109118119112 99 84 71 64 65 73 8825 5 8D8 2 9124143711999999999999999 831 582025 6399999999999999
105120129129120104 83 63 49 43 47 61 80101118127126117102 85 72 67 71 8425 5 9D8 233130152612899999999999999 9 5 4321 5 6799999999999999
101119132137131115 92 67 46 33 31 42 62 87111128135131118101 84 73 72 8025 510D8 25713716 813599999999999999 937 302140 7199999999999999
 96115132141140126103 76 49 30 21 26 44 70 98122137140133117 99 83 76 7925 511D8 32114216471419999999999999910 8 212214 7699999999999999
 91110129142145136115 87 58 33 18 16 28 51 81110132143142131114 96 84 8125 512D8 3451461724144999999999999991038 152247 8199999999999999
 88104123140147143126100 70 41 21 12 17 35 62 93121139146141127110 95 8725 513D8 4 914718 31469999999999999911 9 122320 8799999999999999
 89100117134146146134112 82 52 28 13 11 22 45 74104128142145137123107 9625 514D8 4331471843145999999999999991140 102352 9399999999999999
 93 99112128141146140122 95 66 39 19 10 14 30 55 8411113214114113211910725 515D8 4571461925142999999999999991212 10999999999999999999999
100100108122135144142130108 80 53 29 15 11 19 38 63 9111513113813612711625 516D8 523144201213899999999999999 026 991248 1199999999999999
108104107116128138141135119 96 69 44 25 15 15 26 45 70 9511612913313112425 517D8 55214121 613499999999999999 1 11041329 1499999999999999
115110108112121130136135126109 87 63 42 26 19 21 33 52 74 9711412613012825 518D8 62613722 613099999999999999 1441081416 1999999999999999
122115111110113119126130127118103 83 63 45 32 26 29 40 57 77 9711312412825 519D8 711130231112899999999999999 2431091511 2699999999999999
126121114109106107111117120119113101 86 69 53 41 35 37 46 62 80 9911412425 520D8 820120999999999999999999999 4121061617 3599999999999999
128126120111102 97 95 98104109112111105 94 79 65 53 46 46 53 67 8510311825 521D8 0 8128101411299999999999999 549 951731 4599999999999999
128131126116103 90 81 78 81 89100109114113105 93 79 65 57 55 61 74 9111025 522D8 054131122111499999999999999 7 0 781844 5499999999999999
125133133125109 90 73 61 58 63 76 93109120124119107 92 77 67 64 70 8310125 523D8 131134135612499999999999999 753 571951 6499999999999999
120133139135120 98 74 52 39 37 47 67 90113129136132120104 87 76 74 80 9525 524D8 2 413915 813699999999999999 839 372048 7399999999999999
113131143144133111 83 54 31 19 21 36 62 92119138146142129112 95 85 84 9225 525D8 23614516 914699999999999999 923 182139 8399999999999999
108127143150145128100 67 36 13  3 10 31 61 95125145152147134116101 93 9425 526D8 3 815017 41529999999999999910 6  32224 9299999999999999
104121139152154143119 87 51 20  0 -5  5 31 6410012914815414813411810510025 527D8 3401551757154999999999999991050 -623 510099999999999999
104116133149157153137109 74 39 11 -6 -7  7 35 7010413114715114413111710825 528D8 4141571848151999999999999991135 -9234510599999999999999
105112125141153157148128 98 64 32  7 -5 -3 14 43 7610713114314513712611525 529D8 4491571938145999999999999991220 -6999999999999999999999
109109118131144153152140118 89 58 30 10  1  7 25 52 8210912813713713012025 530D8 526153202713899999999999999 02410813 7  199999999999999
112108111119131142147143130109 83 56 33 17 12 20 38 62 8811012513112912225 531D8 6 6147211413199999999999999 1 51081354 1299999999999999
114108106109117126134137132120102 80 58 39 28 26 35 51 73 9411212212512325 6 1D8 65313722 012599999999999999 1541061441 2699999999999999
116109103101103109117123125121111 97 80 63 49 41 41 50 65 8310011412112225 6 2D8 751125224312299999999999999 2591011530 4099999999999999
118111103 97 93 94 98104110113111106 96 84 71 61 55 56 64 77 9310711712225 6 3D8 916113232312299999999999999 422 931621 5499999999999999
121116107 97 88 83 81 84 90 97103106105 99 91 81 72 68 69 76 8810111312125 6 4D81114106999999999999999999999 548 811717 6899999999999999
124122114102 89 78 70 67 70 78 88 98105108105 99 90 83 79 80 87 9711012025 6 5D8 0 212413 210899999999999999 656 671817 7899999999999999
127128122111 96 79 65 55 53 59 70 84 98109115114107 99 91 86 88 9410511825 6 6D8 039128142011599999999999999 747 531918 8699999999999999
128133131122106 87 67 51 42 42 51 67 86104117123122115105 96 92 9310111325 6 7D8 116133151812499999999999999 830 412014 9199999999999999
126135138133119 98 75 53 37 30 34 48 69 93113127132129119108 99 95 9810825 6 8D8 15213816 413299999999999999 9 8 3021 3 9599999999999999
121134141141131112 87 61 39 25 23 32 51 77103124136139133121109100 9710325 6 9D8 227142164613999999999999999 944 222147 9799999999999999
115129141145140125101 73 47 26 16 19 34 58 8711413414414313412010810010125 610D8 3 01451725145999999999999991018 162228 9999999999999999
109123137146146136115 88 58 33 16 11 19 39 68 9812414114814413211810710225 611D8 33214818 4148999999999999991053 1123 610299999999999999
105116131143149144128103 73 44 22  9 10 23 47 7810813214614814112911510625 612D8 4 41491844149999999999999991128  8234310499999999999999
104111123137147148138117 89 59 32 13  6 11 30 57 8811713714714613712411325 613D8 43614919241489999999999999912 5  6999999999999999999999
106107116129142148144130106 77 48 24  9  6 17 38 67 9712314014614213211925 614D8 51014820 514699999999999999 0211061242  699999999999999
110106110119132142145138120 95 67 40 20 10 11 25 49 7810612814014313712625 615D8 548145204514399999999999999 1 11061321  999999999999999
114106105109119131139139130111 87 61 38 22 16 21 37 61 8811313113913813125 616D8 632140212514099999999999999 14610414 2 1699999999999999
119108101100105115125131131121105 83 61 42 30 27 34 51 74 9811913213713425 617D8 72513222 413799999999999999 2411001446 2799999999999999
125113101 94 92 97105115121122115102 85 67 52 43 42 51 66 8710712413313525 618D8 835122224413599999999999999 346 921534 4299999999999999
130119105 92 83 80 83 91101110114112104 92 78 67 60 60 67 81 9811512813425 619D81010114232513599999999999999 5 0 801630 5999999999999999
134126113 97 81 70 65 67 75 87100109112110103 94 84 78 77 83 9410712113225 620D812 9113999999999999999999999 612 651738 7799999999999999
136134124107 88 69 54 47 49 59 75 92107117120117110101 94 92 9510311512825 621D8 0 9137135912099999999999999 717 471858 9299999999999999
137140135121101 77 54 37 29 32 45 66 8810912413213112411510710210411112225 622D8 054140152313299999999999999 814 29201610299999999999999
134143144136119 94 66 40 21 13 19 35 61 8911413314214113412311410810911725 623D8 141144162714399999999999999 9 7 13212010899999999999999
129141149148137115 87 55 27  8  2 10 31 60 9212014014914713812611611111325 624D8 227150171914999999999999999 956  2221211099999999999999
122135148154151136111 78 45 17 -1 -5  7 32 65 9812614515114713712411411025 625D8 31215418 5151999999999999991044 -5225711099999999999999
115126141153157151132104 70 37 10 -5 -5 11 38 7210513114614914313111811025 626D8 3571571847150999999999999991130 -7233810899999999999999
109116129144155157147126 96 63 31  8 -3  1 20 49 8211313414514413512211125 627D8 4411571925146999999999999991214 -4999999999999999999999
104106115130144153152140118 88 57 29 10  4 13 34 63 9412013614113612511225 628D8 526154195914199999999999999 0181041255  499999999999999
102 98102113128141147144131109 81 54 31 18 17 29 51 7910612513513512711525 629D8 612147202913799999999999999 1 0 981334 1599999999999999
102 94 92 98109122133138133120100 76 54 37 30 33 48 71 9511612913312911825 630D8 7 1138205613399999999999999 145 921410 2999999999999999
105 93 86 86 91102114123126122110 93 75 58 47 45 53 69 8910912413113012225 7 1D8 755126212113299999999999999 236 851444 4599999999999999
110 96 85 79 78 84 93104112115112103 91 78 67 61 63 72 8810512012913112625 7 2D8 9 0115214713199999999999999 334 781516 6199999999999999
116103 89 78 71 70 75 83 93101105105101 93 85 78 76 80 9010311612713213025 7 3D81027106221713299999999999999 440 701551 7699999999999999
123111 97 83 71 64 62 65 73 83 93100103103 99 95 91 91 9510311312313013225 7 4D81221104225513299999999999999 550 621636 9099999999999999
129120108 93 77 64 55 52 56 65 77 8910010711010910610310210411011812613225 7 5D81412110234413399999999999999 656 52174710299999999999999
133129119105 88 71 56 46 43 47 58 74 9010511511911911611110910911412012825 7 6D81525120999999999999999999999 753 43192110899999999999999
133134129118102 82 62 46 36 34 41 56 75 9611312513012812211611111011412225 7 7D8 041134161213099999999999999 842 33203911099999999999999
130136137130117 97 74 52 34 25 26 37 57 8110512413613813412511611011011525 7 8D8 137137165013899999999999999 925 24213510999999999999999
124134141140131113 89 63 39 23 16 21 37 62 9011613514414313512411310710925 7 9D8 22614117251459999999999999910 5 16221910799999999999999
117129140146142129106 79 50 26 12  9 19 42 7110212714414914413311910910525 710D8 3101461759149999999999999991042  8225710599999999999999
109121135146149142124 97 66 37 14  3  6 23 50 8311413815015014112711210425 711D8 3501491832152999999999999991119  3233410299999999999999
103111125140150150138115 85 53 25  6  0  9 31 62 9612614515214713411810525 712D8 43015219 4152999999999999991154  0999999999999999999999
 99102113129144151148131105 73 42 17  3  3 18 45 7811013514915014012410825 713D8 511152193415199999999999999 011 981229  199999999999999
 97 94100114131144149141122 95 64 36 15  8 14 33 62 9512314214914413011325 714D8 55414920 314999999999999999 049 9313 4  899999999999999
 97 88 88 97112129140142133113 87 59 36 22 20 31 53 8211113314514513511825 715D8 641143203014699999999999999 130 871338 1999999999999999
101 86 79 81 92107122132133123105 83 60 43 35 39 53 7510112413914313812425 716D8 734134205714499999999999999 217 791413 3599999999999999
107 89 76 70 73 84 98112121122115101 84 68 58 55 61 76 9511613214014013025 717D8 838123212514199999999999999 310 701449 5599999999999999
115 97 80 67 61 63 73 86 99109112110102 92 82 76 77 84 9611112613613913525 718D810 4112215613999999999999999 413 611528 7699999999999999
124108 90 72 59 52 52 59 72 85 97105109108104 99 96 9710211112113113713725 719D81212109223713899999999999999 527 511617 9699999999999999
132121105 86 67 51 41 39 45 57 73 8910211211711811611411311511912513213625 720D81443118233813799999999999999 646 39175311399999999999999
137132121105 84 62 43 30 26 31 44 63 8410411912813112912512111912112513125 721D816 4131999999999999999999999 758 2620 711999999999999999
137139135124106 83 58 35 19 14 20 36 59 8510912713814013612912211711812325 722D8 056139164914099999999999999 9 0 14212411799999999999999
132140144141129108 80 52 26  9  4 13 33 61 9111713614514413612611611111325 723D8 2 7144172414699999999999999 952  4221311199999999999999
122134145150146131107 76 44 18  2  0 12 37 6910012714314714213011710710425 724D8 3 71501755147999999999999991038 -1225210499999999999999
109122137150154148130102 69 37 11 -1  1 19 48 81112135146145134119104 9625 725D8 3591541823147999999999999991120 -22328 9599999999999999
 96106122140152155146125 94 61 30  9  2 10 33 64 97124141145137122105 9125 726D8 4461561848145999999999999991158  2999999999999999999999
 86 91104123141152152139116 85 54 28 13 12 27 53 84113134143139126108 9125 727D8 530153191114399999999999999 0 3 861232 1199999999999999
 80 78 86103122139147144129105 76 49 30 23 29 48 76104127140140130112 9325 728D8 614147193214299999999999999 040 7713 3 2399999999999999
 78 70 72 84101120134139133117 95 70 50 38 38 51 72 98122137140133118 9925 729D8 658139195014199999999999999 118 701330 3799999999999999
 81 68 64 69 82 99115126128121106 87 69 56 52 58 74 9511713314013612410625 730D8 74412820 814099999999999999 158 641355 5299999999999999
 87 71 62 60 66 79 94108116117110 99 85 74 68 70 80 9611412913813812911325 731D8 836117202713999999999999999 241 601417 6899999999999999
 96 78 65 58 58 64 76 88 99106107104 97 89 83 83 88 9811212613513713212025 8 1D8 943108204813799999999999999 331 571438 8299999999999999
105 88 73 62 56 56 61 70 81 91 98102102100 97 96 9810411212213013413312525 8 2D81134102211513499999999999999 432 551457 9699999999999999
114100 85 72 61 54 52 56 63 73 84 9410110610810910911111411912412913012825 8 3D82155130999999999999999999999 550 52999999999999999999999
121112 99 85 71 59 50 46 48 55 67 80 9410611511912012011811811912212512725 8 4D81558120231512799999999999999 712 46184511899999999999999
126122113101 85 69 54 42 37 38 47 62 81 9911512613012912512011611511812225 8 5D81618131999999999999999999999 817 36204511599999999999999
127129126117103 84 64 45 31 25 29 42 63 8610912713713913412511611011011425 8 6D8 058129164213999999999999999 9 7 25213510999999999999999
123131135132121103 79 54 33 18 15 23 42 69 9712213914614213211910710210525 8 7D8 21013517 814699999999999999 949 14221110299999999999999
114127138143138123 99 70 42 19  7  8 22 48 80111135149149140124108 97 9525 8 8D8 3 31431733150999999999999991027  62244 9599999999999999
102117133146149141120 91 59 29  8  0  8 30 61 96126147153147131112 95 8725 8 9D8 34814917591539999999999999911 1  02317 8699999999999999
 89102121140152152139114 81 47 19  3  2 16 44 79114140153152138117 96 8125 810D8 4311541824154999999999999991135  02351 7799999999999999
 77 85103125145154151133104 71 39 16  6 12 33 65100130149153144124101 8025 811D8 51515518471549999999999999912 7  6999999999999999999999
 69 70 82104127145152144124 95 64 37 20 18 31 56 89120143152148131107 8325 812D8 559152191015299999999999999 027 681239 1799999999999999
 66 59 64 80103125141145135115 88 62 42 33 38 56 82111135149149137115 9125 813D8 647145193115199999999999999 1 5 5813 9 3399999999999999
 68 54 51 59 77 99120132134125107 86 67 55 53 63 8210612814414814112310125 814D8 739135195214899999999999999 146 511338 5399999999999999
 77 58 47 46 56 73 92110120122115103 89 78 73 77 8810512313814514213011225 815D8 840123201314599999999999999 234 4514 5 7399999999999999
 90 69 52 43 43 51 66 82 97107111109103 97 93 93 9910912113314014113412125 816D810 6111203614299999999999999 331 421427 9299999999999999
104 85 66 52 43 40 45 56 70 84 9510310710910910911111612212913413713512825 817D821 5137999999999999999999999 447 40999999999999999999999
117103 86 69 54 42 37 38 45 57 72 8710011011712112312412512612712913012925 818D822 8130999999999999999999999 622 36999999999999999999999
126118107 92 74 56 41 31 28 33 46 64 8410211712713213212812412112012112525 819D81625132999999999999999999999 749 28205212099999999999999
128129125115 99 78 56 36 23 18 25 40 63 8711012713613813212411511010911425 820D8 045129164013899999999999999 854 18213510999999999999999
122131136134123104 79 53 29 15 12 21 42 69 97121136141137125112101 96 9925 821D8 217136165914199999999999999 944 1122 7 9699999999999999
110124137144142128105 76 46 22  9 10 26 52 82111133142140129112 96 85 8425 822D8 3171451719143999999999999991025  82237 8399999999999999
 93109128144151146128100 68 38 17  9 17 39 69100126142143133115 94 78 7125 823D8 4 515117381449999999999999911 0  923 8 7199999999999999
 75 90112134149153144122 92 60 33 17 17 32 59 90119139145138120 97 76 6225 824D8 4481541756145999999999999991132 152340 6099999999999999
 60 71 91116138151150136112 81 53 32 24 32 53 83113135146142126103 79 6025 825D8 52915218141469999999999999912 0 24999999999999999999999
 51 55 71 95120139147143126100 73 50 38 39 53 78107131145145133111 85 6325 826D8 6 9147183114799999999999999 012 511226 3699999999999999
 48 45 55 74 98121136140132114 91 69 54 50 58 78103126142146137118 94 6925 827D8 648140184814699999999999999 044 451250 5099999999999999
 51 42 45 58 78101120130130120104 86 71 64 67 80100122139145140125102 7825 828D8 72913219 414599999999999999 117 421312 6499999999999999
 58 45 41 48 62 82101115122120111 98 86 79 78 86101118134142140129110 8825 829D8 815122192114399999999999999 151 411332 7799999999999999
 68 52 44 44 52 66 82 98108113111105 98 92 90 94104116129137138131117 9825 830D8 912113193813999999999999999 229 431349 9099999999999999
 79 63 52 47 48 55 66 79 9110010510610510310210410911612513113413012110725 831D81053106195613499999999999999 317 46135410299999999999999
 92 77 64 55 50 50 54 62 72 83 9310110611011211411611812212512712612211425 9 1D82016127999999999999999999999 431 49999999999999999999999
104 92 80 68 58 51 48 49 54 64 76 8910111211912312412312112012012011911725 9 2D81553124999999999999999999999 618 47999999999999999999999
113107 97 86 72 59 48 40 39 44 56 72 9010812213013212912311711211011211525 9 3D81553132999999999999999999999 744 38205911099999999999999
118119115106 92 74 55 39 29 27 35 52 74 9811913414013712811610610010110725 9 4D8 039119161014099999999999999 841 27212510099999999999999
116125129125114 94 71 47 28 18 19 32 55 83111133144144135119103 91 88 9425 9 5D8 2 5129163014699999999999999 924 172152 8899999999999999
107122135140135118 93 64 37 17 10 17 37 67 99127145150142124103 85 75 7725 9 6D8 3 014016511509999999999999910 2 102221 7599999999999999
 90110131146150140118 88 55 28 11 10 24 51 85118142153149132108 83 66 6125 9 7D8 3481501713154999999999999991036  92253 6199999999999999
 70 90115139154154140113 80 48 24 13 19 40 72107136153154140115 87 62 4925 9 8D8 4321561734155999999999999991110 132326 4899999999999999
 50 66 92121145157154135107 74 46 28 25 37 63 96128149156147124 94 65 4425 9 9D8 5171581755156999999999999991142 24999999999999999999999
 36 44 65 94124146155148128100 72 50 39 44 62 90120143155151133105 74 4725 910D8 6 3155181515699999999999999 0 1 361212 3999999999999999
 31 29 42 66 96124142147139120 96 74 60 58 68 88114137152153140116 87 5725 911D8 652147183515499999999999999 038 281241 5799999999999999
 35 24 27 42 67 95119133136128113 96 82 76 79 92112132147151144126101 7325 912D8 745136185515299999999999999 118 2413 8 7699999999999999
 48 31 24 29 44 67 90109121124119109100 93 94100113128141147144132113 9025 913D8 848124191414799999999999999 2 4 241330 9399999999999999
 66 46 33 29 33 46 63 82 9810811211211010710711011712613414014013412110525 914D81026113193214199999999999999 259 29133610699999999999999
 86 67 52 40 35 37 45 57 72 85 9710511011411611912112512913113213012411525 915D81945132999999999999999999999 416 35999999999999999999999
103 90 75 61 49 41 38 41 49 61 76 9010311412112512612512412212112011911725 916D816 3126999999999999999999999 6 1 38999999999999999999999
114108 99 86 71 56 43 35 35 41 55 72 9010812112813012712011310810610811225 917D81548130999999999999999999999 736 3421 310699999999999999
117120118111 97 78 58 41 31 29 38 54 76 98117129133129120107 97 91 92 9925 918D8 115120155813399999999999999 839 292122 9099999999999999
110122129129121103 80 56 37 26 28 40 62 87111129136133122105 88 77 74 8125 919D8 232130161213799999999999999 924 252147 7499999999999999
 96114130140138126104 77 51 32 26 32 51 77105127139138127107 85 67 59 6225 920D8 32414016281409999999999999910 1 262215 5899999999999999
 76 98121140147142125 99 70 46 31 31 45 69 98124140144133113 87 64 49 4525 921D8 4 71481644144999999999999991032 292243 4599999999999999
 56 78105130147151140119 90 63 43 36 44 64 92120140148141121 94 66 45 3525 922D8 44615117 21489999999999999911 0 362312 3599999999999999
 39 57 84113137150148134109 82 59 47 47 62 87115138149147130104 74 48 3125 923D8 5241511719150999999999999991126 452342 2899999999999999
 28 40 63 93121141148142124100 77 61 56 64 84110133148150137113 84 55 3425 924D8 6 11481736151999999999999991151 56999999999999999999999
 25 29 46 73102126141143133114 93 76 67 70 84105128144150141121 94 65 4125 925D8 639143175415099999999999999 011 241216 6799999999999999
 27 25 35 56 82108127136134123107 91 81 79 87103123139147143127103 76 5225 926D8 718137181114799999999999999 040 241240 7999999999999999
 34 27 30 44 65 89110124129125115103 94 90 93104119133142142131111 87 6425 927D8 8 2129182814399999999999999 110 2613 2 9099999999999999
 45 33 31 38 53 72 91108118121118111104100101107117128136138131117 98 7725 928D8 857121184513899999999999999 143 31132310099999999999999
 58 44 38 38 45 58 73 88101110114114112110110112117124129132129120106 9025 929D8103211419 213299999999999999 226 37133810999999999999999
 73 59 49 44 44 48 57 69 82 9410311011511711811912012112312412311911210125 930D81912124999999999999999999999 332 43999999999999999999999
 89 77 66 56 49 46 47 52 62 74 881011121201251261241211181151141131121092510 1D81446126999999999999999999999 517 45999999999999999999999
104 96 86 74 62 51 43 40 44 54 69 871051201291331301231141071021021051092510 2D815 0133999999999999999999999 656 40203410299999999999999
113112108 97 82 65 49 37 33 37 50 70 93114131138137127114100 90 87 911012510 3D8 030113151913999999999999999 8 2 332055 8799999999999999
112122125121107 88 65 45 31 27 35 53 79105128142144134117 97 80 70 72 832510 4D8 157125154014499999999999999 850 272123 7099999999999999
101120134139132114 89 62 40 27 27 40 65 94122142149142124 99 74 57 52 602510 5D8 25513916 014999999999999999 931 252153 5299999999999999
 80105130146150139117 88 60 38 29 35 54 83114139152150133106 76 50 36 372510 6D8 34515016221539999999999999910 8 292226 3499999999999999
 53 81112139155156141116 86 59 42 39 50 75105133152156143117 84 52 28 202510 7D8 4331571643156999999999999991043 3823 1 2099999999999999
 28 51 84119145159156139113 85 63 52 55 72 98127149158151129 97 61 31 132510 8D8 52016017 5158999999999999991117 512338  999999999999999
 11 25 54 89123147156151134110 87 71 67 76 95121143157156140112 77 43 172510 9D8 6 81571727158999999999999991149 67999999999999999999999
  5  9 28 58 92123143149143127108 91 83 85 97116137152157147125 95 62 32251010D8 659149174915799999999999999 016  41220 8299999999999999
 12  5 13 33 62 93118134138133121108 99 96102115131146153149134111 82 53251011D8 754138181215399999999999999 058  51248 9699999999999999
 30 15 12 21 40 65 90110123127124117111107109116126137145145137121100 76251012D8 9 2127183414699999999999999 145 12131210799999999999999
 53 35 25 23 30 45 64 84100111117118116115115118123129134137133125111 95251013D81049118185613799999999999999 241 22132811599999999999999
 77 60 46 37 34 38 48 62 77 91103111116118119120120121123124123120114106251014D81911124999999999999999999999 357 34999999999999999999999
 96 84 71 59 49 43 42 48 58 72 86100111118122122120116112109108108109109251015D81431122225010999999999999999 534 42201510899999999999999
108104 96 84 71 58 48 44 47 57 71 88103116123125121113103 95 91 91 95103251016D81444125999999999999999999999 7 3 442026 9099999999999999
110115114107 95 78 62 50 45 48 60 77 96113125129124113 99 85 75 72 77 88251017D8 126115145912999999999999999 8 6 452052 7299999999999999
103116125125117101 81 63 50 46 53 68 89109125133130118100 80 63 55 57 68251018D8 233126151513399999999999999 851 462120 5499999999999999
 87108126135133121102 80 61 51 51 63 83106126137138126106 81 58 43 39 48251019D8 322136153213999999999999999 927 492148 3999999999999999
 67 93118136143137121 99 76 60 54 61 78101124140145136116 88 60 38 27 30251020D8 4 3143155114599999999999999 958 542217 2799999999999999
 47 73103128144147136117 93 73 62 62 75 97121140149144126 99 68 41 23 19251021D8 4411471610149999999999999991027 602246 1899999999999999
 30 53 84114137148146131110 88 73 67 75 92115137150150136111 79 49 25 14251022D8 5181491630152999999999999991056 672315 1499999999999999
 18 36 64 96124143148141124104 86 76 77 90110131147152142121 91 60 33 17251023D8 5551481651152999999999999991124 752344 1399999999999999
 13 24 47 77107131144144134117100 87 84 90105125141150145129103 73 44 24251024D8 6321461711150999999999999991152 83999999999999999999999
 15 18 34 59 88114133141138127112 99 92 94104119135145145134112 85 57 35251025D8 712141173114699999999999999 013 141220 9299999999999999
 21 18 26 45 69 95117130135130121110102100105115128139142136119 96 71 48251026D8 757135175214299999999999999 044 17124810099999999999999
 31 23 24 35 54 76 98115125128125118111107108114123132137135124106 85 63251027D8 853128181513799999999999999 120 22131910799999999999999
 45 32 28 31 42 59 78 96110119123122118115113115119124129130125114 98 80251028D81012123184013099999999999999 2 3 2814 311399999999999999
 62 48 38 34 37 46 60 76 92106115121122121119117116117119121120116107 95251029D812 2122191612199999999999999 3 3 34155411699999999999999
 81 67 55 45 40 41 47 59 73 89104115123126125121116111109108109110109106251030D81313126211211099999999999999 425 40184410899999999999999
 99 89 77 64 53 45 42 46 57 72 89106120128130126118108 99 93 93 96102108251031D81350131999999999999999999999 555 421938 9299999999999999
111109101 89 74 59 48 43 46 57 74 94114128135133123108 92 80 74 76 85 982511 1D8 0 8111141713599999999999999 7 9 432014 7399999999999999
111120122115101 83 64 51 45 48 62 82105125138140131114 91 71 57 53 61 772511 2D8 142122144214199999999999999 8 7 452049 5399999999999999
 99119132135128111 89 69 54 49 56 73 96120138146141123 97 70 46 34 35 502511 3D8 24813615 614699999999999999 856 492125 3299999999999999
 75103128144147137117 94 73 59 57 68 88113136150150136109 77 46 23 15 222511 4D8 343147153115299999999999999 939 5722 3 1599999999999999
 44 76109137152154142120 97 77 68 70 84107131150156148125 92 56 25  5  22511 5D8 4351551557156999999999999991019 672241  199999999999999
 16 44 80115142156155142121 99 84 79 85102125146158156139110 74 37  9 -52511 6D8 5251581624159999999999999991056 792322 -799999999999999
 -3 16 48 85119144155152138119102 92 91101119139155160150128 95 58 25  22511 7D8 6161551651160999999999999991132 90999999999999999999999
 -8 -1 21 53 89119140148145132117105100103115132148157155140114 82 49 202511 8D8 7 9148172015799999999999999 0 4 -812 710099999999999999
  2 -3  7 29 59 90117133139136126116108107113124138148152145128103 74 462511 9D8 8 5139175115299999999999999 050 -3124210799999999999999
 23  9  7 18 38 64 90111125129127121115111112117127136142142133117 95 71251110D8 9 8130182514399999999999999 139  7132011199999999999999
 49 31 21 20 29 47 68 89106117122121118114112113116122128130128121108 92251111D8102212219 713099999999999999 234 19141711299999999999999
 74 57 43 35 34 41 54 71 88102112117118116113110108109111114116115111104251112D81144118201811699999999999999 337 33161510899999999999999
 94 81 68 56 48 46 50 61 75 89102111117118115109103 98 95 95 98101105106251113D8124211823 510699999999999999 449 461828 9599999999999999
105100 91 79 68 59 56 59 67 80 93106115120118112103 92 83 77 77 82 90 99251114D81317120999999999999999999999 6 5 561932 7799999999999999
106110108101 89 77 68 63 65 74 87101114122124118107 92 76 64 59 61 70 84251115D8 110110134412499999999999999 710 632013 5999999999999999
 99112118117109 97 83 73 69 72 83 97113125130127115 97 77 58 46 43 50 65251116D8 22311914 913099999999999999 8 3 692048 4299999999999999
 85105120127125115100 86 76 74 80 93110126135136126108 84 59 40 30 32 45251117D8 315127143413799999999999999 846 742122 2999999999999999
 67 92114130135130117101 86 78 79 89106124137143137120 95 67 42 25 19 27251118D8 359135145914399999999999999 923 782154 1999999999999999
 47 74102125138140131116 99 86 81 87100119136146145132108 79 50 27 14 15251119D8 438141152514799999999999999 958 812225 1399999999999999
 30 55 86114135144141129112 96 87 86 96112131144149141121 93 62 34 16 10251120D8 5151441552149999999999999991032 852257 1099999999999999
 17 38 67 98124141146139125108 95 89 93106123139148146131106 76 46 23 10251121D8 55314616181499999999999999911 6 892328  899999999999999
 10 24 49 79109131143144135120105 96 95102116133144147138117 90 60 33 15251122D8 6321451644147999999999999991139 94999999999999999999999
  9 15 33 60 90116135142139129116104 99101111125138145141126103 74 47 25251123D8 713142171014599999999999999 0 1  91212 9999999999999999
 12 11 22 43 70 97120134138134124113105103108118130139141132114 89 62 38251124D8 757138173814199999999999999 035 10124710399999999999999
 21 13 17 30 52 77102121132134129120112107107113122131136134122103 79 55251125D8 845134181113799999999999999 113 13132710699999999999999
 35 22 18 23 38 59 83104120128129125118111108108113121127130125113 95 74251126D8 938130185213099999999999999 155 18141910799999999999999
 54 37 27 25 32 46 66 87106119126126122116109105105108114119120117107 92251127D81036127195012199999999999999 244 25153510599999999999999
 75 58 44 36 34 41 54 72 91107119125125121113105 99 96 97102107111110105251128D81131126212611199999999999999 341 341710 9699999999999999
 95 82 68 55 47 45 50 61 77 95111122127126119108 96 87 81 81 86 95103108251129D81218127233510999999999999999 448 451829 8099999999999999
108103 94 81 69 59 56 59 69 84101116127130126115100 83 69 62 62 70 83 98251130D81259130999999999999999999999 6 2 561927 6199999999999999
109116115108 96 82 71 66 68 78 92109124134134126109 87 65 48 40 43 56 752512 1D8 124116133513599999999999999 714 662016 4099999999999999
 96115126128122109 94 82 75 77 87103120134141137122 99 71 46 27 20 27 452512 2D8 244128141014199999999999999 818 7521 1 2099999999999999
 71 99122136140133119103 90 84 86 97114132144147137116 87 54 26  8  4 152512 3D8 348140144414799999999999999 913 832146  499999999999999
 39 71103129145148140125108 96 91 95109126143152150134107 73 39 11 -5 -52512 4D8 44514815201539999999999999910 1 912231 -799999999999999
 10 39 74108134149150141126110 99 97104119137151157149128 97 61 26  0-122512 5D8 5371511556157999999999999991044 972316-1399999999999999
 -9 11 42 79112137149148138123110102103112128145156157144120 87 51 18 -42512 6D8 6271501634158999999999999991125101999999999999999999999
-13 -5 17 49 84115136145142132119108103107118134148155152137111 78 45 162512 7D8 715145171315699999999999999 0 2-1312 410399999999999999
 -2 -7  4 27 58 89116132138134124113105103108120134146150143127102 72 432512 8D8 8 2138175515099999999999999 049 -7124510399999999999999
 19  5  4 16 39 67 94116128130125116106101101107118130138140132117 94 692512 9D8 847130184114099999999999999 135  3133010099999999999999
 45 27 17 19 32 53 77 99115123123117108100 96 96102111120127127121108 90251210D8 929124193412899999999999999 220 171425 9599999999999999
 70 51 38 32 36 49 67 87104115119117111102 94 89 89 93100108113115111102251211D810 7119204511599999999999999 3 6 321536 8899999999999999
 89 74 60 51 48 53 65 81 96109116117114106 96 87 81 78 81 86 94100104104251212D81044118222910499999999999999 352 4817 1 7899999999999999
 99 91 81 72 65 64 69 79 92104113118117112102 91 79 70 66 67 72 81 90 97251213D81122118999999999999999999999 442 641821 6699999999999999
102102 98 91 84 78 77 82 90101111118121119111 99 84 70 58 52 53 60 71 84251214D8 03110212 312199999999999999 542 771924 5299999999999999
 96105108106101 94 88 87 90 98108117124125121110 94 76 58 45 39 41 51 67251215D8 2 7108124612599999999999999 650 872014 3999999999999999
 85100112117115109101 95 92 95103114123129129122107 87 65 46 33 28 34 48251216D8 313117132913099999999999999 756 922057 2899999999999999
 68 90109121125122114104 97 95 99108119130135132120101 77 53 33 22 21 31251217D8 4 2125141113599999999999999 852 952135 2099999999999999
 50 75 99119130132126115104 97 96102113126136138132116 92 66 40 22 13 17251218D8 442133144913999999999999999 939 952212 1399999999999999
 33 57 85111129138136126113102 95 97106119132141140128107 80 52 28 12  8251219D8 5191381525141999999999999991020 952247  899999999999999
 18 39 67 96121137142136124110 99 95100111126138143137121 96 66 38 16  5251220D8 5551421559143999999999999991058 952322  499999999999999
  7 22 47 78107130142142133119105 97 96104118133142143132110 82 52 26  8251221D8 6311431632144999999999999991134 952357  299999999999999
  2  9 29 58 89117135143139127113101 96 99110124137143139123 98 68 39 16251222D8 7 814317 61449999999999999912 9 96999999999999999999999
  3  3 16 40 70100124138140133121107 98 96102114129139141132112 85 56 29251223D8 744141174114299999999999999 031  11245 9599999999999999
 11  3  8 26 52 82109129137136126113101 94 95103116129137135123102 75 48251224D8 819138182113899999999999999 1 6  31323 9499999999999999
 25 11  9 19 39 66 94117131134129118105 95 90 93102114126131127114 93 69251225D8 85213519 713199999999999999 142  814 8 9099999999999999
 46 28 19 21 34 55 80104122130130122109 97 87 84 87 96108118122118107 89251226D8 92613120 412299999999999999 219 1815 1 8499999999999999
 69 50 37 32 37 51 71 93112124129125115102 89 79 75 78 86 97107112111103251227D810 0129211911299999999999999 3 0 3216 5 7599999999999999
 90 75 61 52 50 56 68 85103117126127120109 95 80 69 64 65 72 83 94102105251228D8103712723 510599999999999999 346 501720 6399999999999999
103 96 86 77 70 69 74 83 97110121127126118105 88 72 58 50 49 55 67 81 95251229D81121127999999999999999999999 445 691836 4899999999999999
104108107101 94 88 86 88 95105116124129127118103 83 62 45 34 31 38 53 72251230D8 114108121312999999999999999 6 5 861945 3199999999999999
 90106116120118112105101100103111121129132129118100 76 51 30 16 14 22 41251231D8 3 512013 613399999999999999 7421002044 1399999999999999
