 25 25 25 25 24 22 18 13  8  4  0 -2 -2 -1  3  9 15 20 24 25 25 24 24 2425 1 1F31918 259999999999999999999991145 -2999999999999999999999
 24 24 24 24 24 23 20 16 11  6  1 -2 -3 -3 -1  3  9 15 20 22 22 22 21 2125 1 2F31941 229999999999999999999991231 -3999999999999999999999
 21 21 21 22 22 22 21 18 14  8  3  0 -3 -4 -3 -1  4 10 15 18 20 19 18 1825 1 3F3 436 2220 9 2099999999999999 0 6 211317 -423 6 189999999
 18 18 18 18 19 20 20 19 16 11  6  2 -1 -2 -3 -2  1  5 10 15 17 17 16 1525 1 4F3 539 202038 179999999999999914 1 -3999999999999999999999
 14 15 15 15 15 16 17 17 16 13  9  6  3  1  0  0  1  3  7 11 14 15 15 1325 1 5F3 647 1721 6 1599999999999999 132 141442  099999999999999
 12 11 11 11 11 11 12 13 14 14 12  9  6  5  4  4  4  5  7 10 13 14 15 1325 1 6F3 8 7 142133 1599999999999999 249 111514  499999999999999
 11  9  8  8  7  7  8  9 10 12 12 11 10  9  9  9  9  9 10 11 13 15 15 1425 1 7F3 952 122157 1599999999999999 459  714 3  999999999999999
 12 10  7  6  5  4  4  4  6  8 10 12 13 13 13 14 15 15 15 15 15 16 17 1725 1 8F32219 17999999999999999999999 559  4999999999999999999999
 15 12  9  6  4  3  2  1  2  4  7 10 13 15 16 18 19 20 20 20 20 19 19 1925 1 9F31756 20999999999999999999999 657  1999999999999999999999
 18 16 13  9  6  3  1  0 -1  0  3  6 11 15 18 20 22 24 25 25 24 23 22 2225 110F31833 25999999999999999999999 753 -1999999999999999999999
 21 20 18 14 10  6  3  0 -1 -2 -1  2  7 12 17 21 24 25 27 27 27 26 25 2425 111F31910 27999999999999999999999 846 -2999999999999999999999
 24 23 22 19 15 11  6  2 -1 -2 -2 -1  3  8 14 19 23 26 27 28 28 27 26 2525 112F31945 28999999999999999999999 937 -2999999999999999999999
 25 25 25 23 21 16 11  6  2 -1 -3 -2  0  4 10 16 21 24 26 27 27 27 26 2525 113F31955 279999999999999999999991025 -3999999999999999999999
 25 24 25 25 24 21 16 10  5  1 -2 -3 -2  1  5 11 17 22 24 25 25 24 24 2425 114F319 8 259999999999999999999991110 -3999999999999999999999
 23 23 23 24 25 23 20 15  9  3  0 -2 -3 -2  2  7 13 18 21 22 22 22 21 2125 115F3 346 251917 2299999999999999 1 1 231152 -32350 219999999
 21 21 21 22 23 23 21 17 12  6  2 -1 -3 -2 -1  3  8 13 17 19 20 19 18 1825 116F3 439 231937 20999999999999991228 -3999999999999999999999
 18 18 18 18 19 20 20 18 14  9  4  0 -2 -2 -1  1  5  9 13 16 17 16 15 1525 117F3 526 2020 1 1799999999999999 018 181256 -299999999999999
 15 15 15 15 15 17 17 17 14 10  6  2  0 -1  0  1  3  7 11 13 15 15 13 1225 118F3 6 9 172022 1599999999999999 055 151312 -199999999999999
 12 12 12 11 12 13 13 14 13 11  7  4  2  1  1  2  4  7  9 12 13 13 12 1125 119F3 653 142037 1399999999999999 259 111314  199999999999999
 10  9  9  9  9  9 10 11 11 10  8  6  4  4  4  5  6  8 10 12 13 13 12 1125 120F3 746 112037 1399999999999999 346  913 8  499999999999999
  9  8  7  7  6  6  7  8  8  9  8  8  7  6  7  8  9 11 12 13 14 14 13 1125 121F3 9 2  92018 1499999999999999 437  61251  699999999999999
 10  8  7  6  5  4  4  5  6  7  8  8  9  9 10 11 13 14 15 16 16 16 15 1325 122F31954 16999999999999999999999 529  4999999999999999999999
 11  9  7  6  5  4  3  3  4  6  7  9 10 11 13 14 16 17 18 18 19 18 17 1525 123F31936 19999999999999999999999 618  3999999999999999999999
 14 11  9  7  5  4  2  2  2  4  6  8 11 13 15 17 18 20 21 21 21 20 19 1825 124F31916 21999999999999999999999 7 7  2999999999999999999999
 16 14 12 10  7  5  3  1  1  2  4  7 10 13 16 18 20 22 22 23 23 22 21 2025 125F319 4 23999999999999999999999 754  1999999999999999999999
 19 17 15 12 10  7  4  2  0  0  1  4  8 12 16 19 21 23 23 24 24 23 22 2125 126F319 4 24999999999999999999999 840  0999999999999999999999
 21 19 18 15 12  9  6  3  0 -2 -1  1  4  9 14 18 21 22 23 24 23 23 22 2225 127F319 2 24999999999999999999999 926 -2999999999999999999999
 21 21 20 18 15 12  8  4  0 -2 -4 -3  0  4 10 15 19 21 22 22 22 22 21 2125 128F31836 229999999999999999999991012 -4999999999999999999999
 20 20 20 20 18 15 11  6  1 -2 -5 -6 -5 -1  5 11 16 19 20 20 20 19 19 1925 129F31827 219999999999999999999991058 -6999999999999999999999
 19 19 19 20 19 17 13  9  3 -1 -5 -7 -7 -5 -1  5 11 16 18 18 17 16 16 1625 130F3 3 7 201837 1899999999999999 017 191143 -72310 169999999
 16 16 17 18 19 19 16 12  6  1 -3 -6 -8 -8 -5  0  6 12 15 16 15 13 12 1225 131F3 413 191854 16999999999999991227 -82241 1299999999999999
 12 13 13 15 17 18 17 14 10  4  0 -4 -6 -7 -6 -3  2  8 12 14 14 12  9  825 2 1F3 513 181916 14999999999999991310 -72328  899999999999999
  8  9  9 10 12 15 16 15 13  8  4  0 -2 -3 -4 -2  1  5 10 13 13 11  8  625 2 2F3 614 161938 13999999999999991351 -4999999999999999999999
  5  5  5  6  7 10 12 14 14 11  8  5  3  2  2  2  3  6  9 12 13 12  9  625 2 3F3 720 1420 0 1399999999999999 039  51428  199999999999999
  4  3  2  2  3  5  7 10 12 12 11  9  8  7  7  8  8  9 11 13 14 14 11  825 2 4F3 839 122019 1499999999999999 240  21254  799999999999999
  5  2  1  0  0  1  2  5  8 10 11 11 11 12 13 14 14 14 15 15 16 16 14 1125 2 5F32026 16999999999999999999999 354  0999999999999999999999
  8  5  2  0 -1 -1 -1  1  3  6  9 11 13 14 16 18 19 20 19 19 18 18 17 1525 2 6F31658 20999999999999999999999 511 -1999999999999999999999
 12  9  5  3  1 -1 -2 -2  0  2  5  9 12 15 18 20 22 23 23 23 21 20 19 1825 2 7F31732 24999999999999999999999 632 -2999999999999999999999
 16 14 10  7  4  1  0 -2 -2 -1  1  5 10 14 17 20 23 25 25 25 24 22 21 2025 2 8F318 7 25999999999999999999999 748 -2999999999999999999999
 19 18 15 12  8  5  2  0 -2 -2 -1  1  6 11 15 19 22 24 25 25 24 23 21 2125 2 9F31838 25999999999999999999999 851 -2999999999999999999999
 20 20 19 17 13  9  5  2 -1 -2 -3 -1  2  7 12 17 20 22 23 23 23 22 21 2025 210F31851 23999999999999999999999 945 -32348 2099999999999999
 20 20 20 20 17 13  9  4  1 -2 -3 -3 -1  3  8 13 17 20 20 20 20 19 19 1825 211F3 155 201816 20999999999999991030 -32355 1899999999999999
 18 18 19 20 19 17 12  7  2 -1 -3 -4 -3 -1  4  9 14 17 18 18 17 16 16 1525 212F3 3 4 201810 189999999999999911 9 -4999999999999999999999
 15 15 17 18 19 18 15 10  5  0 -3 -4 -4 -3  0  5 10 14 16 16 14 13 12 1225 213F3 359 191822 1699999999999999 0 5 151142 -499999999999999
 12 12 13 15 17 17 16 12  7  2 -1 -3 -4 -4 -1  2  7 11 13 14 12 10  9  925 214F3 447 171840 1499999999999999 011 1212 8 -42341  99999999
  9  9  9 11 13 15 15 13  9  4  0 -2 -3 -3 -1  1  5  9 11 12 11  9  7  625 215F3 531 151856 12999999999999991225 -3999999999999999999999
  6  6  6  8 10 12 13 13 10  6  3  0 -1 -1  0  2  5  8 10 11 11  9  6  425 216F3 615 1319 7 1199999999999999 011  61226 -199999999999999
  4  4  4  5  6  9 10 11 10  8  5  3  2  2  3  5  7  9 11 11 11  9  7  425 217F3 7 1 1119 6 1199999999999999 1 4  41217  299999999999999
  3  2  2  2  4  6  8  9 10  9  8  6  5  6  7  8  9 11 12 13 12 10  8  525 218F3 754 101853 1399999999999999 156  212 4  599999999999999
  3  2  2  1  2  3  5  7  9  9  9  9  8  9 10 12 13 14 15 15 14 12 10  725 219F3 9 6  91838 1599999999999999 248  11141  899999999999999
  5  3  2  1  1  2  3  5  7  9 10 10 11 12 13 15 16 17 17 17 16 15 12 1025 220F31824 18999999999999999999999 344  1999999999999999999999
  7  5  4  2  2  1  2  3  5  7  9 11 12 14 15 17 18 19 20 19 19 17 15 1225 221F318 6 20999999999999999999999 450  1999999999999999999999
 10  7  6  4  3  2  1  2  3  5  8 10 12 15 16 18 20 21 21 21 20 19 17 1525 222F31754 21999999999999999999999 6 4  1999999999999999999999
 13 10  8  6  4  3  1  0  1  2  5  8 11 14 17 19 20 21 22 21 20 19 18 1625 223F31757 22999999999999999999999 716  0999999999999999999999
 15 13 11  8  6  4  1  0 -1 -1  1  4  8 12 15 18 19 20 21 21 20 19 18 1725 224F318 4 21999999999999999999999 818 -1999999999999999999999
 16 15 13 11  8  5  2 -1 -3 -4 -3 -1  3  8 12 16 18 19 19 19 18 17 17 1625 225F31752 19999999999999999999999 912 -4999999999999999999999
 16 16 15 14 11  8  4  0 -3 -5 -6 -5 -2  3  8 13 16 17 17 16 15 15 14 1425 226F31728 1799999999999999999999910 1 -62321 1499999999999999
 14 15 16 15 14 11  7  2 -2 -6 -8 -8 -6 -2  3  9 13 15 15 13 12 11 11 1125 227F3 224 161726 15999999999999991048 -823 6 1199999999999999
 11 12 14 16 16 14 10  5  0 -4 -7 -8 -8 -6 -1  5 10 13 13 11  9  7  7  725 228F3 333 161738 13999999999999991133 -92221  799999999999999
  7  8 11 14 16 16 14 10  4  0 -4 -6 -7 -7 -4  2  7 11 12 11  8  5  3  325 3 1F3 435 161756 12999999999999991217 -72254  399999999999999
  3  4  6  9 13 16 16 13  9  5  1 -1 -3 -3 -3  1  6 10 12 11  8  4  1 -125 3 2F3 535 161817 129999999999999913 1 -32347 -199999999999999
 -1  0  1  4  8 12 15 15 13 10  6  4  3  2  2  3  6 10 12 13 10  6  1 -225 3 3F3 637 151837 13999999999999991346  2999999999999999999999
 -3 -3 -3 -1  2  7 11 14 14 13 11  9  9  9  8  8  9 11 14 14 13  9  5  025 3 4F3 746 151854 1499999999999999 056 -31433  899999999999999
 -2 -4 -4 -4 -2  2  6 10 13 14 14 13 13 14 15 15 14 15 16 16 15 13  9  425 3 5F319 0 16999999999999999999999 2 4 -4999999999999999999999
  1 -2 -3 -4 -3 -2  1  5  8 11 13 15 16 17 19 20 20 19 19 18 18 16 13  925 3 6F31528 20999999999999999999999 313 -4999999999999999999999
  5  2  0 -2 -3 -3 -1  1  4  7 11 13 16 18 20 22 23 23 22 20 19 18 16 1425 3 7F31613 23999999999999999999999 431 -3999999999999999999999
 10  7  4  2  0 -1 -1 -1  0  3  7 10 14 17 20 22 24 24 23 22 20 19 17 1625 3 8F31651 24999999999999999999999 6 8 -1999999999999999999999
 14 12  9  6  4  2  0 -1 -1  0  3  6 10 14 17 20 22 23 23 22 20 18 17 1725 3 9F31723 23999999999999999999999 740 -1999999999999999999999
 16 15 13 10  8  5  2  0 -1 -1  0  2  6 11 14 17 19 20 20 20 19 17 16 1525 310F31740 20999999999999999999999 849 -1999999999999999999999
 16 16 15 14 11  8  5  2  0 -2 -2  0  3  7 11 14 16 17 17 16 16 14 13 1325 311F31718 17999999999999999999999 941 -22255 1399999999999999
 14 15 16 15 14 10  7  3  1 -1 -2 -2  0  4  8 12 14 15 14 13 12 11 10 1025 312F3 217 1617 1 15999999999999991022 -223 2 1099999999999999
 11 12 14 15 15 13  9  5  1 -1 -2 -3 -2  1  5  9 12 13 12 11  9  8  7  725 313F3 315 1517 7 13999999999999991055 -323 5  799999999999999
  7  9 11 14 15 14 11  7  3  0 -1 -2 -2  0  3  7 10 11 11  9  7  5  4  425 314F3 4 6 151720 12999999999999991121 -223 4  499999999999999
  4  5  8 11 13 14 13  9  5  2  0 -1 -1  0  2  6  9 11 11  9  6  3  2  125 315F3 452 141734 11999999999999991139 -12317  199999999999999
  1  2  4  8 11 13 13 11  8  5  2  2  1  2  3  6  9 10 11  9  6  3  1  025 316F3 537 131742 11999999999999991145  12346 -199999999999999
 -1  0  2  5  8 11 13 13 11  8  6  5  5  5  6  8 10 11 12 10  8  4  1 -125 317F3 621 131742 12999999999999991134  5999999999999999999999
 -1 -1  0  2  6  9 12 13 12 11  9  8  8  9  9 11 12 13 13 12  9  6  3  025 318F3 7 8 131734 1399999999999999 021 -11121  899999999999999
 -1 -1 -1  1  4  7 10 12 13 13 12 11 11 12 13 14 15 16 15 14 12  8  5  225 319F3 8 1 131725 1699999999999999 1 0 -11110 1199999999999999
  0 -1 -1  0  2  5  8 11 13 14 13 13 14 15 16 17 17 18 18 16 14 11  8  425 320F31715 18999999999999999999999 142 -1999999999999999999999
  2  1  0  0  1  3  6  9 11 13 14 15 15 17 18 19 19 20 19 18 16 13 10  725 321F31653 20999999999999999999999 232  0999999999999999999999
  5  3  2  1  1  2  4  6  9 11 13 15 16 17 19 20 21 21 20 19 17 15 12 1025 322F31635 21999999999999999999999 333  1999999999999999999999
  7  5  3  2  2  1  2  3  5  8 11 13 15 17 18 20 20 21 20 19 17 16 14 1225 323F31642 21999999999999999999999 457  1999999999999999999999
  9  7  5  4  2  1  1  1  2  4  7 10 13 15 17 18 19 20 19 18 17 15 14 1325 324F31655 20999999999999999999999 631  0999999999999999999999
 11  9  8  6  4  2  0 -1 -2 -1  2  5  9 12 15 16 17 17 17 16 15 14 13 1325 325F31652 17999999999999999999999 748 -2999999999999999999999
 12 11 10  8  6  3  0 -2 -3 -4 -3  0  5  9 12 14 15 15 14 13 12 11 11 1125 326F31614 15999999999999999999999 848 -42227 1199999999999999
 12 12 12 11  9  5  2 -1 -3 -5 -5 -3  0  5  9 12 13 12 11 10  9  8  8  825 327F3 126 1216 4 1399999999999999 941 -522 9  899999999999999
  9 11 13 14 12  9  6  2 -1 -4 -5 -5 -3  1  6 10 12 11  9  7  5  4  4  425 328F3 244 141614 12999999999999991030 -52154  499999999999999
  5  8 12 14 15 14 11  6  3  0 -2 -3 -3  0  4  9 11 12  9  5  2  0 -1  025 329F3 350 151632 12999999999999991119 -32211 -199999999999999
  1  3  8 12 16 17 15 12  8  5  3  1  1  1  4  8 12 13 11  7  2 -2 -4 -425 330F3 453 171653 139999999999999912 7  12252 -499999999999999
 -4 -2  2  8 13 17 18 17 14 11  9  7  6  6  7 10 13 14 14 10  5 -1 -4 -625 331F3 555 181714 14999999999999991257  62344 -699999999999999
 -6 -5 -3  2  8 14 18 19 18 16 14 13 13 12 12 13 15 16 16 14  9  3 -2 -525 4 1F3 7 0 191734 17999999999999991352 12999999999999999999999
 -6 -7 -6 -2  3  8 14 17 19 19 18 18 18 18 18 17 18 18 19 17 14  9  3 -125 4 2F3 816 191746 1999999999999999 042 -715 1 1799999999999999
 -4 -5 -6 -4 -1  3  8 13 17 19 19 20 21 22 22 22 21 21 20 20 17 14  9  425 4 3F31344 22999999999999999999999 142 -6999999999999999999999
  0 -2 -3 -3 -2  0  4  8 12 16 18 20 21 23 24 24 24 23 22 20 19 17 14 1025 4 4F31442 24999999999999999999999 245 -3999999999999999999999
  6  3  1  0 -1  0  1  4  7 11 14 17 19 22 24 25 25 24 22 20 19 18 16 1325 4 5F31528 25999999999999999999999 359 -1999999999999999999999
 11  8  5  3  2  1  1  2  4  7 10 13 16 19 21 22 23 23 21 19 18 17 16 1525 4 6F316 4 23999999999999999999999 539  1999999999999999999999
 13 11  9  7  5  4  2  2  2  3  6  9 13 15 18 19 20 20 19 17 16 14 14 1425 4 7F31625 20999999999999999999999 719  2999999999999999999999
 14 13 12 10  8  6  4  3  2  2  3  6  9 12 15 16 17 16 16 14 13 12 11 1225 4 8F31610 17999999999999999999999 830  22157 1199999999999999
 13 13 13 12 10  7  5  4  2  2  2  4  6  9 12 14 14 13 12 11 10  8  8  825 4 9F3 118 131545 1499999999999999 920  222 4  899999999999999
 10 12 13 13 12  9  7  5  3  2  2  3  5  7 10 12 12 11 10  8  6  5  5  525 410F3 226 131545 1299999999999999 958  22210  599999999999999
  7  9 12 13 13 11  9  6  4  3  3  3  4  6  9 11 12 11  9  6  4  3  2  225 411F3 322 131555 12999999999999991026  32215  299999999999999
  4  6 10 12 14 13 11  9  6  5  5  4  5  7  9 11 12 11  9  6  3  1  0  025 412F3 413 1416 5 12999999999999991048  42227  099999999999999
  1  4  7 11 14 15 14 12  9  8  7  7  7  8 10 12 13 12 10  7  3  0 -1 -225 413F3 5 0 151612 13999999999999991059  72250 -299999999999999
 -1  1  5  9 13 15 16 15 13 11 10 10 10 11 12 14 14 14 12  9  5  1 -1 -225 414F3 545 161612 14999999999999991050 102320 -299999999999999
 -2  0  3  7 12 15 17 17 16 14 14 13 14 14 15 16 17 16 14 11  7  3  0 -125 415F3 630 171611 17999999999999991037 132353 -299999999999999
 -2 -1  1  5 10 14 17 19 18 17 16 16 17 17 18 18 19 18 17 14 10  6  2  025 416F3 715 191610 19999999999999991032 16999999999999999999999
 -1 -1  1  4  8 12 16 19 19 19 19 19 19 20 20 20 21 20 19 16 13  9  5  225 417F3 8 7 1916 7 2199999999999999 030 -11028 1999999999999999
  1  0  1  2  6 10 14 17 19 20 20 20 20 21 22 22 22 21 20 18 15 11  8  525 418F31537 22999999999999999999999 1 9  0999999999999999999999
  3  2  1  2  4  7 10 14 17 18 19 20 20 21 22 22 22 22 21 19 16 13 10  725 419F315 9 22999999999999999999999 155  1999999999999999999999
  5  3  2  2  3  4  7 10 13 16 17 19 20 20 21 22 22 21 20 19 17 14 12  925 420F31524 22999999999999999999999 251  2999999999999999999999
  7  5  3  2  2  2  4  6  8 12 14 16 18 19 20 20 20 20 19 18 16 14 13 1125 421F31545 20999999999999999999999 4 6  2999999999999999999999
  9  7  5  3  2  2  2  2  4  7 10 13 15 17 17 18 18 18 17 16 14 13 13 1225 422F31548 18999999999999999999999 542  2999999999999999999999
 11  9  7  5  4  2  1  1  1  3  6  9 12 14 15 15 15 14 14 13 12 11 11 1125 423F31440 15999999999999999999999 7 7  12132 1199999999999999
 12 11 10  8  6  4  2  1  0  1  2  6  9 12 14 14 13 11 10  9  8  8  8  925 424F3 0 5 121429 1499999999999999 816  02110  899999999999999
 11 13 13 12 10  8  5  4  2  1  2  4  7 11 13 13 12 10  7  5  4  4  4  625 425F3 144 131441 1399999999999999 916  121 5  499999999999999
  9 12 15 16 15 13 10  8  6  5  4  4  7 10 13 14 13 10  6  3  1  0  0  125 426F3 3 0 1615 1 14999999999999991013  42121  099999999999999
  4  9 14 17 19 18 16 13 11 10  9  8  9 11 14 16 16 13  8  3 -1 -3 -3 -325 427F3 4 9 191524 169999999999999911 9  82157 -499999999999999
  0  4 10 16 20 22 21 19 17 16 15 14 13 14 16 18 19 17 12  7  1 -3 -5 -525 428F3 514 221549 199999999999999912 6 132243 -599999999999999
 -4 -1  4 11 18 22 24 24 22 21 20 20 19 18 19 20 21 21 18 12  6  0 -4 -625 429F3 619 241614 219999999999999913 5 182336 -699999999999999
 -6 -4  0  6 13 19 23 25 25 24 24 24 24 23 22 23 23 23 22 18 12  5  0 -325 430F3 728 251635 24999999999999991411 22999999999999999999999
 -4 -4 -3  1  7 14 19 23 25 26 26 26 27 27 26 25 25 25 24 22 18 12  6  225 5 1F31213 27999999999999999999999 032 -5999999999999999999999
 -1 -2 -2  0  3  8 14 19 22 24 25 26 27 28 28 27 26 25 25 23 21 17 12  725 5 2F31314 28999999999999999999999 129 -2999999999999999999999
  4  2  0  1  2  5  9 13 18 21 23 24 26 27 27 27 26 25 24 23 21 19 16 1225 5 3F314 6 27999999999999999999999 228  0999999999999999999999
  9  6  4  3  3  4  6  9 13 16 19 21 23 24 25 25 24 23 22 20 20 19 17 1525 5 4F31447 25999999999999999999999 334  3999999999999999999999
 12 10  7  6  5  5  5  7  9 12 15 17 19 21 22 22 22 21 19 18 17 16 16 1525 5 5F31511 22999999999999999999999 455  5999999999999999999999
 14 12 10  9  7  7  6  6  7  9 11 14 16 18 18 19 18 17 16 14 13 13 13 1425 5 6F31457 192346 1499999999999999 627  62056 1399999999999999
 14 13 12 11  9  8  8  7  7  8  9 12 14 15 16 16 15 14 13 11 10  9 10 1125 5 7F31419 16999999999999999999999 741  721 5  999999999999999
 13 13 13 12 11 10  9  9  8  8  9 11 12 14 15 15 14 12 10  9  7  7  7  825 5 8F3 120 131415 1599999999999999 834  82115  699999999999999
 10 13 14 14 13 12 11 10 10 10 10 11 12 14 15 15 13 11  9  6  5  4  4  625 5 9F3 235 141420 1599999999999999 913 102124  499999999999999
  8 11 14 15 15 15 14 13 12 12 12 13 14 15 16 16 14 12  9  6  4  2  2  325 510F3 338 151426 1699999999999999 938 122137  299999999999999
  6 10 13 16 17 18 17 16 15 15 15 15 16 17 17 17 16 14 10  6  4  2  1  225 511F3 432 181429 1799999999999999 940 152158  199999999999999
  4  8 12 16 19 20 20 19 18 18 18 18 18 19 20 20 18 16 13  9  5  2  1  125 512F3 519 201431 2099999999999999 924 182227  199999999999999
  3  6 11 16 20 22 23 22 21 21 21 21 21 22 22 22 21 19 16 12  7  4  2  125 513F3 6 1 231437 2299999999999999 936 2123 1  199999999999999
  2  5  9 14 19 23 24 25 24 23 23 23 24 24 24 24 24 22 19 15 10  6  4  225 514F3 642 251449 2499999999999999 947 232338  299999999999999
  2  3  7 12 17 22 25 26 26 25 25 25 25 25 26 26 25 24 21 18 13  9  6  425 515F3 723 261459 2699999999999999 955 25999999999999999999999
  3  3  5  9 14 19 23 25 26 26 26 26 26 26 26 26 26 25 23 20 16 12  8  525 516F31333 26999999999999999999999 017  3999999999999999999999
  4  3  4  6 10 15 19 23 25 25 25 25 26 26 26 26 26 25 24 21 18 14 10  725 517F31346 26999999999999999999999 1 0  3999999999999999999999
  5  4  4  5  7 11 15 19 22 23 24 24 24 25 25 25 25 24 23 21 19 16 12  925 518F31415 25999999999999999999999 146  4999999999999999999999
  7  5  4  4  5  7 10 14 18 20 21 22 22 23 23 23 23 22 21 20 19 17 14 1125 519F31443 23999999999999999999999 238  4999999999999999999999
  9  6  5  4  4  5  7 10 13 16 18 20 20 20 21 21 21 20 19 18 17 16 15 1325 520F31457 21999999999999999999999 339  4999999999999999999999
 11  9  7  6  5  5  5  7  9 12 15 17 18 18 18 18 17 17 16 15 15 15 15 1525 521F31233 19999999999999999999999 454  5999999999999999999999
 14 12 10  9  8  7  7  7  8 10 13 16 17 18 17 15 14 13 12 12 11 12 13 1425 522F31242 18999999999999999999999 618  720 2 1199999999999999
 15 15 14 13 11 11 10  9  9 10 12 15 17 18 17 15 13 11  9  8  8  8 10 1225 523F3 025 1513 1 1899999999999999 740  920 8  899999999999999
 15 17 18 18 17 15 14 14 13 13 13 15 17 19 19 17 13 10  7  5  4  4  5  825 524F3 2 5 181324 1999999999999999 856 132029  499999999999999
 13 17 20 22 22 21 20 19 18 18 17 18 19 21 21 20 17 12  7  4  2  1  2  425 525F3 331 221350 219999999999999910 8 1721 5  199999999999999
  8 14 19 23 26 26 25 25 24 23 22 22 22 23 24 24 21 17 11  6  2  0 -1  025 526F3 446 261419 25999999999999991115 222150 -199999999999999
  4  9 16 22 26 29 29 29 28 28 28 27 26 26 27 28 26 23 17 11  5  1 -1 -125 527F3 553 291451 28999999999999991218 262241 -199999999999999
  0  4 10 17 24 29 31 32 31 31 31 31 30 29 29 30 30 28 23 17 11  5  2  025 528F3 810 321525 30999999999999991320 292335  099999999999999
  0  1  6 12 19 25 29 32 32 32 32 33 32 31 31 31 31 30 28 24 17 11  6  325 529F3 940 339999999999999999999999999999999999999999999999999
  1  1  3  7 13 20 25 29 31 31 32 32 33 32 31 31 31 31 30 27 23 17 11  725 530F312 0 33999999999999999999999 029  1999999999999999999999
  4  3  3  5  9 14 20 24 28 29 30 30 31 31 31 30 29 29 29 28 25 21 16 1225 531F31255 31999999999999999999999 124  3999999999999999999999
  8  6  5  6  7 11 15 19 23 25 27 27 28 28 28 28 27 26 26 26 25 23 19 1525 6 1F31338 29999999999999999999999 216  5999999999999999999999
 12  9  8  8  8  9 12 15 19 21 23 24 25 25 25 25 24 23 22 22 22 21 20 1725 6 2F314 5 25999999999999999999999 3 5  8999999999999999999999
 15 12 11 10 10 10 11 13 16 18 20 21 22 22 22 22 21 20 19 18 18 18 18 1725 6 3F31337 22999999999999999999999 346 10999999999999999999999
 16 14 13 12 12 12 12 13 14 16 18 19 20 20 20 19 18 17 16 15 14 15 16 1625 6 4F31230 202333 1699999999999999 359 121956 1499999999999999
 16 16 15 14 14 14 14 15 15 16 17 19 19 19 19 18 16 15 13 12 11 12 13 1425 6 5F31230 20999999999999999999999 348 142013 1199999999999999
 16 16 17 16 16 16 17 17 17 18 18 19 20 20 19 17 16 14 12 10  9  9 10 1325 6 6F31231 209999999999999999999992027  9999999999999999999999
 15 17 18 19 19 19 20 20 20 20 21 21 21 21 20 19 16 14 11  9  8  8  9 1125 6 7F31224 219999999999999999999992043  8999999999999999999999
 14 17 20 21 22 22 23 23 23 23 23 24 24 24 23 21 18 15 12  9  7  7  7  925 6 8F312 8 2499999999999999999999921 7  7999999999999999999999
 13 17 20 23 25 25 26 26 26 26 26 26 26 26 26 24 21 18 14 11  8  7  6  825 6 9F31158 269999999999999999999992137  6999999999999999999999
 11 16 20 24 27 28 29 29 29 29 29 29 29 29 28 27 25 21 18 14 10  8  6  725 610F3 933 299999999999999999999992212  6999999999999999999999
  9 14 19 23 27 30 31 31 31 31 31 31 31 31 30 30 28 25 21 17 13  9  7  725 611F31256 319999999999999999999992251  7999999999999999999999
  8 11 16 21 26 30 31 32 32 31 32 32 32 32 32 31 30 28 24 20 15 11  9  725 612F31337 329999999999999999999992333  7999999999999999999999
  7  9 13 18 23 28 31 32 32 31 31 32 32 32 32 32 31 29 27 23 18 14 10  825 613F3 947 329999999999999999999999999999999999999999999999999
  7  7  9 14 19 24 28 30 31 31 30 31 31 31 31 31 31 30 28 25 20 16 12  925 614F31247 31999999999999999999999 016  7999999999999999999999
  7  6  7 10 14 19 24 27 29 29 29 29 29 29 29 29 29 29 28 25 22 18 14 1025 615F31323 29999999999999999999999 1 1  6999999999999999999999
  8  7  6  7 10 14 19 23 26 27 27 26 27 27 27 27 27 26 26 25 23 20 16 1225 616F31356 27999999999999999999999 146  6999999999999999999999
 10  8  7  7  8 11 15 19 22 24 25 24 24 24 24 24 24 23 23 23 22 21 18 1525 617F3 951 25999999999999999999999 232  7999999999999999999999
 12 10  9  9  9 10 12 16 19 22 23 23 22 22 21 21 21 20 20 20 20 20 20 1825 618F31022 232032 2199999999999999 317  918 5 2099999999999999
 16 14 12 12 12 12 13 15 17 20 22 23 22 20 19 18 18 17 16 16 17 18 19 2025 619F31049 232244 2099999999999999 4 2 121827 1699999999999999
 19 18 17 16 16 16 16 17 18 20 22 23 23 21 19 17 15 14 13 13 13 15 17 2025 620F31115 23999999999999999999999 454 161855 1399999999999999
 21 22 21 21 21 21 21 21 21 22 23 25 25 23 21 18 15 12 11 10 10 11 14 1725 621F3 1 3 221141 2599999999999999 722 211931 1099999999999999
 21 24 25 26 26 27 27 27 26 26 26 27 27 27 25 21 17 13 10  8  8  8 10 1425 622F3 611 2712 8 2899999999999999 9 9 262014  899999999999999
 18 23 27 29 30 31 32 32 31 31 30 30 30 31 29 26 22 17 12  9  7  6  7 1025 623F3 655 3299999999999999999999921 2  6999999999999999999999
 14 20 26 30 33 34 35 35 35 35 34 33 33 33 33 31 28 23 17 12  8  6  5  725 624F3 741 359999999999999999999992153  5999999999999999999999
 10 15 22 28 33 35 37 37 37 37 37 36 35 35 36 35 33 29 23 17 12  8  6  625 625F3 835 379999999999999999999992246  5999999999999999999999
  7 11 17 23 29 34 36 37 37 38 38 37 36 36 36 37 36 34 30 24 17 12  8  625 626F3 944 389999999999999999999992339  6999999999999999999999
  6  8 12 18 24 30 34 36 36 36 36 36 36 35 35 36 36 36 33 29 23 17 12  925 627F3 928 361613 36999999999999991350 35999999999999999999999
  7  7  9 13 19 25 30 33 34 34 34 34 34 34 33 33 34 35 34 32 27 21 16 1225 628F310 7 3417 9 3599999999999999 030  71430 3399999999999999
  9  8  9 11 15 20 25 29 31 31 31 31 31 31 31 30 31 31 32 31 29 24 19 1525 629F31045 3118 3 3299999999999999 117  81518 3099999999999999
 12 11 10 11 13 17 21 25 27 28 28 28 28 28 28 27 27 27 28 28 27 25 22 1825 630F31115 281856 2899999999999999 156 101613 2799999999999999
 15 13 12 12 13 16 19 22 24 26 26 26 25 25 25 24 24 23 24 24 24 24 22 1925 7 1F3 946 261957 2499999999999999 221 121711 2399999999999999
 17 15 15 15 16 17 18 21 23 24 25 24 24 23 23 22 21 20 20 20 21 21 21 2025 7 2F310 8 252120 2199999999999999 217 1518 3 2099999999999999
 19 18 17 18 18 19 20 21 23 24 24 24 23 22 21 20 19 18 17 17 18 19 20 2025 7 3F31018 24999999999999999999999 159 171842 1799999999999999
 20 20 20 21 21 22 23 24 25 25 25 25 24 23 21 20 18 17 16 15 15 17 18 2025 7 4F310 4 259999999999999999999991911 15999999999999999999999
 21 22 23 23 24 26 26 27 27 27 27 27 26 25 23 21 19 17 15 14 14 15 17 1925 7 5F3 858 279999999999999999999991938 14999999999999999999999
 22 24 25 26 28 29 30 30 30 30 30 30 29 27 25 23 20 18 16 14 13 14 15 1825 7 6F3 823 3099999999999999999999920 7 13999999999999999999999
 21 24 27 29 30 31 32 33 33 33 33 32 32 30 28 26 23 20 17 15 13 13 14 1725 7 7F3 825 339999999999999999999992042 13999999999999999999999
 20 24 28 30 32 34 34 35 35 35 35 35 34 33 31 29 26 23 19 16 14 12 13 1525 7 8F3 828 359999999999999999999992121 12999999999999999999999
 18 23 27 31 33 35 36 36 36 36 36 36 36 35 34 32 30 26 22 18 15 13 12 1325 7 9F3 820 3699999999999999999999922 3 12999999999999999999999
 15 20 25 29 33 35 36 37 37 36 36 36 36 36 35 34 32 29 25 21 17 13 11 1125 710F3 714 379999999999999999999992247 11999999999999999999999
 12 16 21 26 31 34 36 36 36 36 36 36 36 36 36 35 34 32 28 23 19 15 12 1025 711F3 657 361352 36999999999999991242 362331 1099999999999999
 10 12 16 22 27 31 34 35 34 34 34 34 34 34 34 35 34 33 30 26 21 16 13 1025 712F3 7 6 351514 3599999999999999 939 34999999999999999999999
  9  9 12 17 22 28 31 33 33 32 31 32 32 32 32 33 33 33 31 28 23 18 14 1125 713F3 725 331618 3399999999999999 015  910 8 3199999999999999
  9  9  9 13 18 23 28 30 31 30 29 29 29 29 29 30 30 31 31 29 26 21 17 1325 714F3 749 311720 3199999999999999 059  91048 2999999999999999
 11 10  9 11 14 19 24 27 29 28 27 26 26 26 26 26 27 28 29 29 27 24 20 1625 715F3 814 291824 2999999999999999 141  91259 2699999999999999
 14 12 12 12 14 17 21 25 27 27 26 25 23 23 23 23 23 24 25 26 27 25 23 2025 716F3 840 281939 2799999999999999 220 121410 2399999999999999
 18 16 16 16 16 18 20 24 26 27 27 25 23 21 21 20 20 20 21 23 24 25 25 2325 717F3 9 5 272113 2599999999999999 250 161616 2099999999999999
 22 21 21 21 21 22 23 25 27 28 28 26 24 21 19 18 18 17 17 19 21 23 25 2625 718F3 929 28999999999999999999999 144 211714 1799999999999999
 26 26 26 26 27 27 27 28 29 30 30 29 27 24 21 18 17 15 15 15 17 19 22 2525 719F3 949 309999999999999999999991814 15999999999999999999999
 27 29 30 31 32 33 33 33 32 32 33 32 31 28 24 21 18 16 14 13 14 15 19 2325 720F3 535 339999999999999999999991914 13999999999999999999999
 27 30 32 34 36 37 38 37 37 36 35 35 34 33 29 25 21 18 15 13 12 13 15 1925 721F3 610 389999999999999999999992013 12999999999999999999999
 23 28 32 35 38 39 40 41 40 39 38 37 37 37 35 31 27 22 18 15 12 11 12 1525 722F3 649 4199999999999999999999921 9 11999999999999999999999
 19 25 30 35 38 40 41 41 41 41 40 39 39 39 38 36 33 28 23 18 14 12 11 1225 723F3 728 4199999999999999999999922 3 11999999999999999999999
 15 20 26 32 36 39 40 40 40 40 40 39 38 39 39 39 37 33 28 22 17 14 11 1125 724F3 8 5 401423 399999999999999912 8 382254 1199999999999999
 12 15 21 27 32 36 38 38 38 38 38 38 37 37 38 39 39 37 33 27 21 16 13 1125 725F3 655 381529 39999999999999991227 372341 1199999999999999
 11 13 16 22 28 33 35 36 35 35 35 35 35 35 35 37 38 38 35 31 25 19 15 1325 726F3 657 361627 38999999999999991113 35999999999999999999999
 11 12 14 18 23 28 32 33 33 32 31 32 32 32 32 33 34 36 35 33 28 22 18 1525 727F3 715 341719 3699999999999999 023 111147 3199999999999999
 13 12 13 16 20 25 29 31 31 30 29 28 28 28 28 29 30 32 33 32 29 25 20 1725 728F3 738 3118 8 3399999999999999 057 121230 2899999999999999
 15 14 15 16 19 22 26 29 29 29 27 26 26 26 25 25 26 27 29 29 29 26 23 2025 729F3 8 0 291858 2999999999999999 119 141437 2599999999999999
 18 17 17 18 20 22 25 27 28 28 27 25 24 24 23 23 23 24 25 26 27 26 24 2225 730F3 817 281954 2799999999999999 113 171526 2399999999999999
 20 20 21 21 22 24 26 27 28 28 27 25 24 23 22 21 21 21 22 23 24 25 25 2425 731F3 821 282111 2599999999999999 052 201615 2199999999999999
 23 23 24 25 26 27 28 29 29 29 28 26 24 23 22 21 20 20 20 21 22 24 25 2525 8 1F3 8 0 29999999999999999999999 030 2317 5 2099999999999999
 25 26 27 28 30 31 31 32 32 31 30 28 26 24 23 21 20 19 19 19 20 22 24 2625 8 2F3 720 329999999999999999999991754 19999999999999999999999
 27 28 30 31 33 34 35 35 35 34 33 31 29 27 25 23 21 19 18 18 19 21 23 2525 8 3F3 7 0 359999999999999999999991844 18999999999999999999999
 28 30 32 34 35 36 37 37 37 36 35 34 32 30 28 25 23 21 19 18 18 19 21 2425 8 4F3 656 379999999999999999999991933 18999999999999999999999
 27 30 33 35 37 38 39 39 39 38 37 36 35 33 31 28 26 23 20 18 17 17 19 2225 8 5F3 654 399999999999999999999992021 17999999999999999999999
 26 29 33 35 37 39 39 39 39 39 38 37 36 35 33 31 28 25 22 19 17 15 16 1825 8 6F3 651 3999999999999999999999921 8 15999999999999999999999
 22 27 31 34 37 38 39 39 39 38 38 37 37 36 35 33 31 28 24 20 17 15 14 1525 8 7F3 641 399999999999999999999992155 14999999999999999999999
 18 23 28 32 35 37 38 37 37 37 37 36 36 36 36 35 33 30 26 22 18 14 12 1225 8 8F3 620 389999999999999999999992240 12999999999999999999999
 14 18 23 28 32 35 36 36 35 35 34 34 34 35 35 36 35 32 28 24 19 15 12 1125 8 9F3 611 361446 36999999999999991132 342324 1099999999999999
 11 13 18 24 29 32 34 33 32 32 31 32 32 32 33 34 35 34 31 26 21 17 13 1125 810F3 617 341550 3599999999999999 946 31999999999999999999999
 10 11 14 19 25 29 32 32 30 29 28 28 29 29 30 32 33 34 33 29 24 19 15 1325 811F3 632 321650 3499999999999999 0 6 101016 2899999999999999
 11 11 12 16 21 26 30 31 29 27 25 25 25 25 26 28 30 32 33 31 28 23 19 1625 812F3 651 311749 3399999999999999 048 1111 0 2599999999999999
 15 14 14 16 20 24 28 30 29 27 24 22 22 22 22 23 25 28 30 31 30 27 24 2125 813F3 713 301853 3199999999999999 128 141159 2299999999999999
 20 19 19 19 21 24 28 30 30 28 25 22 20 20 20 20 21 23 26 29 30 29 28 2625 814F3 734 3020 8 3099999999999999 2 7 191354 2099999999999999
 25 25 25 25 25 27 29 31 31 30 27 24 21 19 18 18 18 19 22 25 27 29 30 2925 815F3 754 31999999999999999999999 037 241515 1899999999999999
 29 29 30 31 31 31 32 33 33 33 31 27 24 21 19 17 17 17 18 20 23 26 29 3025 816F3 8 6 339999999999999999999991629 17999999999999999999999
 32 33 34 36 37 37 36 36 36 35 34 32 28 25 21 19 18 17 16 17 19 22 26 2925 817F3 423 379999999999999999999991749 16999999999999999999999
 32 34 37 39 40 41 40 39 38 37 37 35 33 30 26 23 20 18 17 16 16 18 21 2625 818F3 5 1 4199999999999999999999919 9 16999999999999999999999
 30 33 37 39 41 42 43 42 40 39 38 38 37 35 32 28 24 21 18 16 15 16 18 2125 819F3 539 439999999999999999999992019 15999999999999999999999
 26 31 35 38 40 42 42 42 41 40 39 38 38 38 36 33 29 25 21 18 16 15 15 1725 820F3 614 429999999999999999999992119 15999999999999999999999
 21 26 31 35 38 40 40 40 40 39 38 37 38 38 38 37 34 29 25 20 17 15 14 1525 821F3 635 401332 399999999999999911 9 372210 1499999999999999
 17 22 27 32 35 37 37 37 37 36 36 35 36 37 38 38 37 33 28 23 19 16 14 1325 822F3 6 0 371442 38999999999999991117 352254 1399999999999999
 15 18 23 28 32 34 35 34 33 33 33 32 32 33 35 37 37 36 32 26 21 17 15 1425 823F3 547 351540 38999999999999991127 322331 1399999999999999
 14 16 19 24 29 32 33 32 30 29 29 29 29 30 31 34 36 36 33 29 24 19 16 1525 824F3 557 331632 36999999999999991049 29999999999999999999999
 14 15 17 22 26 30 31 31 29 27 26 26 26 26 27 30 32 34 33 31 26 22 18 1725 825F3 615 311720 3499999999999999 0 2 141042 2699999999999999
 16 16 18 20 24 28 30 30 28 26 24 23 23 23 24 26 28 31 32 31 28 25 21 1925 826F3 633 3018 7 3299999999999999 023 161131 2399999999999999
 19 19 20 21 24 27 29 29 28 26 23 22 21 21 22 23 25 27 29 30 29 27 24 2225 827F3 647 291857 3099999999999999 018 191240 212355 229999999
 22 22 23 24 26 28 29 30 29 27 24 22 21 20 20 21 22 24 27 28 29 28 27 2525 828F3 649 301953 29999999999999991341 202341 2599999999999999
 25 26 27 28 29 30 31 31 30 28 25 23 21 20 20 20 21 22 24 26 28 28 28 2825 829F3 632 319999999999999999999991434 20999999999999999999999
 28 29 30 31 32 33 34 33 32 30 28 25 23 21 20 20 20 21 22 24 26 28 29 3025 830F3 6 6 349999999999999999999991530 20999999999999999999999
 30 32 33 34 35 36 36 36 34 33 30 28 25 23 22 21 20 20 21 23 25 27 29 3025 831F3 549 369999999999999999999991634 20999999999999999999999
 32 33 35 36 37 38 38 38 37 35 33 30 28 26 24 23 21 20 20 21 22 24 27 2925 9 1F3 540 389999999999999999999991747 20999999999999999999999
 32 34 36 37 38 39 39 39 38 36 35 33 31 28 26 25 23 21 20 19 20 21 24 2725 9 2F3 535 399999999999999999999991858 19999999999999999999999
 30 33 35 37 38 39 39 39 38 37 35 34 33 31 29 27 24 22 20 18 17 18 20 2325 9 3F3 536 399999999999999999999991959 17999999999999999999999
 27 31 34 36 37 38 38 38 37 36 35 34 34 32 31 29 26 23 20 18 16 15 16 1925 9 4F3 539 389999999999999999999992052 15999999999999999999999
 23 27 31 34 35 36 36 36 35 34 34 33 33 33 32 31 28 25 21 18 15 13 13 1525 9 5F3 528 369999999999999999999992140 13999999999999999999999
 18 23 28 31 33 34 34 33 32 32 31 31 32 33 33 32 30 27 23 19 15 13 11 1225 9 6F3 5 7 3414 1 33999999999999991043 312224 1199999999999999
 14 18 24 28 31 32 31 30 29 28 28 28 29 30 32 33 33 30 26 22 17 14 12 1125 9 7F3 5 4 3215 8 33999999999999991010 2823 8 1199999999999999
 12 15 20 25 29 30 30 28 26 25 24 25 25 27 29 32 33 33 30 25 21 17 14 1325 9 8F3 514 3016 8 3399999999999999 949 242351 1299999999999999
 12 14 17 22 27 29 29 27 24 22 21 21 21 23 25 29 32 34 33 30 25 21 18 1725 9 9F3 530 3017 8 34999999999999991021 21999999999999999999999
 16 16 17 21 26 29 30 28 25 21 18 18 18 19 20 24 28 32 33 33 30 26 23 2225 910F3 550 3018 9 3399999999999999 034 1511 9 1899999999999999
 21 20 21 23 26 29 31 30 27 22 18 16 15 16 17 19 23 28 31 33 33 31 28 2725 911F3 610 311916 3399999999999999 120 201212 1599999999999999
 27 27 26 27 28 31 32 32 30 26 21 17 15 14 14 16 18 22 27 30 32 33 32 3125 912F3 629 332038 3399999999999999 210 261329 1423 6 319999999
 32 32 32 32 32 33 34 34 33 30 25 21 17 16 15 14 15 18 22 26 29 32 33 3425 913F3 640 349999999999999999999991442 14999999999999999999999
 35 36 37 38 37 37 37 36 35 33 30 26 22 19 17 16 15 16 18 21 24 28 31 3325 914F3 252 3899999999999999999999916 0 15999999999999999999999
 35 37 39 40 41 40 39 38 37 36 34 31 27 24 21 19 17 16 16 17 20 23 27 3025 915F3 341 419999999999999999999991733 16999999999999999999999
 33 36 39 41 42 42 40 39 38 36 35 34 32 29 26 23 20 18 17 16 17 19 22 2625 916F3 423 4299999999999999999999919 7 16999999999999999999999
 30 33 36 39 40 41 40 39 37 36 35 35 34 33 30 27 24 21 19 17 16 16 18 2125 917F3 459 419999999999999999999992021 16999999999999999999999
 26 30 33 35 37 38 38 37 35 34 33 34 34 34 33 31 27 24 21 18 16 15 15 1825 918F3 521 381235 34999999999999991011 332118 1599999999999999
 21 26 30 32 34 34 34 33 32 31 31 31 32 34 34 33 30 27 23 20 17 15 15 1525 919F3 5 2 341352 34999999999999991016 3122 3 1599999999999999
 18 22 26 29 31 31 30 29 29 28 27 27 29 31 33 33 32 29 25 21 18 16 15 1525 920F3 437 311452 33999999999999991025 272240 1599999999999999
 16 19 23 27 29 29 28 26 25 24 24 24 25 27 30 32 33 31 28 23 20 17 16 1625 921F3 441 301545 33999999999999991030 2423 9 1699999999999999
 16 18 21 25 28 28 27 25 23 21 21 21 21 23 26 29 31 32 30 26 22 19 18 1725 922F3 454 281635 32999999999999991029 212330 1799999999999999
 17 18 21 24 27 28 27 25 22 19 18 18 18 20 23 26 29 31 31 28 25 22 20 2025 923F3 510 281722 31999999999999991047 182329 2099999999999999
 20 20 22 24 27 28 28 26 22 19 17 17 17 18 20 23 27 29 31 30 28 25 23 2325 924F3 521 2818 9 31999999999999991120 1623 3 2399999999999999
 23 24 25 26 28 29 29 27 24 20 18 16 16 16 18 20 24 27 30 31 30 28 27 2625 925F3 522 291859 31999999999999991158 162256 2699999999999999
 27 27 28 29 30 31 30 29 26 22 19 17 16 16 17 19 22 25 28 30 31 30 29 2925 926F3 511 311954 31999999999999991241 162248 2999999999999999
 30 30 31 32 33 33 32 31 28 25 22 19 17 17 17 18 20 23 26 29 30 31 31 3125 927F3 456 339999999999999999999991329 17999999999999999999999
 32 33 34 34 35 35 35 33 30 27 24 21 19 18 18 18 19 21 24 27 29 30 31 3225 928F3 444 359999999999999999999991423 17999999999999999999999
 33 34 35 36 36 36 36 34 32 30 27 24 22 20 19 18 18 19 21 24 26 28 30 3125 929F3 432 379999999999999999999991528 18999999999999999999999
 33 34 35 36 37 37 36 35 33 31 29 26 24 22 20 19 18 18 19 20 22 25 27 3025 930F3 423 379999999999999999999991649 18999999999999999999999
 31 33 35 36 36 36 36 35 33 31 30 28 26 24 22 20 19 18 17 17 19 21 24 262510 1F3 426 369999999999999999999991817 17999999999999999999999
 29 31 33 34 35 35 34 33 32 31 30 28 27 25 24 22 20 18 16 15 15 16 19 222510 2F3 434 359999999999999999999991930 15999999999999999999999
 26 29 31 32 32 32 32 31 30 29 28 28 28 27 25 23 21 18 16 14 13 13 15 182510 3F3 429 329999999999999999999992027 13999999999999999999999
 22 25 28 29 30 29 29 28 27 26 26 26 27 28 27 26 23 20 17 14 13 11 12 142510 4F3 355 3013 1 2899999999999999 957 262116 1199999999999999
 18 22 26 28 28 27 26 24 24 23 23 24 25 27 28 28 26 23 20 16 14 12 11 122510 5F3 342 281417 2899999999999999 938 2322 3 1199999999999999
 15 19 23 26 27 26 23 21 20 19 19 20 22 25 28 30 29 27 24 20 17 15 14 132510 6F3 349 271522 3099999999999999 926 192249 1399999999999999
 14 18 22 25 27 26 23 19 17 15 15 16 17 21 25 29 31 31 29 25 22 19 18 172510 7F3 4 5 271624 3199999999999999 942 152338 1799999999999999
 17 18 22 25 28 27 25 20 16 13 12 12 13 16 20 26 30 33 33 30 27 25 23 222510 8F3 425 281726 33999999999999991020 12999999999999999999999
 22 22 23 26 29 30 28 23 18 13 10 10 10 11 15 21 26 31 34 34 32 30 28 282510 9F3 447 301830 3499999999999999 028 211110 1099999999999999
 28 27 27 29 31 32 31 28 22 16 12  9  9  9 11 15 21 27 31 34 34 33 33 32251010F3 5 9 321941 3499999999999999 124 2712 9  999999999999999
 33 33 32 32 33 34 34 32 27 22 16 12 10  9 10 12 16 21 26 31 33 34 34 35251011F3 526 34999999999999999999999 229 321314  999999999999999
 36 37 36 36 35 35 35 34 31 27 22 17 14 12 11 11 13 16 20 25 29 32 33 35251012F3 119 379999999999999999999991422 11999999999999999999999
 36 38 39 38 38 37 36 35 34 31 27 23 19 16 14 13 13 14 16 20 23 27 30 32251013F3 216 399999999999999999999991540 13999999999999999999999
 34 36 38 39 38 37 36 34 33 32 30 27 24 21 18 16 15 14 15 16 18 22 25 28251014F3 3 5 399999999999999999999991716 14999999999999999999999
 31 33 35 36 37 36 34 33 32 31 31 29 27 25 22 20 18 16 15 15 15 17 21 24251015F3 344 379999999999999999999991853 15999999999999999999999
 27 30 32 33 33 33 32 30 29 28 28 29 29 27 25 23 20 18 17 15 14 15 17 20251016F3 410 3399999999999999999999920 7 14999999999999999999999
 23 26 28 29 29 29 28 27 26 25 25 26 27 28 27 25 23 20 18 16 15 14 15 17251017F3 4 1 291251 2899999999999999 918 2521 2 1499999999999999
 20 23 25 26 26 26 24 23 22 21 21 22 24 26 27 26 24 22 20 18 16 15 15 16251018F3 324 2714 2 2799999999999999 931 212144 1599999999999999
 18 21 24 25 25 23 22 20 19 18 18 19 21 24 26 27 26 24 21 19 18 17 16 16251019F3 320 2515 1 2799999999999999 943 182217 1699999999999999
 18 20 23 24 24 23 20 18 16 15 15 15 17 20 24 26 27 26 24 21 20 19 18 18251020F3 329 241554 2799999999999999 953 152242 1899999999999999
 19 21 23 24 25 23 21 17 15 13 12 13 14 18 21 25 27 28 26 24 22 21 21 21251021F3 342 251644 289999999999999910 7 122249 2199999999999999
 21 22 24 25 26 25 22 18 15 12 11 11 12 15 19 23 27 29 29 27 25 24 24 24251022F3 351 261731 29999999999999991029 112211 2499999999999999
 24 25 26 27 27 26 24 20 16 13 11 11 11 13 17 21 26 29 30 30 28 27 26 27251023F3 353 271817 309999999999999911 0 112210 2699999999999999
 27 27 28 29 29 28 26 23 19 15 12 11 11 12 15 19 24 28 30 31 31 30 29 29251024F3 348 2919 4 31999999999999991135 112215 2999999999999999
 30 30 30 31 31 30 29 26 22 18 14 12 11 12 14 17 21 25 29 31 31 31 31 31251025F3 344 311955 31999999999999991214 112215 3199999999999999
 31 32 32 33 33 32 30 28 24 20 17 14 13 12 13 15 18 23 26 29 31 31 31 31251026F3 342 339999999999999999999991258 12999999999999999999999
 32 33 33 33 33 33 32 29 26 23 19 16 14 13 13 14 16 19 23 26 28 30 30 31251027F3 334 339999999999999999999991348 13999999999999999999999
 31 32 33 33 33 33 31 30 27 24 21 18 16 15 14 13 14 16 19 22 25 27 28 29251028F3 317 339999999999999999999991446 13999999999999999999999
 30 31 32 32 32 31 30 29 27 25 22 20 17 16 14 14 13 14 15 17 20 23 25 27251029F3 320 329999999999999999999991557 13999999999999999999999
 28 29 30 30 30 30 29 27 26 24 23 21 19 17 15 14 13 12 12 14 16 18 21 23251030F3 333 309999999999999999999991723 12999999999999999999999
 25 26 27 27 27 27 26 25 24 23 22 21 20 18 17 15 14 12 12 11 12 14 17 20251031F3 335 279999999999999999999991843 11999999999999999999999
 23 24 25 25 24 24 23 22 21 21 21 21 21 20 19 17 15 14 12 11 11 12 14 172511 1F3 227 259999999999999999999991949 11999999999999999999999
 20 22 23 23 22 21 19 18 18 17 18 20 21 22 22 20 18 16 14 13 12 12 13 152511 2F3 2 6 231315 2299999999999999 849 172047 1299999999999999
 18 21 23 22 20 18 16 15 14 14 14 16 19 22 24 24 23 21 18 17 15 14 14 152511 3F3 215 231433 2499999999999999 846 142143 1499999999999999
 18 21 23 23 21 18 14 12 10 10 10 12 16 20 24 27 27 26 24 21 20 19 18 182511 4F3 233 231542 2799999999999999 9 0 102240 1899999999999999
 19 22 24 25 24 20 15 11  8  7  7  8 11 16 22 27 29 30 29 27 25 24 23 222511 5F3 256 251648 3099999999999999 932  62337 2299999999999999
 22 24 26 27 27 24 19 13  8  5  4  4  6 10 17 23 29 32 33 32 30 29 28 282511 6F3 321 271752 33999999999999991017  4999999999999999999999
 27 27 28 30 30 28 24 18 12  7  4  3  4  6 11 17 24 30 33 34 33 33 32 322511 7F3 348 301857 3499999999999999 036 271110  399999999999999
 32 31 31 32 32 32 29 24 18 12  7  4  3  4  7 12 18 25 30 33 34 34 34 342511 8F3 415 322351 3599999999999999 138 3112 8  399999999999999
 35 34 33 33 33 33 32 29 24 18 12  8  6  5  5  8 13 18 24 29 32 33 33 342511 9F3999999999999999999999999999913 8  5999999999999999999999
 35 35 35 34 34 33 33 31 28 23 18 13 10  8  7  7  9 13 18 23 27 29 31 32251110F3 054 359999999999999999999991412  7999999999999999999999
 33 34 34 34 33 32 31 31 29 27 23 18 14 12 10  9  9 11 13 17 21 24 27 28251111F3 148 349999999999999999999991522  9999999999999999999999
 30 31 32 32 31 30 29 28 28 27 25 22 18 15 13 12 11 11 12 13 16 19 22 24251112F3 231 329999999999999999999991643 11999999999999999999999
 26 27 28 28 28 27 25 24 24 24 24 23 21 18 16 14 13 12 12 12 14 16 18 21251113F3 3 0 289999999999999999999991811 12999999999999999999999
 23 24 24 24 24 23 22 20 20 20 21 21 21 20 18 17 15 14 14 13 13 14 16 18251114F3 255 241118 2199999999999999 814 201928 1399999999999999
 20 21 22 21 21 20 18 17 16 16 17 18 20 20 19 18 17 16 16 15 14 14 15 17251115F3 156 221256 2099999999999999 835 162029 1499999999999999
 19 20 20 20 18 17 15 14 13 12 13 15 17 19 20 20 19 18 17 17 17 16 16 17251116F3 149 201419 2099999999999999 854 122119 1699999999999999
 19 20 20 20 18 16 13 12 10  9 10 12 14 18 20 21 21 20 20 19 19 19 19 19251117F3 155 201528 2199999999999999 910  92159 1999999999999999
 20 21 21 21 19 16 13 10  9  8  8  9 12 16 19 22 23 23 22 22 21 21 21 21251118F3 2 3 211625 2399999999999999 925  82229 2199999999999999
 22 22 23 22 21 18 14 11  8  7  6  7 10 14 18 22 25 26 25 25 24 24 24 24251119F3 2 7 231712 2699999999999999 946  62054 2499999999999999
 24 25 25 25 23 21 17 13  9  7  6  6  8 12 17 22 25 27 28 27 27 26 26 26251120F3 2 7 251754 28999999999999991013  62115 2699999999999999
 27 27 27 27 26 23 20 16 11  8  6  6  7 10 15 20 24 28 29 29 29 28 28 28251121F3 2 9 271833 29999999999999991047  62138 2899999999999999
 28 29 29 29 28 26 23 19 14 10  8  6  7  8 12 17 22 26 29 30 30 29 29 29251122F3 220 291913 30999999999999991124  62156 2999999999999999
 29 30 30 30 29 28 25 21 17 13 10  7  7  7 10 14 19 24 27 29 30 29 29 29251123F3 237 3099999999999999999999912 5  7999999999999999999999
 29 30 30 30 30 28 26 23 19 15 12  9  7  7  8 11 15 19 24 26 28 28 28 28251124F3 247 309999999999999999999991248  7999999999999999999999
 28 29 29 29 29 28 27 24 21 17 13 10  8  7  7  8 11 15 19 23 25 26 26 26251125F3 224 299999999999999999999991334  7999999999999999999999
 27 27 27 27 27 26 25 24 21 18 15 11  9  8  7  7  8 11 14 18 21 23 24 24251126F3 223 279999999999999999999991421  7999999999999999999999
 24 25 25 25 25 24 23 22 21 18 16 13 10  8  7  7  7  8 10 13 17 19 21 22251127F3 240 259999999999999999999991512  7999999999999999999999
 22 22 22 22 22 21 21 20 19 18 16 14 12 10  8  8  7  7  8 10 13 16 18 20251128F3 252 222357 20999999999999991612  7999999999999999999999
 20 20 19 19 19 18 17 17 16 16 16 15 14 12 11 10  9  9  9  9 11 13 16 18251129F399999999999999999999999999991728  9999999999999999999999
 19 18 18 16 16 15 14 13 13 14 15 16 16 15 14 13 12 12 11 11 12 13 15 17251130F3 010 191144 1699999999999999 745 131858 1199999999999999
 19 19 17 15 13 12 11 10  9 10 12 14 16 18 18 17 17 16 15 15 15 15 16 182512 1F3 030 191338 1899999999999999 752  92024 1599999999999999
 19 20 19 16 13 10  8  6  6  6  8 11 15 19 21 22 22 21 20 20 19 19 19 192512 2F3 053 201514 2299999999999999 812  62142 1899999999999999
 21 22 22 19 16 11  7  5  3  3  4  7 11 17 21 24 26 26 25 25 24 24 23 232512 3F3 119 221634 2699999999999999 846  32253 2399999999999999
 23 24 25 23 20 15 10  5  2  1  1  2  6 12 18 24 28 29 29 29 29 28 28 272512 4F3 149 251740 2999999999999999 930  02355 2699999999999999
 26 27 28 27 25 21 15  9  4  0 -1 -1  2  7 13 20 26 30 31 32 31 31 31 302512 5F3 224 281839 32999999999999991020 -1999999999999999999999
 29 29 29 30 29 26 21 15  8  3  0 -1 -1  2  7 14 21 27 30 32 32 32 32 322512 6F3 3 4 3021 0 3299999999999999 052 291115 -199999999999999
 31 31 30 31 31 30 27 21 14  8  3  1 -1  0  3  8 15 21 27 30 31 31 31 312512 7F3 349 312336 3199999999999999 145 301211 -199999999999999
 31 31 30 30 30 31 29 26 20 14  8  4  2  1  1  4  9 15 21 25 27 28 28 292512 8F3999999999999999999999999999913 8  1999999999999999999999
 29 29 29 28 28 28 29 27 24 19 13  8  5  3  2  3  6 10 15 19 23 24 25 252512 9F3 036 2999999999999999999999914 3  2999999999999999999999
 26 26 26 25 25 25 25 25 24 21 17 12  9  6  5  4  5  7 11 14 18 20 21 22251210F3 123 269999999999999999999991455  4999999999999999999999
 22 22 23 22 21 21 20 21 21 20 18 15 12  9  8  7  7  7  9 11 14 17 18 19251211F3 153 239999999999999999999991541  7999999999999999999999
 19 19 19 19 18 17 16 16 16 17 17 15 13 11 10  9  9  9 10 11 13 15 16 17251212F3 037 19 913 172339 179999999 637 161559  999999999999999
 17 17 16 16 15 14 12 12 12 13 14 14 14 13 12 12 12 12 12 13 13 14 15 16251213F311 4 142350 1799999999999999 720 1215 5 1299999999999999
 17 16 15 14 13 11 10  9  8  9 10 12 13 14 14 14 14 15 15 15 15 16 16 17251214F32354 17999999999999999999999 753  8999999999999999999999
 17 16 15 14 12 10  8  7  6  6  7 10 12 14 15 16 17 17 18 18 18 18 18 18251215F32139 18999999999999999999999 817  6999999999999999999999
 18 18 17 15 12 10  7  6  4  4  5  8 11 14 16 18 19 20 20 21 21 21 21 21251216F32013 21999999999999999999999 838  4999999999999999999999
 20 20 19 17 14 11  8  6  4  3  4  6  9 13 17 20 21 22 23 23 24 24 24 23251217F32044 24999999999999999999999 9 0  3999999999999999999999
 23 22 21 20 17 14 10  7  4  3  3  5  8 12 17 20 23 25 25 25 25 26 26 25251218F32111 26999999999999999999999 928  3999999999999999999999
 25 25 24 22 20 17 13  9  6  3  2  3  6 10 15 20 23 26 27 27 27 27 27 26251219F31848 2799999999999999999999910 3  2999999999999999999999
 26 26 26 25 23 20 16 12  8  4  3  2  4  7 12 17 22 25 27 27 27 27 27 27251220F31856 279999999999999999999991041  2999999999999999999999
 27 27 26 26 25 22 19 15 10  6  3  2  2  4  8 14 19 23 26 27 26 26 26 26251221F31916 279999999999999999999991122  2999999999999999999999
 26 26 26 26 25 24 21 17 12  8  4  2  1  2  5  9 15 20 23 25 25 25 24 24251222F31942 2599999999999999999999912 4  12222 2499999999999999
 24 25 25 25 24 24 22 18 14 10  6  3  1  0  2  5 10 15 19 22 23 23 22 22251223F3 310 252011 23999999999999991246  02245 2299999999999999
 22 22 22 22 22 22 21 19 15 11  7  3  1  0  0  2  5 10 15 18 20 20 20 19251224F3 251 222041 20999999999999991325  02321 1999999999999999
 19 20 20 20 20 20 19 18 16 12  8  5  2  1  0  1  3  6 10 14 17 18 18 17251225F3 450 202111 189999999999999914 1  0999999999999999999999
 17 17 17 17 17 17 17 16 15 13 10  7  4  2  2  2  3  5  8 11 14 16 16 16251226F32140 169999999999999999999991429  2999999999999999999999
 15 14 14 14 13 13 13 14 14 13 11  9  7  5  4  4  5  6  7 10 13 15 16 15251227F322 7 169999999999999999999991433  4999999999999999999999
 14 12 11 11 10 10 10 10 11 12 12 11 10  9  8  8  9  9 10 11 12 14 16 16251228F3 946 122233 1699999999999999 552 101424  899999999999999
 15 12 10  9  8  7  6  6  7  9 11 12 13 13 13 13 13 14 14 14 15 16 17 17251229F32258 17999999999999999999999 627  6999999999999999999999
 17 14 12  9  6  5  4  3  4  5  8 11 14 16 17 17 18 19 19 19 19 19 19 19251230F31816 192323 1999999999999999 7 7  32049 1999999999999999
 19 18 15 11  7  4  2  1  1  1  4  8 12 16 19 21 23 24 24 24 24 23 22 22251231F31840 24999999999999999999999 751  1999999999999999999999
