-13-15  6 46 97148188208206183149115 90 83 94122156185200196171130 80 3325 1 1G3 724210181820199999999999999 036-171254 8399999999999999
 -2-18-12 18 64117165198209198169132 99 80 80 99131165191201191160116 6625 1 2G3 8 020919 020199999999999999 114-191331 7899999999999999
 22 -7-15  0 37 86136178202205185152116 87 75 8110513817019119518014710225 1 3G3 836207194519699999999999999 151-161410 7499999999999999
 56 18 -3 -3 20 60108153186201195170135102 79 72 8310813916718418516813525 1 4G3 912202203418799999999999999 229 -61453 7299999999999999
 93 53 23 11 19 46 85128165189195182154121 91 73 70 8210613415817217215625 1 5G3 948196213017499999999999999 3 7 111541 6999999999999999
126 91 59 38 33 45 72108143172187186169141110 84 69 66 77 9812214415816025 1 6G31026189223616199999999999999 347 331639 6699999999999999
147124 97 74 60 60 73 96125153173182176158131103 79 64 59 67 8410612814425 1 7G311 6182999999999999999999999 432 581752 5999999999999999
150144130111 95 85 85 95113135156170175168151127100 75 57 48 52 66 8811325 1 8G3 0 0150115517599999999999999 530 841913 4899999999999999
133146149143131118109106110122138154166170165150127 98 70 47 34 34 48 7225 1 9G3 146149125917099999999999999 6541062029 3299999999999999
101128149160160152138126117116123135150163170167153129 96 62 34 17 16 3125 110G3 330161141617099999999999999 8381162134 1599999999999999
 60 95130159175178168151133119114118131148164174173159130 92 52 20  1  125 111G3 44117915261769999999999999910 31142231 -299999999999999
 20 55 97140173191191177153130112106112128150171183181162127 83 40  5-1325 112G3 53119316241849999999999999911 21062321-1499999999999999
 -9 16 58108154188203197175146119101 97107130157180192186161120 71 26 -825 113G3 6122031712192999999999999991147 96999999999999999999999
-21-11 22 71125171200208193164131103 88 90108137167190197186154107 56 1225 114G3 649208175519899999999999999 0 5-221224 8799999999999999
-16-22 -3 39 92145186207204180146112 87 79 89115148178196197178140 90 4125 115G3 722209183419999999999999999 044-231257 7999999999999999
  2-18-13 17 64118166197206192161124 93 75 75 94125158184196189163121 7325 116G3 752206191019699999999999999 119-191328 7399999999999999
 29 -1 -9  7 45 95144182201197173138102 77 68 7810313516518418917514410125 117G3 820202194518999999999999999 151-101359 6899999999999999
 58 23  5 10 36 78124165191196181151115 85 68 68 8411114116517817515612425 118G3 845197202117999999999999999 219  41430 6699999999999999
 85 50 27 22 36 68109149178191185162129 97 74 65 72 9111714115916615913825 119G3 91019221 016699999999999999 246 2115 4 6599999999999999
108 77 52 40 45 67 99134165182184169142112 86 70 67 76 9411613514815114325 120G3 935185214615299999999999999 313 401543 6699999999999999
124101 78 64 61 72 95123150170178172152126101 81 70 69 78 9310912513613825 121G310 3178224713899999999999999 341 611632 6899999999999999
132118103 89 82 85 96115137156168169158139117 96 80 71 69 74 85 9911312425 122G31035170999999999999999999999 416 821743 6999999999999999
129128122114106103105113126141154161159148132114 95 80 69 64 65 74 8710225 123G3 018129111716199999999999999 5101031916 6399999999999999
117127133134130125120118120128138148153152145132115 96 77 62 53 52 60 7525 124G3 238134122315499999999999999 6571182036 5199999999999999
 95116134146151148139129121119123132142150153149137118 94 70 49 37 36 4625 125G3 4 5151135515399999999999999 8511192136 3599999999999999
 67 94123148164168161146129116110114126141154161158143118 87 56 32 18 1925 126G3 45216815121619999999999999910 31102226 1799999999999999
 36 65101137166182181167143120104 99107125147166174168147114 75 39 12  025 127G3 52818416 7174999999999999991052 992310  099999999999999
  6 31 70115157186197188163133105 89 88104131159181188177147105 59 19 -825 128G3 6 21971654188999999999999991132 862350-1599999999999999
-15  0 36 84135178203205185151115 87 74 81107142175197199180141 91 40  025 129G3 63520717372019999999999999912 9 74999999999999999999999
-22-21  5 51106159197214204173132 94 68 63 80114155190208204176129 74 2425 130G3 7 8214182020999999999999999 028-251245 6299999999999999
-13-28-16 21 75132181211215194154109 72 53 56 83125168200212201166115 5925 131G3 73921719 321299999999999999 1 4-281321 5199999999999999
 12-16-20  3 48105158198216207175129 85 54 43 56 9013417520220819015110025 2 1G3 810216194620999999999999999 139-221357 4399999999999999
 49 11 -7  1 33 82134179206210190151105 65 41 39 60 9713817419519617513525 2 2G3 840212203219999999999999999 212 -71435 3799999999999999
 89 48 21 16 33 69115158190204196167126 84 52 36 41 65 9913616618217915725 2 3G3 9 8205212118399999999999999 244 151516 3699999999999999
123 86 57 43 47 69103140172191193177145107 72 47 38 45 67 9612715116416025 2 4G3 936195221816499999999999999 316 4216 3 3899999999999999
143118 93 77 72 82102129155175183177157128 97 69 50 42 48 64 8711213314525 2 5G310 6183233314699999999999999 349 7217 4 4299999999999999
145136123110102102110125142157167169161144121 97 74 56 46 46 55 73 9411425 2 6G31041170999999999999999999999 4291011831 4599999999999999
129137139136131127126128134141149155156151141125105 82 62 46 39 42 56 7625 2 7G3 146139114215699999999999999 5521262011 3999999999999999
100122139151155152146138132130131136143148151147136116 90 62 40 26 26 3925 2 8G3 4 5155135815199999999999999 9 81292131 2599999999999999
 63 94124151168173167154138124116116124136150160161149125 91 57 28 11 1125 2 9G3 45617315351629999999999999910291152230  999999999999999
 28 59 98137168185186172149125107 99103118139160174175158126 85 45 13 -325 210G3 5311881632177999999999999991111 982317 -499999999999999
  2 27 67114157187198189164133105 87 84 96121150176189185160119 72 29 -125 211G3 6 21981716190999999999999991144 832356-1199999999999999
-11  2 38 87137178202202180147111 83 70 75 98132166191199186151104 54 1325 212G3 6302041754199999999999999991213 69999999999999999999999
-10-10 16 61114163197208194162122 86 63 59 76109148182201200176134 83 3625 213G3 656208182820399999999999999 029-131241 5899999999999999
  2-10  4 42 93145186207203176136 95 63 50 58 86125164192203192159112 6325 214G3 72020819 020399999999999999 058-1013 8 5099999999999999
 23  1  4 31 77128173201206187150107 70 47 46 65101141175195196175137 9125 215G3 742207193219899999999999999 125 -11334 4499999999999999
 48 20 12 29 66113159192204194163121 81 51 40 50 7811615217919018115411525 216G3 8 320420 519099999999999999 149 1214 1 4099999999999999
 75 43 28 35 62103145180198196173135 95 61 42 43 61 9212615617517716313425 217G3 823200203917999999999999999 212 281429 4099999999999999
 99 68 49 47 64 96134167189193178148110 75 51 43 51 7310213115316416114425 218G3 843194211716599999999999999 235 461459 4399999999999999
119 92 72 65 73 95124154176185178156124 92 65 51 50 61 8210612814415014525 219G3 9 518522 315099999999999999 259 651534 4899999999999999
131112 96 86 87 99119142161173173159136108 83 65 57 58 68 8410211913113625 220G3 92917423 813699999999999999 324 851619 5699999999999999
134126116108106110119133147158162157144124103 84 71 64 63 69 79 9210611825 221G310 0162999999999999999999999 3551061736 6399999999999999
126130130129127125126129135142147149145136123107 92 78 68 61 60 66 77 9225 222G3 139130105114999999999999999 5161251938 6099999999999999
108124136144147145139132127127130135140142139132119102 82 64 50 45 48 6125 223G3 4 2147125914299999999999999 84112621 7 4599999999999999
 82106131151163165157142127116112116126139149153148132108 79 52 33 25 3025 224G3 439166145715399999999999999 95811222 6 2499999999999999
 49 79114148173183178160135112 97 95105125148166173165142107 69 34 12  525 225G3 51018416 0173999999999999991041 942252  599999999999999
 17 47 88133171195198181151117 89 75 80101132165187193178145 99 53 15 -825 226G3 5391991648193999999999999991117 752332-1199999999999999
 -8 14 56108158196212203173131 91 64 56 70104147185208208185140 86 35 -225 227G3 6 92121732211999999999999991152 55999999999999999999999
-19 -9 26 78136185216219196153104 63 40 41 69114163203222215182129 72 2225 228G3 638221181522399999999999999 0 9-191226 3799999999999999
-10-17  5 51109166208225214176125 74 36 22 36 75127178214227211171115 5925 3 1G3 7 7226185822799999999999999 044-1813 1 2299999999999999
 16 -6  0 34 86143191220222196148 94 46 17 14 39 8513918621622119915510225 3 2G3 735225194122299999999999999 118 -71337 1199999999999999
 54 22 13 31 71122171206220207169118 66 26  8 16 48 9514518520720618013925 3 3G3 8 1220202621099999999999999 149 131413  799999999999999
 94 58 40 44 69109153188208206182140 92 48 19 11 26 5910214417619118516025 3 4G3 826210211319199999999999999 219 381451 1199999999999999
127 94 72 67 79106139170191197185156117 76 43 24 22 38 6710213515916916325 3 5G3 85019822 716999999999999999 248 661534 2199999999999999
145123104 94 97112133155173182179162135104 73 50 37 37 49 70 9512013914825 3 6G3 914182232214899999999999999 316 941631 3699999999999999
147138128121119124133145156163165158145126104 83 65 53 49 53 65 8210212025 3 7G3 940165999999999999999999999 34611918 2 4999999999999999
132140142142141140140140142144146146143138129116 99 82 65 53 49 54 67 8625 3 8G3 222142103214699999999999999 5421401958 4999999999999999
107127144155159157151142133127125127132139143142133116 93 69 49 39 40 5425 3 9G3 411159142314399999999999999 9561252121 3899999999999999
 77106134157172174165149131115106106114129146158160150126 95 63 38 26 2925 310G3 44217515431619999999999999910301052217 2599999999999999
 48 79116151176187181162135110 92 85 93112137161177177159127 87 50 24 1525 311G3 5 81871631179999999999999991058 852259 1599999999999999
 25 54 94137173194195177146113 85 69 71 90120154181193185158117 72 35 1325 312G3 53319717 9193999999999999991124 682333 1099999999999999
 12 33 72119163194204192161122 85 60 53 67 98137173198202184147100 55 2225 313G3 5572041742203999999999999991151 53999999999999999999999
  9 20 54101149188208203176135 92 58 41 47 74114157191208202173128 80 4025 314G3 619209181420999999999999999 0 3  91216 4199999999999999
 17 17 42 85135178206210189150104 63 37 32 51 89134176203209192154107 6325 315G3 640211184621099999999999999 030 141242 3199999999999999
 32 22 37 73121166199211199165119 73 39 25 34 65109154189206201174133 8925 316G3 7 0211191720799999999999999 055 2213 7 2599999999999999
 53 35 39 67109154190208204177134 87 48 25 24 46 8412816819420118615411425 317G3 719209194920199999999999999 119 331332 2299999999999999
 77 53 48 66100141178201204185148103 61 33 23 34 6310314217419018816713425 318G3 738205202219199999999999999 142 471358 2399999999999999
100 74 63 70 96131165190198188159119 78 46 29 30 50 8111714917117917014825 319G3 758198205817999999999999999 2 6 631425 2799999999999999
120 95 81 81 96123152176188185165133 96 64 42 36 44 66 9412314716216415325 320G3 818189213916599999999999999 230 791456 3699999999999999
135115101 96103119141161175177166143114 84 61 49 48 58 76 9812013814814925 321G3 841178223515099999999999999 255 961534 4799999999999999
142131120114114122134147158164161148129106 85 69 60 59 66 78 9311012413525 322G3 911164999999999999999999999 3261131636 5999999999999999
139139137133131130132136142147149147138126111 95 82 71 65 64 69 80 9511125 323G3 03014010 114999999999999999 4411301838 6499999999999999
127139147151150145138131127128131136140140136126111 94 76 61 53 54 64 8225 324G3 317151123514099999999999999 8291272025 5299999999999999
104128150165170165151134118109108116129143153155146127101 73 50 37 36 5025 325G3 4 0170144215599999999999999 9351072131 3599999999999999
 75108142170186186171146118 96 85 89106131157175179166138101 64 34 20 2325 326G3 4311881545179999999999999991014 842221 1899999999999999
 44 80123164193204194165127 91 67 60 74104142177199201180141 95 51 20  825 327G3 5 12041635203999999999999991050 6023 3  899999999999999
 18 51 97148190215214189146 99 59 38 40 66110159199220216186138 85 40 1125 328G3 5302181720222999999999999991125 352341  599999999999999
  7 28 71125176213227211171118 66 28 13 28 68123177217234221183130 76 3425 329G3 55822718 52349999999999999912 1 13999999999999999999999
 13 19 51101156202227226195144 85 34  3 -1 26 77137191227236216173120 7125 330G3 627230184923799999999999999 018 121237 -399999999999999
 37 27 44 84135183217229212169112 55 10-11 -2 34 8914819722622820316011225 331G3 655229193423199999999999999 053 271314-1199999999999999
 72 50 52 77118164201221217188140 84 33 -1-11  7 4810115419521521118514625 4 1G3 721222202021799999999999999 126 481351-1199999999999999
108 81 71 82110147182205211196161114 65 25  2  1 24 6310915218419719016725 4 2G3 74821121 819799999999999999 158 711431 -199999999999999
137111 96 96111137164186196192171137 97 59 30 16 20 41 7311014416717617025 4 3G3 81319722 417699999999999999 229 941516 1699999999999999
154135120115120133150167177179170150123 93 66 46 37 40 55 7810513114915725 4 4G3 840179232115899999999999999 3 21151614 3699999999999999
156149140134132136142150156160158151138121101 82 66 56 54 61 76 9611713425 4 5G3 913160999999999999999999999 3481321743 5399999999999999
146152153151147143140138137138139141140137129117101 83 68 60 60 70 8710725 4 6G3 143153112114199999999999999 7551371928 5999999999999999
128145158164162155144132122117117123132141147145135116 93 72 58 54 63 8125 4 7G3 319164142014799999999999999 9261162047 5499999999999999
105132155171176170154134114100 95101115134152163162148123 94 68 51 48 6025 4 8G3 356176152816499999999999999 958 952143 4799999999999999
 83114146172186184168142114 90 77 78 92117145169180175154122 87 59 44 4625 4 9G3 4241871613181999999999999991027 752224 4299999999999999
 64 96133167190196183155120 88 65 58 69 95130164187194181151112 76 50 4025 410G3 4491961651194999999999999991054 582258 4099999999999999
 51 79118158189203197171133 93 60 44 47 70108149184203201178140 99 64 4425 411G3 5122041725205999999999999991121 422329 4299999999999999
 45 66103145183205207186148103 63 37 30 47 82127170201211199167125 85 5625 412G3 5342091758212999999999999991147 302357 4699999999999999
 46 58 90132173202212198164118 72 37 21 28 57101149189212212189151109 7425 413G3 5552121830215999999999999991213 20999999999999999999999
 55 57 81119161195212206178135 87 45 19 16 36 75123169201214204174134 9625 414G3 61621219 321499999999999999 025 531239 1499999999999999
 70 62 76108148184207209189151104 59 26 13 22 53 9714418220620818915611925 415G3 637211193621099999999999999 051 6213 6 1299999999999999
 88 73 77100136171197206195165121 76 39 18 17 37 7411715818820119517113925 416G3 658206201020299999999999999 118 721332 1599999999999999
108 88 84 97125157184199196174138 96 58 31 21 30 56 9313116418519017815525 417G3 720200204619199999999999999 144 8314 1 2199999999999999
128106 95100118144169187190178151116 79 50 33 32 47 7310513716217617616325 418G3 745191212917899999999999999 212 951434 3199999999999999
144124111108117134154171179176160133102 73 52 43 46 60 8311013515416416325 419G3 813180222516599999999999999 2441081515 4299999999999999
154141129122122129141154163166161146124100 78 63 55 57 67 8510612714415425 420G3 852167235515799999999999999 3281211618 5599999999999999
157154147139133131132137143150152150141127109 91 76 65 62 66 79 9711813725 421G310 4152999999999999999999999 5101311756 6299999999999999
152161163159150140130123122126134142148148140126107 87 70 60 59 69 8811225 422G3 150163122814899999999999999 7431221933 5899999999999999
137158173177171156136117103100106121140156164161146122 94 69 53 50 61 8425 423G3 255177141516499999999999999 8511002043 4999999999999999
114147174190192178151120 93 76 75 89115145172186183164132 96 65 46 43 5825 424G3 336193152218799999999999999 936 732139 4299999999999999
 88126165194207200174135 94 62 46 52 77116158192208203177137 94 60 41 4325 425G3 4102081616209999999999999991016 462226 3999999999999999
 65102147187213218198159109 63 30 20 35 73124174212227216183137 92 58 4425 426G3 44221917 6227999999999999991055 202310 4399999999999999
 51 81125171208226218186135 79 31  3  1 28 77136190226237220182134 91 6125 427G3 5142261753237999999999999991134 -22351 5399999999999999
 53 69105151193222228208164106 50  6-15 -6 31 87148200232238216176130 9225 428G3 5452291841239999999999999991213-16999999999999999999999
 70 70 93131174209226220189139 80 28 -9-20 -2 41 9915820423022920516612625 429G3 616227192823399999999999999 030 671254-2099999999999999
 96 83 91118154190214220204167115 62 17-10-13 11 5611016220121921419015625 430G3 648220201622099999999999999 1 7 831335-1599999999999999
125104 99113139169195209205183145 99 53 18  0  4 29 7111816119220419717525 5 1G3 72020921 620499999999999999 144 991419 -199999999999999
149126114116130152174190195186164130 91 55 29 18 24 48 8312115617918718125 5 2G3 75419522 118799999999999999 22311315 8 1899999999999999
164145131124128139154168176177168149123 93 66 46 38 44 63 9012114816717325 5 3G3 83517823 617499999999999999 3 712416 5 3899999999999999
170159147137132133138146154159160154142124102 81 65 57 59 73 9411914215825 5 4G3 937160999999999999999999999 4191321717 5699999999999999
166166160151141134129128131136142147148143132116 97 80 70 69 78 9611813925 5 5G3 028167114414899999999999999 6461281837 6899999999999999
156167169165154141128117111112119130142150152145129109 90 76 73 80 9712025 5 6G3 149170134215299999999999999 8211111949 7299999999999999
143162174177169153133113 98 91 95108126146160165157139116 93 78 74 8310225 5 7G3 244177145416599999999999999 9 9 912048 7499999999999999
127153174185183169145117 92 76 73 83104131157174178167144116 91 76 75 8825 5 8G3 322186154517999999999999999 945 722135 7499999999999999
112141169188194184160127 94 68 56 59 79110145174190189172143112 87 75 7925 5 9G3 3531941628192999999999999991017 552216 7599999999999999
 98128160186200197176142103 68 46 40 54 85124163191203195170137105 83 7725 510G3 42020117 6203999999999999991047 402252 7699999999999999
 88114147179201205191159118 76 44 29 34 59 99143182206210194163128 98 8125 511G3 4452061742211999999999999991116 282326 7999999999999999
 82102134168196209202176135 90 51 25 20 36 72118164199216211187152117 9225 512G3 5102091817216999999999999991145 192358 8399999999999999
 83 94120155187207208190153108 64 30 14 20 48 9113918121021720417413910825 513G3 5352101851218999999999999991214 14999999999999999999999
 90 90109141174200209199170128 83 43 18 13 30 6511115719321321219116012725 514G3 6 1209192621599999999999999 029 881244 1299999999999999
102 93102127159188205204184148104 62 31 15 20 45 8412916919820920017614625 515G3 62720720 320999999999999999 1 0 931316 1599999999999999
118102101117144173194201191165127 85 50 27 21 33 6310114217619620018716225 516G3 656201204220199999999999999 132 991349 2099999999999999
136115106112131156179193192176147111 74 46 30 31 48 7811414917619018917525 517G3 729194212619199999999999999 2 51061427 2999999999999999
153132117114123140160177185180162135102 71 49 39 43 61 8812015017218318025 518G3 8 8185221818399999999999999 2461141512 3999999999999999
168150133122121128141156169174169153130102 77 58 50 54 70 9412214916917825 519G3 9 2174232217999999999999999 3411201610 5099999999999999
177167152137126121124133145156163162152134111 88 70 60 62 74 9612214816825 520G31023164999999999999999999999 5 71211722 5999999999999999
179180171156138123113111117129144157163159146125102 81 68 67 77 9712415125 521G3 03318112 916399999999999999 6461101839 6699999999999999
173185187177158134111 95 89 96112135156170173163142116 91 75 70 7910012825 522G3 137188134317499999999999999 758 891950 7099999999999999
158182196195180153121 91 70 64 74 98131162184191182159128 99 80 74 8310625 523G3 228197145719199999999999999 852 642053 7499999999999999
138170195207201178142101 64 42 39 56 90132172200209199172138106 84 79 9025 524G3 312207155920999999999999999 940 372150 7999999999999999
117151185208215202169124 76 37 16 18 44 87138184215224211181143110 89 8625 525G3 3522161654224999999999999991025 142241 8599999999999999
101131167199219219197155102 52 14 -3  6 39 91147195226233216183145113 9525 526G3 4312211747234999999999999991110 -42329 9299999999999999
 95114146182211224216185137 82 32 -2-13  2 43 9815620323123421418014311425 527G3 5 92241837236999999999999991155-14999999999999999999999
100105128161194217222207171120 66 20 -9-14  8 5210916420723022920617213925 528G3 548223192623299999999999999 0151001241-1599999999999999
115107116141172200216215195156106 56 16 -6 -5 21 6612017020722321719416325 529G3 628218201322499999999999999 0581071326 -999999999999999
134116113126151178200210204180142 97 53 20  4 11 39 8213117420321320318025 530G3 7 9210205921399999999999999 1401121412  499999999999999
153130118119134155177193198190166132 92 56 30 21 31 59 9814017519620018925 531G3 753198214520199999999999999 2221171459 2199999999999999
168145127120123136154171182184176155126 93 64 45 40 52 7811214717418919025 6 1G3 844185223119199999999999999 3 91201546 4099999999999999
178159140126121123133146159169171164148124 98 76 62 60 72 9512415217318425 6 2G3 947171232018499999999999999 4 81201637 5999999999999999
182170154137125118118124134146156160157146128107 89 78 77 8810813315717425 6 3G31110160999999999999999999999 5291171733 7699999999999999
181178167152135120111107111121134146155157150136119102 92 9110011814016125 6 4G3 013181124315799999999999999 6571071835 9099999999999999
176182179167149129111 98 92 9610812514315716315914712911210110010912614725 6 5G3 1 818214 716399999999999999 8 5 921938 9999999999999999
167181186180165143119 96 81 76 8310012414716617417115713811910710511513325 6 6G3 159186151317499999999999999 854 76203810599999999999999
155175187190180160132103 78 63 62 74 9912915817918718216414212110910812025 6 7G3 24319016 518799999999999999 935 60213210799999999999999
140164184195193177149116 83 58 47 52 7310514117319420018916714111910811125 6 8G3 3221951649200999999999999991012 46221910899999999999999
126150175194200191168133 95 62 40 35 48 7811715719020820719116413611510725 6 9G3 3572001729210999999999999991047 3523 010799999999999999
115135162187202202185154114 74 43 27 30 52 8913317520521720918615612811025 610G3 43120418 6217999999999999991121 26233810699999999999999
107121147175198207199174136 93 55 28 20 31 6210515119021521920417614511925 611G3 5 32071843220999999999999991156 20999999999999999999999
106111131160188206208192159117 74 39 19 19 39 7612216720221921519416313325 612G3 537209192022099999999999999 0141061231 1699999999999999
112106118143173198209204180142 99 58 29 16 24 52 9313918020821820718115025 613G3 611210195721899999999999999 05010613 8 1699999999999999
123108109127154183203208195166127 84 48 25 20 35 6711015418921021219616825 614G3 648208203621499999999999999 1251061345 1999999999999999
139116108115135163187202202185153114 74 43 27 29 49 8412616519420820418525 615G3 729204211620999999999999999 2 41071424 2599999999999999
157131113109119140165186197193174143106 71 45 35 42 6610013917319720519625 616G3 816197215820599999999999999 24610915 6 3599999999999999
175148125111109120140162180189184167138104 74 54 48 58 8211515017919720125 617G3 912189224320199999999999999 3371081552 4899999999999999
189167142120107105114132152170180178164139110 84 68 64 75 9812715818319725 618G31022181233119999999999999999 4401051645 6499999999999999
197185162137115100 95102118139160174176167147123100 85 81 9111113716518625 619G31144177999999999999999999999 554 951747 8199999999999999
198196182159131106 87 79 85101125151171180176161139118102 9710412114517025 620G3 023199131218099999999999999 7 6 791857 9799999999999999
190200197181155124 93 70 60 65 8411314517218718917815813511811011412815125 621G3 117200143719099999999999999 811 59201110999999999999999
175194203199181150113 78 51 39 45 6910414317719920419517414912811811913325 622G3 213203155120599999999999999 9 9 39212211799999999999999
155180199208202180144101 61 32 21 30 5810014518521121820818415713412112225 623G3 3 820816542199999999999999910 4 20222612099999999999999
136160186206213205178136 89 46 16  6 19 5310115219522222821518815813312025 624G3 4 02131748229999999999999991057  6232211999999999999999
122139165192212218205173127 77 34  5 -1 16 5610816120523023221418415212825 625G3 4502181836234999999999999991147 -2999999999999999999999
117123143172199217220202166118 67 25  0 -2 22 6612017221323222920617414225 626G3 537221192123499999999999999 0101171235 -499999999999999
120114124148178205219217196157108 59 21  2  6 35 8213618421823021919215925 627G3 62322120 123099999999999999 0531131319  099999999999999
130113112128154184207217210185145 98 54 23 11 23 5610315319421822220517525 628G3 7 8217203922399999999999999 13311014 1 1199999999999999
144119108113132159185204209199172133 90 54 31 27 46 8212616920121521018825 629G3 752209211321699999999999999 2121081439 2699999999999999
158130111106115136160182196198185158123 87 59 45 50 7310814718220320819625 630G3 838199214620999999999999999 2511061515 4499999999999999
172144120107106117136157175185184171147117 89 70 65 7510013216418920219925 7 1G3 927186221820299999999999999 3331051550 6499999999999999
182158133114105106116132149164173172161141118 98 86 8710012215017519219725 7 2G31025174225319799999999999999 4241041629 8599999999999999
18917114912711110210211012313915416316415614212611210510711913916118019125 7 3G31137165233219299999999999999 529101171610499999999999999
191181164143123107 97 9510111313014615816316015113912712112313214816518025 7 4G313 7163999999999999999999999 645 95182012199999999999999
188186176160139118100 88 84 9010312214215916817016415314113313113815116625 7 5G3 021188144017099999999999999 755 84193913199999999999999
179186185175157135111 90 76 72 79 9612014516618018317716414913713413915125 7 6G3 120187155018399999999999999 852 72205513499999999999999
166180187186175155128100 76 62 60 71 9312315417919419718716915013513113725 7 7G3 222188164019799999999999999 940 59215613199999999999999
151169184192190175150118 86 61 48 49 66 9613216719520820619016714412912625 7 8G3 3171931721209999999999999991024 46224512599999999999999
135153175192199193173141104 70 45 35 43 6710414618421021920918715913412025 7 9G3 4 420017592199999999999999911 5 35232711999999999999999
121136160185203207194167129 88 53 31 27 42 7411816320022222320617714612225 710G3 4462071834225999999999999991145 26999999999999999999999
113120141171197213211192157114 71 38 20 23 47 8713518121422922119616313125 711G3 52621419 922999999999999999 0 51121223 1999999999999999
111107122150183208219212185144 98 56 26 15 27 5910615519822523021318214625 712G3 6 7220194423199999999999999 04110613 0 1599999999999999
117102106128161194216222208175130 83 44 21 19 39 7912817521222922520016525 713G3 648222201823099999999999999 1181011336 1799999999999999
129104 96107135170200218219199163117 73 39 24 31 5910315019222022821418425 714G3 731221205122899999999999999 155 961412 2499999999999999
147114 95 93110140174201215211188151107 69 44 37 52 8512817120522322120025 715G3 818216212422499999999999999 235 921448 3799999999999999
166130102 89 92112141172196207201178142105 74 57 59 7911215018621121920925 716G3 910207215821999999999999999 318 881525 5699999999999999
184150118 94 84 90109137165186196191170141111 88 79 8510613516719421021125 717G310 9196223421399999999999999 4 7 8416 6 7999999999999999
197170138109 88 80 8510212715317418518316814712510910411112815217619620625 718G31119186231520699999999999999 5 7 80165610499999999999999
202186161132105 84 74 76 9011313916217718017416014513312813114316017819325 719G31249181999999999999999999999 620 7318 512899999999999999
199195181158131103 80 66 64 75 9712415217318418517816615314514314916017525 720G3 0 8199143718699999999999999 739 63194414399999999999999
188195193182161133102 73 54 49 59 8211314617519420119618316615214514615525 721G3 12219516 420199999999999999 852 49212314499999999999999
169184195198189167135 99 65 42 34 44 7010714718320721721019217015013913825 722G3 24519817 321799999999999999 957 34223413799999999999999
148166186201207198173135 93 55 29 21 33 6510915619622222821619116314012725 723G3 3552071749228999999999999991053 21232512699999999999999
128143167192211217205174131 84 43 17 12 31 7012017021123323221218114912525 724G3 4512171829235999999999999991143 12999999999999999999999
115122143174202222224207170122 73 33 11 12 39 8513818822423822820016413125 725G3 53922519 423899999999999999 0 71151227  899999999999999
110106120149183212228225201159109 61 26 12 23 5810816220623223521518014225 726G3 622230193623799999999999999 04310513 5 1299999999999999
113 98102125159193218229219188144 95 53 27 23 45 8613718522023322419515725 727G3 7 222920 523399999999999999 117 971339 2199999999999999
121 98 92105133168199219222205171127 84 51 36 45 7511916620422622620617125 728G3 740223203122999999999999999 149 9114 9 3699999999999999
134104 89 92112142174199212209188153114 79 58 56 7410915018821522321218425 729G3 818213205522399999999999999 221 881437 5499999999999999
149116 94 87 97119148175194201193170139107 84 74 8210614017520221621319325 730G3 859201211921799999999999999 254 8715 3 7499999999999999
163131104 90 90102124148170184187177157132110 97 9711013416318920621019825 731G3 944188214421099999999999999 331 881532 9599999999999999
175146119100 91 9410612414416117317416615213512211612013415417519320119825 8 1G31040175221420199999999999999 416 9116 511699999999999999
183161136115100 94 9510511913615116216616315514613913614015016417818819225 8 2G312 1166225219299999999999999 516 93165513699999999999999
186172153134116102 94 93 9811012614215616416816616115615115115516317318025 8 3G314 8168235118399999999999999 641 92183715199999999999999
183178168153136118102 90 85 8810011713715617117918117716815915315215716525 8 4G31546182999999999999999999999 8 7 85203615199999999999999
174179178171158139117 96 80 73 76 8911113716318319519618717215714614314825 8 5G3 126179163519799999999999999 913 72215014399999999999999
159172182185179164140112 85 66 58 63 8211114517720121120719016714713413225 8 6G3 25318517122119999999999999910 6 58223813199999999999999
142159178193198189167135100 69 49 43 54 8111916019621822321018415513111925 8 7G3 3521981745223999999999999991051 43231711999999999999999
123140166191208211196165125 84 51 32 32 51 8913518121623222820417013611325 8 8G3 4392121816233999999999999991131 29235210699999999999999
106118145179208224221197158110 66 34 20 28 5910615820323324022318914911525 8 9G3 52122518472419999999999999912 8 20999999999999999999999
 95 97119155194223235224192145 94 50 22 17 36 7813118322424423821016812525 810G3 6 3235191724599999999999999 027 931244 1699999999999999
 94 82 93125168208234239221181130 79 40 20 26 5710516020723824522718814225 811G3 644240194724699999999999999 1 2 821318 1999999999999999
102 77 74 95134179216237236211167116 70 40 31 48 8713718722424323720716325 812G3 727240201524499999999999999 137 721350 3199999999999999
118 82 66 73101143185218233226197154108 71 51 54 8012116720723223721918325 813G3 812233204323899999999999999 213 651422 5099999999999999
138 97 70 62 76107147184211221211182144107 82 74 8611415218921722922319725 814G3 9 0221211022999999999999999 252 621454 7499999999999999
159119 86 66 65 8111014417619920519517114211710310411914417319921521820425 815G3 954206213921999999999999999 335 63152810199999999999999
177143109 83 69 69 8310713616318218918316815013512913314516418319820620225 816G311 1189221220699999999999999 429 6716 812999999999999999
188164137110 88 75 73 81 9912214616517617817316515715415516117018018819225 817G3124317823 419299999999999999 544 72171715499999999999999
189179162141119 97 80 72 73 8510512915217018118518417817116516216416817525 818G31510186999999999999999999999 722 71201216299999999999999
180183180170153130104 81 65 60 69 8911714717319320220119117716215214915325 819G3 1 2183162220399999999999999 850 60215514999999999999999
163176186191185167139106 75 53 46 55 7911415218621021821219317014913513225 820G3 3 019117 321999999999999999 957 46224413199999999999999
141159180198207200177141100 64 40 33 47 7912216720422622821218415312811525 821G3 4 62071736230999999999999991049 33232111499999999999999
118135163192214222210179135 89 50 28 27 50 9114018822323722820116413010625 822G3 45522218 7237999999999999991132 252353 9999999999999999
 99111139175208229231210171122 74 39 23 32 6511416721123723921718013910625 823G3 53623318342419999999999999912 9 23999999999999999999999
 88 91114151190222237230201155105 61 33 29 50 9314519422924222919615311225 824G3 61323819 024299999999999999 023 861240 2899999999999999
 85 77 91124166204230237221184136 89 53 38 47 8012817721723823520916812425 825G3 648237192324099999999999999 052 7713 9 3799999999999999
 89 71 75100139180213231228203163118 79 55 54 7611616220423023621818213925 826G3 722232194423799999999999999 120 701334 5299999999999999
 99 74 67 82114153190215224212183144106 78 68 8011015119122023222219415425 827G3 75622420 423299999999999999 147 671358 6899999999999999
113 82 67 72 95128164193210211194164131103 88 9011014317820822322120116725 828G3 832212202422599999999999999 216 671422 8699999999999999
129 96 75 71 8310713816718919919417615112611010611613916819421221520317825 829G3 911199204521699999999999999 246 70144610599999999999999
145113 89 78 80 9411714116418018517916414713212512814116018119720420018325 830G3 95818521 820599999999999999 320 77151312499999999999999
158131107 92 86 9010211913815516717216916115214514314815717018219019118325 831G311 3172213819199999999999999 4 4 86154714399999999999999
167148128111100 94 9610311412914315516316616616416216016016316817317717725 9 1G31326167222817799999999999999 518 94172416099999999999999
171161148134120108 98 94 9510311613214816217318018017717016215815716016525 9 2G31540181999999999999999999999 717 94204015799999999999999
168169166157145128110 95 84 82 8810412514917118819719518416915414414214725 9 3G3 042169161919799999999999999 846 81214614199999999999999
158169178179172156132106 82 68 65 75 9712716018920821320318215713612512625 9 4G3 243180164921399999999999999 944 64222412499999999999999
139159180195198187162128 93 65 49 49 67 9913918021122622220016813711310525 9 5G3 3441981717227999999999999991029 47225810599999999999999
115139170199216216196161117 76 46 33 41 69113161205233239221186145110 8925 9 6G3 43021817452399999999999999911 8 322331 8699999999999999
 89110147187220235228198153102 58 31 25 44 84137189229248240208162116 8225 9 7G3 5122361813248999999999999991144 24999999999999999999999
 68 79113161206239248232193140 87 46 25 30 61111168216247252229184132 8625 9 8G3 553249184025399999999999999 0 4 681219 2499999999999999
 57 54 78123176222250252227181126 76 42 32 50 9114519723725424320615410125 9 9G3 63525519 725499999999999999 038 521252 3299999999999999
 60 41 49 84135189231252246215166115 73 51 53 8112617722024624722317712325 910G3 718253193425099999999999999 112 401325 4999999999999999
 75 43 35 54 95146195230243232198154111 81 71 8411716020123124122919614825 911G3 8 3243195924199999999999999 148 341356 7199999999999999
 99 59 38 40 64105152193220227213182146115 9810011915018421322822620516925 912G3 850227202423099999999999999 226 361426 9799999999999999
126 86 57 45 52 7611215018220320719417114712912313014817219521021520518225 913G3 943207205021599999999999999 3 8 44145712399999999999999
150116 86 66 58 65 8411114016618218718116815614814815416618019119719518525 914G31053187211919799999999999999 4 1 58153314799999999999999
167144120 98 81 73 75 8510312614716417417617517116816616716917317617817725 915G313 1176221517899999999999999 522 73171116699999999999999
172163150134115 97 83 77 79 9111013215317018218818718217416515815515616025 916G31525188999999999999999999999 716 76211615599999999999999
166171172166152132107 85 71 68 77 9712415217819620320018716915113813313825 917G3 14217216 920499999999999999 845 6722 113399999999999999
150166181189185168141108 79 60 56 68 9312716419421321520217915112811411425 918G3 314189163921699999999999999 946 56223211299999999999999
127150176198208201176140101 68 49 48 67101143184214226218193159126102 9325 919G3 4 720817 7226999999999999991032 4623 1 9399999999999999
102126160193217223208174130 88 56 42 49 78121168207230231210173132 98 7925 920G3 44822317322349999999999999911 9 412329 7699999999999999
 79100136177212231229204162115 74 48 43 63102150195227238224189145103 7325 921G3 5242331755238999999999999991141 422357 6399999999999999
 63 76109153196227239226191145 98 64 48 56 88133181219238233204160113 7525 922G3 5582391817239999999999999991210 48999999999999999999999
 55 58 84126173213236236213172126 86 61 59 80120167208234237216176127 8425 923G3 631239183823999999999999999 023 531236 5799999999999999
 55 47 63100146191223236225195153111 80 69 80112155196226236223189143 9725 924G3 7 4236185723699999999999999 049 4713 1 6999999999999999
 62 45 51 78119164202225227208174136103 84 8610814418321423022519915911425 925G3 737229191623199999999999999 115 441325 8299999999999999
 75 51 47 63 97138177205218212189157125103 9711013717120122022120417113025 926G3 811218193522399999999999999 142 461350 9799999999999999
 92 64 52 58 8111415018120120519417114512311211613416018720621320418014625 927G3 847206195621399999999999999 2 9 51141511299999999999999
111 81 64 62 74 9712615517719019017816014213012813715417419120019718315825 928G3 929191201920099999999999999 240 61144212799999999999999
129102 82 73 76 8810712915116717617516815714814314515216417518318517916525 929G31026176204618699999999999999 317 73151514399999999999999
145124105 92 86 88 9510812414015416316716616416015815715916216616916916525 930G31219167213317099999999999999 418 86164415799999999999999
156144130116105 96 92 931001121281441581691751771741681611541501501531572510 1G31454177999999999999999999999 618 92202815099999999999999
160159154144131115 99 87 83 87 991181401621801911931841691521381301311402510 2G3 021160153819399999999999999 8 3 83212113099999999999999
153166173173162143118 93 75 67 72 891161481782002092041851581321131071152510 3G3 22717416 821099999999999999 9 8 67215610799999999999999
134159182195195178149114 81 59 52 62 88125166200221223205173135103 85 852510 4G3 327197163622599999999999999 955 522229 8399999999999999
105138175205219214188147104 67 45 43 62 99146191224237226194149104 71 582510 5G3 41422017 3237999999999999991036 4123 2 5899999999999999
 70103149195228239226189140 92 55 38 45 75122173217243243217170116 70 412510 6G3 4582391731247999999999999991114 372337 3699999999999999
 38 63110165215246251228184131 83 51 42 59 99151202238251236195138 82 392510 7G3 5412531758251999999999999991151 42999999999999999999999
 19 28 66122182230255253223174122 79 56 58 85131182224248246216165106 522510 8G3 625258182625099999999999999 012 181226 5399999999999999
 17  8 29 76136193236254244210163116 83 71 83117162205235245229189135 782510 9G3 7 9254185324599999999999999 048  813 1 7199999999999999
 33  8 11 40 90146197232243228194153117 95 94113147185217233230205162110251010G3 755243192123599999999999999 126  61334 9299999999999999
 62 28 13 23 56102151193219224209180148124113120141169197215220208180140251011G3 844225194822099999999999999 2 5 1314 711399999999999999
 97 60 36 29 42 71109148181200203191170150136134142159178194202200185160251012G3 939204201720399999999999999 250 29144313399999999999999
129 97 70 53 49 59 81109140165181185179168157151151156164173180182178168251013G31051185205418299999999999999 347 49153215099999999999999
151130108 88 74 67 71 84104128150166175176173168163159157156157159162162251014G31248176224816299999999999999 510 67185415699999999999999
160154142126108 91 79 75 81 96117140160174182183178168157145137135138146251015G31438184999999999999999999999 654 75205513599999999999999
155163166159145123101 82 73 76 90112139164184194193182163142124114113122251016G3 149166152519599999999999999 817 72213311299999999999999
139159175183177158130101 78 67 71 89116148178198205197176147119 98 90 96251017G3 3 4183155720599999999999999 916 6722 4 9099999999999999
116144172193199188162128 95 72 63 72 96130167197213211191159122 92 73 72251018G3 35319916242159999999999999910 0 632233 7099999999999999
 89121157190210211192158119 86 65 63 80113153189215221206174133 93 65 54251019G3 4332131649221999999999999991037 6223 1 5499999999999999
 64 94135176209223215187147107 77 64 72 98138179211226218190147102 64 43251020G3 5 922317112269999999999999911 9 642328 4099999999999999
 44 67108154196223228210175133 96 73 70 88124166202225226204164116 71 41251021G3 5432291733228999999999999991138 692355 3199999999999999
 31 45 80128176213231226199159119 88 75 84112152191219228214179132 85 47251022G3 61623217542289999999999999912 7 75999999999999999999999
 27 30 57100150194223230215182143108 87 85105139178209225219192150101 59251023G3 649231181522599999999999999 022 251234 8399999999999999
 31 24 40 76122169205224221199164129102 92102128164196216219200165120 76251024G3 722225183722099999999999999 049 2413 1 9299999999999999
 43 27 32 58 97142181208217206180148120104104122151181204213203177138 96251025G3 756217185921399999999999999 116 26132910299999999999999
 61 38 34 48 78116154185203204189164138119112120141166189202200183153116251026G3 833205192420399999999999999 145 33135711299999999999999
 82 56 44 47 66 95128159181192188173153135124124136154173187191183163135251027G3 914192195119199999999999999 216 43142912399999999999999
104 78 61 55 63 80105132156172179175164151139134137145157169176175166148251028G310 7179202717799999999999999 255 55151113499999999999999
126103 84 72 68 74 88107128148163170170164156148144143145151157161161155251029G31128171213116199999999999999 352 68164514399999999999999
144129112 96 84 78 79 87102121140157168173172166157147139134134139146152251030G31318173235715499999999999999 522 77192713499999999999999
154151141127110 93 81 76 81 94114137159175184184174158140123113113121135251031G31427185999999999999999999999 7 2 76203411299999999999999
151163167160144121 97 78 69 72 88113142170190200195176149120 97 86 891072511 1G3 15316715 920099999999999999 815 692116 8599999999999999
133160181189181159128 96 72 62 67 87119155188209213198167128 91 65 57 702511 2G3 3 1189154321499999999999999 911 612154 5799999999999999
 99138176203211199169130 93 67 57 68 96135176208224219191147 98 57 33 332511 3G3 354211161522599999999999999 959 572231 3099999999999999
 57100150195224229210173128 89 64 60 77112157198226233214172118 65 25  72511 4G3 4432301646233999999999999991043 5923 9  799999999999999
 17 53107165213240240214171125 87 67 69 94135180217236231199147 88 35  02511 5G3 5302431717237999999999999991124 652348-1099999999999999
 -9 11 58119179225247241210166122 89 76 86117159200229236219177120 61 132511 6G3 61724817492379999999999999912 4 76999999999999999999999
-14-13 16 69131188229244233200158120 95 90107140179212230227200154 97 432511 7G3 7 4244182223199999999999999 029-171244 8999999999999999
  3-15 -6 29 82140191224233219187151120104107127158190213221210179133 822511 8G3 752233185622199999999999999 111-15132210399999999999999
 37  6 -4 10 45 941451872122172021741451241161231421681912052051901591192511 9G3 842218193220799999999999999 155 -414 211699999999999999
 77 41 19 14 30 62103145178197199186165144130127134150167182189186171146251110G3 936200201318999999999999999 243 13144712699999999999999
114 82 54 38 36 49 75108141168183184175160146136134138147157165170168158251111G31037185211217099999999999999 338 35155113499999999999999
141118 93 72 58 55 64 84110137159173176171161149140134132134139146152154251112G3115117623 715499999999999999 446 55175913299999999999999
152143128109 90 75 69 74 89111134155169175173164151138126118115119128139251113G31311175999999999999999999999 6 4 69195311599999999999999
149154152141123104 87 78 80 92112136157173180177166148128109 97 94101116251114G3 112155141318099999999999999 720 772049 9499999999999999
135152164165154135112 92 82 83 96118143166182188181162137109 87 74 75 88251115G3 234166145618899999999999999 824 812128 7399999999999999
112139163177178164140114 93 83 86102128155179193193178151117 85 62 54 62251116G3 331179153019599999999999999 915 8222 1 5499999999999999
 85118152179192188168140111 91 83 91113142172194202193167131 92 59 40 40251117G3 416193155920299999999999999 959 832232 3899999999999999
 58 92132170196204193167134105 88 86101128160188204203183148105 65 36 25251118G3 4552041626206999999999999991037 8523 2 2599999999999999
 35 64106151188209210191159125 99 87 92114146179202209196165122 77 40 18251119G3 5322121652209999999999999991111 862331 1599999999999999
 18 40 79126171204217209183148115 94 89103132165194209205181141 95 52 21251120G3 6 62181718210999999999999991144 88999999999999999999999
 10 21 53 98147188214217201169134106 92 96118150182204208193159115 69 32251121G3 640219174420999999999999999 0 1 101216 9199999999999999
 11 11 32 72119165199215210186154122100 95108135167193206199175135 91 50251122G3 714216181120699999999999999 031  81246 9499999999999999
 21 10 20 50 92138177203209197170139113 99103122151179197200185154113 72251123G3 749210184020199999999999999 1 1 101317 9999999999999999
 38 18 17 35 69110151183200198181155128109104114136162183193188167134 96251124G3 826201191019399999999999999 134 15135010499999999999999
 60 34 23 30 52 86124158182192186167144122111111124144165180183173151119251125G3 9 6192194618399999999999999 2 8 23142710999999999999999
 86 56 38 33 44 67 98132160178183175158139123115117129145160170170160139251126G3 952183203217199999999999999 248 33151511599999999999999
112 84 61 47 45 57 78106135159174177170155139125118118125137149157158151251127G31047177214215999999999999999 337 45162711799999999999999
136114 90 71 59 57 66 85110136158172176170157140125114110112121133145151251128G31152176232415299999999999999 439 5618 811099999999999999
150141124103 84 70 66 73 89112138160175180174160140119102 92 91101118136251129G31257180999999999999999999999 554 661931 9099999999999999
151158154140119 98 81 73 77 92115142166182187179160133104 80 66 66 81105251130G3 1 8158135418799999999999999 711 732029 6599999999999999
134158172172159136110 88 77 80 95120150176193196183155119 82 52 38 42 642512 1G3 231174144119699999999999999 820 772118 3799999999999999
 98137170190192177149119 94 81 83101129161188204202181143 98 55 23 11 212512 2G3 337193152420599999999999999 921 8022 3 1199999999999999
 53 98145185208209190158124 97 84 88109141175201212203173127 74 28 -2-102512 3G3 43421116 5212999999999999991016 832248-1099999999999999
  8 49102156199221220197162126 99 88 95120154188211216199161108 52  6-212512 4G3 52622416452179999999999999911 6 872333-2599999999999999
-22  4 51110167209229223197159124 99 92104132167198217215190146 90 35 -82512 5G3 6162301726218999999999999991153 92999999999999999999999
-30-25  8 60120176214229219190152119 99 97113143177204216207178131 76 242512 6G3 7 522918 721699999999999999 019-311237 9699999999999999
-13-29-17 19 73131181213222208178143114100103123152182203209196163117 662512 7G3 751222184920999999999999999 1 5-291320 9999999999999999
 21-10-18 -2 36 881401832082101931631331101021091301561811961961811491072512 8G3 837212193419899999999999999 151-1814 210299999999999999
 62 25  2  0 19 571031481821981961771501251081041131321541731831811651372512 9G3 921200202218499999999999999 236 -2144710499999999999999
101 64 35 19 22 43 77117153178188182163140119107105114129145159167165152251210G310 5188211916799999999999999 321 18153910599999999999999
128 99 71 49 40 46 66 95128156174179170153133116106104109119132143151151251211G31050179223315299999999999999 4 8 40164810399999999999999
142125104 83 67 61 68 85110136158170172163148130114102 97 98105116128138251212G31138173999999999999999999999 459 611820 9699999999999999
143140129113 97 84 80 85100120142159169169160145127109 93 84 82 88101117251213G3 0 7143123117099999999999999 558 801943 8299999999999999
132142144138126111 99 93 97109127146161170169160143121 99 79 67 65 74 91251214G3 145144132717099999999999999 7 7 932041 6599999999999999
113134149155151138122108101103114131150165173171159138111 83 61 49 50 64251215G3 3 5155142017499999999999999 8171012126 4899999999999999
 88116143162169163148129112103105117136156171178173155127 95 64 42 33 39251216G3 4 316915 517899999999999999 91910322 5 3399999999999999
 61 93128158178182172152128110101106121142164179182171146112 75 43 24 21251217G3 44818215451839999999999999910101012240 2099999999999999
 35 66105144175192191174148122104 98107127152174186184165132 92 54 24 10251218G3 5261941621187999999999999991053 982315  999999999999999
 15 39 77121162191202193169139113 97 96111137164184191180153114 71 33  9251219G3 6 22021654191999999999999991131 952349  299999999999999
  2 17 49 94141179202204187158126102 91 98120149176192191172137 93 50 17251220G3 63620617271949999999999999912 6 91999999999999999999999
 -1  2 25 66113159192206199175143112 93 90105132163186195186159118 73 33251221G3 71020618 119599999999999999 023 -31239 8999999999999999
  5 -4  8 40 85133174199204188159127100 88 93114145173191193176142 99 55251222G3 744205183519599999999999999 056 -41312 8799999999999999
 20  0  0 21 59106150184200196174143113 92 87 99125155179191185162125 82251223G3 818201191119199999999999999 130 -31347 8799999999999999
 42 14  3 11 39 80125163189196185159128102 88 90106132159178184174148110251224G3 853196195218499999999999999 2 4  21424 8799999999999999
 70 36 15 12 28 60100141172190189172145117 95 87 92110134157172174162135251225G3 929192204017599999999999999 239 1115 7 8699999999999999
100 65 38 25 28 48 81118152177187181161134109 91 85 91107129149161163152251226G310 7187213916499999999999999 318 2416 0 8599999999999999
128 98 69 48 41 48 69 99131160178183173152127103 86 79 84 97117136150154251227G31049183225315599999999999999 4 1 4117 6 7999999999999999
147129105 82 65 60 68 87113140164177179167146121 97 78 69 70 81100122140251228G31136180999999999999999999999 454 601824 6899999999999999
150149137119100 86 80 85100122145165176176165144117 89 66 52 50 61 82109251229G3 023151123117899999999999999 6 2 801939 5099999999999999
133151157152138121106 97 98108126147166177177166143112 79 50 32 28 40 66251230G3 2 2157133317999999999999999 725 962044 2899999999999999
 99131157171171159141122109106112128148167179180167141105 66 32 11  7 22251231G3 331172143618199999999999999 8521052143  699999999999999
