 -5 -6 17 58107157196215211189156123 99 93108136168195209204177136 87 4125 1 1G4 719216181521099999999999999 031 -81247 9399999999999999
  5-10 -1 30 76127174206216203175140108 89 92113144176201210198166121 7325 1 2G4 754216185721099999999999999 1 8-111324 8899999999999999
 29  0 -6 12 49 97146188211211191159124 96 85 9411815018020020418715210825 1 3G4 830214194120599999999999999 146 -714 3 8599999999999999
 63 25  5  8 32 72119163196210202177144111 88 83 9612115017719319317414025 1 4G4 9 7210202919599999999999999 223  31446 8299999999999999
100 60 31 20 30 58 97139176199204189162130101 83 81 9511814516818218016225 1 5G4 943204212418399999999999999 3 1 201535 8099999999999999
133 99 67 47 43 57 84119154182197194177150119 94 79 78 8910913315516816825 1 6G41021198223017099999999999999 342 421634 7799999999999999
155132106 83 70 70 84107136163184191185167141113 89 74 70 78 9511813915425 1 7G411 3191235615999999999999999 428 681749 7099999999999999
159153139121105 96 96106124146167181185178161137110 85 67 59 63 7810112425 1 8G41153185999999999999999999999 528 951910 5899999999999999
144156159152140128119116121133149165177181176160136108 79 56 44 45 60 8525 1 9G4 144159125918199999999999999 6551162024 4299999999999999
113140160170169161148135127126134147162175181178163138105 71 43 27 27 4425 110G4 326171141418299999999999999 8341252128 2599999999999999
 73107142170185187177160142128124130143160176186184168138100 61 28 11 1225 111G4 437188152218799999999999999 9551242225  999999999999999
 33 67109151183200199185162139121116124141163183194191171135 92 48 14 -325 112G4 52720216191959999999999999910541162315 -499999999999999
  3 29 71119165198211204183155127110107120143169191202195169128 80 34  125 113G4 6 821117 8202999999999999991139106999999999999999999999
-12  1 35 83135181209215200172140112 98102121150178200207193160115 65 2125 114G4 645216175120799999999999999 0 0-121217 9799999999999999
 -8-12 10 51104156196215211188154121 96 89102128159188206206184146 98 5025 115G4 718216183020899999999999999 039-131251 8999999999999999
 11 -9 -2 29 76129176206214198168133102 84 87107137168193205197169128 8125 116G4 74821419 620599999999999999 114 -91322 8399999999999999
 37  8  1 19 57106154192209204180146112 87 79 9111614617419319718215010925 117G4 815210194119899999999999999 146  01353 7999999999999999
 67 32 15 21 48 89135175200204188159124 95 79 80 9712415217518718316313125 118G4 841205201718899999999999999 214 141425 7799999999999999
 94 59 36 32 48 80120159188200192169138107 84 77 8510412815216917516714625 119G4 9 6200205517599999999999999 241 311458 7799999999999999
117 86 62 51 57 79110145174192192177151121 96 81 79 8910612714615916115125 120G4 931194214016199999999999999 3 8 511537 7899999999999999
133110 88 74 73 84106133160180187180161136111 91 81 81 9010412113614614725 121G4 959187224014899999999999999 337 721628 8099999999999999
141128113 99 93 96108126147166177177167149127106 90 82 80 85 9611012413425 122G41032179999999999999999999999 411 931743 8099999999999999
139138132124117114116124136151164170168158143124106 90 79 74 76 85 9811325 123G4 018139111617099999999999999 5 81141915 7499999999999999
127137143144140135130128130138148158163163156143125106 87 72 62 62 71 8625 124G4 237144122616499999999999999 7 31282032 6199999999999999
106126144156160157149139131129133142153161164160147127103 79 58 46 46 5725 125G4 4 4160135616499999999999999 8481282133 4599999999999999
 77104133157173177170155138125121126138153166172168152127 96 65 40 27 2925 126G4 45017715 917299999999999999 9571202222 2699999999999999
 46 75111147175190189174152129113110119138159177185178156122 83 47 20  925 127G4 52619216 418599999999999999104510923 6  999999999999999
 16 42 81125166195204195171141114 98100117144171192198185154112 67 26  025 128G4 5582041650199999999999999991125 972345 -799999999999999
 -6 11 47 95145187211211191159123 95 84 94120155186207208187147 98 48  725 129G4 63121417342119999999999999912 1 84999999999999999999999
-15-12 16 62116169207221210179140102 76 73 94128167201218212182135 82 3125 130G4 7 2221181621999999999999999 023-171237 7299999999999999
 -6-20 -5 34 86142191220222199161117 80 62 69 98138179210222208171121 6725 131G4 734224185922299999999999999 058-201313 6199999999999999
 20 -9-10 16 61115168208224213181137 93 62 53 7010414618521221719715710725 2 1G4 8 4224194221899999999999999 133-131350 5399999999999999
 57 18  2 13 46 93144189216218196158113 74 50 51 7411015018520520418114225 2 2G4 834220202720899999999999999 2 6  21428 4899999999999999
 97 56 30 26 46 82125168200213203174134 93 61 47 54 7811214717719218716425 2 3G4 9 3213211519299999999999999 239 2415 9 4799999999999999
131 95 66 53 59 82115151182201202184153116 81 57 49 58 7910813816217316825 2 4G4 932204221217399999999999999 311 521557 4999999999999999
151127102 86 83 93113139165185192186166138106 79 60 54 59 76 9912414415425 2 5G410 2192232915599999999999999 345 8217 1 5499999999999999
154145132119112113121135152167177179171154131107 84 66 57 57 67 8510612525 2 6G41038179999999999999999999999 4251111829 5599999999999999
139147148145141137136137143151160165166162151135114 92 71 55 49 53 67 8825 2 7G4 144149114416699999999999999 55913620 5 4999999999999999
111132150160164162155147141139141147154160162158146125 99 71 49 36 37 5125 2 8G4 4 4164135716299999999999999 8561392126 3599999999999999
 75105135161177182176162146132125126135148162171171158133100 65 36 21 2225 2 9G4 45418215301739999999999999910201252226 1999999999999999
 40 71109148178194194180157133115108114129151172185185167134 93 53 21  625 210G4 52819616281879999999999999911 31082312  699999999999999
 13 39 79125167197206196172142113 95 94108133161187199193167127 80 37  625 211G4 5582061712200999999999999991136 922351 -299999999999999
 -2 14 50 98148189211209187154119 91 79 87111143177201208193158111 62 2125 212G4 62521317502099999999999999912 6 79999999999999999999999
 -2  0 28 73125173206215200169130 94 71 69 89121159192211208183141 92 4425 213G4 651216182421299999999999999 024 -51234 6799999999999999
 10 -1 16 54104155196215209182143103 71 59 70 99136174202212198165120 7225 214G4 715216185621299999999999999 053 -113 1 5999999999999999
 31  9 14 43 88138183210213193157115 78 56 56 78113151185205204181144 9925 215G4 737215192720799999999999999 120  81328 5399999999999999
 57 28 22 41 78124169201212200169129 89 60 50 63 9112716218919918816112325 216G4 758212195919999999999999999 144 211355 5099999999999999
 83 51 37 46 74114155189207203178142103 69 52 54 7410413716718518617014125 217G4 818208203318899999999999999 2 7 371423 5099999999999999
107 77 58 58 76108144176198200184154118 84 60 53 63 8511314216417416915225 218G4 839202211017499999999999999 230 551453 5399999999999999
127101 81 75 85106134163185193185163132100 75 61 61 73 9311713915415915325 219G4 9 1193215515999999999999999 254 751528 5999999999999999
139121105 96 98110129151170181180167144117 93 75 67 69 79 9511312914114425 220G4 92518223 314499999999999999 319 961615 6799999999999999
142134125118116120130142156166170165152133113 94 81 74 73 78 8810211512725 221G4 956170999999999999999999999 3481161738 7399999999999999
134138139138136135136138144150156157154145132117102 88 77 70 69 75 8710125 222G4 146139104915899999999999999 5161351936 6999999999999999
117132145153156154148141136135139144149151149141128110 91 72 59 53 57 7125 223G4 4 415613 415199999999999999 83813521 4 5399999999999999
 91115140160172173165151135124121126136149159163157140115 86 60 40 33 3925 224G4 438174145416399999999999999 95312122 3 3399999999999999
 59 89124157181191185167142119105104116136158176182173148113 75 41 19 1325 225G4 5 619115561829999999999999910341032248 1399999999999999
 27 57 98142180203205187157124 97 84 90113144175197202185150105 59 21 -125 226G4 5352071644202999999999999991110 842327 -399999999999999
  0 25 67118168205219209178138 98 71 65 83117158195217216190145 93 42  425 227G4 6 32191728220999999999999991144 64999999999999999999999
-12  1 38 89145195224225200158111 69 47 52 82127174213231222186135 78 2825 228G4 632228181023299999999999999 0 3-121219 4699999999999999
 -4 -8 17 63120175217233218181131 80 43 30 48 89139188224235217175121 6625 3 1G4 7 1233185323599999999999999 038-111254 3099999999999999
 22  1 11 46 97152201229228200154100 53 24 24 52 9815019622622820416010925 3 2G4 729232193523199999999999999 111  11329 2099999999999999
 61 28 22 43 84133180215227212174124 73 33 17 28 6210815619621721218514525 3 3G4 756227201921899999999999999 143 2114 6 1799999999999999
101 65 47 54 81121162197217213187146 99 56 27 21 38 7211315518619919116625 3 4G4 82121821 619999999999999999 214 471444 2099999999999999
134102 80 76 90117149180200205191162124 84 51 33 33 50 7911314616917717025 3 5G4 84620622 017799999999999999 243 751528 3199999999999999
152130112103107122143165182191186169143112 82 58 47 47 60 8110613114815625 3 6G4 910191231815699999999999999 3111031626 4599999999999999
154146136129128133142154165172173166153134112 91 74 62 58 63 75 9311212925 3 7G4 936173999999999999999999999 3401281759 5899999999999999
141148150150149148148148150153154154152147138124108 90 73 61 58 64 78 9625 3 8G4 225150103115599999999999999 6 51481951 5899999999999999
117136152163167165158149140135133136142148152151142124100 76 57 47 50 6425 3 9G4 411167141815399999999999999 9491332117 4799999999999999
 87115144167180182173156137122114115124139155167169157133102 70 45 34 3925 310G4 43918315391709999999999999910241132213 3499999999999999
 59 90126160185195188168142116 98 93102122147171186184166133 94 57 31 2325 311G4 5 41951626187999999999999991051 932254 2399999999999999
 35 64104147182202202183153119 91 76 80100130163190201192164123 79 42 2025 312G4 52820517 4201999999999999991118 762328 1799999999999999
 21 44 82129173203211197167128 91 66 61 77108147183207210190153107 62 2925 313G4 5512121738211999999999999991144 612358 1799999999999999
 17 30 65111159197215209181141 98 64 49 57 85125167200216208178135 88 4725 314G4 61321618102179999999999999912 9 48999999999999999999999
 24 26 53 95144187214216194155110 69 43 41 63101145185212216197160114 7025 315G4 634218184121899999999999999 024 211235 3999999999999999
 39 30 48 84130175208218203169124 79 45 32 45 77120163198215207179139 9625 316G4 654218191121599999999999999 049 3013 0 3299999999999999
 60 42 49 78119163199216209180138 93 54 32 33 57 9513817720320819115912025 317G4 714217194320999999999999999 113 421326 2999999999999999
 84 60 57 77111151187209210189152109 68 39 31 44 7511315218319819317214025 318G4 733212201519999999999999999 136 551352 3099999999999999
107 81 71 81107140174198205193163124 85 53 36 40 60 9212615818018617615425 319G4 753206205018699999999999999 2 0 711419 3599999999999999
127102 88 90107133161184196191170138103 71 50 44 54 7610313215616917015925 320G4 814196213117199999999999999 224 871450 4499999999999999
141122108104112129150169182183172149120 92 69 57 57 67 8510712914615515525 321G4 837184222915699999999999999 2491041529 5599999999999999
148137127122123131142155166171167154135113 92 76 68 68 74 8610211813214125 322G4 9 5171999999999999999999999 3181221634 6799999999999999
146146144141139139141144149154156153145133118102 89 78 72 72 77 8910311925 323G4 034146 95415699999999999999 4341391835 7199999999999999
134146155159158153146139135135138143147147142132118100 82 68 60 62 72 9025 324G4 318159123514799999999999999 8271342021 6099999999999999
113137158172177171158141125116116124137151160162152132106 78 56 43 44 5925 325G4 357177143816299999999999999 9301152127 4299999999999999
 84117150178193192176151124102 92 97116141165182185171142105 69 40 26 3025 326G4 42719515411869999999999999910 9 922216 2599999999999999
 53 90132173201211198169132 97 73 68 84115152186207207184145 99 56 25 1425 327G4 4552111630210999999999999991044 672257 1499999999999999
 27 61107157199222219192150104 65 44 49 78122169208228221189142 90 45 1625 328G4 5242241715229999999999999991119 422336 1199999999999999
 14 38 82134185221233215174122 71 33 21 39 80134186226241226186134 82 3925 329G4 5532331759241999999999999991154 20999999999999999999999
 19 28 62111164210235230198147 90 39  8  8 39 89147200235242220177125 7625 330G4 621237184324499999999999999 012 181230  499999999999999
 42 34 54 95144191225235215172116 60 15 -4  8 4710115820723423320616411725 331G4 649235192723799999999999999 046 3313 7 -499999999999999
 77 56 60 88129172209228222191143 89 38  5 -3 18 6011216420422221518815125 4 1G4 716229201322399999999999999 120 541344 -499999999999999
113 86 78 92121156190213217200164118 70 30  8 11 35 7411916219220319417125 4 2G4 74321821 120399999999999999 151 781424  699999999999999
142116102104121146173194204197175142102 64 36 24 30 51 8412015317518117425 4 3G4 8 8204215718199999999999999 2221011510 2399999999999999
159140126122128142159175185185175155128 99 72 52 44 48 64 8811513915616325 4 4G4 834186231716399999999999999 25412216 9 4499999999999999
161154146140140143150157164167164157144126107 88 72 63 62 70 8510512514125 4 5G4 9 5167999999999999999999999 3391391738 6199999999999999
153158159157154150147145144145146147147143135123107 89 75 67 68 78 9511525 4 6G4 144159112214799999999999999 7501441922 6699999999999999
135152164170169162150138128123124130139148153151140121 99 78 65 62 71 8925 4 7G4 319170141615399999999999999 9231232043 6299999999999999
114140163178182176160139120106102108122141159169168153128 99 74 57 55 6825 4 8G4 353182152417099999999999999 9541022139 5499999999999999
 92123154179192190173147119 95 83 85101125153176187181159127 92 64 50 5325 4 9G4 42019316 9187999999999999991021 822220 4999999999999999
 73105141175197202188160125 93 70 65 77104138171195200185155118 81 55 4725 410G4 4442031646201999999999999991048 642254 4799999999999999
 59 88126165196210201174137 97 65 49 55 80117157191210206182145104 69 5025 411G4 5 72101720211999999999999991114 492324 4899999999999999
 52 75112153190212211189151108 68 41 37 56 92136178208217203171131 91 6225 412G4 5292151753218999999999999991140 362352 5399999999999999
 53 67100141181209217201166122 77 42 26 36 67111157197218216193156115 8025 413G4 55021818252209999999999999912 6 26999999999999999999999
 61 65 91129169202218210180137 90 49 24 23 46 8513217720921920717713910125 414G4 610218185721999999999999999 019 601233 2099999999999999
 75 69 86118157192214214192153107 63 30 18 31 6310615119021221219216012425 415G4 631217192921499999999999999 045 681259 1899999999999999
 93 79 86111145179204212199167124 80 44 23 24 46 8312516519520619817414325 416G4 65321320 320699999999999999 111 781327 2099999999999999
113 93 91107134165191205200177141100 62 36 27 38 6510113817119119418115825 417G4 716206203919599999999999999 137 891356 2799999999999999
132110101108127152177193196182154119 84 55 38 39 54 8111314416918117916625 418G4 740196212218299999999999999 2 51011429 3699999999999999
147129116115125142161177185180163136106 78 57 48 52 68 9111714216016916725 419G4 8 8185222016999999999999999 2361141510 4899999999999999
158145134128129136148160169171164149128104 83 67 60 63 74 9211313415016025 420G4 846171235316299999999999999 3201271613 6099999999999999
162159152145139137138143149155157154145130113 95 80 70 67 73 8610412514325 421G4 957157999999999999999999999 5 61371749 6799999999999999
158166168164155145135129128132140148153152144129110 90 74 65 65 76 9612025 422G4 147168122215399999999999999 7401281927 6499999999999999
144165179183176160140122109106113129146161168164149124 97 73 58 56 68 9225 423G4 251183141116899999999999999 8461062039 5599999999999999
122154181196196181155124 97 81 81 97123153178191187166134 99 69 50 49 6625 424G4 331198151819199999999999999 930 792135 4799999999999999
 97135172201213204176138 98 66 52 59 87125166198214206179139 98 64 46 4925 425G4 4 52131612214999999999999991010 512222 4599999999999999
 73111155194219222201160112 66 34 26 44 84133182218232219185140 96 62 4825 426G4 43722417 1232999999999999991049 2523 5 4899999999999999
 59 90134178214231221187136 82 35  7  8 38 88144197232241222184138 95 6525 427G4 5 92321748242999999999999991127  42345 5899999999999999
 59 78114159200228233210165109 53  9-10  2 41 97156207238241217178134 9525 428G4 54023518352439999999999999912 7-10999999999999999999999
 74 77102140181215232224191140 84 31 -5-14  7 5110816521123523120616913025 429G4 612233192223699999999999999 023 721247-1599999999999999
 99 88 99127162196220225206168118 65 20 -6 -6 21 6511816920722321619215925 430G4 643226201022399999999999999 1 0 881329 -999999999999999
128107105121147177201214209186147102 56 21  5 11 38 7912516819720619817725 5 1G4 71521521 020699999999999999 1371041413  499999999999999
152129118122138159181196200190166132 94 58 33 23 32 56 9112916218319018325 5 2G4 748200215619099999999999999 21411815 1 2399999999999999
167148135130135146161174182181171152125 96 69 50 44 51 70 9812815417117725 5 3G4 82818323 217799999999999999 2591301559 4499999999999999
172162150141138139145152159164164158145127106 85 69 62 66 8010112514716325 5 4G4 930164999999999999999999999 4111381711 6299999999999999
170170164155146139135134136141147151152147135119101 84 75 74 8410212414525 5 5G4 025171113915299999999999999 6441341831 7399999999999999
162172174169159146132122117118125135147154155148132113 94 81 78 8610412625 5 6G4 148174133715699999999999999 8191161945 7899999999999999
149168179181173157137117103 97101114132151165168161142119 97 82 79 8910925 5 7G4 242182145016999999999999999 9 5 972045 7999999999999999
134159179190187172148121 96 81 79 90111138163179182170147120 96 81 80 9425 5 8G4 318190154118399999999999999 940 782132 7999999999999999
119148174193198187162130 98 72 61 66 87118151179195193174146116 92 80 8525 5 9G4 3481981623196999999999999991011 612212 8099999999999999
105134165191204200178144106 72 50 46 62 93131169197207198173141109 87 8225 510G4 41520517 1207999999999999991040 452248 8199999999999999
 95121154185206209192160120 79 47 33 41 67106150188211213196166132102 8625 511G4 4402101736215999999999999991110 332321 8499999999999999
 89110141175201213204176136 92 53 28 25 44 80125169204219212189155121 9625 512G4 5 52131811219999999999999991139 232352 8899999999999999
 88101128162193212212191154110 67 33 18 26 55 9714418621321920517614211125 513G4 53021518462209999999999999912 9 18999999999999999999999
 94 97117148181205214202171130 85 46 21 18 36 7211616119721521219216213025 514G4 556214192121799999999999999 022 931239 1699999999999999
105 98110135166194210207185149106 65 33 19 26 52 9013417420121020017714825 515G4 624211195721099999999999999 053 981311 1899999999999999
121105107125151179199205194166128 88 52 29 24 39 6910714618019920118716425 516G4 653206203620299999999999999 1241041344 2499999999999999
138118110119138162184196195178148112 76 48 33 35 54 8411915318019319017625 517G4 725198212019399999999999999 1581101422 3299999999999999
155134120119129146166181188182163135103 73 51 42 48 67 9412615517718618225 518G4 8 3188221318699999999999999 23811815 7 4299999999999999
170152136126125133147161172176170154130103 78 60 53 58 7510012815417318225 519G4 856176231718299999999999999 33312416 3 5399999999999999
180169154140129126129138150160166164153134111 89 71 63 66 8010212815417325 520G41016167999999999999999999999 5 01261714 6399999999999999
183183174158141126117115122134149161165161147126103 83 72 71 8210313015625 521G4 02918412 216599999999999999 6421151833 7099999999999999
178189190179160136114 99 94101119140161174175164143117 94 78 74 8410613525 522G4 133191133817699999999999999 754 941946 7499999999999999
164187200198182155123 93 73 69 80106137167187194183160130102 83 78 8911325 523G4 225201145319499999999999999 848 682050 7899999999999999
144175200211204179143102 67 46 44 63 98139177204212200173140109 88 83 9625 524G4 3 8211155421299999999999999 935 422146 8299999999999999
124158190213219204170124 78 40 20 24 52 95144189219226212182146113 92 9025 525G4 3482191649227999999999999991020 182237 8999999999999999
107138173204223222197155104 54 16  1 12 48 98152200229234216184148116 9825 526G4 42722517412359999999999999911 5  12323 9699999999999999
100121153187215228218185138 84 34  0 -9  9 5110516120823423521418114611625 527G4 5 52281832237999999999999991150-10999999999999999999999
104111135167199221226208171121 68 22 -7 -9 15 6011416921123222820617414125 528G4 544227192023399999999999999 0 81031235-1299999999999999
117110123148178204220218195156108 58 18 -4  0 28 7312517421022421719416425 529G4 62422220 822499999999999999 0501101321 -599999999999999
136118118133157183204213205181143 98 55 21  7 16 46 8813517720521320318125 530G4 7 5213205421399999999999999 13211614 7  799999999999999
154131120124140161182197201191167132 94 57 32 24 36 6510314417819820118925 531G4 749201214020299999999999999 2141201453 2499999999999999
169146129123128142159174185186176155126 94 65 47 44 57 8411715117719119125 6 1G4 839187222719399999999999999 3 21231540 4399999999999999
179160142129124128138150163171173165148125 99 77 64 64 7710012915617718625 6 2G4 941173231718699999999999999 4 11241632 6299999999999999
184172156140128122122128138149158162159147129109 91 81 81 9211313716017725 6 3G411 3162999999999999999999999 5251211729 7999999999999999
184181169154138124114111115125138150158159152137120104 94 9410412214416525 6 4G4 010184123815999999999999999 6561111832 9399999999999999
179185181169151132114101 9610111313014716016516114813111510410311213015125 6 5G4 1 518514 316599999999999999 8 1 96193710299999999999999
170184188182167145121 99 84 80 8810612915116917617215914012211010911913725 6 6G4 15618815 917699999999999999 849 80203710899999999999999
159178190192182161133105 80 66 66 8110513416218218918316614412411211212425 6 7G4 24019316 118999999999999999 929 64212911099999999999999
145168187197194178150117 85 60 50 57 7911014517719720119016814312211111525 6 8G4 31819816452019999999999999910 6 50221511199999999999999
131155179197203193168134 97 64 43 39 54 8312116119220920819116513811711125 6 9G4 3532031725211999999999999991042 38225511199999999999999
120141167191205204186154114 76 45 29 34 57 9313617720621720918615713011225 610G4 42720718 3217999999999999991117 28233211099999999999999
112127152180202210201174136 94 56 30 22 35 6610815319221521820317714612025 611G4 5 02101839220999999999999991152 22999999999999999999999
109116137165192209210192159117 75 40 20 21 43 8012416920321921419316413425 612G4 533212191621999999999999999 0 81091228 1899999999999999
113109123148177201212205180142100 59 30 18 27 55 9614118220921720518115125 613G4 6 8212195321799999999999999 04310813 4 1899999999999999
124109113132159186205209196166126 85 48 25 21 38 7111315619121121119516825 614G4 645210203121399999999999999 1181091340 2099999999999999
139117109119140167190204202184152113 74 43 27 31 53 8812916819720920418425 615G4 726205211020999999999999999 1571091419 2699999999999999
157131114111124145169188198193173142105 70 45 36 45 7010414217719920619625 616G4 812198215220699999999999999 23911015 0 3699999999999999
175149126112112124144165182190184165136104 74 54 50 61 8611915418320020225 617G4 9 7190223720399999999999999 3301101546 4999999999999999
190168143121109108118135155173182178163138110 84 68 66 7810213216218720025 618G41015182232620199999999999999 4331071638 6699999999999999
199185163138116102 98106122143163176177166147122100 86 84 9411414116919025 619G41137178999999999999999999999 548 981741 8399999999999999
200198183159132107 89 82 8810613015517318117616113911910410010712514917425 620G4 01920113 818199999999999999 7 2 82185410099999999999999
193202198182155124 94 72 62 69 8911914917418919017815813612011211613215525 621G4 114202143419199999999999999 8 7 6220 911299999999999999
178197205201181150113 79 52 42 50 7511014717920020519417415013012012213725 622G4 211206154720599999999999999 9 4 42211911999999999999999
160183202210203180143102 62 34 23 34 6410514918721221920718515813512312525 623G4 3 5210165021999999999999999 959 23222112299999999999999
141164189208216205177136 89 47 18  9 24 5910515419722322821418815913412225 624G4 3572161744229999999999999991052  9231512199999999999999
126144170196215220205172127 78 35  6  1 21 6011116320623023121318415312825 625G4 4472201832233999999999999991142  0999999999999999999999
118126148175202220221202165118 68 26  1  1 26 6912217421423222720517414325 626G4 534223191723399999999999999 0 31181230 -299999999999999
121116128153181207221218195156108 60 21  3  9 39 8513818621822921819215925 627G4 620222195722999999999999999 0461151314  299999999999999
130114115132158186208218210184144 98 54 23 12 26 6010615519621922120317525 628G4 7 5218203422299999999999999 1261121355 1299999999999999
144119109116136162187205210198170132 90 53 31 29 49 8512917120221520918725 629G4 74921021 921599999999999999 2 51091434 2799999999999999
158130112108119139162183197198184157122 87 58 46 52 7611115018420520819525 630G4 833199214120999999999999999 24410815 9 4699999999999999
171144121108109120139159176186184170146117 89 70 66 7810213416619120219925 7 1G4 921187221420399999999999999 3271071545 6699999999999999
182158134115107109119134152166174172160141118 98 87 8910212515217719319725 7 2G41018175224919899999999999999 4191061624 8699999999999999
18917114912811210510511312714315616416515714212611310610912114116318119125 7 3G41131166232919399999999999999 525104171210699999999999999
191181164143124108 99 9810411713314815916416015113912912312413415016718125 7 4G413 4164999999999999999999999 642 97181912399999999999999
189187177160140119102 90 87 9310712614516016917016415314213413314015316825 7 5G4 019189143617199999999999999 750 87193913399999999999999
181187185175157135112 91 77 74 8310012314716818118417716515013913514115325 7 6G4 119188154718499999999999999 846 74205313599999999999999
168182189187175154128101 77 63 62 74 9612515518019419618717015113713313925 7 7G4 220189163819799999999999999 936 61215313399999999999999
154171186194190175149118 87 62 49 51 69 9813316819520820519016714513012825 7 8G4 3141941720208999999999999991020 48224112799999999999999
138157177194201194172140104 70 46 36 44 6910514618320921720818615913512225 7 9G4 4 120117572179999999999999911 2 36232212199999999999999
124140163187204208194166128 88 53 31 27 43 7511816219922022120417614612225 710G4 4432081832223999999999999991142 26235911499999999999999
114123145173199214212191156113 71 37 20 23 48 8813518121422721919416213125 711G4 52421519 6227999999999999991219 18999999999999999999999
111109126154185209220211183143 97 55 25 15 28 6110715519822422821118014525 712G4 6 4220193922999999999999999 0351071256 1599999999999999
116101108132164195216222206172128 82 43 19 19 41 8112917621222922219816325 713G4 646222201222999999999999999 1111011331 1699999999999999
128103 96110139171201219218197160115 71 37 23 32 6210515219422122721218225 714G4 728221204622899999999999999 148 9614 6 2399999999999999
146113 94 95114143175202215210185148106 67 42 37 55 8813017220622322019825 715G4 814216211922499999999999999 228 921442 3699999999999999
165130101 89 94115144173197207199175140103 72 57 60 8111415218821221920825 716G4 9 4207215322099999999999999 311 881519 5699999999999999
183150117 94 85 93112139167188197189168139109 87 79 8710813716919621221125 717G410 2197222921399999999999999 4 1 8516 0 7999999999999999
196169138109 89 81 8710512915617618618216714612410910511313015417919820625 718G41113186231120799999999999999 5 2 81165010599999999999999
202186161132105 85 75 78 9311614216417718017315914413312913314516218119425 719G41245180999999999999999999999 616 7518 212999999999999999
200196181158130103 80 66 65 7810112815417418418517716515414514415016317725 720G4 0 5200143318699999999999999 734 64194214399999999999999
189196194182161132101 73 55 51 62 8511614817619420019518216615314514715725 721G4 12019616 120099999999999999 847 50211714599999999999999
172186197199189166134 98 65 42 35 47 7310914918420721620919117015013913925 722G4 24219917 121699999999999999 952 35222713899999999999999
151168188203208197171134 92 54 29 22 36 6811115719722122721419116313912725 723G4 3512081746227999999999999991049 21231912799999999999999
130146169194212217204172130 83 43 17 13 33 7212117121123223121118114912425 724G4 4482181825234999999999999991139 12999999999999999999999
115124146175203222224205168121 72 32 10 14 41 8613918922423722619816313025 725G4 53622619 023799999999999999 0 01151222  899999999999999
109106123151184212228224199157108 61 25 11 25 6011016220723223321317914225 726G4 619229193223699999999999999 03710513 0 1199999999999999
111 97104127160193218228217186143 95 52 25 24 47 8813818622023322119315625 727G4 65922820 023399999999999999 111 971334 2199999999999999
121 97 92107136168199218221203169126 83 50 36 46 7712016620522622520417025 728G4 737222202622899999999999999 143 9114 4 3699999999999999
134104 89 94114144174200212207185152113 78 57 56 7611115118921622321018225 729G4 814213205122399999999999999 215 881431 5499999999999999
148115 93 88 99122149176195201191168138107 83 74 8410814117520321621219225 730G4 853201211521799999999999999 248 881458 7499999999999999
162130104 90 91105126150172185187176156132110 97 9811213616419020620919725 731G4 937188214021099999999999999 325 891526 9599999999999999
174146119100 92 9610812614616417417416615113512211712213515517619320119725 8 1G4103317522 920199999999999999 410 92155911799999999999999
182160136115101 95 9710612113815316316616315514613913714115016417818919125 8 2G41158166224719199999999999999 513 95165013799999999999999
185172153133116103 95 9410011212814315616516816616215615215215616417418125 8 3G414 7168234918399999999999999 639 93184015299999999999999
182178168153135118102 90 86 9010111813715617017918117716915915315315816625 8 4G41547181999999999999999999999 8 2 86203315299999999999999
174179179171157138117 96 80 73 77 9011113716218319519618717215714614415025 8 5G4 126180163619699999999999999 910 73214714499999999999999
161173183186179163139111 84 65 58 64 8211114417620021020518916714713413325 8 6G4 25018617112109999999999999910 4 57223413299999999999999
144161180194198188166134 99 68 47 42 54 8111915919521722120818315413112025 8 7G4 3491981743222999999999999991049 42231211999999999999999
124143168192209210194163123 83 49 30 31 52 8913518021523122520116813511225 8 8G4 4362121813231999999999999991128 28234610699999999999999
107120148180208224220195155109 65 32 18 28 6010615720323223822018714811325 8 9G4 51922518422399999999999999912 4 18999999999999999999999
 94 98122158195223235222189142 92 48 20 16 38 8013118322424323520616612425 810G4 6 0235191224499999999999999 021 931239 1499999999999999
 92 81 96129170208234239218178128 78 37 18 27 5910716020823924422318614125 811G4 641240194124599999999999999 055 811312 1899999999999999
100 75 75 99138180217238235207164114 68 37 30 50 9013818722624323420416125 812G4 723239201024399999999999999 130 721345 3099999999999999
116 80 65 75105145186219233224193151106 69 50 55 8312316820823323621618025 813G4 8 7233203823899999999999999 2 6 651417 4999999999999999
137 96 69 63 79110149186213221208180142106 81 74 8811715319021822922119525 814G4 85422121 623099999999999999 245 621449 7499999999999999
158118 85 66 66 8411314717920020519316914111610310412114617520021621720325 815G4 947205213421999999999999999 329 63152310199999999999999
176142109 82 69 71 8611013916518318818216614913512913414716518419920620225 816G4105418822 820699999999999999 423 6816 212999999999999999
187164136109 88 76 74 8310112514816617617717216415715415516117118119019325 817G4124017723 019399999999999999 540 73171315499999999999999
189179162141118 96 80 72 75 8810813115317018118518317817116516316517017625 818G415 9185999999999999999999999 716 7220 316399999999999999
181184181170152129103 80 65 62 72 9211914817419320220119117616215215015525 819G4 1 0184162120399999999999999 844 61214815099999999999999
165177187191185166137104 74 53 47 57 8211615318721021821119216914813413325 820G4 25519117 021899999999999999 952 47223813299999999999999
143161181199207199175139 99 63 39 34 49 8112316820522622721118315212711525 821G4 4 22071733229999999999999991045 33231411499999999999999
119138165193215221208176133 88 49 27 28 52 9314218922423722619916412910525 822G4 45122218 2237999999999999991128 252347 9999999999999999
 99113141176208229230208169121 74 37 23 34 6811616821223723721517913810425 823G4 53223218302409999999999999912 4 23999999999999999999999
 87 92116152190222237229198154104 60 32 29 53 9514619523024122719415211225 824G4 6 9237185524199999999999999 017 861235 2799999999999999
 83 77 94127167205231236218182135 89 52 37 49 8312917821823923320616712425 825G4 644237191824099999999999999 046 7613 4 3799999999999999
 88 71 77103141181214231226201162118 78 54 55 7911816420523123521618013825 826G4 717232193923799999999999999 114 701329 5199999999999999
 98 72 68 85117155191216224210181143105 77 68 8211315319222123222019115225 827G4 751224195923299999999999999 142 671353 6899999999999999
112 81 67 74 98131165195211210192163130102 88 9211314518020822422019916625 828G4 826213201922599999999999999 210 671417 8799999999999999
128 95 75 72 8511014016919120019317515112611010711914216919521221520217625 829G4 9 4200204021699999999999999 240 71144110699999999999999
144113 89 78 82 9711914416618118517816414713212613014316218219820519918225 830G4 95018521 420599999999999999 314 7815 612599999999999999
157131107 92 87 9210412114015716817216816115214614515015917118219019118225 831G41059172213219199999999999999 358 87153814599999999999999
167148128111100 95 9710411613014415616316616616516316216216416917417717725 9 1G41331167222117899999999999999 516 95172416299999999999999
171161148134120108 99 94 9610411713214816317418018117717116315915816116525 9 2G41544181999999999999999999999 713 94203815899999999999999
169170166158144128110 94 84 82 8910512614917218919719518516915414514314925 9 3G4 043170161919799999999999999 842 82214314399999999999999
159170178180172155131104 82 67 65 75 9812816018920821220218115713712612825 9 4G4 239180164721399999999999999 941 64222012599999999999999
142161182195198185160126 92 64 48 49 6810114018021222622119916813611310725 9 5G4 3401991713227999999999999991026 47225210699999999999999
118142172200216215194158115 75 45 32 42 72115163206233237219184145109 8925 9 6G4 42621817402399999999999999911 4 322325 8799999999999999
 91114150189221236227195150101 57 29 25 47 88139191231248238205161115 8125 9 7G4 5 823618 7248999999999999991139 242358 6899999999999999
 68 83118164208240248230189138 86 44 24 32 65115169218248251226182131 8525 9 8G4 5492491835253999999999999991214 23999999999999999999999
 56 56 83128179224251251224178125 75 41 32 53 9514719923925424120315310025 9 9G4 63125519 225499999999999999 031 521247 3299999999999999
 59 41 53 90140191232253244212165114 72 50 55 8513017922224724722017512325 910G4 713253192925199999999999999 1 6 401319 4899999999999999
 74 42 36 58100150197232244230196153110 80 72 8812216320323324222819314725 911G4 756244195524399999999999999 142 351350 7199999999999999
 99 59 38 43 69110155195222227211181146115 9910212315418721523022620416825 912G4 843228202023199999999999999 219 371421 9799999999999999
126 86 56 46 55 8011515318520420619317014712912413315217519721221620518225 913G4 936207204521699999999999999 3 1 46145112499999999999999
150116 86 66 60 68 8711514416918418718016815614914915716918219319919618525 914G41047187211419999999999999999 355 60152614899999999999999
167144120 98 82 74 76 8810712915016517417717517216916816917117517818017825 915G4125817722 618099999999999999 518 7417 816899999999999999
174164151134115 97 84 78 82 9411313415517218318918818317516616015715816225 916G41527189999999999999999999999 7 8 78211115799999999999999
168173173166152131107 86 72 70 8110112715518019720420018716915113913514025 917G4 13417416 720499999999999999 839 70215613599999999999999
152168182190185168140108 80 61 58 71 9713116719721421620217915112811511625 918G4 3 9190163621799999999999999 942 58222611499999999999999
130153178199208200175139101 68 50 51 71105147187216227218193159126102 9425 919G4 4 320817 2227999999999999991027 482255 9499999999999999
105130163195218223206173130 88 56 43 53 83125171210232231209173133 98 7925 920G4 44422417272359999999999999911 4 432323 7799999999999999
 81104140179214233229203162116 74 48 46 67106153198230239223188145103 7325 921G4 5202341750239999999999999991136 442351 6499999999999999
 64 80114156198229239224190145100 64 49 60 93138184222240232202159113 7525 922G4 55423918122419999999999999912 5 49999999999999999999999
 55 61 89130176215238236212172127 87 62 62 85125171211236237214174127 8425 923G4 626240183224099999999999999 017 541231 5999999999999999
 55 49 68105150193225237225194153112 81 71 85117159199228237222187142 9725 924G4 658237185223799999999999999 043 481256 7199999999999999
 62 46 54 83124168205227227207174137104 86 9011314918721723222519715711425 925G4 731230191123299999999999999 110 461320 8599999999999999
 75 51 49 6810214218020922021218815712610510011414217520422222220317013025 926G4 8 4220193122599999999999999 136 471344 9999999999999999
 92 64 53 62 8611815418420320619417214612511512013916519020921420417914625 927G4 840207195221499999999999999 2 4 5314 811599999999999999
111 82 65 64 7810112915818019119017816114313213114115817719320219818215825 928G4 922192201420299999999999999 234 63143413099999999999999
130103 84 75 79 9111013215416917717616915915014614915716717818618718016525 929G41021177204018799999999999999 312 7515 514699999999999999
146125106 93 88 90 9811112714315616516816816616316116116216516917117116625 930G41225169212317299999999999999 414 88163616199999999999999
157145131117106 98 94 951031151311461601711771791771711631561531531551592510 1G41455179999999999999999999999 614 94202915299999999999999
161161155145131115100 89 85 891021211441651831941951861711541401331341432510 2G4 018162153619599999999999999 758 85211813299999999999999
156168175174162142118 94 76 69 75 931201521812032112051861591331151101192510 3G4 22217616 421299999999999999 9 3 69215111099999999999999
139163185197195177148113 82 60 54 66 93130170204224224205173136105 87 902510 4G4 323198163122799999999999999 951 542223 8699999999999999
111143179207221214186146104 68 46 46 67105151195228239226192148105 72 612510 5G4 4102211658239999999999999991031 432256 6199999999999999
 75110155199231241225188140 93 56 40 49 81128178221246244215169117 70 422510 6G4 45324117252499999999999999911 9 392330 3899999999999999
 42 70117171219249252227183132 84 52 45 65106157206242253235193138 83 392510 7G4 5362551753254999999999999991145 44999999999999999999999
 21 34 74129186234258253221174123 81 57 62 92138186228251247215164106 532510 8G4 619260182125399999999999999 0 5 211220 5699999999999999
 18 12 37 84142198240256244209163118 85 74 89124168209239247229188135 802510 9G4 7 3256184924899999999999999 042 101255 7499999999999999
 34 10 16 48 97152202236244227194155119 97 98120154191221237232204161111251010G4 748244191623899999999999999 119  91328 9599999999999999
 64 29 16 29 63108156198222225208180150126117125147175201219223209180141251011G4 837226194322499999999999999 159 1614 111799999999999999
 98 61 38 33 47 77115154186203204191172152139138148165183199206202187161251012G4 933205201220699999999999999 244 32143613799999999999999
130 99 72 56 53 64 86115145169184187181170160154155161169178184186181170251013G41047187204618699999999999999 340 52152415499999999999999
153132110 90 76 71 76 90110133154169177179176171167163161160161163165165251014G41246179224216699999999999999 5 3 71184616099999999999999
163156144128110 93 82 79 87102123145164178186187181172160149141139142150251015G41438187999999999999999999999 646 79205313999999999999999
159167168161146125103 85 77 81 96118144169188198196185166145127117117127251016G4 143168152319999999999999999 811 77212911699999999999999
144163179185179159132104 82 72 76 95123154183203209200178150121101 94101251017G4 3 0185155320999999999999999 911 712159 9499999999999999
122149177196202190164130 98 75 67 78103137173202217214193161125 94 76 77251018G4 349202161921899999999999999 955 672227 7499999999999999
 96127163195214213193160122 89 69 69 88120159195220225208175135 95 67 58251019G4 4292161643225999999999999991032 662255 5899999999999999
 71101141182213226217188150111 81 68 78106145185216230220191149104 67 46251020G4 5 422617 62309999999999999911 4 682322 4599999999999999
 49 75115161202228231212177137100 77 76 96132172208229228204164117 74 43251021G4 5382331728232999999999999991133 732349 3599999999999999
 35 52 89135182218235227200162123 92 80 91121159197224231215179133 87 49251022G4 61123517492329999999999999912 1 80999999999999999999999
 30 36 65108156199227233216184146112 91 92113147184215229221193150103 61251023G4 643234181023099999999999999 016 291228 8999999999999999
 34 29 47 84129175210228223200167132106 98110137171202222222202165122 79251024G4 716228183222599999999999999 043 281255 9899999999999999
 46 31 38 65104147187213219207182152124108111130159188210217206178139 99251025G4 750220185521799999999999999 110 30132210799999999999999
 64 42 38 54 85122160190206205190166141123118128149174195206203185154119251026G4 826208191920799999999999999 139 37135011899999999999999
 85 59 48 53 72101133164186195190176157139129131143161179192195185164137251027G4 9 8195194619599999999999999 211 47142112999999999999999
107 81 64 60 68 86111137161177182178168155144140143152164174180179168151251028G410 3182202018199999999999999 250 6015 414099999999999999
129106 87 75 73 79 93113134153167174174169161154149149151156161165164158251029G41127175212216599999999999999 346 73164114999999999999999
147131115 99 87 82 84 93108127146162173178177171162152144140140144150156251030G41316178235115899999999999999 516 82192713999999999999999
158154144129112 96 85 81 87101121144165182190189179163144128118118127141251031G41424191999999999999999999999 655 81203011799999999999999
157167170163146123100 82 74 79 95121150177197205199180152124102 91 961142511 1G4 14817115 420599999999999999 810 742111 9199999999999999
140166186193184161130100 77 67 74 96128164195215218201169131 95 70 63 782511 2G4 257193153821999999999999999 9 7 672148 6399999999999999
108147183208215201171133 97 71 63 75105144184216230222192149101 61 38 402511 3G4 350216161023199999999999999 954 632225 3699999999999999
 67110159202230233212175132 93 69 66 86123166206233238216174121 68 29 122511 4G4 4382351641239999999999999991038 6423 3 1299999999999999
 26 64118173220245243216174129 92 72 77104145189225243235200149 91 38  42511 5G4 5252481713243999999999999991119 712342 -499999999999999
 -3 22 69128187232252243212169126 94 82 95128169208236242222178122 65 172511 6G4 6112521745243999999999999991158 82999999999999999999999
-10 -6 27 79139195235248235202162124100 97117150188219236231202155100 472511 7G4 658248181723799999999999999 023-121237 9599999999999999
  7 -9  3 40 91148198229236220190155125110115137168198220227213181135 862511 8G4 746237185122799999999999999 1 5-10131510999999999999999
 41 10  2 19 551031521942172192041781501291221321521771982112101931621232511 9G4 836221192621399999999999999 149  2135412299999999999999
 81 45 24 21 39 71111152185202202189169149136134143159175189195190175149251110G4 93120420 719599999999999999 237 20143913399999999999999
118 86 59 43 43 57 84116149174188189179165152143141146155164172175172162251111G4103419021 617599999999999999 332 41154314199999999999999
144122 98 77 64 62 72 92118144166178181176167156147141139141146152157160251112G4114918123 216099999999999999 439 61175713999999999999999
157147132113 95 81 76 82 97119142162176181179170158144132124122126134145251113G41310182999999999999999999999 558 76195312299999999999999
155160157146128109 93 85 88101121144165181187184172154134115103101108123251114G4 1 9160141018799999999999999 716 84204510099999999999999
142159170170159140117 99 89 91105127152175190195187168142115 93 81 83 97251115G4 231171145219599999999999999 820 882122 8099999999999999
121147170184183169146120 99 90 94112137165188201200184156122 91 68 61 71251116G4 327185152520399999999999999 911 892155 6199999999999999
 95127160186198193173146118 97 91100123152181202209198171135 97 65 47 49251117G4 411199155420999999999999999 954 912226 4599999999999999
 69102141178203210198172141112 95 94111138170197212209187151109 70 42 32251118G4 4502101621213999999999999991031 922256 3299999999999999
 45 75117160196216215196165132106 94102125157188210216201168126 82 45 25251119G4 52621816472169999999999999911 6 942325 2399999999999999
 27 50 89136180211223213187154122101 98114143176203217211184144 99 57 27251120G4 6 12231713217999999999999991138 972355 1799999999999999
 17 30 63108155196220222204174141113100107130161192212215197163119 74 38251121G4 63522417392169999999999999912 9100999999999999999999999
 17 19 42 81128173206220213190159128107104120147177202213205178139 95 55251122G4 7 922018 621399999999999999 025 15123910399999999999999
 27 17 29 59101145184209213200174145119107113134162188205206189157117 77251123G4 744214183520899999999999999 056 17131010799999999999999
 44 24 25 44 78118158190205202185160134116113124147171191200193171138100251124G4 82120619 620099999999999999 129 22134311299999999999999
 66 40 30 38 61 95132166189197190172150129118121134154173186189178154123251125G4 9 1197194118999999999999999 2 4 30142011899999999999999
 91 62 44 41 52 76107140168185189181164146130123127138154168176176164143251126G4 948189202717799999999999999 243 4015 912399999999999999
116 89 66 53 53 66 88115144167181184176162146133126127134145156163164156251127G41044184213616599999999999999 331 52162212699999999999999
140118 96 76 65 65 75 95119145167180184177164148133122118121129141152158251128G41149184231815899999999999999 432 6418 611899999999999999
156146129109 90 77 74 81 98122147169184188182167147126109100100110127145251129G41255188999999999999999999999 548 741928 9899999999999999
159165160145125104 88 81 85101125152176191196187167139111 87 74 75 91116251130G4 1 4165135119699999999999999 7 7 812025 7399999999999999
143166179179164141116 96 85 88105131160186202204190161124 88 59 46 52 752512 1G4 227181143820599999999999999 817 852112 4599999999999999
110148179198199182155125101 89 92112141172198213210187148103 61 30 19 322512 2G4 332201152021499999999999999 917 882157 1999999999999999
 65110156194216215195164131104 92 98121153185211221210178131 80 35  5 -12512 3G4 42921816 1221999999999999991011 922242 -299999999999999
 20 62114166208229225202168133106 96106133166199221225205165113 58 13-132512 4G4 52123016412269999999999999911 0 962328-1799999999999999
-12 16 64121177218236228202166131107101116145179209226222195150 95 41 -12512 5G4 6112361721227999999999999991146100999999999999999999999
-22-14 20 72131185222235223195159127107107126156188214224214182135 81 312512 6G4 65923518 222499999999999999 013-23122910599999999999999
 -7-20 -6 32 84140190220227212183150122109114136164192212216201168122 722512 7G4 746228184521799999999999999 059-20131210899999999999999
 27 -3 -9 10 48 981491912142151981701401181111211421671902042031861541122512 8G4 832217192920699999999999999 145-10135411199999999999999
 69 31  9  9 31 681131571902052011831571331171141251431641811901871711422512 9G4 917206201719199999999999999 230  7144011499999999999999
107 71 42 28 32 54 88127162186195188170148128116116125139154167174171157251210G410 1195211417499999999999999 316 27153311599999999999999
134106 78 57 49 56 76106138165183186178161142126116114119128140151158158251211G41047187222815999999999999999 4 2 49164511499999999999999
149132111 90 75 71 78 95120146167179180172157139123112106107114125137147251212G41136181999999999999999999999 454 71182110699999999999999
151147137121105 93 89 95109130152169178178169154136118103 93 92 98111127251213G4 0 4151123017999999999999999 556 891941 9199999999999999
141151153146134120108102106119137156171179179169151130107 88 76 75 85102251214G4 143153132618099999999999999 7 71022036 7499999999999999
123144158164159147131117110112124142160175183181167146119 92 70 59 61 76251215G4 3 1164141718399999999999999 8161102120 5899999999999999
100128153172178171156137121112115128147167182188182163135102 72 50 42 51251216G4 35817815 118899999999999999 9151122159 4299999999999999
 73104139168187190180160137119111116133154175189192179153119 82 51 32 31251217G4 44319115401929999999999999910 51112235 2999999999999999
 47 77116154185200198182157131113109119139164185196192172139 99 61 32 19251218G4 52320216151979999999999999910471082310 1999999999999999
 25 50 88132172199209199176148121107108124150176195201188160120 78 41 17251219G4 55820916492019999999999999911251052344 1199999999999999
 11 27 60104150188209210193165134111102111134162188202200179143100 58 24251220G4 6332121723204999999999999991159102999999999999999999999
  7 11 36 76123167200212205181150121102101118145174197205194165124 80 40251221G4 7 6212175620599999999999999 018  61232 9999999999999999
 13  4 18 51 95142182206209194166134109 98105128157184201201182148105 63251222G4 739211183120399999999999999 052  413 5 9899999999999999
 27  8 10 32 70115159192207202180150121101 98112138166188199192168131 89251223G4 81320719 819999999999999999 125  61340 9799999999999999
 50 21 11 22 51 91134173197203191166136111 97101119144169187192180153116251224G4 848204194919299999999999999 159 111418 9799999999999999
 77 44 23 22 40 72111151182198197180153126105 97104122145166180181167141251225G4 924200203618399999999999999 234 2015 1 9799999999999999
107 73 46 33 39 60 92129163187196189169143118100 95102119139158170171158251226G410 3196213317299999999999999 312 331554 9599999999999999
134105 77 57 50 59 80110142170188192182161136112 96 90 95108127146159163251227G41045192224616399999999999999 356 5017 2 9099999999999999
154136112 90 74 70 79 98124151174187188177156131106 88 79 80 92112133150251228G41133189999999999999999999999 449 701822 7899999999999999
159157145127109 95 90 96111133156176187186175153126 98 76 62 61 73 95121251229G4 019159122918899999999999999 559 901936 6099999999999999
144161166161147130115106107119137159177188188176152121 88 59 41 39 52 79251230G4 159166133218999999999999999 7251062039 3899999999999999
111142167180180168150132119115123140160178190191177149113 74 41 20 17 34251231G4 327182143419299999999999999 8491152137 1699999999999999
