 -4 -7 12 48 92139180203205189160127102 94105130160186202201179140 93 4725 1 1G5 735207182620499999999999999 038 -91254 9399999999999999
  9-10 -4 23 63110156192208201177144112 91 91109138168192205197170127 7925 1 2G5 811208191020599999999999999 116-111332 8899999999999999
 34  3 -7  7 40 83129171199206192163129 99 85 9111414317119320118915711425 1 3G5 847207195520199999999999999 154 -71411 8499999999999999
 68 29  6  5 26 62104147183202199179147114 89 81 9211514316918819217714525 1 4G5 923203204419399999999999999 231  21454 8199999999999999
104 64 32 18 26 51 86125162189199189164132102 82 78 9011213816217818016525 1 5G5 959199213718199999999999999 3 9 181542 7799999999999999
136101 68 45 40 51 76108142171190191177150120 93 76 74 8410312714916516725 1 6G51036193224016899999999999999 349 391640 7399999999999999
155132105 80 66 65 77 99126153175186183166140112 87 71 67 74 9011213515125 1 7G51116187235815699999999999999 434 641753 6799999999999999
156150135116100 90 90 99116138159174181175159135108 83 64 56 59 74 9611925 1 8G512 3181999999999999999999999 532 891913 5699999999999999
138150152145134122113110114126143159171176172157134106 78 55 42 43 57 8025 1 9G5 14215213 417699999999999999 6561102027 4199999999999999
106131150160160153141130122122129142157169175173159135104 71 44 27 26 4125 110G5 330161141717699999999999999 8331212132 2599999999999999
 66 97130157173176169155138125121127139155170179178164136100 63 30 12 1125 111G5 447177152718099999999999999 9541212231  999999999999999
 28 59 96135168187190179159137120115122137156175187186168135 94 51 16 -225 112G5 54019116261889999999999999910561152322 -499999999999999
  0 23 59103147182199197180154128110107118138162183195191168130 84 38  325 113G5 6232011717196999999999999991143106999999999999999999999
-12 -3 26 68117163195206197173142114 98100118143170192202192162119 70 2425 114G5 7 120618 220299999999999999 0 8-121222 9799999999999999
 -7-15  2 38 85136179204206188157124 98 88 99122151179199203186151104 5425 115G5 735208184320499999999999999 048-151257 8899999999999999
 13-10 -7 19 60109157193207198172137104 84 84102129159185200197173134 8725 116G5 8 6207192120199999999999999 123-121331 8299999999999999
 41  8 -3 11 44 87134175200202183151116 88 77 8510813716518719518415611525 117G5 835204195819599999999999999 155 -314 3 7799999999999999
 71 33 13 15 37 74116157188200190164130 98 78 76 9011414116618218316713625 118G5 9 2200203418599999999999999 225 111436 7499999999999999
 98 61 35 28 40 68104142174192191173143111 86 74 79 9511814216217216814925 119G5 927194211317299999999999999 252 281512 7499999999999999
120 88 61 48 51 69 97129160182188178155126 98 80 75 82 9811813815315915225 120G5 953188215615999999999999999 319 471552 7599999999999999
134110 87 71 67 76 95120147169181178163139114 92 79 77 83 9611313014214525 121G51020181225214599999999999999 348 671644 7699999999999999
139126110 96 88 90 99115135155170174167151129107 90 79 76 80 9010411913025 122G51053174999999999999999999999 422 881758 7699999999999999
135134127119111108109116127142156165166158143125106 89 77 71 72 80 9310825 123G5 016135113516699999999999999 5161081924 7099999999999999
121131136137133129124122124131142152159160155142125106 87 70 60 59 67 8125 124G5 234137124016199999999999999 7 71222038 5899999999999999
 99118135146151150143134126124129138148157161157146127104 80 58 45 44 5325 125G5 41715114 416199999999999999 8501242139 4399999999999999
 71 95121145161167163152136124119123134148161168165152128 98 68 42 27 2725 126G5 5 616715171689999999999999910 11192231 2599999999999999
 41 66 97131160178181171152130114110117133153170179175156125 88 51 23  925 127G5 54318216141809999999999999910521102315  899999999999999
 13 34 67107147179193190171145118101101115138163183192184157118 73 32  325 128G5 61719417 3192999999999999991133 992356 -799999999999999
 -7  6 36 77124167196203190163130101 88 94116146176198204188153106 56 1325 129G5 6502041748204999999999999991210 87999999999999999999999
-12-14  8 47 95146188209206183148110 83 76 92122156188209210186143 91 4025 130G5 722211183121399999999999999 033-161246 7699999999999999
 -1-18 -9 23 68120169204214199167126 88 67 70 94129166198215208177129 7625 131G5 753214191421699999999999999 1 8-191323 6599999999999999
 27 -5-11  9 48 96146189213210184145102 69 56 68 9813517320221319916311525 2 1G5 823215195821399999999999999 143-121359 5699999999999999
 65 24  3 10 38 79125170202212197163121 81 55 52 7110213917419820318514825 2 2G5 852212204220499999999999999 216  21438 5099999999999999
103 61 32 25 41 72111151186205201177141100 67 49 53 7410413716818718716725 2 3G5 921206213019099999999999999 248 251519 4899999999999999
135 99 69 53 56 76105138169192198185157121 87 61 51 56 7510113015617016825 2 4G5 949198222417199999999999999 320 5216 7 5099999999999999
152128103 86 81 89107131155176187184167141111 83 63 55 59 72 9411813915125 2 5G51019188233515399999999999999 352 811711 5599999999999999
152144130117110110117130145161172176170155134110 87 69 58 57 65 8110112025 2 6G51053176999999999999999999999 4311091840 5699999999999999
135142144141137134133134140148156162164161151136117 95 74 58 50 53 65 8425 2 7G5 146144115316499999999999999 6 21332014 4999999999999999
105125142153158158153145139137140145151157160157146127102 75 52 38 37 4825 2 8G5 42315914 516099999999999999 8541372133 3699999999999999
 69 96125151169176172161146133126127134145158167169159136104 69 40 22 2125 2 9G5 5 917615401709999999999999910211252234 2099999999999999
 36 63 97135166186189178158135117110114128146166181183168138 98 57 24  725 210G5 54219016381849999999999999911 61102320  699999999999999
 10 32 67109152185199194173145116 98 95107129155180195193170132 86 41  825 211G5 6122001723197999999999999991141 942359 -399999999999999
 -3  8 39 82130174201205188158124 94 80 86107137168195206195163118 68 2425 212G5 64120618 2206999999999999991212 80999999999999999999999
 -2 -4 19 58106155193209201173136 99 74 69 85115149182205208187148 99 5025 213G5 7 8209183721099999999999999 033 -61242 6899999999999999
 12 -3  9 42 86136180206208186150110 76 60 67 92127163193209201172128 7925 214G5 733210191120999999999999999 1 3 -31311 5999999999999999
 36 10 10 34 73119165198209196164123 84 59 55 7310414017419820318615110725 215G5 756209194420499999999999999 130  71339 5499999999999999
 63 31 21 35 66108151187205200175137 97 65 51 59 8411615118019519116713025 216G5 818206201719699999999999999 154 2014 7 5199999999999999
 90 56 38 43 66101139175198201183150112 77 55 53 69 9612715717918517314725 217G5 838202205018599999999999999 218 371436 5299999999999999
114 82 60 57 72 98131163187196186161126 92 66 55 61 8010513315717117015525 218G5 859196212717399999999999999 241 5615 7 5599999999999999
131105 84 76 82100125152175188185167139108 81 65 62 71 8811013215015915525 219G5 920189221015999999999999999 3 4 761543 6199999999999999
142124107 97 97107124143162176179169149124 99 80 70 70 77 9110812513914525 220G5 944179231314599999999999999 329 961633 6999999999999999
143135126118116119126138150162168166155138118100 86 77 74 77 86 9911312525 221G51015168999999999999999999999 35811618 0 7499999999999999
133137138137136135135137141148154157155148136122107 92 80 71 69 74 84 9825 222G5 14913811 615799999999999999 5331351950 6999999999999999
113128140149154153149142137136139144149151150144132115 95 76 61 54 56 6825 223G5 424154131115299999999999999 8431362113 5399999999999999
 86108132153167172166154139127123127136147157162158144121 92 65 43 34 3825 224G5 45717215 616299999999999999 9591232212 3399999999999999
 54 80112145172186185170148126111108117134154171180174153121 83 48 22 1425 225G5 52518716 91809999999999999910431072258 1499999999999999
 23 49 85127166193201190164133105 90 94112139167190199188157114 68 28  325 226G5 5532011658199999999999999991119 892337 -299999999999999
  0 20 55101149190211208184148109 80 70 84113149184210215194154103 52 1125 227G5 6212131742216999999999999991154 70999999999999999999999
 -9 -1 29 74126176211221203167122 80 55 56 81119162201225222193145 90 3825 228G5 649221182522799999999999999 013 -91228 5299999999999999
  2 -6 13 53103156201224218187142 93 53 37 49 84128175213231220183132 7725 3 1G5 71722619 823299999999999999 047 -713 3 3799999999999999
 31  7 11 41 85135184218225204163113 64 32 28 51 9113818321822720916911925 3 2G5 745226195022899999999999999 120  51338 2699999999999999
 71 36 26 43 78121166203221213181135 85 44 24 30 5910014418621221419115325 3 3G5 811222203421699999999999999 151 251415 2399999999999999
110 73 53 56 80115152187210212192155110 67 36 27 40 6910614617919719417225 3 4G5 837214212019899999999999999 221 521453 2799999999999999
141109 86 80 92116144172194203194168132 93 61 41 38 52 7710814016517717225 3 5G5 9 1203221217799999999999999 250 801538 3799999999999999
156135117108110123142162179189187173149119 90 67 54 52 62 8010312814615625 3 6G5 923190232815799999999999999 3171071638 5299999999999999
156149140133132136144155165172174169156139119 99 82 69 63 65 76 9311112825 3 7G5 946174999999999999999999999 3431321815 6399999999999999
140148151152152152151151153155157157154150141129114 97 79 66 61 66 78 9525 3 8G5 327152102815799999999999999 63115120 2 6199999999999999
115134151163169168162153144139137139144149154154146130107 82 61 50 52 6425 3 9G5 424169143015599999999999999 9531372123 4999999999999999
 85111139164179183176160142127118119126140155168171161139108 75 49 36 3925 310G5 44918315481729999999999999910271182219 3699999999999999
 57 85120155182194190172147121103 98105122145169186187170138100 62 34 2525 311G5 5141951635188999999999999991054 9823 0 2599999999999999
 34 60 96138176199202186158124 96 81 83101128159187201195169129 85 46 2225 312G5 5382041713202999999999999991121 802334 1899999999999999
 21 40 75118163197210200172134 97 71 64 78106141177204211194159113 67 3225 313G5 6 32101748211999999999999991149 64999999999999999999999
 18 28 58100147188211210186148105 70 52 57 82118158194214211184142 95 5225 314G5 626214182121699999999999999 0 4 181216 5199999999999999
 27 26 49 87132176207215198162118 76 47 42 60 94136176207217202167123 7825 315G5 648216185321799999999999999 031 231242 4199999999999999
 44 32 46 79120164199215206176133 88 52 35 44 7311215419121221018614810525 316G5 7 9216192521499999999999999 057 3213 9 3599999999999999
 67 47 50 75112153189211211187148103 62 37 35 55 9013016919920919716712925 317G5 728214195720999999999999999 120 451335 3399999999999999
 92 66 60 77108144179204210194161119 78 47 35 45 7210714517819819817914925 318G5 748211202920199999999999999 144 6014 1 3599999999999999
116 88 76 83106137168193205197171135 95 62 43 43 61 8912215417918918216225 319G5 8 720521 418999999999999999 2 8 761429 4199999999999999
136111 95 94108132158181195195177148113 81 58 50 57 7610213015517217616625 320G5 828197214517699999999999999 232 9215 0 5099999999999999
149130115110116131150168182186178157129101 78 64 62 70 8610712914815916125 321G5 851187224116199999999999999 2581101541 6199999999999999
155145134128128135145157168174172161143121101 84 75 72 77 8710211913414525 322G5 919174999999999999999999999 3291281650 7299999999999999
150151149147145144145148153158160158151139125110 96 85 77 75 79 9010512025 323G5 04515110 416199999999999999 5 11441850 7499999999999999
135148158163163159152145140140143148151151147138125107 89 73 64 64 73 9025 324G5 335164123615199999999999999 8301402029 6299999999999999
111134156173180177165148132123122129140152162165158140114 86 61 47 46 5925 325G5 412180145016599999999999999 9361212134 4599999999999999
 82112145174192195183159132110 99103118140163181187176150114 77 46 30 3225 326G5 4401961553187999999999999991015 992223 2899999999999999
 52 85124164196210202177142107 81 74 87114148181204209190154109 65 31 1825 327G5 5 82101642210999999999999991050 7423 4 1899999999999999
 28 58100146190217220198160115 75 51 53 78117161201225224196151100 54 2325 328G5 5362221727228999999999999991125 492341 1699999999999999
 17 38 77125174214231218182133 82 42 27 41 78126176219239230194145 92 4825 329G5 6 423118112409999999999999912 1 27999999999999999999999
 25 31 62106155201230231204157102 50 17 13 39 84137190229243225186136 8725 330G5 632235185524399999999999999 017 241237 1199999999999999
 51 40 58 94139184220234219180127 72 26  4 12 47 9514919823123521317312825 331G5 7 0234193923799999999999999 051 401313  399999999999999
 87 64 67 92129168204226225198153100 50 15  5 23 5910615619822221919616125 4 1G5 727229202422499999999999999 124 621351  599999999999999
124 96 86 98125157188212219206173128 82 42 19 18 39 7411515719020519917925 4 2G5 753219211220599999999999999 155 861430 1599999999999999
152126111113128151175195206202182150112 75 47 34 38 56 8511915217618518125 4 3G5 81720722 918599999999999999 2261101516 3399999999999999
166149136131136149165179189190181162136108 81 62 54 56 69 9011614115916825 4 4G5 839191232916999999999999999 2571311617 5399999999999999
168162154149148151157164170173170163150133115 97 82 71 69 75 8910812814525 4 5G5 9 3173999999999999999999999 3431481749 6999999999999999
157164166165162158154152152152153153152149142130115 97 82 73 73 82 9811825 4 6G5 2 1166104715399999999999999 7421521929 7299999999999999
138157170176176169157145136131132136144152158157147128106 84 70 66 74 9225 4 7G5 324177142215899999999999999 9251312046 6699999999999999
116142166183188182166145126113109114127144162173173159134105 78 61 59 7025 4 8G5 357188152917599999999999999 9541092141 5899999999999999
 93123155182196195178152124101 88 90105127154177190185164132 97 68 53 5625 4 9G5 4241981614190999999999999991021 882222 5299999999999999
 74104140175199205192165130 97 74 69 80105137170195203190160122 85 58 4925 410G5 4492061652203999999999999991049 682256 4999999999999999
 61 88124163195211205179142102 69 53 57 80115154189210209186150110 74 5325 411G5 5132121727212999999999999991116 522326 5199999999999999
 55 76110150188212214193157113 72 45 39 57 90132174206219207176136 96 6625 412G5 53621618 0219999999999999991143 382355 5699999999999999
 56 69100138177208219206172128 82 46 29 37 66107152193218219198162122 8625 413G5 5572191833222999999999999991210 29999999999999999999999
 66 69 93128167200219214187145 98 55 28 25 46 8312817320722221218414710925 414G5 61922019 522299999999999999 022 641237 2399999999999999
 81 74 89120156191214218199161116 71 36 22 33 6310414918921421719916813225 415G5 640220193821899999999999999 048 7313 3 2299999999999999
101 85 90114146179206217206176134 90 51 29 28 49 8412416519721220618315325 416G5 7 2217201221299999999999999 115 841331 2599999999999999
122101 97111138167194209208187151110 71 43 33 42 6810214017419620219116825 417G5 725211204820299999999999999 142 9614 0 3399999999999999
142120109114132156180198203191165129 93 63 45 44 59 8511614717418818917725 418G5 750203213119099999999999999 2111081433 4399999999999999
158139125122131148166183192189173147116 87 65 55 58 73 9512114616617717625 419G5 817192222917899999999999999 2441221516 5599999999999999
168156143136136143154166176179173158137113 91 75 68 69 79 9611713815516625 420G5 853179999999999999999999999 3301351620 6799999999999999
170167161154147144145150156162165162153139121103 88 77 73 77 9010812814725 421G5 0 217010 016599999999999999 5181441759 7399999999999999
162172175172164153142136135139146154158158151137119 98 81 70 69 79 9812125 422G5 159175122615999999999999999 7401341934 6899999999999999
145167183188183168148129115112119133149164172170156132105 79 63 59 70 9325 423G5 3 0188142017399999999999999 8481122044 5999999999999999
122153181199201188162132104 87 86101125153178193192174142106 75 55 52 6825 424G5 339203152719599999999999999 933 852139 5199999999999999
 97133170200215209183145105 73 57 63 88124163197215211186147105 70 50 5225 425G5 4122161620217999999999999991013 562225 4899999999999999
 75111152191219225206167120 74 40 30 47 83129177215233223191148104 68 5325 426G5 44422617 9233999999999999991052 3023 7 5399999999999999
 62 92133176213233226193144 90 42 13 12 40 85139191230243227191146102 7225 427G5 5162341756243999999999999991131  92347 6499999999999999
 64 82117158198228236216172118 62 17 -4  6 42 9415020223624322218514210425 428G5 5472371843244999999999999991211 -4999999999999999999999
 81 83108144182215234229197149 93 41  3 -7 12 5310516020723423421217713925 429G5 618235193023899999999999999 025 791250 -799999999999999
108 96107134167199223229213176127 75 30  3  2 26 6711616620522422019916825 430G5 649230201822699999999999999 1 1 961331 -199999999999999
137117114130155183206219215193155110 66 31 14 20 45 8212516719821020418525 5 1G5 71922021 921099999999999999 1371131415 1499999999999999
161139128132147168188202206197173140103 68 43 33 41 63 9513016318619519025 5 2G5 75020622 619599999999999999 21512815 3 3399999999999999
175158144139144156170182189188178159133104 78 60 54 59 7710213115717518325 5 3G5 826190231318399999999999999 25913916 2 5499999999999999
181171160151147148154161168171171164152134113 94 78 71 73 8510512915116825 5 4G5 922172999999999999999999999 4121461717 7099999999999999
177178173164154147142142145149154157158153142126108 92 82 80 8910612714925 5 5G5 036179113515899999999999999 6361421838 7999999999999999
167179182177166152138128123125131141152159161154139119100 86 82 9010612925 5 6G5 152182134116199999999999999 8141231950 8299999999999999
152173186188180163142122107102106119136154168173166148124101 86 82 9111125 5 7G5 244189145417399999999999999 9 21022047 8299999999999999
136162184195193177152124 99 84 82 93114139164182186174151124 99 83 82 9625 5 8G5 320196154518699999999999999 938 812134 8199999999999999
120149177197203192166133100 74 63 68 89118151180197196178150119 94 82 8725 5 9G5 3512031627198999999999999991010 632213 8199999999999999
107135167193208204182147108 73 51 48 63 93130168197208200176144112 89 8425 510G5 41820917 4209999999999999991040 472248 8399999999999999
 96123155186208213197164122 81 49 34 42 68106148187211215199169135105 8825 511G5 4442141740216999999999999991110 342321 8799999999999999
 91112143176204217209181140 96 56 30 27 45 80124168203220215192159125 9925 512G5 5 92171815221999999999999991139 252352 9199999999999999
 91104131164195216217197160115 71 36 21 29 57 9814418621522220918114711625 513G5 53521918492239999999999999912 9 20999999999999999999999
 98100121152183209219209178136 91 51 25 21 40 7511816320021921719816813625 514G5 6 1219192522199999999999999 023 961239 2099999999999999
110102114139170198215214194157113 71 38 23 30 57 9413717720621620718515525 515G5 62921720 121699999999999999 0541021311 2399999999999999
128111112130156184205213202175136 95 59 35 30 45 7411215018420520819517225 516G5 658213204120999999999999999 1271091344 2999999999999999
146125117124144168190203203187157120 84 55 40 42 60 9012415718419919818425 517G5 730205212620099999999999999 2 11161422 3899999999999999
164142128125135153172188195190172144112 81 59 49 55 7310013015918119119025 518G5 8 8195222119299999999999999 24212415 8 4999999999999999
178160144133132139153167179184178163139111 86 68 60 65 8110413115617618625 519G5 9 0184232718799999999999999 33813116 6 6099999999999999
186176162147136132135144155166172171160142120 97 79 70 72 8410513015417525 520G51021173999999999999999999999 5 41311721 6999999999999999
186188180165148132122120126138153165170167154134111 90 77 75 8510413015625 521G5 03918912 917099999999999999 6431201842 7599999999999999
178192195185166142119103 97104121142163177180171150124100 82 77 8510613425 522G5 142195134718199999999999999 756 971954 7799999999999999
163187202203188160128 97 76 71 82106137167189198189166136107 86 79 8911225 523G5 23320415 119899999999999999 850 702055 7999999999999999
143174200213208184148107 71 48 45 64 97137175204215205178145113 90 84 9725 524G5 31521416 121599999999999999 937 442149 8499999999999999
124157189213222208175129 83 44 22 26 52 94141185218228215186150117 95 9225 525G5 3542221655228999999999999991022 202238 9199999999999999
109139173204224225202160109 59 21  4 14 48 9614819622823521918815212010125 526G5 43222817472369999999999999911 7  42324 9999999999999999
103124156189216230222190143 90 41  6 -5 13 5210315620323223521718615112125 527G5 5102301838237999999999999991152 -5999999999999999999999
108116140171201223229213176127 75 29  0 -3 20 6111216520723123021017914725 528G5 548230192723399999999999999 0 71081236 -599999999999999
123116129154183208223222200162114 66 25  4  7 34 7512317120822422019917025 529G5 626225201622599999999999999 0491161322  299999999999999
142125125140164189208217210186149105 62 30 16 24 51 9013417520421520818725 530G5 7 721721 421599999999999999 13112314 7 1699999999999999
161139128132147168188201206196172139100 65 40 33 44 7010514317719920519525 531G5 750206215120599999999999999 2141271453 3399999999999999
176154136130135149165180190191182161133101 73 55 52 64 8811815017719419625 6 1G5 840192223919799999999999999 3 21301542 5199999999999999
185168149135130134144156167176177170154131106 85 72 70 8110212815517718925 6 2G5 944178233019199999999999999 4 21301636 6999999999999999
189179163146133126127133142153162166163152135115 98 87 86 9511313616017825 6 3G511 8166999999999999999999999 5251261737 8599999999999999
187186176160142127117114118127140152161163156143126110 99 9710512114316425 6 4G5 023188124416399999999999999 6561141843 9699999999999999
180188186174156135116102 9710211413114816216816515313611910710411112814925 6 5G5 11718914 916899999999999999 8 2 97194710499999999999999
170185192187171148123100 84 80 8810512815116917817516214312411110811713525 6 6G5 2 5192151417899999999999999 850 80204410799999999999999
157178192196186164136105 80 66 65 7910313216118219018516814612511111112325 6 7G5 24719616 519099999999999999 930 64213310999999999999999
143167187199198181152118 85 60 49 56 7710814317519620119117014412211111425 6 8G5 32420116482019999999999999910 7 49221711099999999999999
130154179198205196171136 98 64 42 39 53 8212015819120820819216613911711025 6 9G5 3582051728210999999999999991042 38225611099999999999999
119140167192207208190157117 77 46 30 34 57 9313517520521620918815913111325 610G5 43121018 6216999999999999991117 29233311099999999999999
112127153181203213205178140 98 59 32 24 37 6710815219021421920517914912325 611G5 5 42131843220999999999999991152 24999999999999999999999
110117138166193212214197164122 80 44 23 25 46 8212516820221921619716813825 612G5 538215192122099999999999999 0 91101227 2199999999999999
116112125151179203215210186148105 64 34 22 32 60 9814118120921820918615625 613G5 613216195921899999999999999 04411113 3 2299999999999999
129113116135162188208213201172133 91 54 30 27 44 7511415519021121319917425 614G5 651213203821599999999999999 1201121340 2699999999999999
145122114123144170192207207190159120 81 50 34 37 59 9212916619520920618925 615G5 732209211921099999999999999 1591141419 3399999999999999
163137119116128149171190201198179148112 77 52 43 51 7510614117319720619925 616G5 81920222 220699999999999999 24211515 1 4399999999999999
179154131117116128146166183192189171143111 81 61 56 67 8911915017919720225 617G5 915193224820299999999999999 3331151549 5699999999999999
192172148126113112121137156173183182168144117 92 75 72 8210312915818219725 618G51024185233820099999999999999 4371111644 7299999999999999
199188167142120105101107122142162176180171152129107 92 88 9611313816418625 619G51147180999999999999999999999 5531011751 8899999999999999
198198186163136111 92 84 8810512815317218217916514512410810210712214516925 620G5 031200131718399999999999999 7 8 8319 610299999999999999
189201200185159128 97 74 63 68 8711514617218919218116214112211311513015125 621G5 126202144219299999999999999 812 63201911299999999999999
175194205202184154118 82 55 42 49 7210614217619820519617715313212012113525 622G5 221206155520599999999999999 9 9 42212511999999999999999
157180200210205183148106 66 36 24 34 6210114318220921820818716113712312525 623G5 31321116572189999999999999910 3 24222412299999999999999
140163187207216207180140 94 52 21 11 24 5710014819021922621519116213612325 624G5 4 42161751226999999999999991055 11231712299999999999999
127145169194214220207176132 84 40 10  4 22 5910615619922623021518815713125 625G5 4522201841231999999999999991145  3999999999999999999999
121128150176201219222205169123 74 31  5  4 27 6711616720722922820817814725 626G5 540223192623199999999999999 0 41211232  299999999999999
124119131155182206221219198160114 66 27  7 13 41 8313117821322722019616525 627G5 62622320 822899999999999999 0471181317  699999999999999
135117118135160186208218213188149104 60 28 17 29 6010214818921622120718025 628G5 711219204622299999999999999 1281151358 1799999999999999
149124113119138163186205211201175138 96 59 36 34 52 8412416419721421119225 629G5 756211212221599999999999999 2 71121436 3299999999999999
164136116111121140162183197200188162128 92 64 51 56 7710814417720120819925 630G5 842200215620899999999999999 2481111513 5199999999999999
177150125111111121138157175186186174150122 95 76 71 8010112916018520020025 7 1G5 932188223020299999999999999 3321091550 7199999999999999
186164139119109109118132149164174174163145123104 92 9210312214617018819625 7 2G5102917523 619699999999999999 4271081631 9199999999999999
19117615413211510610511112313915416316515914613011711011112013615617518825 7 3G51143165234819199999999999999 537104172411099999999999999
191184168148127110100 9610111312914515716316115414313212612513114516117625 7 4G51317163999999999999999999999 655 96183812499999999999999
186187179164143122103 90 84 8910312114115716817016615614513513213614816325 7 5G5 039188144917199999999999999 8 1 84195813299999999999999
176185186178161139114 92 76 72 79 9511814216417818317816615113913313714925 7 6G5 137187155818399999999999999 854 7221 613399999999999999
164178188188178158132103 78 62 59 70 9212015017619219518717115213613013625 7 7G5 234189164719699999999999999 941 5922 113099999999999999
150167184193192178153121 89 62 48 49 66 9312716219020520419116914613012625 7 8G5 3241941729206999999999999991025 47224712699999999999999
135153174192201196176144108 73 47 36 43 6610014017720421520818816213712225 7 9G5 4 920118 62159999999999999911 6 36232712099999999999999
123138160184202208197170133 92 56 32 27 42 7211215519221622020618015012525 710G5 4522081842221999999999999991145 27999999999999999999999
115122144170196212213194161119 76 41 22 25 47 8412817220722321919816713625 711G5 533215191722499999999999999 0 41151222 2099999999999999
114110126152181206219213188149103 61 29 18 30 6010114718921822621318515125 712G5 614219195122699999999999999 0401091259 1899999999999999
121105110132162191213221209178135 89 49 24 22 43 7912216620322422220116925 713G5 656221202522699999999999999 1161041334 2099999999999999
134108100112138169196215218201165122 78 44 28 36 6310114418421422421318625 714G5 739220205822499999999999999 153 991410 2899999999999999
151119 98 97115142171197213211190154112 74 48 42 58 8812516419721721819925 715G5 825215213122099999999999999 232 951445 4299999999999999
169135106 92 96115141169193205201179146109 79 63 65 8411314617920421520725 716G5 91620622 521599999999999999 316 921523 6199999999999999
185153122 98 88 94112136162184195190171144115 93 85 9110913516318820520825 717G51013195224120999999999999999 4 6 8816 5 8599999999999999
196172142113 93 84 8810312515017218318216914912911511011513015017219120125 718G51124184232320299999999999999 510 84165711099999999999999
200186163136109 89 78 79 9111213615917417917316214813813213414315817518925 719G51257179999999999999999999999 627 77181613299999999999999
196194182161135108 85 69 66 75 9612214716818118417916915814814514915917225 720G5 018196144918499999999999999 746 6520 014599999999999999
184192192183164137107 78 58 51 59 8010914016918919919618617015514614615525 721G5 134193161719999999999999999 857 51212914599999999999999
168182193197190170139104 70 45 35 44 6810214017620221421019517315314013925 722G5 25519717142149999999999999910 0 35223513899999999999999
149165183199206199175139 98 59 31 22 33 6210214618721622521719516714212825 723G5 4 22061759225999999999999991056 22232412799999999999999
130144166189208216206177135 89 47 19 13 30 6511116020222823121418615312725 724G5 4582161838232999999999999991144 12999999999999999999999
116123144171198219224208173127 77 35 11 12 37 7812817821723422820316913425 725G5 546224191323599999999999999 0 51161227  899999999999999
111107122149179207226225203163114 65 27 12 23 5510015019622723321718514725 726G5 629228194523499999999999999 04110613 5 1299999999999999
115 98103125156187214227219191148100 55 27 23 44 8112717421223022419916225 727G5 710227201523199999999999999 116 971338 2299999999999999
125 99 92105132163193215221206174132 88 53 37 46 7311215519422022520817625 728G5 749221204222699999999999999 149 9214 9 3799999999999999
139107 90 92111138167193209208189156118 83 60 58 7510514217820722021218725 729G5 82721121 722099999999999999 222 891437 5699999999999999
154120 96 88 97117142168189199192172142111 87 77 8510613516619421021119525 730G5 9 7199213121399999999999999 257 8815 3 7799999999999999
167136108 93 9110212114316518018517715813511410110111213215718119920519725 731G5 951185215620599999999999999 335 901531 9999999999999999
177151124104 94 9510512013915716917216515313812612112413515116918619519425 8 1G51047172222519699999999999999 423 9316 412199999999999999
183164141120105 97 9610311513114715816316115614814314114314916017218318725 8 2G5121416323 418799999999999999 534 96165914199999999999999
184173157138121106 97 93 9610712213715116116616616416015615315416016817625 8 3G51440166999999999999999999999 7 3 93191215399999999999999
179177169156140123106 92 84 86 9611213114916617718117917216215415115416225 8 4G5 0 9179161218199999999999999 820 84205715199999999999999
170176177173161144122100 81 71 73 8510412915517719219619017716014814314725 8 5G5 147177165419699999999999999 923 7122 214399999999999999
156169179185181167144116 88 66 56 59 7610313516719320820719417315113613225 8 6G5 3 81851728209999999999999991014 55224613299999999999999
140156174190196190170140105 72 48 40 49 7410814818521122021118916113512125 8 7G5 4 41961759220999999999999991058 40232212099999999999999
123139162186204209197169130 89 53 31 29 47 8012216720522622620717614211725 8 8G5 4502091829229999999999999991136 27235610899999999999999
108119143173200219219199162116 71 35 18 26 54 9514318922323522319415612125 8 9G5 5322221858235999999999999991211 18999999999999999999999
 99 99120151186215231224194150100 54 23 16 35 7211816821223623521117413225 810G5 613231192723999999999999999 029 961245 1599999999999999
 98 84 95125161198226236221184135 85 43 21 27 56 9814619422824022519214925 811G5 655236195524099999999999999 1 3 841318 2099999999999999
107 80 77 97132171207231234212171122 75 42 33 50 8612917421423623320716825 812G5 737236202323899999999999999 137 751350 3399999999999999
124 87 69 76102138176210229225198157113 75 54 58 8311915919722523321818525 813G5 820230205123399999999999999 213 681421 5399999999999999
143103 74 66 79107142177206218210183147112 86 78 9111714918220922422019725 814G5 9 6218211722599999999999999 251 661453 7899999999999999
162124 91 71 69 8410914017119420319417214512110810912414617119421121420225 815G5 958203214421599999999999999 335 68152510699999999999999
178146114 89 75 74 8610713315917818518016715113913413915016518119520220025 816G511 5185221520399999999999999 431 7316 113499999999999999
186165140115 95 82 78 84 9912014216017117417216616216016016417118018618925 817G5125717423 218999999999999999 554 78171515999999999999999
186178163144124104 87 76 76 8610312514616417718418518317717016616516917325 818G51548186999999999999999999999 733 75203216599999999999999
178180179171157136111 86 69 62 69 8711113916718920120319618216715515115425 819G5 114180164220499999999999999 858 6222 415199999999999999
162173183189186170144112 79 56 47 54 7510614317820521821419817515213713325 820G5 31219017162189999999999999910 3 47224813399999999999999
141156176194205201180146105 67 40 32 44 7311215719722322921518915813111625 821G5 4162061747229999999999999991053 32232211599999999999999
119134159186210221211182139 93 52 27 25 46 8312917821723523020517013410725 822G5 5 32211816236999999999999991134 232353 9999999999999999
 99111136168201225230212174126 77 38 21 29 6010415420123223822018514410825 823G5 5442311843239999999999999991210 20999999999999999999999
 87 90112145182215235231203160109 62 31 26 47 8513318222223923020015911625 824G5 62123619 924099999999999999 024 851241 2599999999999999
 85 75 89120158195225236222187141 93 54 36 45 7511816520723423521217413025 825G5 657236193323899999999999999 053 751310 3699999999999999
 91 70 74 97132171205227228206167123 82 55 53 7411015219322423422018714525 826G5 731231195423499999999999999 122 691335 5199999999999999
104 75 66 81110145181210222213186149110 80 69 8010814418121222822219715925 827G5 8 5222201422899999999999999 151 661359 6999999999999999
119 86 68 72 93123156186206210195167135106 90 9311214017220021922020217125 828G5 840211203422299999999999999 219 671422 8999999999999999
135101 78 73 8310513316118519719417815413011310912014016518920721320318025 829G5 917198205321399999999999999 249 72144510999999999999999
150119 94 81 83 9511413716017718317916614913512913314416117819420219918425 830G510 2183211520299999999999999 324 8015 812999999999999999
161136113 97 90 9310211713515316517016816115414914915316117018018818918325 831G511 9170214119099999999999999 410 90153414899999999999999
169151132116105 99 9810311312614115216016516716716616616616616917317617625 9 1G51445167222417699999999999999 539 9818 016699999999999999
171162151138125113102 96 9510111312814315817118018318217616816215916116425 9 2G51614184999999999999999999999 735 9521 515999999999999999
167168166160149133115 98 85 81 86 9911914216518519719919017616014814414825 9 3G5 055168164019999999999999999 857 8122 114499999999999999
156166175179174160137110 85 68 63 71 9011815018120421320718916514312912925 9 4G5 25917917 521399999999999999 953 63223412799999999999999
139156175191197188166133 98 67 48 46 62 9012816820322322320617614411910925 9 5G5 3571971731226999999999999991036 4523 410999999999999999
116137164191211215198165123 81 47 31 37 63102148193225236223193154117 9425 9 6G5 4422161756236999999999999991113 312335 9099999999999999
 92111142178211231228201158109 63 31 23 41 77124175218242239212170125 8825 9 7G5 5232331822244999999999999991148 23999999999999999999999
 71 81112153195230245233196146 94 49 25 30 59103154203239249229190141 9325 9 8G5 6 4245184924999999999999999 0 7 711221 2399999999999999
 61 56 79119166211244251229185133 82 45 33 51 8913618522724924220916110925 9 9G5 645252191525099999999999999 040 551253 3399999999999999
 65 44 52 84130178222248246217172122 78 53 56 8312416921124024622418213125 910G5 726251194124799999999999999 114 431324 5199999999999999
 82 47 38 57 94140186224241232201159117 85 75 8912015819522624023019815425 911G5 8 924220 624099999999999999 149 381355 7599999999999999
106 65 43 45 6810514618721722621318515112010310512515418421022722720717325 912G5 854226203022999999999999999 225 40142410299999999999999
132 92 63 51 58 8011214718020120619417315013312813715517619621121520618425 913G5 946206205221599999999999999 3 7 50145212899999999999999
154121 92 72 66 72 8911314016518118618117015915315416217318519419919718625 914G51055186211219999999999999999 4 0 66152015399999999999999
168147124104 89 81 81 9010712714716217217617617517417417417617818118117825 915G51328176213618199999999999999 528 80164017399999999999999
173164152138121105 91 83 84 9411113115016818118919218818117216516116116325 916G51554192999999999999999999999 722 82214116099999999999999
166170172168156137114 92 76 72 80 9712214917519520520419317515714413914125 917G5 150172162220699999999999999 850 7222 813899999999999999
151165179188187172146114 84 64 59 69 9212415919221321820718415713311811725 918G5 323189164821899999999999999 950 58223411699999999999999
129148173195207202180145105 71 51 49 66 98137179212227221198165131105 9525 919G5 4142081713227999999999999991034 4723 1 9599999999999999
104126156189214223209177135 91 57 42 49 76115160202229232212178137101 8025 920G5 4542231737234999999999999991110 412329 7799999999999999
 80100133171207230230206166119 76 47 42 61 97142188224237225193150106 7425 921G5 53023318 1237999999999999991142 412357 6299999999999999
 62 76107147189223238227195150103 65 47 56 85127173213236234207165118 7725 922G5 6 52381824239999999999999991210 47999999999999999999999
 54 57 82121165206234237216177132 89 62 59 80117160201230237218180133 8825 923G5 638239184523899999999999999 024 521237 5799999999999999
 55 46 62 96139183219235228199159116 83 70 8111115019022123522519314910325 924G5 71123619 523599999999999999 051 4613 2 7099999999999999
 64 45 50 77115158197224229212180142107 87 8811014317921122922720316412025 925G5 743230192423199999999999999 117 441326 8599999999999999
 80 53 48 64 9513417220422021519416313110710111313917019921922320817613725 926G5 816221194322499999999999999 143 47135010099999999999999
 98 68 54 60 8211314818020320919817715112811712113816318720721520818515225 927G5 85120920 421599999999999999 211 54141411699999999999999
117 87 68 65 77 9912615517919319418316514713513314215817619320220118716325 928G5 931195202520499999999999999 241 64144013299999999999999
135108 87 78 80 9211013115317117917917216215314915115816817918719018416925 929G51027180204919099999999999999 318 77151014999999999999999
149128110 97 91 92 9911112714415716617017016816516416416516817117417416825 930G51228170212517499999999999999 420 90163916499999999999999
159147133120109101 96 971041161301451591701771811801751671601561561581602510 1G51516181999999999999999999999 624 96203715699999999999999
161160156147135119103 91 86 901011191391611801921961901761591451371371442510 2G5 0 6161155119699999999999999 8 6 86212813699999999999999
154165173174165147122 98 79 70 74 901141441741982102071901651391201131202510 3G5 236174161821199999999999999 912 7022 011399999999999999
136158179193195180153119 86 62 54 63 87121159195218223208178143110 91 902510 4G5 336196164422499999999999999 959 542231 8899999999999999
108137170200217214190153110 72 48 44 63 97139183219235227197155111 77 632510 5G5 4232191710236999999999999991039 4323 4 6399999999999999
 74104145187222238227193147 99 60 40 46 75117165209239242218175124 77 452510 6G5 5 62381737244999999999999991116 392337 4099999999999999
 42 66108158207242251231189139 90 55 45 62100146193232249236198145 90 442510 7G5 54825218 5249999999999999991152 44999999999999999999999
 22 32 68118173223253254226181131 86 60 62 89131176218246247218170114 602510 8G5 631257183225099999999999999 012 221226 5799999999999999
 22 12 34 77131186231254246214170125 89 76 89122162202233246231193141 872510 9G5 715255185924699999999999999 048 1113 0 7699999999999999
 40 13 16 45 90142193230244231200161124101100121153187217235233209167117251010G5 759244192623799999999999999 125 111332 9899999999999999
 70 34 20 31 61104150192220226212185155130120128149176201219224213184145251011G5 847227195122599999999999999 2 4 2014 412099999999999999
103 67 42 37 50 77113150183203206195175156142141151168186201208205190165251012G5 941207201520999999999999999 247 36143714099999999999999
134102 76 61 58 68 89116144169184188183173163157158164173182188189184172251013G51052188204119099999999999999 341 57152115799999999999999
155134113 94 81 76 80 93112134154170178180178174170166165165167168168167251014G51252180214316899999999999999 5 5 76181916599999999999999
163156145130114 98 87 84 90104123144163178186187183174163153146144146151251015G51445188999999999999999999999 650 84205914499999999999999
159165167161148128107 89 81 84 97117142167186197197186168148131121121129251016G5 148167152819899999999999999 815 80213212099999999999999
143161176183178161135107 84 74 77 94120150179201208200179151123103 96103251017G5 3 7183155820899999999999999 915 7322 1 9699999999999999
120145172193200190165133100 76 68 76100131167197214213193161125 95 77 77251018G5 356200162421699999999999999 959 682229 7599999999999999
 94122156189210212194162124 90 69 67 84115152188214222207175135 95 66 56251019G5 4362141650222999999999999991035 652258 5699999999999999
 68 96133174207223216190152112 81 67 75101137176209226219191149104 66 44251020G5 51222417132269999999999999911 8 672326 4299999999999999
 46 69107151193223229213179139101 76 73 92125164200224226205166119 74 42251021G5 5462301736228999999999999991138 722353 3299999999999999
 32 47 81125172211232227202165125 93 79 88116152189218229216182136 88 49251022G5 62023317582299999999999999912 6 79999999999999999999999
 27 31 58100147192223232218188150114 91 89109142178209226222196154107 63251023G5 653233182022899999999999999 020 261233 8799999999999999
 33 25 42 77121167206227225204172136107 96107133166197219223206170126 82251024G5 725229184222499999999999999 048 2513 1 9699999999999999
 47 29 35 61 99142183212222212188156127108109127155184208218210183145103251025G5 75922219 621899999999999999 115 28132910699999999999999
 66 42 37 52 81119157190209211196172146124117125146171193207207191160124251026G5 834212193020999999999999999 144 36135811799999999999999
 88 61 47 51 71 99132164189200196182162142130130141159178192198191171142251027G5 915200195819899999999999999 216 47143112899999999999999
111 84 65 59 67 86111138163181188184172158146140142151163175183183174155251028G510 7188203118499999999999999 254 59151413999999999999999
132108 88 76 73 79 94113135156170177177171162154149148151157164168168162251029G51125178212716999999999999999 348 72164214899999999999999
149133116100 88 82 84 93109128147163174179177171161152144140142147153157251030G51315179234215999999999999999 516 82191314099999999999999
158154144130113 97 86 82 87101120142163179188187178162144128119120128141251031G51428189999999999999999999999 656 82202811899999999999999
155165169162147125101 83 74 78 93117144171192201197179152125102 92 961132511 1G5 153169151120299999999999999 813 742112 9299999999999999
136161181190183162132102 78 67 72 92122156187209213199169132 96 70 63 762511 2G5 3 5190154521499999999999999 911 662151 6399999999999999
104139174202212201172135 99 72 62 73100136174206224219191149103 62 38 382511 3G5 359212161722599999999999999 959 622230 3599999999999999
 62102148192222230212177135 96 70 65 83116157196225233214174123 71 30 122511 4G5 4482311649233999999999999991043 6423 8 1299999999999999
 23 58107161208238241217177133 95 73 76101139179215236232201151 95 42  52511 5G5 5342431721238999999999999991124 712347 -499999999999999
 -4 18 62117173221246242214173131 97 83 94124162200228238221181126 70 212511 6G5 62124817532389999999999999912 3 83999999999999999999999
 -8 -7 23 71128183226244235206167129103 98116148183213232230204159105 522511 7G5 7 8245182623499999999999999 028-111241 9799999999999999
 11 -8  2 36 84138188223235222194160129112116137166195217226215184139 902511 8G5 756235185822699999999999999 1 9 -8131911199999999999999
 45 14  4 19 53 981451872142202071821541321241331531771982112111951651262511 9G5 846220193221399999999999999 152  4135812499999999999999
 85 49 27 24 40 70108148181201204192172152137135144160177190196193177152251110G5 940205201019699999999999999 239 22144213499999999999999
120 88 61 46 45 59 84115147173189191182167153143141147156166174178174164251111G5104019121 417899999999999999 333 43154314199999999999999
145122 98 78 66 64 74 93118144166179183178167155146140140143149155159161251112G51151183225016199999999999999 439 63173414099999999999999
157147131113 95 82 77 83 98119142162176182178169155142131125124128136146251113G513 6182999999999999999999999 557 77193612399999999999999
154158154143127108 93 85 88100120143164179186182169150130113103102109123251114G5 1 315814 718699999999999999 715 85203810199999999999999
140156166166156137116 98 88 90103124149171187192183164138111 90 80 82 96251115G5 231168145119299999999999999 820 872118 7999999999999999
118143165179179165143118 98 88 92109133159183196195179151118 87 66 59 69251116G5 330180152619899999999999999 912 882153 5999999999999999
 91121153179192188170143116 95 89 98119146174195203193167131 93 61 44 45251117G5 415193155720399999999999999 955 892226 4299999999999999
 64 96133169195204193169139110 93 92107133163190206204183148106 67 38 29251118G5 4552041625208999999999999991034 902257 2999999999999999
 40 69108150187209210192163131104 92 99121150180203211197166124 80 43 21251119G5 53221216522119999999999999911 9 922327 1999999999999999
 22 45 82126170203217210186153121 99 95110137169196212208183144 99 56 25251120G5 6 82171719213999999999999991142 942358 1499999999999999
 14 26 57100146188214218203175141112 98103125155185207212197164120 75 37251121G5 6432191747213999999999999991214 97999999999999999999999
 15 15 38 75120165200217213192161129106101115141171197211205181142 98 56251122G5 717218181521199999999999999 029 12124510099999999999999
 26 15 26 55 95139179206214202178147120105109129156183202206192161121 80251123G5 752214184520799999999999999 1 0 15131710499999999999999
 44 23 22 41 74114154187205205189164136115109120142167188199196175143104251124G5 829207191720099999999999999 133 20135110999999999999999
 68 40 28 35 58 91128163188199194176153130116117130150170186190182159128251125G5 910199195319199999999999999 2 8 28142911599999999999999
 93 63 43 38 50 74104137166185191184167147129120122134151166177178168147251126G5 956191203917999999999999999 247 38151712099999999999999
119 90 66 51 50 62 85112141165181185178163145130122123131143155164166159251127G51050185214516799999999999999 335 49162512199999999999999
143120 95 75 63 62 72 91116142164179183177163145129118114118128140152159251128G51153183231915999999999999999 435 61175811499999999999999
157146128107 87 74 71 78 95118143165180185179164143122105 96 97108125143251129G51257185999999999999999999999 550 701922 9599999999999999
157163158143122101 84 77 81 97121147170186191183163135106 83 71 73 88112251130G5 1 4163135419199999999999999 7 9 772022 7099999999999999
139161175175161138113 93 82 85101126154179196199185157121 85 57 43 49 712512 1G5 230176144219999999999999999 819 812113 4399999999999999
104139171190193178152123 99 86 89107135164190206204182145101 60 29 17 292512 2G5 337194152520799999999999999 920 8522 0 1799999999999999
 60101144183206208191162130104 90 95117147177202214205175130 80 35  5 -22512 3G5 43521016 6214999999999999991014 902246 -399999999999999
 16 54102152195219218198167133106 95104129160190212218202164114 61 15-122512 4G5 52922116472199999999999999911 3 952332-1699999999999999
-13 12 55108161204225222200167133108101114141172200218217193151 98 45  22512 5G5 6212271728221999999999999991150101999999999999999999999
-20-15 15 62116169209226219195162130109107125152182206219211182138 86 352512 6G5 711227181021999999999999999 019-22123410599999999999999
 -3-19 -7 26 73126176210222211185153125110114134161187206213201170126 772512 7G5 759222185321399999999999999 1 5-19131710999999999999999
 31  0 -8  8 42 881371802072131991731431201111191401641852002021871571162512 8G5 846213193820399999999999999 150 -914 011199999999999999
 72 34 11  9 28 611031461822012011851601341161121231411611781891881731442512 9G5 930204202719099999999999999 235  7144511299999999999999
109 72 42 27 30 50 81118154181194190172149127114113121136152166174172159251210G51014194212317499999999999999 320 26153711299999999999999
135106 77 56 47 53 71 99130159180186179162141123111109115126138150158158251211G51058186223116099999999999999 4 6 47164410999999999999999
149131109 88 72 67 73 90113139162177180172155136118106101103111123136146251212G51145181235914999999999999999 458 67181110199999999999999
149145133117101 88 84 89103124146164176177167151131112 97 88 88 96109124251213G51235177999999999999999999999 558 841932 8799999999999999
138147148141128114102 97100113131150167176175165146124101 82 72 71 81 98251214G5 137148132817799999999999999 7 8 972031 7099999999999999
119138151156152140125112105107119136155170178176162140113 86 65 54 57 71251215G5 3 0156141817999999999999999 8161042118 5499999999999999
 94120145162168163149131116107110123141160176182176157129 97 67 46 39 47251216G5 4 116815 318299999999999999 9161072159 3999999999999999
 67 96128157176180171153132114107112127148168183186174148115 79 48 29 27251217G5 44918015431869999999999999910 61072237 2699999999999999
 42 70105142172189189175152128110105114134157178190187168136 98 60 30 16251218G5 53019116201919999999999999910501052313 1699999999999999
 22 44 79120158187198192172145119104104119143168188195184158120 79 41 16251219G5 6 719816551959999999999999911291022349  999999999999999
  9 23 53 93137174198202189164134110 99107128154180196196177144102 60 25251220G5 64320317311989999999999999912 4 99999999999999999999999
  6  8 31 67111154188204200180151121101 98113139166189199192166127 84 43251221G5 71820518 620099999999999999 023  41239 9799999999999999
 13  3 15 44 85129169196204193168137109 96101122150176195198183151110 66251222G5 753204184219999999999999999 057  31313 9599999999999999
 29  7  7 27 62104146181200199182153123101 95107131159182195192171135 93251223G5 827202192119699999999999999 131  41348 9599999999999999
 53 22  9 18 45 82123161189199191168139112 96 97113138163182190182157120251224G5 9 219920 219099999999999999 2 5  91426 9499999999999999
 80 45 22 18 34 64101139172192195181155127104 93 99116139161177181170145251225G5 938196205018299999999999999 241 1715 9 9399999999999999
110 74 45 30 34 53 83118152178191188170144117 98 90 97113133153168171161251226G51016192214617299999999999999 319 2916 0 9099999999999999
137107 77 54 45 52 72101132161181188180161135110 92 85 89103122142157162251227G51058188225516299999999999999 4 3 4517 5 8499999999999999
155136111 87 70 64 72 89115142166182185175154128103 83 74 75 87107129147251228G51144185999999999999999999999 456 641822 7399999999999999
156155142123104 90 84 89103125148169181182172150123 95 72 58 57 68 90115251229G5 021157123718399999999999999 6 4 841936 5699999999999999
138154160155141124109101101112131152170182183172148118 85 57 39 36 49 73251230G5 159160133718499999999999999 7271002042 3599999999999999
103133157170171160144127115111119135154171183185172146112 74 41 20 16 31251231G5 331172143918699999999999999 8501112142 1599999999999999
