 14 30 48 65 76 80 79 74 66 60 58 60 67 77 89 98 99 91 77 58 37 19  6  225 1 1HK 518 811536 999999999999999910 1 5823 0  299999999999999
  6 18 36 55 69 77 79 75 68 59 54 53 57 66 78 90 97 95 86 70 50 30 13  425 1 2HK 549 791617 98999999999999991041 532336  399999999999999
  4 11 25 43 60 72 77 76 70 61 53 48 49 55 65 78 89 93 89 78 62 43 24 1125 1 3HK 620 7717 0 93999999999999991122 48999999999999999999999
  6  9 18 33 51 66 74 76 72 65 55 47 44 46 52 63 75 84 86 81 69 54 37 2225 1 4HK 650 761745 8699999999999999 010  612 7 4499999999999999
 13 12 17 28 43 59 70 75 74 69 60 50 42 40 42 49 59 70 77 77 72 62 49 3525 1 5HK 719 751835 7899999999999999 043 121259 4099999999999999
 24 20 21 28 39 54 67 75 77 73 66 56 46 39 36 38 44 53 62 68 68 64 56 4725 1 6HK 750 771935 6999999999999999 114 1914 2 3699999999999999
 37 31 29 33 40 51 63 74 79 78 73 65 54 44 36 33 33 38 45 53 59 61 59 5425 1 7HK 823 792055 6199999999999999 146 291522 3399999999999999
 49 43 40 41 45 52 62 72 79 82 80 74 65 54 43 35 29 28 31 37 45 52 55 5725 1 8HK 9 2 822310 5799999999999999 221 401650 2899999999999999
 56 54 52 50 52 56 62 70 78 84 85 82 76 67 55 43 32 25 22 24 30 38 47 5425 1 9HK 951 85999999999999999999999 3 3 5018 8 2299999999999999
 59 61 62 61 60 61 64 69 75 82 87 88 86 80 70 57 43 30 20 16 18 24 34 4625 110HK 143 621054 8899999999999999 4 8 601915 1699999999999999
 56 63 68 69 68 66 66 68 72 77 83 89 91 90 83 73 58 41 26 15 11 13 21 3425 111HK 258 6912 7 9199999999999999 539 662013 1199999999999999
 48 61 69 74 75 72 69 67 68 72 77 84 91 95 94 87 74 57 38 21 11  7 10 2125 112HK 341 751315 9599999999999999 7 5 6721 2  799999999999999
 37 53 66 75 78 77 73 68 65 66 69 76 85 94 98 96 87 73 54 33 16  7  4 1025 113HK 415 791411 9899999999999999 817 652146  499999999999999
 24 42 60 72 79 80 76 69 63 60 61 66 74 86 96100 96 85 69 48 27 12  4  525 114HK 444 80145910099999999999999 913 602225  399999999999999
 14 30 50 66 76 80 78 72 63 56 54 56 63 74 87 96 98 92 79 61 40 21  8  425 115HK 510 801543 9999999999999999 959 5423 0  499999999999999
  8 20 39 58 72 78 79 74 65 55 49 48 52 61 74 87 94 93 85 71 52 32 16  725 116HK 533 791624 95999999999999991040 482331  699999999999999
  7 15 30 49 66 76 79 75 68 57 47 42 44 50 60 73 85 89 86 76 61 43 26 1425 117HK 555 7917 3 89999999999999991119 42999999999999999999999
 10 14 25 41 58 72 78 77 71 61 50 41 38 41 49 60 72 80 82 76 65 51 36 2325 118HK 619 781742 8299999999999999 0 0 101158 3899999999999999
 16 16 23 36 52 67 76 78 74 65 54 44 37 36 40 48 58 68 73 73 66 56 44 3225 119HK 646 781822 7499999999999999 026 151240 3699999999999999
 24 22 26 35 48 62 73 78 77 70 60 49 40 35 35 40 47 56 63 66 64 58 50 4125 120HK 714 7819 5 6699999999999999 052 221326 3599999999999999
 34 30 31 37 47 59 70 77 79 75 66 56 46 39 35 36 39 45 52 57 59 57 53 4825 121HK 744 791959 5999999999999999 116 301422 3599999999999999
 42 39 39 42 48 57 67 75 79 78 72 64 55 46 39 36 35 38 42 47 51 53 53 5225 122HK 816 802126 5499999999999999 138 381537 3599999999999999
 50 48 47 49 52 58 66 73 78 80 77 71 63 55 47 40 35 33 35 38 43 47 51 5325 123HK 853 80999999999999999999999 153 4717 7 3399999999999999
 55 55 56 56 58 61 65 71 76 80 80 78 72 65 56 47 39 33 30 30 33 39 45 5125 124HK 940 809999999999999999999991826 29999999999999999999999
 56 60 63 64 64 64 66 69 73 77 80 81 79 74 67 57 46 36 28 24 24 29 36 4525 125HK1049 819999999999999999999991927 23999999999999999999999
 54 62 67 70 70 68 67 67 69 73 78 82 84 83 78 68 56 43 31 21 17 18 25 3525 126HK 328 701211 8499999999999999 626 672016 1799999999999999
 48 59 68 73 74 72 69 66 66 68 72 79 85 88 87 80 68 53 37 23 14 10 14 2425 127HK 346 741317 8899999999999999 744 652059 1099999999999999
 38 53 65 74 77 75 71 65 62 61 64 71 80 88 92 90 81 66 48 29 15  6  5 1225 128HK 4 8 7714 8 9299999999999999 839 612138  599999999999999
 25 43 59 71 77 77 73 65 59 55 56 61 71 83 92 95 90 78 60 40 21  7  1  325 129HK 433 781454 9599999999999999 922 552214  199999999999999
 14 31 50 66 75 78 75 67 57 50 47 50 58 71 85 94 95 88 73 53 32 13  2  025 130HK 458 781537 969999999999999910 1 472248 -199999999999999
  6 20 40 58 72 78 77 70 58 47 40 39 45 56 72 86 94 92 82 66 45 25  9  225 131HK 521 781619 94999999999999991039 392319  299999999999999
  4 14 31 51 67 77 78 73 62 49 37 32 33 41 55 71 85 90 86 75 58 38 20  925 2 1HK 543 7817 2 90999999999999991118 312346  799999999999999
  7 13 26 44 63 75 80 77 68 54 40 29 26 29 39 53 69 81 83 78 66 51 34 2125 2 2HK 6 4 801747 83999999999999991159 26999999999999999999999
 15 17 26 41 58 73 81 81 74 62 47 33 24 22 27 37 51 65 74 74 69 59 46 3325 2 3HK 628 821835 7599999999999999 011 151245 2299999999999999
 26 25 31 41 56 71 81 85 81 71 58 43 30 23 22 27 36 48 59 65 65 61 53 4525 2 4HK 654 851928 6699999999999999 035 241337 2299999999999999
 37 35 38 45 56 68 80 86 86 79 69 55 42 30 24 23 26 34 43 52 57 58 55 5225 2 5HK 725 872040 5899999999999999 057 351444 2399999999999999
 48 45 46 51 58 67 77 85 88 85 78 68 56 44 34 27 24 26 30 38 45 50 53 5425 2 6HK 8 1 88999999999999999999999 116 451614 2499999999999999
 54 54 54 57 61 67 74 80 85 87 84 78 69 59 48 38 30 25 23 26 32 39 46 5125 2 7HK 847 879999999999999999999991752 23999999999999999999999
 56 59 61 63 65 67 71 75 80 83 85 83 79 73 64 53 41 30 23 19 21 27 35 4525 2 8HK10 1 859999999999999999999991912 19999999999999999999999
 53 61 66 68 69 68 69 70 72 76 80 83 85 83 78 69 56 41 28 19 14 16 24 3525 2 9HK12 0 859999999999999999999992013 14999999999999999999999
 48 59 67 72 73 71 67 65 65 67 71 77 83 87 87 81 71 55 38 23 13 10 13 2425 210HK 344 731325 8899999999999999 741 6521 0 1099999999999999
 39 54 65 73 75 73 68 62 58 57 60 66 76 85 90 89 82 69 51 32 17  8  7 1425 211HK 4 2 751421 9099999999999999 844 572138  799999999999999
 28 45 61 72 76 76 70 61 53 49 49 54 64 77 87 92 89 79 63 43 24 11  5  825 212HK 421 7715 5 9299999999999999 925 492211  599999999999999
 19 36 55 69 76 77 72 62 51 43 40 43 51 64 78 88 90 85 72 54 34 17  7  625 213HK 438 771544 919999999999999910 0 402239  599999999999999
 13 28 47 64 75 78 74 65 53 41 34 33 39 50 66 80 87 86 77 63 45 26 13  825 214HK 455 781621 88999999999999991033 3323 4  899999999999999
 11 22 40 58 73 79 77 69 56 42 31 27 30 38 52 67 79 83 79 68 53 36 21 1325 215HK 513 791657 839999999999999911 5 272328 1299999999999999
 13 21 35 53 69 79 79 73 61 47 33 25 23 29 40 54 68 77 77 70 59 45 31 2125 216HK 534 801732 78999999999999991139 232350 1899999999999999
 18 23 34 49 65 77 81 77 67 53 39 27 22 24 31 43 56 67 72 70 62 51 40 3025 217HK 557 8118 9 72999999999999991213 22999999999999999999999
 25 27 35 48 62 75 82 80 73 60 46 33 25 23 27 35 46 57 64 66 62 55 47 3925 218HK 622 821847 6699999999999999 011 251249 2399999999999999
 34 34 39 49 60 72 80 82 77 67 55 42 31 26 26 30 38 47 55 60 60 56 51 4625 219HK 646 831931 6099999999999999 029 331330 2599999999999999
 42 41 44 51 60 70 78 82 80 73 63 51 40 33 29 30 33 39 46 51 54 55 53 5125 220HK 712 822035 5599999999999999 041 411423 2999999999999999
 49 49 51 55 61 68 75 80 81 77 70 61 51 42 36 32 32 33 37 42 46 50 52 5325 221HK 741 81999999999999999999999 040 481547 3299999999999999
 54 55 56 59 63 67 72 77 79 79 75 69 61 53 45 38 33 31 30 32 37 41 46 5125 222HK 819 799999999999999999999991738 30999999999999999999999
 55 59 61 64 65 67 69 72 75 77 77 74 70 64 56 47 39 31 26 24 26 31 38 4625 223HK 926 7799999999999999999999919 1 24999999999999999999999
 54 60 65 67 68 67 66 67 68 71 74 76 76 74 68 59 47 36 26 19 16 19 26 3725 224HK 348 681134 7799999999999999 619 661957 1699999999999999
 48 58 66 70 70 68 64 61 60 63 67 73 78 80 78 71 59 45 30 18 10  9 15 2525 225HK 332 7013 4 8099999999999999 746 602041  999999999999999
 39 54 65 71 72 69 63 56 52 52 56 64 74 82 85 82 72 57 39 22 10  4  5 1425 226HK 344 7214 2 8599999999999999 834 522118  399999999999999
 29 46 61 71 74 71 63 53 45 41 43 50 62 76 86 88 83 71 53 33 15  4  1  725 227HK 4 1 741450 8999999999999999 913 412152  199999999999999
 20 38 56 69 75 74 66 53 41 32 30 35 46 63 79 88 89 81 66 46 26 11  3  425 228HK 418 751535 9099999999999999 949 302222  399999999999999
 14 31 51 67 76 77 70 58 42 28 20 21 29 45 64 80 88 87 77 60 40 22 10  825 3 1HK 435 781618 89999999999999991026 202249  799999999999999
 13 26 45 65 77 81 76 65 48 30 16 12 15 27 45 65 80 85 81 70 54 36 21 1525 3 2HK 454 8117 1 859999999999999911 3 122313 1599999999999999
 17 27 42 61 77 85 82 73 57 38 20  9  7 14 27 46 65 76 79 73 63 48 34 2525 3 3HK 515 851745 79999999999999991142  72335 2499999999999999
 24 31 43 59 75 86 88 81 68 50 31 15  7  8 16 29 47 62 70 71 65 56 45 3625 3 4HK 540 891831 71999999999999991225  72356 3399999999999999
 33 37 45 58 72 85 91 88 78 63 46 28 15 10 12 19 32 46 57 63 62 58 52 4525 3 5HK 6 8 911923 63999999999999991313 10999999999999999999999
 42 43 49 58 69 81 89 90 84 74 60 44 30 20 17 18 23 32 43 51 55 55 54 5125 3 6HK 640 912035 5599999999999999 016 411414 1699999999999999
 49 49 53 60 67 76 83 88 86 80 70 59 47 36 28 23 23 25 31 39 45 49 51 5325 3 7HK 717 88999999999999999999999 029 491545 2299999999999999
 54 55 57 61 66 71 76 81 83 81 76 69 61 52 43 34 28 25 24 28 33 40 45 5125 3 8HK 8 3 839999999999999999999991735 24999999999999999999999
 55 59 61 63 65 67 69 72 74 76 76 74 71 66 58 48 38 29 23 21 23 29 37 4625 3 9HK 932 7699999999999999999999919 0 21999999999999999999999
 54 60 64 66 65 64 63 62 64 66 70 73 75 74 70 62 51 38 27 19 17 20 28 3925 310HK 310 661218 7599999999999999 646 621957 1799999999999999
 50 59 66 69 68 63 58 55 53 55 59 66 73 77 78 73 63 49 34 21 14 13 19 3025 311HK 310 691335 7899999999999999 8 3 532039 1399999999999999
 44 57 66 71 70 65 57 49 44 43 47 54 65 75 80 79 73 60 43 27 15 10 12 2225 312HK 324 711424 8099999999999999 844 432113 1099999999999999
 36 52 65 72 73 68 58 47 38 34 35 41 53 67 77 82 79 69 54 36 20 11 10 1625 313HK 339 7315 4 8299999999999999 916 332141 1099999999999999
 29 46 62 72 75 71 61 48 35 26 25 29 40 55 70 80 81 75 63 46 29 16 11 1425 314HK 352 751540 8199999999999999 945 2522 6 1199999999999999
 24 40 58 72 77 74 65 51 36 23 18 19 28 42 59 73 80 78 69 55 39 24 16 1625 315HK 4 8 771615 80999999999999991014 172230 1599999999999999
 23 37 54 70 78 78 70 57 40 25 15 13 18 30 47 64 75 77 73 62 48 33 23 2025 316HK 427 791649 78999999999999991043 122253 2099999999999999
 24 35 51 67 78 81 75 63 47 30 16 10 12 21 36 53 67 74 73 66 55 43 32 2625 317HK 448 811723 75999999999999991113 102315 2699999999999999
 28 36 49 64 77 83 80 70 55 38 22 12 11 16 27 42 57 68 71 68 60 50 40 3425 318HK 511 831758 71999999999999991144 102335 3399999999999999
 33 39 49 62 75 83 83 76 63 47 31 19 13 15 22 34 48 59 66 66 62 55 47 4125 319HK 534 841833 67999999999999991216 132351 3999999999999999
 39 43 50 61 72 81 84 80 70 56 41 28 19 17 21 28 39 50 58 62 61 57 52 4725 320HK 557 841914 62999999999999991251 17999999999999999999999
 45 47 52 60 69 78 83 82 75 64 51 38 28 23 22 26 32 41 49 54 56 56 54 5125 321HK 622 832012 5699999999999999 0 3 451335 2299999999999999
 50 51 55 60 67 73 79 80 77 70 60 48 38 31 27 26 28 33 39 44 49 51 52 5325 322HK 651 81999999999999999999999 0 6 501442 2699999999999999
 54 55 57 61 65 69 73 76 76 72 66 58 49 41 34 30 27 27 29 33 39 43 48 5225 323HK 728 769999999999999999999991639 27999999999999999999999
 55 58 60 62 63 65 67 69 71 71 69 65 60 53 45 37 30 25 22 23 27 33 41 4825 324HK 835 719999999999999999999991817 22999999999999999999999
 55 60 62 63 62 61 60 60 62 64 67 68 67 64 57 48 37 28 20 16 17 22 31 4125 325HK 255 6311 7 6899999999999999 623 601919 1699999999999999
 52 60 64 65 63 58 53 50 50 53 59 65 70 72 68 61 49 36 23 14 11 13 21 3425 326HK 243 651250 7299999999999999 732 5020 5 1199999999999999
 47 58 66 68 65 57 49 41 38 39 45 55 66 74 77 73 63 48 32 18 10  9 14 2625 327HK 253 681353 7799999999999999 814 382042  899999999999999
 41 56 67 71 68 60 48 35 27 25 29 39 54 69 79 81 75 62 46 28 16 10 12 2125 328HK 3 8 711444 8199999999999999 851 252115 1099999999999999
 36 53 67 74 74 66 52 35 21 13 13 21 37 56 73 82 82 74 60 42 26 16 15 2025 329HK 323 751531 8399999999999999 928 122144 1499999999999999
 33 50 67 78 80 73 60 41 22  7  2  6 18 37 59 75 82 81 71 57 40 27 21 2425 330HK 341 801616 839999999999999910 5  22210 2199999999999999
 33 48 66 80 86 82 70 52 30 10 -2 -4  3 18 40 61 76 80 76 67 53 39 30 2925 331HK 4 3 8617 0 80999999999999991043 -42234 2999999999999999
 36 47 63 80 90 90 81 65 44 22  4 -5 -4  5 22 43 62 73 75 70 61 50 40 3625 4 1HK 430 911744 75999999999999991123 -52258 3699999999999999
 40 48 61 76 89 94 89 77 59 38 18  3 -2  1 11 27 46 61 68 68 64 57 48 4325 4 2HK 459 941831 699999999999999912 6 -22323 4299999999999999
 44 50 59 71 84 93 93 85 71 54 35 18  8  5  9 18 32 47 57 62 61 59 54 4925 4 3HK 532 941925 62999999999999991254  52347 4899999999999999
 48 51 58 67 77 86 91 88 79 67 52 36 23 16 14 16 23 34 45 52 56 56 55 5425 4 4HK 6 8 912053 56999999999999991354 14999999999999999999999
 52 53 57 63 70 77 82 84 81 73 63 52 40 31 24 21 22 26 33 41 47 51 53 5525 4 5HK 649 84999999999999999999999 0 9 521519 2199999999999999
 56 56 58 60 64 68 72 75 75 73 68 62 54 46 37 31 26 24 26 31 38 44 50 5425 4 6HK 742 7699999999999999999999917 0 24999999999999999999999
 57 59 60 60 60 60 61 63 65 67 67 66 63 58 51 42 33 27 23 24 29 36 44 5125 4 7HK 938 679999999999999999999991820 23999999999999999999999
 57 61 62 61 58 55 52 51 53 56 60 64 66 65 61 53 43 33 25 21 22 28 37 4725 4 8HK 154 621217 6699999999999999 651 511915 2199999999999999
 56 63 65 64 59 52 46 42 41 43 49 57 64 68 68 63 53 41 29 21 19 22 30 4225 4 9HK 211 651329 6899999999999999 746 411956 1999999999999999
 54 63 68 68 62 53 43 35 31 31 37 46 57 66 70 69 62 51 37 25 19 19 25 3625 410HK 227 681417 7199999999999999 822 302030 1899999999999999
 50 63 70 71 67 57 44 31 23 21 25 34 47 60 70 73 69 60 47 33 23 20 23 3225 411HK 242 711457 7399999999999999 853 212059 2099999999999999
 46 61 71 75 71 62 48 32 20 14 15 22 35 51 65 73 74 68 57 43 30 24 24 3125 412HK 259 751533 7499999999999999 921 132126 2399999999999999
 43 58 71 78 76 68 54 37 21 10  8 12 24 40 58 70 75 73 65 53 40 30 28 3225 413HK 318 7816 8 7599999999999999 950  72152 2899999999999999
 41 55 69 79 81 74 61 44 26 11  5  6 15 30 48 64 73 75 70 61 49 38 33 3425 414HK 340 811642 75999999999999991019  42218 3399999999999999
 42 53 67 79 84 80 69 53 34 17  6  4  9 21 38 55 68 74 73 66 56 46 39 3825 415HK 4 4 841716 74999999999999991048  32242 3899999999999999
 43 52 65 77 85 85 76 62 44 26 12  5  7 15 29 46 61 70 72 68 61 53 46 4325 416HK 428 861750 72999999999999991119  523 4 4399999999999999
 45 52 62 74 83 87 82 70 54 36 21 11  8 13 23 37 51 63 68 68 64 57 51 4725 417HK 453 871827 68999999999999991151  82324 4799999999999999
 47 52 60 70 80 85 84 76 63 47 31 19 13 13 19 29 42 53 61 64 63 59 55 5125 418HK 520 861910 64999999999999991227 122342 5099999999999999
 50 53 59 66 75 81 83 79 69 56 42 29 20 17 18 24 32 43 52 57 59 58 56 5425 419HK 549 832014 59999999999999991310 17999999999999999999999
 53 54 58 63 69 75 79 78 73 63 52 40 30 23 21 22 26 33 41 48 52 55 56 5625 420HK 623 79999999999999999999999 0 1 531411 2099999999999999
 55 56 57 60 63 67 71 73 72 67 59 50 41 32 26 23 22 25 30 37 44 49 53 5625 421HK 7 8 739999999999999999999991543 22999999999999999999999
 57 58 58 58 58 59 61 64 66 66 63 59 52 44 36 29 24 21 22 27 34 42 49 5525 422HK 828 669999999999999999999991715 21999999999999999999999
 59 60 59 57 54 51 50 52 55 59 62 63 61 56 48 39 31 23 20 20 26 34 44 5325 423HK 1 5 601049 6399999999999999 557 501821 1999999999999999
 60 63 63 59 53 46 40 38 41 46 54 61 65 65 61 53 42 31 23 19 21 28 38 5025 424HK 124 631234 6699999999999999 659 381910 1999999999999999
 60 66 68 63 55 44 33 27 25 30 39 51 62 69 70 66 56 44 32 24 22 26 35 4725 425HK 143 681343 7199999999999999 744 251951 2299999999999999
 60 70 73 70 61 47 32 19 13 13 21 35 51 66 74 75 69 59 45 33 27 28 34 4525 426HK 2 2 731438 7699999999999999 824 122025 2799999999999999
 60 73 80 79 71 56 38 19  6  1  5 16 34 54 70 78 78 71 59 46 36 33 36 4525 427HK 224 801528 7999999999999999 9 3  12057 3399999999999999
 58 73 84 87 82 68 49 27  8 -4 -6  1 16 37 58 73 79 78 70 58 47 40 40 4625 428HK 250 881616 8099999999999999 944 -62127 3999999999999999
 56 71 85 93 92 81 64 42 19  1 -9 -8  2 19 41 62 74 78 75 68 57 48 45 4825 429HK 320 9417 2 78999999999999991025 -92158 4599999999999999
 56 67 82 94 98 92 78 59 36 14 -2 -8 -5  7 25 46 64 73 75 71 64 55 49 4925 430HK 354 981748 759999999999999911 8 -82229 4999999999999999
 55 64 75 88 97 97 88 73 54 33 13  1 -2  2 14 31 50 63 69 70 67 61 54 5125 5 1HK 430 991838 70999999999999991154 -223 3 5199999999999999
 54 60 69 80 90 96 93 83 68 51 32 16  7  6 11 21 36 51 61 65 65 63 58 5425 5 2HK 5 9 961935 65999999999999991244  62341 5399999999999999
 53 57 63 70 79 87 89 85 76 63 49 33 21 15 14 18 27 39 50 57 61 61 60 5725 5 3HK 551 892048 61999999999999991340 14999999999999999999999
 55 55 58 62 68 75 80 80 76 69 59 48 37 27 22 21 24 31 40 49 55 59 60 5925 5 4HK 640 812214 6099999999999999 027 541448 2199999999999999
 58 56 55 56 59 62 67 70 71 68 64 57 49 40 32 27 25 27 32 40 48 55 59 6125 5 5HK 743 712327 6199999999999999 144 5516 4 2599999999999999
 61 59 56 54 52 52 54 57 60 62 62 60 57 51 43 36 30 27 28 33 41 50 57 6125 5 6HK 933 62999999999999999999999 433 521713 2799999999999999
 63 63 59 55 49 45 43 44 47 52 56 59 60 58 53 46 38 31 28 30 36 44 53 6125 5 7HK 016 631148 6099999999999999 614 4318 9 2899999999999999
 66 67 64 58 50 42 36 34 35 40 47 54 59 62 60 55 47 38 32 30 33 40 49 5925 5 8HK 048 6713 9 6299999999999999 710 341854 3099999999999999
 67 70 69 64 54 43 33 26 25 28 35 45 55 62 65 63 57 48 39 33 33 37 46 5725 5 9HK 114 7114 5 6599999999999999 749 241933 3299999999999999
 67 73 74 70 60 47 33 22 17 18 24 35 48 60 67 69 66 58 48 39 36 38 44 5425 510HK 139 751449 6999999999999999 823 1720 9 3699999999999999
 66 75 79 76 67 54 38 23 13 11 15 24 39 54 66 72 72 67 58 48 41 40 44 5225 511HK 2 5 791528 7399999999999999 854 112043 4099999999999999
 63 75 82 82 75 62 46 28 14  7  8 15 29 46 62 72 76 73 66 57 48 44 46 5225 512HK 231 8316 4 7699999999999999 925  72115 4499999999999999
 61 73 83 87 83 71 55 37 20  8  5  9 20 36 54 68 76 77 72 65 56 49 48 5225 513HK 259 871638 7799999999999999 956  52146 4899999999999999
 59 70 82 89 88 80 65 47 29 14  6  6 13 27 44 61 72 77 75 70 62 54 51 5225 514HK 327 901713 77999999999999991029  52215 5199999999999999
 58 67 78 88 91 86 75 58 39 22 10  6  9 20 35 52 66 73 75 72 66 59 54 5325 515HK 356 911748 759999999999999911 3  62243 5299999999999999
 56 63 73 84 90 90 82 68 51 33 18 10  9 15 26 41 56 67 72 72 68 62 56 5425 516HK 426 911828 72999999999999991139  82311 5499999999999999
 55 60 68 77 86 89 85 75 61 44 28 17 11 13 20 31 45 58 65 68 67 64 59 5525 517HK 458 891915 68999999999999991217 112343 5499999999999999
 54 57 62 70 79 84 85 79 68 54 39 26 17 14 17 24 35 47 57 63 65 64 61 5725 518HK 534 862014 659999999999999913 2 14999999999999999999999
 55 55 58 63 69 76 80 78 72 62 50 37 26 19 18 20 27 36 47 55 61 63 62 6025 519HK 616 802121 6399999999999999 024 551354 1799999999999999
 57 55 55 56 60 65 70 73 72 66 58 48 37 28 23 21 23 29 38 47 55 60 63 6325 520HK 712 732224 6399999999999999 132 541457 2199999999999999
 60 57 53 52 51 53 57 62 65 66 63 57 49 40 32 27 25 26 32 40 50 58 63 6525 521HK 835 662313 6599999999999999 336 5116 7 2599999999999999
 64 61 55 50 45 43 44 48 53 59 62 62 59 53 45 38 32 29 31 36 45 55 63 6825 522HK1031 622350 7099999999999999 516 431710 2999999999999999
 69 67 61 52 43 35 31 32 37 45 54 61 64 63 59 51 43 37 34 36 43 52 62 7125 523HK1217 64999999999999999999999 621 3118 3 3499999999999999
 75 75 69 59 46 33 24 19 21 29 40 53 63 68 69 65 57 49 42 41 44 51 61 7225 524HK 023 751336 6999999999999999 712 191849 4199999999999999
 80 83 79 70 56 39 23 12  9 12 23 38 54 67 74 74 70 62 53 48 48 52 60 7125 525HK 056 831438 7599999999999999 759  91931 4799999999999999
 82 89 89 82 69 51 31 13  3  1  7 20 39 58 71 78 78 73 65 56 53 54 60 6925 526HK 131 901532 7999999999999999 844  12011 5299999999999999
 81 92 97 94 84 67 46 24  7 -2 -2  6 22 43 62 75 80 79 74 65 58 56 59 6625 527HK 2 9 971622 8099999999999999 929 -32051 5699999999999999
 76 88 99102 96 83 64 41 19  3 -4 -2  9 26 48 66 76 80 78 72 64 59 59 6325 528HK 25010217 9 80999999999999991016 -42133 5899999999999999
 70 81 94102103 94 80 60 37 17  3 -1  3 14 33 53 68 76 78 75 69 62 58 5925 529HK 3321041754 789999999999999911 2 -12216 5899999999999999
 64 73 84 95102100 90 75 56 35 17  6  4  9 21 39 57 69 74 75 72 66 59 5725 530HK 4151021839 75999999999999991149  423 2 5799999999999999
 59 64 73 84 94 98 94 84 69 52 33 19 11 10 16 29 45 59 68 72 72 68 62 5725 531HK 5 0 981924 72999999999999991235 102353 5599999999999999
 55 57 63 71 80 88 90 85 76 64 48 33 22 17 17 24 35 49 61 68 70 69 65 5925 6 1HK 547 9020 9 70999999999999991322 16999999999999999999999
 55 53 55 60 67 74 80 81 76 69 58 46 34 26 22 24 30 41 53 62 68 69 67 6325 6 2HK 639 812055 6999999999999999 052 531410 2299999999999999
 58 53 51 52 55 60 66 71 71 68 62 54 45 36 30 28 30 36 46 56 64 69 69 6725 6 3HK 739 712141 7099999999999999 210 5115 0 2899999999999999
 62 57 51 48 47 49 53 58 62 63 62 58 53 46 39 35 33 36 42 51 60 67 71 7125 6 4HK 9 2 632228 7199999999999999 350 471553 3399999999999999
 68 62 55 49 44 41 42 45 50 55 58 59 58 54 49 44 40 39 41 48 56 65 71 7425 6 5HK1057 592313 7499999999999999 520 411647 3899999999999999
 73 69 62 53 44 38 34 34 38 44 51 57 60 60 58 54 49 45 44 47 54 62 70 7625 6 6HK1243 612356 7899999999999999 624 341741 4499999999999999
 78 75 69 60 49 38 30 27 28 34 42 51 59 64 65 63 59 53 49 49 53 60 68 7625 6 7HK1354 65999999999999999999999 712 271831 4999999999999999
 81 81 77 68 56 43 31 23 21 24 32 43 55 64 70 71 68 63 57 53 54 59 66 7425 6 8HK 036 821445 7199999999999999 752 211918 5399999999999999
 82 86 84 77 66 51 36 24 17 17 23 34 48 61 71 76 75 71 65 59 57 59 64 7225 6 9HK 114 861526 7699999999999999 829 1720 3 5799999999999999
 81 88 90 86 76 61 44 29 18 14 16 25 39 55 68 77 80 78 72 66 61 60 63 6925 610HK 150 9016 2 8099999999999999 9 6 142044 5999999999999999
 78 87 93 93 85 72 55 37 22 13 12 18 29 45 62 74 80 81 77 71 64 61 61 6625 611HK 226 941637 8199999999999999 942 122123 6099999999999999
 74 84 93 97 93 82 66 48 30 17 11 12 21 35 52 68 78 81 80 75 68 62 60 6225 612HK 3 1 971712 81999999999999991020 1122 0 6099999999999999
 69 78 89 96 97 90 77 60 41 24 14 10 14 25 41 58 71 78 80 77 71 64 60 5925 613HK 336 981748 80999999999999991057 102236 5999999999999999
 63 71 81 92 97 95 85 70 52 34 20 12 11 18 31 47 62 73 77 77 73 66 60 5725 614HK 413 971827 78999999999999991135 112313 5799999999999999
 58 64 72 83 92 94 90 78 63 45 29 17 12 14 23 36 52 65 73 75 74 69 62 5725 615HK 451 9419 6 75999999999999991213 122355 5599999999999999
 55 57 63 72 82 89 89 83 71 56 40 26 17 15 19 28 42 56 67 72 74 71 65 5825 616HK 532 901946 74999999999999991251 15999999999999999999999
 54 53 55 61 70 78 83 82 76 65 51 37 26 20 20 25 35 48 60 69 73 73 69 6225 617HK 620 842025 7399999999999999 045 531331 1999999999999999
 55 51 50 52 57 65 72 76 75 69 60 49 38 29 26 27 33 43 54 65 72 75 73 6825 618HK 717 7621 2 7599999999999999 149 501414 2699999999999999
 60 53 47 45 46 50 57 64 69 69 65 59 50 42 36 34 36 42 51 62 71 77 77 7425 619HK 832 692141 7899999999999999 311 4515 0 3499999999999999
 67 59 50 43 39 39 42 49 57 63 65 64 60 55 49 44 43 45 51 60 70 78 82 8125 620HK1013 652222 8299999999999999 435 381552 4399999999999999
 76 68 58 47 37 31 30 33 41 50 59 64 66 65 62 57 53 52 54 60 69 77 84 8825 621HK12 8 6623 9 8899999999999999 546 301648 5299999999999999
 86 80 70 57 43 31 23 22 26 35 46 57 66 70 71 69 64 61 60 62 68 76 84 9125 622HK1344 71999999999999999999999 647 211746 5999999999999999
 94 91 83 71 55 38 24 16 15 20 30 45 59 70 76 77 75 70 66 65 68 74 81 9025 623HK 0 1 941453 7799999999999999 743 141843 6599999999999999
 97 99 96 86 71 53 34 19 11 10 16 29 46 62 74 80 81 78 73 69 68 71 77 8525 624HK 054 991546 8299999999999999 836  91939 6899999999999999
 94102104 99 88 71 50 30 15  7  8 16 31 50 67 78 83 83 79 73 68 68 71 7725 625HK 1471041631 8499999999999999 927  72035 6899999999999999
 87 98106107100 87 69 47 26 12  6  8 19 36 56 71 81 84 83 77 70 66 66 6925 626HK 2381071711 84999999999999991015  62129 6599999999999999
 77 87 99107106 98 84 65 43 24 12  8 12 24 42 61 75 82 83 80 73 65 61 6225 627HK 3261081746 83999999999999991059  82220 6199999999999999
 67 75 87 99105103 93 78 59 39 22 12 11 17 31 50 67 77 81 81 75 67 60 5625 628HK 4131051818 82999999999999991140 1123 9 5699999999999999
 58 64 73 86 96100 96 86 71 53 35 21 15 17 25 40 57 71 79 80 77 71 62 5525 629HK 4581001848 80999999999999991218 152358 5299999999999999
 52 55 61 71 82 91 92 87 77 63 47 32 23 20 24 34 49 64 75 80 79 74 66 5725 630HK 544 921919 80999999999999991253 20999999999999999999999
 51 49 52 58 67 77 83 83 78 69 57 44 33 27 27 33 44 58 70 78 80 77 71 6225 7 1HK 631 841951 8099999999999999 049 491326 2699999999999999
 54 48 47 50 55 63 70 75 74 69 62 52 43 36 33 36 43 53 65 75 80 80 76 6825 7 2HK 722 752026 8199999999999999 147 471359 3399999999999999
 60 52 47 45 47 51 58 63 67 67 63 58 52 46 42 41 45 52 62 72 79 82 80 7525 7 3HK 826 6721 5 8299999999999999 256 451436 4199999999999999
 67 59 51 45 43 43 47 52 57 61 62 61 59 55 52 50 50 54 61 69 77 83 84 8125 7 4HK10 0 622147 8499999999999999 417 431520 4999999999999999
 75 67 58 50 43 39 39 42 47 53 58 62 63 63 61 59 58 58 62 68 75 81 85 8625 7 5HK1220 632237 8699999999999999 533 391617 5799999999999999
 82 76 67 58 48 40 35 35 38 44 52 59 65 68 69 68 66 64 64 67 73 79 85 8825 7 6HK1359 692333 8999999999999999 635 351725 6499999999999999
 88 85 77 67 56 44 35 31 31 35 43 53 63 70 74 76 74 71 69 69 71 76 82 8825 7 7HK1452 76999999999999999999999 727 301833 6899999999999999
 92 92 87 78 66 52 39 30 26 28 34 45 57 68 76 80 80 77 73 70 70 73 79 8525 7 8HK 029 921530 8199999999999999 812 261934 7099999999999999
 92 96 95 88 77 62 47 33 24 22 26 35 48 62 74 82 84 82 78 73 70 70 74 8025 7 9HK 121 9616 2 8499999999999999 855 222027 6999999999999999
 88 96100 97 88 74 57 40 27 19 19 25 37 53 68 79 85 85 81 75 70 67 68 7325 710HK 2 61001633 8599999999999999 935 182113 6799999999999999
 82 92100102 97 85 69 50 33 21 15 17 27 42 59 73 82 86 83 78 70 65 63 6625 711HK 24810217 4 86999999999999991013 152154 6399999999999999
 73 84 95102102 94 80 62 42 26 16 13 18 31 48 65 78 84 84 80 72 64 59 5925 712HK 3281031735 85999999999999991050 132233 5999999999999999
 64 73 86 97102 99 89 73 54 35 20 13 14 22 37 55 71 80 84 81 75 65 57 5425 713HK 4 810218 4 84999999999999991125 132312 5499999999999999
 55 62 73 86 96 99 94 82 65 46 29 18 15 19 30 46 63 76 82 83 78 69 58 5125 714HK 449 991832 83999999999999991157 152354 4999999999999999
 49 52 60 72 85 93 93 87 74 58 41 27 20 20 27 40 56 71 81 84 81 73 63 5225 715HK 532 941859 84999999999999991228 19999999999999999999999
 46 45 49 58 70 81 87 86 79 67 53 39 29 26 29 38 52 67 79 85 84 79 69 5825 716HK 620 881926 8599999999999999 040 451257 2699999999999999
 48 42 42 46 55 66 75 80 79 72 63 51 41 36 36 41 51 64 76 85 88 85 77 6725 717HK 714 801956 8899999999999999 133 421327 3599999999999999
 55 45 40 39 43 50 60 68 73 72 68 61 54 48 45 48 54 63 74 84 90 90 85 7725 718HK 822 732030 9199999999999999 239 391358 4599999999999999
 66 54 44 38 36 39 45 53 61 66 68 67 63 60 57 56 60 66 74 83 90 94 93 8725 719HK 959 682113 9499999999999999 358 361433 5699999999999999
 78 67 55 44 37 33 34 39 47 55 62 66 68 69 67 66 66 69 74 81 88 94 97 9525 720HK1232 6922 9 9799999999999999 520 331522 6699999999999999
 90 81 70 57 44 34 29 28 33 41 52 61 68 73 75 75 74 73 75 79 84 90 96 9925 721HK1424 752323 9999999999999999 636 281643 7399999999999999
 98 94 86 73 58 43 31 25 23 28 38 50 62 72 78 81 80 78 76 77 79 84 90 9725 722HK1518 81999999999999999999999 742 231819 7699999999999999
101102 98 89 76 58 41 28 20 19 25 37 52 66 77 83 85 83 78 75 74 77 81 8925 723HK 0421031555 8599999999999999 838 191941 7499999999999999
 97104106102 91 75 56 37 23 16 17 25 39 57 72 82 86 86 81 75 70 69 72 7825 724HK 1471061625 8799999999999999 927 162047 6999999999999999
 87 98107108102 90 72 51 32 19 14 17 28 45 64 78 85 87 84 77 69 63 63 6625 725HK 2411081652 87999999999999991010 142139 6299999999999999
 74 86 99107107 99 85 66 45 27 17 15 20 35 54 71 83 87 86 80 70 60 56 5625 726HK 3281081716 87999999999999991047 142223 5599999999999999
 62 72 86 99105103 93 78 59 39 24 17 18 28 44 63 78 86 87 82 73 62 52 4925 727HK 4121051737 87999999999999991119 1623 4 4999999999999999
 51 59 71 85 97100 95 85 69 51 34 23 21 26 38 55 73 84 88 85 77 66 54 4625 728HK 45310018 1 88999999999999991148 202345 4499999999999999
 44 49 58 70 84 92 92 86 75 60 45 32 26 28 36 50 67 81 88 88 82 71 59 4825 729HK 534 931826 89999999999999991214 26999999999999999999999
 42 42 48 58 69 80 85 84 77 67 54 42 34 33 38 49 62 77 87 90 86 77 66 5425 730HK 615 861854 9099999999999999 026 411240 3399999999999999
 45 41 43 48 57 67 75 78 76 69 61 52 44 41 43 50 61 73 84 90 89 83 73 6225 731HK 7 0 781924 9099999999999999 111 4113 5 4199999999999999
 52 44 42 44 49 56 64 70 71 69 65 59 54 50 50 54 62 71 81 88 91 88 81 7125 8 1HK 753 711956 9199999999999999 2 3 421328 5099999999999999
 61 52 46 43 45 49 54 60 65 66 66 64 61 59 58 60 65 71 79 86 90 91 86 7925 8 2HK 910 672032 9199999999999999 3 9 431349 5899999999999999
 70 61 53 47 44 44 47 51 56 61 64 66 67 67 67 67 69 72 77 83 88 91 90 8625 8 3HK2117 91999999999999999999999 434 44999999999999999999999
 80 72 63 55 48 43 42 43 47 53 59 64 69 72 73 74 74 75 77 80 85 89 91 9125 8 4HK2223 91999999999999999999999 558 42999999999999999999999
 88 82 74 65 55 46 40 37 39 44 51 59 67 74 78 79 79 78 77 78 81 84 89 9225 8 5HK1515 792351 9399999999999999 7 6 3718 5 7799999999999999
 93 90 85 76 64 52 41 34 32 34 41 51 62 72 80 83 83 81 78 76 76 78 83 8925 8 6HK1531 83999999999999999999999 759 321927 7599999999999999
 94 96 94 87 75 61 47 34 27 26 31 41 54 67 78 84 86 84 79 74 71 71 75 8225 8 7HK 1 2 961552 8699999999999999 843 262024 7199999999999999
 91 98100 96 87 72 55 39 27 20 21 29 43 59 73 83 87 86 80 73 67 64 66 7325 8 8HK 1551001614 8799999999999999 922 2021 7 6499999999999999
 83 93101103 96 84 66 47 31 20 16 20 32 49 66 79 86 87 82 74 65 58 57 6125 8 9HK 2411031637 8899999999999999 957 162146 5799999999999999
 71 84 96104103 94 78 59 39 24 15 15 24 39 58 74 85 88 85 76 65 55 49 5025 810HK 32310417 0 88999999999999991030 142223 4999999999999999
 57 70 85 98103100 88 71 51 32 20 16 20 32 50 68 82 88 87 80 68 55 45 4225 811HK 4 41031721 899999999999999911 0 1623 0 4299999999999999
 45 55 70 86 98100 94 81 64 45 29 21 21 29 44 62 79 89 90 85 74 59 46 3725 812HK 4461001742 91999999999999991127 202339 3699999999999999
 36 42 54 70 85 94 94 87 74 57 41 30 28 32 43 59 76 88 93 90 81 67 52 3925 813HK 529 9518 4 93999999999999991152 27999999999999999999999
 33 34 41 53 69 82 88 87 79 67 54 42 37 38 46 58 73 87 95 95 89 77 62 4725 814HK 615 881830 9699999999999999 021 321215 3699999999999999
 36 31 33 41 53 66 77 81 79 73 64 54 48 47 51 60 72 85 95 99 95 86 74 5925 815HK 7 7 811859 9999999999999999 1 9 311238 4699999999999999
 46 36 33 35 41 51 62 70 73 72 68 63 58 56 58 64 73 83 93 99 99 94 85 7325 816HK 811 73193410099999999999999 2 8 3313 0 5699999999999999
 60 48 40 36 36 40 47 56 63 67 68 68 66 65 66 69 75 81 89 96 99 98 93 8525 817HK1012 68201710099999999999999 328 351315 6599999999999999
 75 64 53 44 38 36 37 43 50 57 63 67 70 72 73 74 77 80 85 90 95 97 97 9325 818HK2122 97999999999999999999999 5 6 36999999999999999999999
 88 79 69 58 47 38 34 33 37 45 54 62 69 74 78 79 79 79 81 83 87 91 94 9625 819HK2315 96999999999999999999999 635 33999999999999999999999
 95 92 85 74 61 47 36 30 28 33 42 53 65 74 80 83 82 80 77 77 78 81 86 9225 820HK1518 83999999999999999999999 742 281859 7799999999999999
 97 99 96 88 76 60 44 32 25 24 31 43 57 70 80 85 85 82 76 71 69 70 74 8225 821HK 055 991537 8699999999999999 834 242013 6999999999999999
 91 99102 99 89 74 56 39 26 21 23 32 47 64 77 85 87 84 77 68 62 60 62 6925 822HK 1581021556 8799999999999999 915 2021 0 6099999999999999
 80 92101103 98 86 69 49 32 22 19 25 38 55 73 84 88 87 80 69 58 52 51 5625 823HK 2461031614 8999999999999999 950 192138 5099999999999999
 66 80 94102102 94 80 61 42 27 20 22 31 47 66 81 89 89 83 72 59 47 43 4425 824HK 3281031630 90999999999999991019 202213 4299999999999999
 52 65 81 95100 97 87 72 53 36 25 23 29 41 60 77 89 91 87 77 63 48 39 3625 825HK 4 71001649 91999999999999991045 232247 3699999999999999
 41 52 67 83 93 95 90 79 63 46 33 27 30 40 55 72 87 93 90 82 68 53 40 3325 826HK 444 961711 939999999999999911 9 272322 3299999999999999
 34 41 54 69 83 90 89 82 70 56 43 35 34 41 53 68 84 93 94 87 75 60 45 3525 827HK 521 911735 94999999999999991133 342357 3199999999999999
 31 35 44 57 71 81 85 82 74 64 52 44 41 45 54 66 80 91 95 92 82 68 54 4125 828HK 559 8518 0 95999999999999991155 41999999999999999999999
 34 33 39 48 60 71 78 79 75 68 60 53 49 50 57 66 78 89 95 95 88 76 63 5025 829HK 639 791826 9699999999999999 033 331215 4999999999999999
 40 36 37 43 52 61 69 73 73 70 65 60 57 57 61 68 77 86 93 95 91 83 72 6025 830HK 725 741853 9599999999999999 115 361229 5699999999999999
 50 43 40 42 46 53 60 66 68 69 67 65 64 64 66 70 76 83 90 93 93 88 80 7025 831HK 832 691923 9499999999999999 2 6 401229 6399999999999999
 60 52 47 44 44 47 52 57 61 64 66 67 68 69 71 74 77 81 86 89 91 89 85 7825 9 1HK20 1 91999999999999999999999 326 44999999999999999999999
 70 63 55 50 46 44 44 47 52 57 62 66 70 73 75 77 78 80 82 84 87 88 87 8425 9 2HK21 7 88999999999999999999999 515 44999999999999999999999
 80 73 66 58 50 43 39 39 42 47 54 62 69 75 79 80 80 79 78 78 80 83 85 8725 9 3HK1519 802318 8799999999999999 639 391816 7899999999999999
 86 83 77 68 57 47 38 33 32 36 44 55 65 74 80 82 81 78 74 72 72 74 79 8425 9 4HK15 9 82999999999999999999999 735 321932 7199999999999999
 89 90 87 79 67 53 40 30 25 26 34 45 58 71 80 84 83 79 72 66 63 64 69 7725 9 5HK 048 901520 8499999999999999 818 252018 6399999999999999
 86 92 94 89 79 64 47 33 23 20 24 35 50 66 78 85 85 80 72 62 55 53 56 6525 9 6HK 146 941536 8699999999999999 855 202055 5399999999999999
 77 89 96 97 90 76 58 40 26 18 19 27 42 59 75 85 88 83 74 61 49 43 43 5025 9 7HK 233 981553 8899999999999999 927 182130 4299999999999999
 63 79 92 99 97 87 71 52 34 22 19 23 35 53 71 85 90 88 78 64 48 36 32 3525 9 8HK 3161001610 9099999999999999 957 1922 5 3299999999999999
 46 63 81 95 99 95 83 66 47 31 24 25 33 48 67 84 93 92 85 70 52 36 26 2425 9 9HK 358 991628 94999999999999991024 232240 2499999999999999
 31 45 64 83 95 96 90 77 60 44 33 30 35 47 64 82 94 98 92 79 62 42 27 1925 910HK 441 971649 98999999999999991048 302318 1999999999999999
 21 30 46 66 83 91 91 83 71 56 44 39 41 50 63 79 94101 99 89 73 54 35 2225 911HK 524 921713102999999999999991110 392359 1899999999999999
 18 22 32 49 67 80 86 83 77 66 56 48 48 54 64 77 92102104 97 84 68 49 3325 912HK 610 861741104999999999999991132 47999999999999999999999
 23 21 26 36 50 65 75 78 76 71 64 58 55 59 66 76 88 99104102 93 80 65 4825 913HK 7 1 78181310499999999999999 045 211154 5599999999999999
 35 28 27 31 39 50 61 68 71 70 68 65 62 64 69 76 84 93100102 98 89 78 6525 914HK 811 71184910299999999999999 142 271211 6299999999999999
 52 41 35 33 35 40 48 56 62 65 67 68 68 69 71 76 81 87 92 96 96 93 86 7825 915HK1935 97999999999999999999999 3 5 33999999999999999999999
 68 58 49 42 37 36 38 44 50 57 62 67 70 73 74 76 78 81 83 86 89 90 88 8525 916HK2053 90999999999999999999999 454 36999999999999999999999
 80 73 64 54 45 38 34 34 39 47 55 63 70 75 78 78 77 76 75 75 78 81 84 8625 917HK1439 782339 8799999999999999 623 341810 7599999999999999
 87 84 78 69 57 45 35 30 31 36 46 57 67 75 80 81 78 73 68 66 65 68 74 8125 918HK1440 81999999999999999999999 725 301934 6599999999999999
 87 89 88 81 69 55 41 31 26 28 37 49 63 74 81 83 80 73 65 58 54 55 61 7025 919HK 1 9 891455 8399999999999999 810 262019 5499999999999999
 80 89 92 89 80 66 50 35 26 25 30 41 57 72 82 86 84 76 65 53 46 44 47 5625 920HK 2 3 921510 8699999999999999 846 242053 4499999999999999
 69 82 91 93 88 77 60 43 30 25 26 35 50 67 81 88 87 80 68 53 41 35 36 4325 921HK 246 931524 8899999999999999 915 242124 3599999999999999
 55 71 85 92 92 84 71 54 38 28 27 33 45 62 79 89 90 85 73 57 41 30 27 3125 922HK 324 931541 9199999999999999 941 272155 2799999999999999
 42 58 75 88 92 88 78 64 48 35 31 34 43 58 75 89 93 89 79 63 46 31 23 2425 923HK 359 9216 1 939999999999999910 5 312225 2299999999999999
 31 45 63 79 88 89 83 72 58 45 37 37 44 56 72 87 95 94 85 70 53 36 24 2025 924HK 435 901623 96999999999999991029 362255 2099999999999999
 24 35 51 68 81 87 84 77 66 54 45 43 47 56 69 84 94 97 91 78 62 44 29 2125 925HK 510 871647 97999999999999991052 422327 2199999999999999
 22 29 42 57 72 81 83 79 71 62 54 49 51 58 69 81 92 98 95 85 70 54 38 2725 926HK 546 831711 98999999999999991114 49999999999999999999999
 24 27 36 48 62 73 78 78 73 67 60 56 56 60 68 79 89 96 97 90 78 63 48 3625 927HK 623 791735 9799999999999999 0 0 241132 5599999999999999
 29 29 33 42 53 64 71 74 73 69 65 61 61 63 69 77 85 92 95 92 84 72 59 4625 928HK 7 7 7418 1 9599999999999999 036 281144 6099999999999999
 38 34 34 39 46 55 62 67 69 68 67 65 65 67 70 76 82 88 91 91 86 78 68 5725 929HK 812 691828 9299999999999999 119 331144 6599999999999999
 47 41 38 39 41 46 53 58 62 65 66 67 68 70 72 75 78 82 85 87 86 81 74 6625 930HK19 3 87999999999999999999999 225 38999999999999999999999
 58 50 45 41 39 40 43 48 53 58 63 67 70 72 74 75 76 77 78 80 81 80 77 732510 1HK20 6 81999999999999999999999 416 39999999999999999999999
 67 61 53 47 41 37 35 38 43 49 57 64 70 74 76 76 74 72 70 71 72 75 76 772510 2HK1425 762245 7799999999999999 551 351824 7099999999999999
 75 71 64 55 46 37 31 30 33 40 49 59 68 75 78 77 73 68 63 60 61 65 70 762510 3HK1417 78999999999999999999999 652 301921 6099999999999999
 79 79 75 66 55 43 32 26 25 31 40 53 65 75 80 80 75 66 58 51 48 51 58 682510 4HK 031 801427 8199999999999999 736 251959 4899999999999999
 77 83 84 78 67 53 39 28 23 25 33 47 62 74 82 83 78 68 55 44 37 36 43 542510 5HK 134 841441 8499999999999999 813 232033 3699999999999999
 69 81 88 88 80 66 50 36 26 24 30 42 58 73 84 88 84 73 57 41 29 24 27 372510 6HK 224 891457 8899999999999999 845 2421 7 2499999999999999
 54 72 86 92 89 79 64 48 35 29 31 40 54 72 86 93 91 81 64 45 27 16 14 212510 7HK 310 921515 9399999999999999 914 292142 1399999999999999
 36 56 76 89 93 88 77 61 46 37 35 41 53 69 86 97 98 90 75 55 33 15  7  92510 8HK 354 931536 9999999999999999 941 352219  799999999999999
 19 37 59 79 89 91 85 73 59 47 42 45 54 68 84 98104 99 87 68 45 24  9  42510 9HK 438 9116 21049999999999999910 6 422258  499999999999999
  9 22 41 63 79 87 86 80 69 58 50 50 57 67 81 96106106 97 81 61 39 20  9251010HK 522 871632107999999999999991031 492340  799999999999999
  7 14 27 46 64 77 81 80 74 66 58 56 59 67 78 91102107103 92 76 57 37 21251011HK 6 9 8117 5107999999999999991056 56999999999999999999999
 14 14 21 33 49 63 72 75 73 70 65 61 61 67 75 84 95102104 97 86 71 55 39251012HK 7 4 75174110499999999999999 028 131122 6099999999999999
 27 22 22 27 37 49 60 66 69 69 67 65 64 67 72 79 86 93 97 96 90 80 69 56251013HK 833 691821 9799999999999999 125 211147 6499999999999999
 44 35 30 29 32 39 48 56 61 65 67 67 68 68 70 74 78 82 86 88 87 83 76 69251014HK1913 88999999999999999999999 245 29999999999999999999999
 60 50 42 36 33 34 38 45 52 59 64 68 70 71 71 71 71 72 73 76 78 78 77 75251015HK2052 78999999999999999999999 424 33999999999999999999999
 70 64 55 47 39 34 33 36 43 51 59 66 71 74 73 71 67 64 62 62 64 68 72 75251016HK1321 742346 7599999999999999 546 331828 6299999999999999
 75 73 67 58 48 39 33 32 36 44 54 64 72 76 77 74 67 60 54 50 51 55 61 69251017HK1340 77999999999999999999999 644 311925 5099999999999999
 75 77 75 69 58 46 36 31 31 37 48 60 71 78 81 78 70 59 49 42 39 41 48 59251018HK 1 7 771358 8199999999999999 727 3020 3 3999999999999999
 69 77 80 77 68 56 43 34 31 34 42 55 69 79 84 82 75 63 49 37 30 30 35 46251019HK 2 0 801415 8499999999999999 8 1 312035 2999999999999999
 60 73 80 81 77 66 53 41 34 34 40 51 65 79 87 87 81 69 52 36 25 21 24 33251020HK 242 821433 8899999999999999 831 3321 4 2199999999999999
 48 64 77 83 82 75 63 50 40 37 40 49 62 77 88 91 86 75 59 41 25 16 16 23251021HK 320 831453 9199999999999999 859 372132 1599999999999999
 36 54 71 81 85 81 72 60 48 42 42 49 60 74 87 94 92 82 67 48 30 17 12 16251022HK 355 851516 9599999999999999 926 4122 2 1299999999999999
 27 43 61 76 84 84 78 69 58 49 46 50 59 71 85 95 96 89 75 57 38 22 13 12251023HK 429 851541 9799999999999999 953 462232 1199999999999999
 20 33 51 68 80 84 81 74 65 56 52 53 59 69 82 93 98 95 83 67 48 30 18 13251024HK 5 3 8416 6 98999999999999991019 5123 3 1399999999999999
 17 27 42 59 73 80 81 77 70 63 57 56 60 68 79 90 97 97 89 75 58 41 26 18251025HK 538 821632 98999999999999991043 562336 1699999999999999
 17 23 35 49 63 74 78 77 73 67 61 59 61 67 75 85 93 96 93 82 67 51 36 25251026HK 615 781659 969999999999999911 4 59999999999999999999999
 21 23 30 41 54 65 72 74 72 69 65 62 62 66 72 80 88 92 92 86 74 61 46 34251027HK 7 0 741726 9399999999999999 011 211123 6299999999999999
 27 25 28 35 44 55 63 67 69 68 66 64 64 66 70 75 81 86 88 85 78 68 56 44251028HK 8 6 691758 8899999999999999 053 251141 6499999999999999
 35 30 29 31 37 44 53 59 63 66 66 66 66 67 68 71 74 78 80 81 78 72 63 54251029HK1838 81999999999999999999999 148 29999999999999999999999
 45 38 33 31 32 36 42 49 56 61 65 67 68 68 68 68 68 69 71 72 73 71 68 62251030HK1948 73999999999999999999999 310 31999999999999999999999
 55 47 40 35 32 31 34 40 48 55 62 67 70 70 69 66 63 60 59 61 64 66 68 67251031HK1241 712214 6899999999999999 441 311754 5999999999999999
 64 58 51 43 36 31 30 33 40 49 58 66 72 74 72 67 60 53 49 47 50 56 62 672511 1HK13 0 74999999999999999999999 549 301849 4799999999999999
 70 68 63 55 45 36 31 30 34 43 54 65 74 78 77 71 61 50 40 35 35 40 50 612511 2HK 010 701319 7899999999999999 639 301930 3499999999999999
 70 75 74 68 58 47 37 33 33 40 51 64 75 82 83 78 66 51 36 25 21 24 33 482511 3HK 122 751337 8499999999999999 720 3220 7 2199999999999999
 63 75 80 79 72 61 48 40 37 40 49 62 76 87 90 86 75 59 39 22 12 10 16 302511 4HK 218 811359 9099999999999999 755 372044 1099999999999999
 49 67 80 85 82 74 62 50 43 44 50 61 75 89 97 96 87 71 50 27 10  2  3 132511 5HK 3 8 851425 9899999999999999 828 432122  199999999999999
 31 52 72 84 87 83 74 62 52 49 52 60 73 88100104 98 84 64 41 18  3 -3  12511 6HK 355 87145510499999999999999 859 4922 2 -399999999999999
 14 34 57 75 85 86 81 72 62 55 55 61 70 84 98107107 97 80 58 34 13  0 -22511 7HK 441 86152810899999999999999 930 542245 -299999999999999
  4 19 40 61 76 83 82 78 69 61 58 60 68 78 91104109105 92 74 53 30 12  32511 8HK 527 8316 41099999999999999910 2 582330  299999999999999
  3 11 25 45 63 74 78 78 73 66 61 60 65 73 83 95104106 99 86 69 49 30 152511 9HK 616 791643107999999999999991037 60999999999999999999999
  9 10 18 32 49 63 71 74 73 69 64 61 62 67 75 84 93 99 99 91 79 64 48 32251110HK 712 74172610099999999999999 019  91115 6199999999999999
 21 17 19 25 37 50 61 67 70 69 67 64 62 63 68 73 80 87 90 89 82 73 61 48251111HK 823 701812 9199999999999999 113 1712 2 6299999999999999
 36 28 24 25 31 40 51 60 65 67 68 66 64 62 63 65 68 72 77 79 78 74 67 59251112HK 944 681911 7999999999999999 217 241315 6299999999999999
 50 41 34 30 30 34 42 51 59 65 68 69 67 65 62 60 59 60 62 66 68 69 68 64251113HK1054 692049 6999999999999999 329 3016 6 5999999999999999
 59 52 45 38 34 33 37 44 53 61 67 70 71 69 65 59 54 51 50 51 55 59 62 64251114HK1144 712321 6499999999999999 439 331757 5099999999999999
 64 61 55 48 41 36 36 40 47 57 65 72 75 74 70 62 54 46 40 39 41 46 53 60251115HK1220 75999999999999999999999 538 351856 3999999999999999
 64 66 64 58 50 42 38 39 44 52 62 72 77 79 76 68 57 45 36 30 29 34 42 52251116HK 054 661249 7999999999999999 626 381937 2999999999999999
 61 67 69 67 60 51 44 41 43 49 59 70 79 83 82 75 64 49 35 25 21 23 30 42251117HK 155 691316 8399999999999999 7 7 412011 2199999999999999
 55 66 72 73 69 62 52 46 45 48 56 67 78 86 87 82 72 57 40 25 17 15 20 31251118HK 242 741343 8899999999999999 745 442042 1599999999999999
 46 62 72 77 77 71 62 53 49 50 55 65 76 86 92 89 80 65 47 30 16 11 13 22251119HK 321 781411 9299999999999999 820 482112 1199999999999999
 37 54 69 78 81 78 71 62 55 52 55 63 73 85 93 95 88 75 57 38 21 11  9 15251120HK 356 811440 9599999999999999 854 522144  999999999999999
 27 44 62 75 82 82 77 69 61 56 56 61 70 82 92 97 94 83 67 48 29 15  9 11251121HK 429 8215 9 9799999999999999 927 562216  899999999999999
 20 35 53 69 79 82 80 74 66 60 58 60 67 77 88 96 98 91 77 59 40 23 12 10251122HK 5 2 821539 9899999999999999 958 582249 1099999999999999
 15 27 43 60 73 80 80 77 70 64 59 60 64 72 83 93 97 94 84 69 50 33 19 12251123HK 537 8116 9 97999999999999991027 592324 1299999999999999
 13 21 34 49 64 74 77 76 72 66 61 59 62 68 76 86 93 94 88 76 60 43 28 18251124HK 614 781640 95999999999999991056 59999999999999999999999
 14 17 26 39 54 65 72 74 72 68 63 60 60 63 70 78 86 90 88 80 68 53 37 25251125HK 658 741713 9099999999999999 0 0 141128 6099999999999999
 18 17 22 31 43 55 65 69 70 69 65 61 59 60 64 70 76 82 84 80 72 60 47 34251126HK 750 701751 8499999999999999 040 1712 8 5999999999999999
 25 20 21 26 34 45 56 63 67 68 67 64 60 59 60 62 66 71 75 76 72 65 55 44251127HK 850 681839 7699999999999999 124 201310 5999999999999999
 34 27 24 25 29 37 47 57 63 67 68 66 63 60 57 56 57 59 63 67 68 66 61 54251128HK 951 681951 6899999999999999 217 2415 8 5699999999999999
 45 37 31 29 29 33 41 50 59 66 69 70 67 63 58 53 49 48 50 54 58 62 62 60251129HK1041 702145 6299999999999999 321 281658 4899999999999999
 56 49 43 37 34 34 38 46 55 64 70 74 73 69 62 53 45 39 37 39 44 51 58 62251130HK1121 742348 6399999999999999 427 3318 6 3799999999999999
 63 61 56 49 43 40 40 44 52 62 71 77 79 77 70 59 46 35 27 25 28 36 47 572512 1HK1156 79999999999999999999999 526 391856 2599999999999999
 65 68 67 63 56 49 46 47 52 61 71 80 86 86 80 69 54 37 23 15 14 19 31 452512 2HK 117 681230 8699999999999999 617 461942 1399999999999999
 60 70 75 74 69 61 54 52 54 60 70 80 90 94 91 82 67 47 28 13  5  6 14 292512 3HK 222 7513 7 9499999999999999 7 2 522026  499999999999999
 47 64 75 80 79 73 65 58 57 61 68 78 90 99101 95 82 63 41 19  5 -1  1 122512 4HK 317 80134610199999999999999 745 572110 -299999999999999
 30 51 69 79 83 81 74 66 61 61 66 74 85 97105105 96 80 58 35 13  0 -4  12512 5HK 4 5 83142710699999999999999 827 602156 -499999999999999
 15 35 56 72 81 83 80 73 65 61 63 69 78 91103109105 94 76 54 30 10 -1 -22512 6HK 451 83151010999999999999999 9 9 612242 -399999999999999
  4 20 40 61 74 80 81 77 69 63 60 64 70 80 93104108102 89 71 49 27 10  22512 7HK 534 81155410899999999999999 953 602328  199999999999999
  2 11 27 46 64 74 78 77 72 65 59 59 62 70 80 92101103 96 83 65 45 26 122512 8HK 616 781638103999999999999991039 58999999999999999999999
  7  9 18 34 52 66 73 75 73 68 61 56 56 60 68 77 88 95 94 87 75 59 42 262512 9HK 658 751725 9599999999999999 012  71130 5699999999999999
 16 13 17 27 41 56 67 72 73 70 64 58 54 54 57 64 72 80 85 83 77 66 54 40251210HK 739 731814 8599999999999999 056 131227 5399999999999999
 28 21 20 25 34 47 60 68 72 71 68 62 55 52 51 53 58 65 71 74 72 67 60 50251211HK 821 721910 7499999999999999 139 201338 5199999999999999
 40 31 27 28 33 42 53 63 70 72 71 67 60 54 50 48 48 51 56 61 63 63 60 55251212HK 9 5 722024 6499999999999999 224 271517 4899999999999999
 49 42 36 34 35 40 48 58 67 72 74 72 67 60 53 47 43 41 43 47 51 55 57 57251213HK 952 742225 5799999999999999 312 341659 4199999999999999
 55 51 47 42 40 42 47 54 63 71 75 76 73 67 59 50 42 36 34 35 39 45 51 55251214HK1040 76999999999999999999999 4 7 401813 3499999999999999
 58 58 56 52 49 47 48 53 60 68 75 79 79 75 68 58 46 36 29 27 29 34 42 51251215HK 039 581128 7999999999999999 5 7 4719 5 2799999999999999
 58 62 64 62 58 54 52 53 58 65 73 80 83 82 76 67 54 41 29 22 21 24 33 44251216HK 159 641214 8399999999999999 6 5 521947 2199999999999999
 55 63 69 70 68 63 58 56 58 63 70 78 85 87 84 76 64 48 34 22 16 17 23 35251217HK 250 701257 8799999999999999 7 0 562024 1699999999999999
 48 61 70 75 75 71 65 61 59 62 68 75 84 90 90 85 74 58 41 26 16 12 16 25251218HK 329 751337 9199999999999999 749 592059 1299999999999999
 40 55 69 77 79 77 72 66 61 61 65 72 81 89 94 92 83 69 52 34 19 11 11 17251219HK 4 2 791414 9499999999999999 834 612134 1099999999999999
 30 47 63 75 81 81 77 70 64 61 62 67 76 86 94 96 91 79 63 44 26 14  8 11251220HK 432 811451 9699999999999999 915 612210  899999999999999
 21 36 54 69 78 81 79 74 67 61 59 62 69 79 90 96 96 87 73 55 35 19 10  8251221HK 5 3 811526 9799999999999999 952 592245  799999999999999
 14 26 43 60 73 79 80 75 69 62 58 58 63 71 83 92 96 92 81 65 46 28 14  8251222HK 535 8016 0 96999999999999991027 572319  799999999999999
  9 18 33 50 65 74 78 76 70 63 57 55 57 63 73 84 92 92 86 73 56 37 21 11251223HK 6 8 781636 939999999999999911 3 552353  899999999999999
  8 13 24 39 56 68 74 75 72 65 58 53 52 56 63 73 83 88 86 77 64 47 31 18251224HK 642 751713 88999999999999991141 52999999999999999999999
 11 12 19 31 46 60 70 74 73 68 60 53 50 50 54 62 71 79 82 78 69 56 41 27251225HK 716 741755 8299999999999999 026 111225 4999999999999999
 18 15 18 26 39 53 65 71 73 70 64 56 50 47 47 51 58 66 73 74 70 61 50 38251226HK 750 731845 7499999999999999 059 151319 4699999999999999
 28 22 21 26 35 47 59 69 73 73 69 62 53 47 43 43 46 52 59 65 66 63 57 48251227HK 825 741948 6699999999999999 134 211431 4399999999999999
 40 33 29 31 36 45 56 66 73 76 74 68 60 51 44 39 38 39 44 51 57 60 59 56251228HK 9 1 762119 6099999999999999 212 291558 3899999999999999
 51 45 41 39 41 46 54 64 73 78 79 76 69 60 50 40 34 30 31 36 43 51 56 59251229HK 941 792331 5999999999999999 257 391719 3099999999999999
 59 57 53 50 49 51 56 63 72 79 83 83 79 71 61 48 36 27 22 22 27 36 46 55251230HK1029 84999999999999999999999 354 491827 2199999999999999
 61 64 65 63 60 59 60 65 71 78 85 89 88 83 74 61 45 31 19 14 14 21 32 45251231HK 137 651123 8999999999999999 459 591925 1399999999999999
