 -2 14 44 83122153172175165146125110105113131155175183176153117 76 37  925 1 1HM 64317517 5183999999999999991153105999999999999999999999
 -4  1 24 59 99136163175172156135114102102115137162179183171143105 65 3025 1 2HM 716175174518499999999999999 013 -5123010099999999999999
  7  0 12 40 77116148168173164146123104 96101118141164177176160131 95 5825 1 3HM 750174182717999999999999999 051  013 9 9699999999999999
 28 12 13 30 60 96131157170168154133111 95 91 99118140159169165147120 8825 1 4HM 823171191316999999999999999 129 101351 9099999999999999
 57 35 26 32 53 83115143161167160142120 99 86 85 9511313314915515113611325 1 5HM 85516720 815599999999999999 2 5 251436 8499999999999999
 86 63 48 46 56 77104130151163162150130108 89 79 79 8810312013314013812825 1 6HM 927164211814199999999999999 242 451531 7799999999999999
110 92 76 68 70 81 99121141156161155140120 99 81 71 69 75 8710211712612925 1 7HM10 0161224812999999999999999 320 681642 6999999999999999
124114103 95 91 94103116132147157158150134114 93 75 62 56 59 69 8510111525 1 8HM1037159999999999999999999999 4 6 911811 5699999999999999
124126124119115112113117126138149156155146131111 90 68 51 41 41 51 69 8925 1 9HM 056126112515699999999999999 5221121931 3999999999999999
109124133137137133128124125130139149155155148133112 87 61 38 24 24 36 5725 110HM 322137123015699999999999999 7251242034 2299999999999999
 83108129144151151145136128125129138148156159153138114 83 51 25 10 10 2525 111HM 427152135115999999999999999 8541252128  899999999999999
 51 82113139156163160149136125121126137150161165160141112 76 40 12 -1  225 112HM 5 9163145916599999999999999 9561212217 -299999999999999
 22 53 89124151167169161146129117115123137154168173164141106 67 29  3 -725 113HM 543170155317399999999999999104311523 1 -799999999999999
  2 27 63102138162172169155136118108110122141162176178163135 96 55 20 -225 114HM 61317316361799999999999999911221072342 -799999999999999
 -6  9 40 80120152170172161143122106100107125148169180176156123 83 44 1425 115HM 6401731715181999999999999991157100999999999999999999999
 -1  3 25 61102138163171165149127107 95 95108130155173178168143108 70 3625 116HM 7 4171175117899999999999999 018 -21229 9399999999999999
 13  7 20 49 87124153168167154133110 93 87 93112136158170169154127 94 6025 117HM 726170182617299999999999999 050  713 0 8799999999999999
 34 20 23 43 76112143163168158139116 96 83 83 95115137154161155138111 8225 118HM 74816819 316199999999999999 119 191332 8199999999999999
 56 38 34 46 70102133156166161146123101 84 78 82 9611513314514814012210025 119HM 811166194414899999999999999 146 3414 6 7799999999999999
 77 59 51 55 71 96124147161162151131109 89 78 75 82 9511112513313312611125 120HM 836163203413499999999999999 211 511444 7599999999999999
 94 79 70 69 78 95116137153160154139118 98 83 74 74 80 9010211312012111625 121HM 9 3160214112199999999999999 236 681533 7399999999999999
106 96 89 86 89 99113129144153154145128109 92 79 73 71 74 81 9010110911225 122HM 933155231911399999999999999 259 861647 7199999999999999
112109105103104107114123135145150147136121104 89 77 69 64 64 69 79 9110225 123HM1010150999999999999999999999 3221031832 6499999999999999
110115118119119119119122127135142145142132119104 88 74 61 53 51 57 69 8425 124HM10591459999999999999999999991945 51999999999999999999999
100113124131134132128124123127133140144142134122105 86 66 49 38 37 46 6225 125HM 4 9134121114499999999999999 7471232038 3699999999999999
 83104123138145146140131123120123131140147148141127106 80 54 34 23 24 3725 126HM 433147133914899999999999999 8591202123 2299999999999999
 60 87114137153158153141127117114120132145155158150131102 70 39 17  8 1425 127HM 458158144715899999999999999 94811422 6  899999999999999
 34 63 97129154166165153135118108108118136154168170157130 95 57 24  2 -225 128HM 52516715391709999999999999910291062247 -399999999999999
 10 37 74113146168174165146124105 98103120144166180178159125 84 43 10 -725 129HM 55317416231819999999999999911 6 972326 -999999999999999
 -6 14 49 91132162177175158133108 91 88100124153177188180154116 72 31  225 130HM 62017817 6188999999999999991142 87999999999999999999999
 -9  1 28 69113150174179168144115 90 77 81100130161183189175145104 62 2525 131HM 648180174818999999999999999 0 3 -91218 7799999999999999
  3  0 18 52 94135165179174154125 95 73 66 77102135164181182164133 94 5625 2 1HM 714179183118499999999999999 038 -11254 6699999999999999
 27 14 20 44 81120153173176162136104 76 59 59 76104135160172169150120 8725 2 2HM 739177191717399999999999999 111 131330 5799999999999999
 57 38 34 48 76109142165174166145116 85 61 50 56 7510212814915715213511125 2 3HM 8 317420 915799999999999999 141 331410 5099999999999999
 86 66 57 62 79105133156168167153128 98 71 53 47 55 72 9411613314013612425 2 4HM 82717021 914099999999999999 2 9 571456 4799999999999999
107 92 82 81 90107128147161165157139114 88 66 52 47 53 65 8310011512212325 2 5HM 851165223112399999999999999 234 801556 4799999999999999
117110104103106115127140152158157146129108 86 68 55 48 48 55 68 84 9810925 2 6HM 920159999999999999999999999 2501031728 4799999999999999
115118120121123126130136143148151148139126110 92 74 58 45 39 42 53 68 8625 2 7HM10 01519999999999999999999991911 39999999999999999999999
101115126134138139137135135137140143142139131119101 80 58 39 29 29 40 5825 2 8HM 440139112614399999999999999 7371342027 2799999999999999
 80102123139149151146138130126127131138143145142130109 81 53 29 17 18 3225 2 9HM 446151135814599999999999999 9181262125 1699999999999999
 55 83112137153160156144130118114117126138150157153137110 77 44 19  7 1225 210HM 5 516015121579999999999999910 61142212  799999999999999
 31 61 95128152164163151133115104102110126146162168161138105 67 32  9  325 211HM 52516515591689999999999999910411012251  399999999999999
 14 41 76114146165169159139117 98 89 93109133157173175160131 93 54 22  525 212HM 5451691638176999999999999991111 892326  399999999999999
  6 26 60100137162171165146121 97 82 79 91115143167179174152118 79 42 1625 213HM 6 41711713180999999999999991140 782357  899999999999999
  8 19 47 86126156172169153127100 78 69 74 95124153173178165138102 65 3525 214HM 62217317461789999999999999912 8 68999999999999999999999
 18 20 41 75115149170173159135106 79 63 62 76102133159172169151121 87 5625 215HM 640174182017399999999999999 024 161235 6099999999999999
 34 28 41 69105140165173165142113 84 62 54 61 82110138158164155134106 7725 216HM 659173185516499999999999999 050 2813 2 5499999999999999
 54 43 47 67 98131158171168150122 92 67 52 52 66 89116138151151140119 9525 217HM 719172193315399999999999999 113 421330 5099999999999999
 73 60 59 71 95123149165168155131102 75 56 50 56 72 9411613214013712510825 218HM 740169201514099999999999999 134 5814 0 5099999999999999
 90 77 73 80 96117140157163157139113 86 65 53 53 62 77 9411112312812411525 219HM 8 216321 612899999999999999 153 731433 5299999999999999
103 93 89 92101115132147156155143123 99 78 63 56 58 65 76 8910211211611525 220HM 827157221811699999999999999 2 8 891519 5699999999999999
111106104105110118128138146149144131112 93 77 66 61 60 63 70 80 9110110825 221HM 855149999999999999999999999 2101041643 6099999999999999
112114116119121124127131136140141135124110 96 83 71 62 56 55 59 68 80 9425 222HM 9361419999999999999999999991847 55999999999999999999999
106116125131134133130128128130133135133126117105 90 74 58 47 42 45 56 7325 223HM 416134105813599999999999999 73612820 7 4299999999999999
 92111128140146145138129122119122128134138137130115 95 71 49 33 26 32 4725 224HM 417146132113899999999999999 85811921 3 2699999999999999
 70 97123144156157148134120110108115127140150153144123 94 63 35 17 12 2225 225HM 435158144315399999999999999 9411082149 1299999999999999
 45 77111141162168161143122104 94 97111132153167168154126 89 52 21  4  425 226HM 4561681536170999999999999991017 942230  299999999999999
 22 53 92131160175172154129102 83 78 89112141168182180158123 81 41 12 -125 227HM 5191761621184999999999999991050 7823 8 -199999999999999
  6 32 71114152175180166139107 78 63 65 84117152180192183155116 72 34  925 228HM 54318017 4192999999999999991124 612344  399999999999999
  4 20 54 97139170183175150116 81 54 45 56 85124161187193178147107 65 3325 3 1HM 6 61831747193999999999999991157 45999999999999999999999
 16 21 45 83125161180180161128 89 55 34 34 54 89130164184185167136 98 6425 3 2HM 629183183218799999999999999 017 151232 3199999999999999
 40 34 48 77115150174181169141103 65 35 23 31 56 93131160174170152124 9425 3 3HM 651181191917599999999999999 048 3413 7 2399999999999999
 69 56 60 80109141166178173151118 81 47 26 21 34 61 9412614815715313711525 3 4HM 71217820 915799999999999999 116 561345 2099999999999999
 95 81 79 89110135157171171158132100 67 41 27 27 41 64 9111513213813512525 3 5HM 73417321 813999999999999999 141 781429 2599999999999999
112102 98103115132149161165159142117 89 64 45 36 37 46 63 8210111412112225 3 6HM 755166223612299999999999999 159 981526 3599999999999999
119116115117123132142151155154145129109 89 72 57 48 45 48 58 71 86 9910925 3 7HM 817156999999999999999999999 1491151659 4599999999999999
116121126130133135138140142143140133123112 99 85 71 57 48 45 49 60 74 9025 3 8HM 8391439999999999999999999991855 45999999999999999999999
104118130139142141137133130128129129129127123114 99 80 61 45 37 40 51 6825 3 9HM 4141429999999999999999999992016 37999999999999999999999
 88110129143150148140129119114113118125133138137127108 83 57 38 29 33 4825 310HM 417150142413999999999999999 9321132112 2999999999999999
 70 97123144156156146130114101 97102113129144153150135109 78 49 29 23 3225 311HM 430157151815399999999999999 958 972154 2399999999999999
 53 83114142159162153135113 94 83 84 96117140158165157135103 69 40 23 2325 312HM 4461631558165999999999999991025 822230 2199999999999999
 40 68103136159167160142116 91 73 68 77 99127154171171156127 92 57 32 2325 313HM 5 11671633173999999999999991051 6823 1 2399999999999999
 32 57 92128157170167149122 93 68 56 59 78108141166177170147115 79 49 3125 314HM 51817117 7177999999999999991117 552330 2899999999999999
 31 49 82119152171172157130 98 68 48 45 59 86121153173176162134101 69 4525 315HM 5351741740177999999999999991143 442356 3799999999999999
 37 48 74110145169176164139106 72 47 36 42 65 99133160172168149120 89 6325 316HM 55217618131739999999999999912 8 36999999999999999999999
 49 52 71102136163175170148115 80 50 33 32 48 77111142161166156134107 8125 317HM 611176184816699999999999999 021 481233 3099999999999999
 64 61 73 97128155172172155126 91 58 36 28 37 59 89120144156155141120 9825 318HM 631174192415799999999999999 044 601258 2899999999999999
 80 73 78 96121146164170159135103 70 45 32 33 48 71 9912314014714212811125 319HM 65117020 314799999999999999 1 6 731324 3099999999999999
 95 86 87 98116137155164160142115 85 58 41 36 43 59 8010212113313513011925 320HM 712164204913699999999999999 125 861354 3699999999999999
108100 98104116131145155156145125 99 74 55 45 45 52 66 83 9911412212512225 321HM 735156215412599999999999999 143 981433 4499999999999999
117112111113119127137145148144132113 92 74 61 54 53 58 66 78 9110411311825 322HM 8 0148999999999999999999999 1531111539 5399999999999999
121122123124126128131135137138133123110 96 82 71 62 57 56 60 68 81 9410725 323HM 8331389999999999999999999991743 56999999999999999999999
118127133136136133129126126127128127124117107 95 81 67 55 48 48 56 71 8925 324HM 320137101712899999999999999 7491261927 4799999999999999
109126140148148141131121114112116122129133132124108 87 66 47 37 36 47 6725 325HM 330149131913399999999999999 8471122031 3599999999999999
 92118141156159152137119104 96 97107123139150151140118 89 60 38 26 28 4425 326HM 349159143615299999999999999 921 952121 2599999999999999
 71103135158168164146122 98 81 75 84104130154168168151122 87 54 30 20 2825 327HM 410169152817099999999999999 953 7522 4 2099999999999999
 51 85123155173174158130 98 71 55 56 75106141170184179157122 83 49 27 2325 328HM 4331761615185999999999999991025 532243 2299999999999999
 38 69108146172181170142106 69 42 32 43 73113153182193183156119 80 49 3325 329HM 45518117 0193999999999999991059 322319 3299999999999999
 36 59 94134166183179156119 77 40 17 16 37 76121161187193179150114 79 5525 330HM 5191841746194999999999999991133 142354 4799999999999999
 47 59 86123157180184168135 93 50 17  2 10 39 82127163184185169141110 8225 331HM 54218518331879999999999999912 9  2999999999999999999999
 67 68 86115147173183176150112 69 30  5 -1 14 47 8812815817317115513210825 4 1HM 6 5184192217499999999999999 026 651246 -299999999999999
 90 84 92113139163178177160130 92 53 22  5  6 24 55 9112414715715414212625 4 2HM 628180201615799999999999999 056 841327  399999999999999
111102103115133153168172164143113 79 48 26 16 20 37 62 9111513314013913225 4 3HM 652173212014199999999999999 1231011412 1599999999999999
124117116121131144156162160148127102 76 54 39 32 35 47 65 8610511912612925 4 4HM 715162231112999999999999999 1461161511 3299999999999999
128127126128131137144148149144133118101 84 68 56 48 47 53 65 80 9510911925 4 5HM 737149999999999999999999999 1521261640 4699999999999999
126131134135135134133134134132129124117108 97 84 71 59 53 53 61 74 9010525 4 6HM 3 31359999999999999999999991824 52999999999999999999999
119131139142140134127121117116118121123124121112 98 80 64 53 51 58 72 9025 4 7HM 3 5142124812499999999999999 8461161944 5199999999999999
110128141148147138126112103 99101109120130136135124105 83 63 50 49 58 7625 4 8HM 320148142113799999999999999 9 6 992039 4899999999999999
 99122141153154145129109 93 83 82 92108126142150146130106 80 59 47 49 6425 4 9HM 33615515 915099999999999999 931 812122 4699999999999999
 87114139156160153135111 88 71 65 72 90114139156161151129102 74 54 47 5525 410HM 352161154916199999999999999 958 652158 4799999999999999
 76105134156166161143117 88 64 51 52 69 96127153167166150124 95 68 53 5325 411HM 4 91661625169999999999999991024 502231 5199999999999999
 68 95126153169168152125 93 63 42 37 48 74108141165173165144116 87 65 5725 412HM 42717017 0173999999999999991050 3623 1 5799999999999999
 65 87118148168173161135101 67 40 27 31 53 86123154172173159135106 81 6625 413HM 4461741734174999999999999991115 262329 6499999999999999
 67 83110141165175168145112 75 43 23 20 35 64101136162172167149124 98 7925 414HM 5 617518 9172999999999999991141 192356 7399999999999999
 73 82104132158174173155124 87 52 26 16 23 46 80116146164167157137114 9325 415HM 52717518431689999999999999912 6 15999999999999999999999
 82 85100124150168173162136101 64 35 18 18 33 61 9412615016115814512610725 416HM 549174191916199999999999999 021 821231 1699999999999999
 94 91100118140160170165145115 80 49 28 20 28 48 7510513114815314813511925 417HM 611170195915399999999999999 045 901259 2099999999999999
106100103115132150162163151127 97 66 42 29 29 40 61 8511013014114413812825 418HM 636164204614499999999999999 1111001332 2899999999999999
117110109115127140152156151136112 86 62 45 37 40 51 69 8910912413413613325 419HM 7 1156215313699999999999999 1391091414 3799999999999999
127122119120125132141146146139124104 83 66 53 48 49 57 70 8710311812813325 420HM 731147234913499999999999999 2191191518 4799999999999999
134133130128126127130134136135130119105 90 76 65 57 54 58 67 81 9711312725 421HM 819136999999999999999999999 4 71261655 5499999999999999
136141141138132126121120121123126126123115104 90 75 62 55 54 61 75 9411425 422HM 136142103612799999999999999 7 41201834 5399999999999999
132145151149141128115106102105112122131135131120103 83 65 53 50 57 74 9725 423HM 21615113 313599999999999999 8 61021947 5099999999999999
122143156159151135114 96 83 81 89105125142151149136114 88 66 51 48 58 8025 424HM 245160142015299999999999999 844 802043 4899999999999999
108136157167163145119 92 69 57 59 77103133157169165148121 92 66 52 52 6725 425HM 311167151616999999999999999 919 562130 5099999999999999
 93125153171173158131 96 63 39 31 42 70107143171182176155125 94 69 58 6225 426HM 33717416 818399999999999999 955 312213 5799999999999999
 82113145169180171146109 69 34 13 12 33 69113153181190180157127 97 75 6825 427HM 4 41801658190999999999999991032  92254 6899999999999999
 79103134163181181163128 86 43  9 -6  2 31 74120160184189178155126100 8425 428HM 4311841748190999999999999991110 -62332 8299999999999999
 84 99125154177185176148109 64 23 -5-13  2 36 8012516018018317114912510525 429HM 4591851839184999999999999991150-13999999999999999999999
 96101119144168182182164132 90 48 12 -8 -9 11 46 8712715617117116014312425 430HM 528184193117399999999999999 0 9 951232-1199999999999999
111108117135156173179171149116 78 41 13  0  4 25 56 9212514815915915013725 5 1HM 558179202716099999999999999 0441071316 -199999999999999
124117119129144160169169157134104 72 44 23 15 21 39 66 9512113914814814225 5 2HM 629171212914999999999999999 12111714 5 1599999999999999
134127123126134145155159155142123 99 75 54 39 33 38 52 74 9711713213914125 5 3HM 7 2159224814199999999999999 2 412315 3 3399999999999999
138134129127128133138143144140130117101 84 67 55 49 52 62 79 9711512813625 5 4HM 743144999999999999999999999 3121271613 4999999999999999
139139135130126123123125127129128124117108 95 81 69 61 61 69 82 9911612925 5 5HM 022139 91112999999999999999 5311231732 6099999999999999
138142141136128119112108108111116121124124118107 93 79 69 67 73 8610312125 5 6HM 121142122312599999999999999 7331081847 6799999999999999
135144147143133120106 95 90 91 99110122131134129117101 85 73 71 77 9211125 5 7HM 155147135513499999999999999 819 901948 7099999999999999
130145152151141125106 88 75 72 78 92111128141145138123105 87 75 74 8410225 5 8HM 222153145114599999999999999 853 722037 7399999999999999
123142155158150133111 87 67 56 57 71 93118140153154144126105 87 77 79 9325 5 9HM 246158153615599999999999999 923 552120 7799999999999999
115137155163159143118 90 64 45 40 49 71101130152163160146125103 87 81 8825 510HM 310164161716399999999999999 952 402157 8199999999999999
106130152166166153129 98 67 42 28 31 50 79113143163169161144121100 87 8725 511HM 3341681655169999999999999991020 272232 8599999999999999
100122146164171163141110 75 44 24 19 31 58 92128155170170158138116 98 9025 512HM 3581711731172999999999999991048 1823 4 9099999999999999
 96114138160173171153124 88 53 26 13 18 38 71107141163172167151130110 9725 513HM 42317418 6172999999999999991115 132334 9599999999999999
 96108129152170175164139104 67 36 16 12 25 51 8612115016716916014212210625 514HM 4491751842170999999999999991144 11999999999999999999999
100105121143163174170152121 85 51 25 13 17 37 6610013215516516315113411725 515HM 517174191916699999999999999 0 31001214 1399999999999999
106106115133153168171161137104 70 40 22 18 28 50 8011113815516115614312825 516HM 54617220 016199999999999999 0341051248 1799999999999999
115110113125142158166163148122 91 61 38 26 27 40 63 9011713915215514913825 517HM 617167204815599999999999999 1 81101326 2599999999999999
126117115120131145156159152135111 83 59 41 34 37 51 72 9612013814915114625 518HM 651159214515199999999999999 1501151411 3499999999999999
137127120119123132142149149142126106 83 64 50 44 47 60 7810012013714715025 519HM 735150225015099999999999999 24611915 8 4499999999999999
146138129121118120126132138139135124108 90 74 61 54 56 66 8210212213814925 520HM 846139235315299999999999999 4 71181617 5499999999999999
152148139127117110109112118126132133128117102 86 72 64 63 71 8510512514325 521HM1043133999999999999999999999 5491091735 6399999999999999
153155149136120105 94 90 93103116129137138131117100 84 73 70 76 9111113325 522HM 044155123613999999999999999 7 6 901851 7099999999999999
150160159148129107 86 72 66 73 89110131146152146132114 95 82 77 83 9912125 523HM 125161135915299999999999999 758 661957 7799999999999999
143160166160143117 88 62 45 42 54 78108137157165161146125105 90 85 9311025 524HM 2 116615 616599999999999999 842 412054 8599999999999999
134155170171159133100 65 36 20 22 41 73110144168177171155134112 97 9410425 525HM 23717216 617799999999999999 925 182145 9499999999999999
124147167178173153121 82 43 14  1  8 34 7211415117518317716013811710410425 526HM 31317817 21839999999999999910 8  0223210299999999999999
116137160177182171145107 64 25 -2-10  3 34 7612015617818517816013912011025 527HM 3501831756185999999999999991053-10231711099999999999999
113128149170183183166134 94 51 14 -9-11  6 40 8312515817718117315613612125 528HM 4281851848182999999999999991138-13999999999999999999999
115121137158176184178157124 83 43 11 -6 -4 16 51 9112915817317416514913225 529HM 5 7184193717599999999999999 0 01151224 -899999999999999
121119127144162176180169146113 76 41 15  4  9 31 6410013315616616515614225 530HM 546180202416799999999999999 0421181310  399999999999999
128120121131146161171170158135106 74 45 25 18 27 48 7811013615316015714725 531HM 62717221 816099999999999999 1251191357 1899999999999999
135124119121131144155161158145126101 76 53 39 36 45 66 9211813915115415025 6 1HM 710161215215499999999999999 2121181444 3599999999999999
140129120116118126136144147144135119101 81 64 54 53 63 8110412514115015125 6 2HM 8 5147223415199999999999999 3 81161533 5299999999999999
145135125116111112117123130134134128118104 90 77 69 69 79 9411313114515025 6 3HM 926134231715199999999999999 4221111627 6899999999999999
149142131120109103101103109116123127127121112100 89 83 83 9010412213714825 6 4HM1123127999999999999999999999 5581011729 8299999999999999
152149140127113100 90 86 87 95106118126130129121111101 94 93 9911312914325 6 5HM 0 0152131113099999999999999 714 851838 9299999999999999
152154148136120102 86 74 69 73 8510111813113813813212111010110010612013625 6 6HM 042154142913999999999999999 8 4 691943 9999999999999999
149157156146130110 88 69 56 54 63 8110312414014914814012811510610511312725 6 7HM 123157152715099999999999999 843 53203810499999999999999
143156161156142121 95 71 51 40 43 59 8311013415115915614613111610810911925 6 8HM 2 1161161315999999999999999 917 40212510799999999999999
135152162164154134107 78 52 34 29 39 61 9012014616216616014612911510911425 6 9HM 238164165416699999999999999 950 2922 510999999999999999
127145160168165149123 92 60 35 22 24 41 6810113315717017015914312511311125 610HM 3141691730171999999999999991022 20224211099999999999999
119136154169173163141109 75 43 22 15 24 48 8011514516617416915413612011125 611HM 34917318 5174999999999999991055 15231711199999999999999
114126145164175174158129 94 59 31 15 15 31 59 9312815617117316414712911525 612HM 4241761840174999999999999991130 13235211199999999999999
111118134154171178171149116 80 47 23 13 20 41 7210714016317317015714012325 613HM 5 017819171739999999999999912 6 13999999999999999999999
112113124142162175176163137103 68 39 21 17 29 53 8612014816617216515013225 614HM 536178195517299999999999999 0291111244 1699999999999999
118111115129148165174170153126 93 61 37 24 25 41 6810013115416716815914325 615HM 614174203516999999999999999 1 81111324 2399999999999999
126114110117131149163168161143117 87 59 40 32 38 56 8211213915816716415225 616HM 657168211516799999999999999 15111014 5 3299999999999999
136120110108116130144155159152135112 86 63 48 45 53 71 9612314516116515925 617HM 750159215616599999999999999 2401071449 4499999999999999
146129113104102109122135145149145132113 91 73 62 60 69 8710913215116216325 618HM 9 0149223516499999999999999 3371021538 6099999999999999
154139120104 94 92 97108121134142141133119102 88 79 78 8610112014015616425 619HM1029143231616499999999999999 446 921635 7799999999999999
161149131111 93 81 76 80 91107124137142139129117105 97 9510011313014716025 620HM12 7142235816599999999999999 6 3 761746 9599999999999999
165160145125101 80 64 56 60 74 9411713514614914313312211310911212213715325 621HM1345149999999999999999999999 712 5619 710999999999999999
164167159142118 91 65 45 36 41 58 8511313715316015714913612511812012914425 622HM 046167151216099999999999999 810 36202211899999999999999
159169170161141112 80 49 27 18 25 47 7911214116117116916014613212412413425 623HM 138171162117199999999999999 9 3 18212612399999999999999
149164174174163139106 70 36 12  5 16 42 7711414716917917716514913312512625 624HM 234175171718099999999999999 954  5222112499999999999999
137153169179179164137100 60 25  2 -2 13 42 8112115417618317816414613012325 625HM 32718118 4183999999999999991043 -3231112399999999999999
127139158175184181163132 93 52 19 -1 -1 17 50 9013016117918317415813912425 626HM 4171851846183999999999999991132 -4235512099999999999999
120126142162179187180158125 86 47 17  2  6 28 6310314016717917816514712925 627HM 5 31871923180999999999999991217  1999999999999999999999
117116126145165180184174150116 79 45 20 11 20 46 8211915017017616915413525 628HM 547185195517699999999999999 03611513 0 1199999999999999
119110113127146165177177163139108 74 46 28 26 40 6810213515917117015814125 629HM 629178202417299999999999999 1151101338 2599999999999999
123109105112127145161168165151128100 73 52 41 45 64 9112214816416916214725 630HM 713169205216999999999999999 1541051414 4199999999999999
129112102101110124140152156152139119 97 76 62 58 67 8711213715616616415325 7 1HM 8 2156211916699999999999999 2351001448 5899999999999999
136118104 96 97105117130140144140130115 99 85 77 78 8910712814816116415825 7 2HM 9 4144214916599999999999999 324 961523 7699999999999999
144126110 97 91 91 97107118128133132126117106 97 94 9710612213915416216125 7 3HM1024134222316399999999999999 426 9116 5 9499999999999999
151136119103 92 84 83 87 9510711812713012812411811211011211913114515616025 7 4HM12 913023 216099999999999999 548 8317 611099999999999999
156145130113 98 84 75 71 75 85 9911412513313613413112612212112613614715625 7 5HM1411136234815899999999999999 7 3 71183512199999999999999
158153142126108 91 75 63 59 64 77 9511412914014614614213512812612913814925 7 6HM1531147999999999999999999999 758 59195712699999999999999
156158152140123102 81 62 50 47 56 74 9611813815115715614913813012613014025 7 7HM 043158161815899999999999999 843 47205712699999999999999
151159161154140119 94 69 48 37 39 52 7510112714916316716115013712712513125 7 8HM 144161165416799999999999999 924 36214612499999999999999
142155164166158139113 83 55 35 27 34 53 8011114016117217216114613112212325 7 9HM 24116617261739999999999999910 3 27222712199999999999999
132147162172172159135103 70 41 24 21 33 57 9012415317317917215713912311725 710HM 3301741757179999999999999991042 2023 611799999999999999
121135154171181177158128 92 57 30 16 19 37 6710413916618018016814812911525 711HM 4131811828182999999999999991121 15234311299999999999999
112122140162180186177152118 80 46 22 14 23 47 8212015417618417716013711825 712HM 45518619 0184999999999999991159 14999999999999999999999
107109124147170185187172143107 69 38 20 18 34 6310113816718218316914812525 713HM 535188193118499999999999999 0201061236 1799999999999999
107100108127152174185182163133 97 62 36 24 30 51 8412115317618317715813425 714HM 61718620 118399999999999999 0581001312 2499999999999999
111 96 95107129153172180173153124 91 61 42 37 49 7410613916518018016614425 715HM 7 3180203018199999999999999 136 941347 3799999999999999
118 97 87 90105127149165170163144117 89 67 55 57 72 9812715417217917215325 716HM 755170205917999999999999999 217 871422 5499999999999999
128104 86 79 85100120140154159153137116 95 80 74 81 9712014316317517416225 717HM 857159212817699999999999999 3 3 791458 7499999999999999
140115 92 77 72 77 91109127142149146135120107 98 9710411813615416817316825 718HM101214922 017399999999999999 359 721537 9699999999999999
152130106 85 70 64 67 78 9411313014014213813012311911912413314615916817025 719HM1146142224017099999999999999 511 64163111899999999999999
162146125102 81 64 54 53 62 7910012013414314614414113713513614115016016625 720HM14 8146233416799999999999999 635 53181713599999999999999
167160146126103 79 58 43 39 47 66 8911313414815715915615014414014214915725 721HM1554159999999999999999999999 749 39201114099999999999999
164167162151131105 77 50 32 26 35 56 8311213815816917216615514413713814425 722HM 054167164517299999999999999 852 26212713799999999999999
155165171170158136106 72 42 21 16 27 51 8311714716917917816815213813013125 723HM 223171172218099999999999999 949 16222312999999999999999
140154169179178165139104 66 34 14 11 26 54 9112816017918517716214312712025 724HM 3291801754185999999999999991039 1023 712099999999999999
124138158176187185167136 98 59 27 11 13 33 6610614417218518317014912911425 725HM 4211881823186999999999999991124  9234411199999999999999
111121140163183192185162128 89 52 24 14 22 48 8612616018118517615613311325 726HM 5 519218481869999999999999912 3 14999999999999999999999
102105120144169187191179152117 80 47 27 24 41 7211114717318418016313911625 727HM 545191191118499999999999999 0191011238 2399999999999999
 98 93102123149172185183167139106 73 48 36 42 66 9913616518118216814612125 728HM 624186193218399999999999999 052 9313 9 3699999999999999
 99 87 89103126151169177171153126 97 71 55 53 67 9312615617618217315412825 729HM 7 3177195418299999999999999 124 861337 5199999999999999
104 87 81 88105128148162165157139116 93 76 69 74 9311914716917917616113725 730HM 747165201618099999999999999 157 8114 4 6999999999999999
112 92 80 79 89106125141151152144129112 96 87 88 9811713916017317616614625 731HM 837153204117699999999999999 234 781429 8699999999999999
122100 85 78 79 8910311813114014113512511410610410811913415116517116715425 8 1HM 93914121 917199999999999999 317 77145410499999999999999
133112 94 82 77 79 85 9610912213013313112712312012112513314415516416515825 8 2HM11 3133214216699999999999999 416 77152112099999999999999
143125107 93 82 76 75 79 8810111412413013413513513513513614014715415915825 8 3HM2224160999999999999999999999 544 75999999999999999999999
151138123107 93 81 71 67 70 79 9310812213414214714814714314014114515115525 8 4HM1553148232815599999999999999 7 9 67192514099999999999999
155149139126110 92 76 63 57 60 71 8810812614215416015915214413813714014725 8 5HM1619160999999999999999999999 811 57204513699999999999999
154156154145131111 88 67 51 45 50 66 8711213615616717016315213913113113725 8 6HM 1 4156164417099999999999999 9 2 45213713099999999999999
147157164163154134108 79 54 38 34 44 64 9312315117017817416114413012212425 8 7HM 22716517 917999999999999999 947 34221712299999999999999
135151166176174160133101 68 41 26 27 42 7010413916718318417315313211711225 8 8HM 3231771734186999999999999991028 25225311299999999999999
119137159178188182161128 90 55 30 19 26 48 8312215818219118316413911610325 8 9HM 4 918818 01919999999999999911 7 19232810199999999999999
103118142169190196184157119 79 45 23 19 33 63103144176192191175149120 9825 810HM 4521961826194999999999999991144 18999999999999999999999
 89 97119150178196198180149109 70 39 24 28 50 8612816418819518415912910025 811HM 534199185119599999999999999 0 2 891218 2399999999999999
 81 79 95123156183197193172139100 66 42 35 47 7611415118019418916913910625 812HM 617197191619499999999999999 037 781251 3599999999999999
 80 68 73 95126158181190183160129 95 68 53 56 7410514017018819117715011725 813HM 7 2190193919299999999999999 112 671322 5299999999999999
 86 65 60 71 96126154173179170149122 96 78 73 8210413316018118918216113125 814HM 75217920 218999999999999999 149 601352 7399999999999999
 99 72 57 57 71 94121145160164157140121104 96 9811013015317218318216914525 815HM 850164202718499999999999999 231 551419 9599999999999999
116 88 67 56 58 70 8911113114515014613612611811712213414916417517817215625 816HM10 0150205417999999999999999 322 55144411799999999999999
133108 86 68 59 58 66 80 9811613013814013913713613714114815616517017016325 817HM1156140213017199999999999999 435 57145713699999999999999
149130111 91 74 62 56 58 68 8410211913214114715115215215115215415816216225 818HM16 9152223216299999999999999 615 56181215199999999999999
157149136120101 80 62 50 48 56 72 9211313314916016516415815114614514815325 819HM1617165999999999999999999999 743 48204214599999999999999
157159157148132109 83 58 42 38 46 64 8911614116117217416715514213413313825 820HM 1 1159163917599999999999999 850 38214113399999999999999
148159167169161141112 80 52 33 30 41 64 9512715617518117616114312811912125 821HM 24316917 118199999999999999 944 29222011999999999999999
132148166179181169143109 73 43 27 27 44 7411014517118518316914812611010525 822HM 3391821723186999999999999991028 25225410599999999999999
113131155177190188170138101 64 37 26 33 57 92131164184188177155129106 9325 823HM 42319117431899999999999999911 7 262325 9299999999999999
 95110136164187196187163128 90 56 35 32 48 79118155181190183163135108 8725 824HM 5 119618 2190999999999999991140 312354 8199999999999999
 81 91114144173192194179151115 80 53 40 47 71107145175190188170143112 8725 825HM 5371951821191999999999999991210 40999999999999999999999
 73 75 93121153178190185166137104 75 56 54 70100136168187190177151120 9125 826HM 613190184019199999999999999 023 721237 5399999999999999
 71 65 75 99129158177182172151124 96 75 67 75 97128159182190182159129 9925 827HM 65118219 019099999999999999 052 6513 2 6799999999999999
 74 62 64 81107134157170170158138115 95 84 85 9912315117418618316613910925 828HM 730172192018799999999999999 120 611325 8299999999999999
 82 65 61 69 88112135152160157145128112101 9810612214416417818117014912125 829HM 814160194318299999999999999 150 611346 9899999999999999
 94 74 64 65 76 9311313114414914513612511611211512514015616917517015513325 830HM 9 514920 717599999999999999 223 6314 411299999999999999
108 87 74 69 72 81 9410912413413813713312812612713213914915916516615814225 831HM1015139203516799999999999999 3 6 69141212699999999999999
123103 88 79 75 76 81 9010211512513213513613813914114314615115515815614925 9 1HM2112158999999999999999999999 419 74999999999999999999999
136121107 95 85 77 74 75 82 9310611913013914615115215014714514614815015025 9 2HM1550152222515099999999999999 615 74192314599999999999999
145138128115102 87 75 66 65 71 8410111913615016016316015214413813714014525 9 3HM1557163999999999999999999999 741 65204613699999999999999
149151148139124105 84 66 55 53 62 7910212614916617317116014613312612613325 9 4HM 053151161417399999999999999 840 52212712599999999999999
145156163162151130103 76 54 42 43 56 8011014116618018117115213211711111725 9 5HM 225164163518399999999999999 927 4122 111199999999999999
131151169179176159131 97 65 42 32 38 59 91127160183190182162136112 98 9725 9 6HM 31918016571909999999999999910 8 322233 9699999999999999
111135162184194186162127 88 55 33 28 42 71110149180195192173144113 89 7925 9 7HM 4 41941719196999999999999991046 2823 5 7999999999999999
 86109142175198203189158119 80 48 32 35 57 93134171194198184155119 87 6625 9 8HM 4462031742199999999999999991121 312338 6299999999999999
 63 80113151185205204185151112 75 49 41 52 82121160189200192167130 92 6225 9 9HM 52920718 5201999999999999991155 41999999999999999999999
 48 54 80119158189204198176142106 75 58 59 79111149180198197177144105 6825 910HM 613204182720099999999999999 011 471227 5699999999999999
 43 38 53 84124160186195186164134105 83 76 85109140171191197185158121 8325 911HM 7 0195184919799999999999999 046 371256 7699999999999999
 51 35 37 57 89125156176181172152129109 97 9911313616218319218816813810225 912HM 750181191119399999999999999 123 331324 9699999999999999
 69 46 36 43 63 9112114516016415714312911911612313715617318418517415212325 913HM 848164193418699999999999999 2 5 36134811699999999999999
 93 68 51 45 52 67 8911213114414814614013513313514215316417317717216014025 914HM10 5148195917799999999999999 258 4514 213399999999999999
117 95 76 63 57 58 68 8310011712913714114414514714915315716116416415915025 915HM2029164999999999999999999999 417 56999999999999999999999
136122106 90 76 65 61 64 74 8910512013414415315715815615315014915015015025 916HM154115822 615099999999999999 6 6 6120 014999999999999999
147142134121104 85 69 58 57 65 80 9912013915416416616215314313613313514025 917HM1548166999999999999999999999 738 5621 113399999999999999
147153155149135113 88 66 53 50 60 7910312815116717316915714112611711712425 918HM 14815516 317399999999999999 841 50213311699999999999999
137152165169162142115 85 60 47 47 61 86115145167179177163143122105 9910425 919HM 254169162117999999999999999 928 4522 3 9999999999999999
120141163178180168142110 78 54 44 50 71102135164181183171149123 99 85 8525 920HM 33918116381849999999999999910 7 442232 8399999999999999
 99123151176189185166136101 70 51 47 61 89125158181188179157128 99 77 6925 921HM 4181901656188999999999999991041 4623 0 6999999999999999
 78101132164187194183158126 92 65 53 58 81114150178191186166136103 75 5925 922HM 4541941714191999999999999991112 532327 5799999999999999
 60 78109144175191191175147115 85 66 63 77106141172190191174145111 79 5625 923HM 5291941732193999999999999991140 622354 4999999999999999
 49 60 86121155180190183163135106 83 73 79101133164186193181155121 86 5925 924HM 6 419017511939999999999999912 7 73999999999999999999999
 45 48 67 98133162180183171149124101 87 86101126155179190185164132 97 6725 925HM 640183181119199999999999999 020 441231 8599999999999999
 47 43 55 79111141164174171158137117102 97104123147170185185170143110 7925 926HM 717175183218799999999999999 046 421254 9799999999999999
 56 45 49 66 91119144160165159146129115108111123141161176181173152124 9325 927HM 757165185418199999999999999 113 45131610899999999999999
 69 54 52 60 7810012314115215414813712712012012613815216517317015713510925 928HM 843154191717399999999999999 143 51133511999999999999999
 85 68 60 62 71 8510312013414214414113613113013313914715616216415714312425 929HM 948144194216499999999999999 221 60135013099999999999999
104 86 75 70 71 77 87 9911312513413814014114114214314514815215415214613525 930HM2014154999999999999999999999 322 70999999999999999999999
121107 95 85 78 75 76 82 921051181301401471511521511471441421421431431412510 1HM1453152214614399999999999999 516 74193414199999999999999
136128118106 93 81 72 69 72 83 981161331481591631601531431341291281331392510 2HM15 7163999999999999999999999 7 0 69203212899999999999999
144145142132117 98 79 65 59 63 77 971211441621721711611461291171121151272510 3HM 053145152617399999999999999 8 7 5921 411299999999999999
141154161159145123 97 73 56 50 58 77104134161178181172152129107 94 941052510 4HM 216161154618299999999999999 856 502134 9299999999999999
126150170179174154125 93 66 49 46 60 86120153178189183163134104 81 71 782510 5HM 3 817916 818999999999999999 939 4522 4 7199999999999999
101132164187194183158124 89 61 47 51 72104142174192192175144107 74 53 512510 6HM 3541941630195999999999999991018 462237 4999999999999999
 69101141177200203187157120 86 61 54 65 92129165191199186157118 78 46 312510 7HM 4392041653199999999999999991055 542311 3099999999999999
 38 66107151187205204184152117 87 69 69 87118154184200195172134 91 51 242510 8HM 5252071717201999999999999991130 662346 1799999999999999
 17 34 69114157189203197176146116 92 82 90113145175196199184152111 67 322510 9HM 61120317422009999999999999912 3 82999999999999999999999
 13 15 38 76119158184193185166141117102101114138165187197190167132 91 53251010HM 7 119318 619799999999999999 024 11123510099999999999999
 25 14 22 47 83121152172178171155137122116121136157176189189176150116 80251011HM 754178183219199999999999999 1 4 1413 511699999999999999
 50 30 24 35 58 88118142157162157148138131130137150165177181176160136107251012HM 856162185818199999999999999 150 24133413099999999999999
 80 57 43 40 48 66 88111130143148148145142140142147155163168167160147128251013HM1026149192616899999999999999 247 4014 414099999999999999
108 89 72 60 56 59 70 86104120133141146148149148147148149151152151147139251014HM134814920 215299999999999999 4 6 55161114799999999999999
129117104 89 76 67 65 70 82 98114129141150155155151145139135134135137139251015HM1429155234714099999999999999 546 6420 113499999999999999
140138131119102 85 72 66 69 80 96115134149159161157146134123116116120129251016HM1451161999999999999999999999 711 66203811599999999999999
139147150145130110 89 72 65 68 82102124145161167164152134116102 96100111251017HM 15215015 916899999999999999 812 6521 8 9699999999999999
129146159163155136112 88 70 64 71 89114139161172172160139115 94 80 79 90251018HM 249163152817499999999999999 858 642137 7899999999999999
110135158172172159136109 84 69 67 80103131157175179168147120 92 70 61 68251019HM 332174154617999999999999999 937 6622 5 6199999999999999
 88117147170181176158132104 81 70 75 94122152174183177157127 95 67 50 49251020HM 41118116 6183999999999999991011 702233 4799999999999999
 65 94129160181185175153125 98 80 77 89114144170185184166137103 70 46 37251021HM 4481861626187999999999999991043 7623 0 3799999999999999
 46 71106143171186184169144117 95 84 88107135163183188175149114 78 48 31251022HM 5231871646188999999999999991113 832326 3099999999999999
 33 51 83121155178185178159134111 95 92104127155178188182160126 89 56 33251023HM 55818517 8188999999999999991141 912352 2799999999999999
 27 38 64 99134163178179168147125107 99104122146170184185169139104 69 42251024HM 63318117311879999999999999912 8 99999999999999999999999
 28 31 50 79113144165174170156137119108108119138160177183174151119 84 55251025HM 7 9174175518399999999999999 019 28123310799999999999999
 37 32 43 65 93123147162166159145130119114119132150167176174159133102 72251026HM 748166181917799999999999999 047 32125911499999999999999
 51 40 43 56 78103127146156156150139129123123130143156166169161143118 91251027HM 834157184616999999999999999 119 40132712299999999999999
 69 54 49 54 68 86107126141148149145138133130132138147155159157148131110251028HM 935150191516099999999999999 159 4914 613099999999999999
 89 73 63 60 64 74 89106122135143146145143139137137139143147148145138125251029HM1111146195514899999999999999 255 60153613799999999999999
110 95 82 73 68 69 76 87102118132143149151150145140135132132134136137135251030HM13 0151215213799999999999999 421 68183613299999999999999
128119107 94 82 73 70 73 83 99117135149157159155146134124117115119126134251031HM1348160999999999999999999999 6 0 70194811599999999999999
139139133121105 88 74 68 70 81 99122143159167165154137119103 95 961061222511 1HM 031140141916899999999999999 717 672025 9499999999999999
138151155149134113 91 74 66 69 83106133156172175165145120 95 77 70 77 972511 2HM 156155144517599999999999999 815 662059 7099999999999999
123148167172164145119 94 75 67 73 92120149171182177157128 95 65 48 47 632511 3HM 254172151118299999999999999 9 4 672133 4599999999999999
 93129161182186175151123 96 77 73 84108138166185187172142104 66 36 22 302511 4HM 346187153818899999999999999 947 7222 9 2299999999999999
 56 95137173193195180154125 99 83 84100127158182193186160122 79 38 11  52511 5HM 43619616 6193999999999999991029 812247  499999999999999
 21 56101145180197196179154125103 93 99119147175193195178144101 56 18 -32511 6HM 52619916361969999999999999911 8 932327 -699999999999999
 -2 21 60107150181194191174150126109105116138164186197189165127 83 40  82511 7HM 61619517 7197999999999999991146105999999999999999999999
 -6  1 28 68112150176186181166146127116118132153175190192178150112 71 352511 8HM 7 9186173919399999999999999 010 -6122311599999999999999
  9  2 13 40 77115147167174169157142129124129143161177185181164137102 682511 9HM 8 3174181218699999999999999 055  213 012499999999999999
 38 20 16 28 53 84116141157162158150139132130136148161171174167150126 99251110HM 9 3162184717499999999999999 144 16134313099999999999999
 72 50 36 34 45 65 90115135148153151146139134134138145153158158152139122251111HM1012153192915999999999999999 239 34144013399999999999999
102 82 65 54 52 59 75 94115131143148148145140135132132135139142142139133251112HM1133149204214299999999999999 343 51162413299999999999999
123109 95 80 69 66 70 82 98116132143149150146139131124120119121125129132251113HM1240150233513399999999999999 457 66185011999999999999999
133129120107 93 81 76 78 88103121136148153153146135122110102 99103111122251114HM1323154999999999999999999999 614 751955 9999999999999999
132138138131118102 89 82 83 94110128145155159154142125107 91 81 80 89104251115HM 130139135515999999999999999 721 812034 7999999999999999
122138148148140125108 93 86 88101119139155164162151132109 86 69 61 66 82251116HM 236149142216499999999999999 815 8521 7 6199999999999999
104128148158157147129110 95 89 95111131152166169161142117 89 64 48 46 59251117HM 326159144916999999999999999 9 1 892138 4599999999999999
 83112139160168163149129109 96 93103123145164173170153127 96 66 42 32 39251118HM 4 8168151517499999999999999 941 9322 7 3299999999999999
 60 91124152170174165147126107 97100115137159174176164140108 73 44 26 24251119HM 4471741541177999999999999991017 962236 2399999999999999
 39 68103138163176175162142120105100109128151171180174153122 86 52 27 17251120HM 52417716 818099999999999999105010023 4 1799999999999999
 25 48 82118150171178171154134115105106120142164179180165137102 65 35 18251121HM 55817816351819999999999999911211042333 1599999999999999
 17 32 61 97132159174174163145125111107115133155173181174152119 83 49 25251122HM 63217617 3181999999999999991151107999999999999999999999
 16 24 45 77112142163171167153136120111113125144164177177163136102 67 39251123HM 7 7171173217999999999999999 0 3 16122111099999999999999
 23 22 35 60 91123148163166159144129117114120134152168174168149120 87 58251124HM 74516618 217499999999999999 035 21125311499999999999999
 37 27 32 48 74103130150160160151138126119119127140155165166155135107 79251125HM 827161183516799999999999999 111 27133011799999999999999
 55 40 36 43 61 85111134150157155147136126121122130141151157154143124100251126HM 917157191315799999999999999 151 36141812199999999999999
 77 59 48 46 55 72 93115135149154153145136127122122127135142145143134119251127HM101415520 914599999999999999 238 46152712199999999999999
101 82 67 58 58 65 80 98118136149155153145135125118115117122128133135131251128HM1113155215013599999999999999 336 5717 411599999999999999
121108 93 79 70 68 73 86103122140152157154145131118106100 99104113124132251129HM12 6157235213599999999999999 447 681837 9999999999999999
135130120106 93 82 78 81 91108128146158161155141123103 87 77 77 85101119251130HM1251161999999999999999999999 6 7 771936 7699999999999999
135144144135122106 93 86 87 98115136154165165154134109 83 62 51 53 68 922512 1HM 129145133116699999999999999 722 852021 5099999999999999
119142156159151136118102 93 94106125147164172168151123 90 59 35 25 33 562512 2HM 244159141017399999999999999 825 9221 4 2599999999999999
 88123151169172164147127109100102116137159175179168144109 70 35 11  5 192512 3HM 346173144817999999999999999 919 992148  499999999999999
 49 88128160178182172153132114106111127149170184183166135 94 51 14 -7 -82512 4HM 44318215281859999999999999910 81062232-1099999999999999
 12 48 92134166184185174154133116111119138160180190184161124 80 36  1-162512 5HM 53618716 81909999999999999910531112318-1799999999999999
-11 14 53 98139169184183171151131118116127147169186191180152113 69 27 -32512 6HM 6261861649191999999999999991137115999999999999999999999
-15 -6 22 62105143169180177163144127118120134154174187187171142103 62 252512 7HM 714180173018999999999999999 0 4-15121911799999999999999
  1 -6  7 36 74113146166172167153137123117123137157173182177159130 95 602512 8HM 8 0172181018299999999999999 051 -613 111799999999999999
 30 12 10 25 53 88121147162164157143129119116123138154166170163146120 912512 9HM 842164185317099999999999999 136  8134511699999999999999
 62 39 27 29 45 72102129148157156147135123115114121133145154155148134113251210HM 923158194115599999999999999 221 26143411399999999999999
 90 69 52 45 50 66 89114135149153150140128117111110115123131137139135125251211HM10 1153204813999999999999999 3 5 45153810999999999999999
111 94 79 68 64 70 84104124140150151146135123112105102103108115121126126251212HM1041151223412699999999999999 352 6417 910299999999999999
122113102 92 84 81 87 98114131144151150143132119106 96 89 87 91 99109117251213HM1123151999999999999999999999 448 811849 8799999999999999
123124121114105 98 95 99108122137148152150141128112 96 82 73 70 75 87102251214HM 04412412 815299999999999999 6 0 951951 7099999999999999
116126132131126117109104106114128141151154150139122103 83 65 55 54 64 81251215HM 224132125515499999999999999 7171042034 5399999999999999
101120135143143136126115109110119133146155157150135114 89 65 47 38 43 58251216HM 330144134115799999999999999 8221082110 3899999999999999
 82107130146154152143129117110113124139152160159148128101 72 47 30 27 37251217HM 417154142416199999999999999 9131102144 2699999999999999
 60 88118142158162157143127115110116130146160166160143117 85 54 30 18 21251218HM 45416215 316699999999999999 9561102217 1799999999999999
 39 67100131155166166155139122111111121137155168170159135103 68 37 16 11251219HM 52816815401719999999999999910331102250 1199999999999999
 22 46 79114144164171165149131115108113127147165175171153122 86 51 23  9251220HM 55917116151759999999999999911 71082323  799999999999999
 11 28 58 94129156170170158140122109108117136157173178167142107 70 36 14251221HM 63017116501789999999999999911401072356  799999999999999
  7 16 40 74110142164171165150131114106109123144165177175158128 92 56 27251222HM 7 21711724178999999999999991213105999999999999999999999
 11 11 27 55 91126153167169158140121108104112130151168175167146114 78 46251223HM 735170175917599999999999999 030  9124810499999999999999
 23 14 21 42 73107138159168163149131114104105116134153166168156132101 69251224HM 8 9168183616999999999999999 1 4 14132610399999999999999
 42 26 23 35 60 91122147162165157141122107101104117134150158156143120 93251225HM 844166192015999999999999999 140 2214 910199999999999999
 66 45 35 38 53 78106133153163161149132114101 97101113128140147145133114251226HM 920163201714799999999999999 216 341458 9799999999999999
 91 69 54 49 56 72 95119141156161155141123105 94 89 93103115127135135128251227HM 957161213413699999999999999 256 491559 8999999999999999
113 96 80 70 68 75 90109129147158158150134115 97 84 78 79 87 99113124130251228HM1036159231213099999999999999 342 681719 7799999999999999
127119107 96 89 88 93104120136151158156145128107 87 71 61 60 67 81100117251229HM1118159999999999999999999999 443 871841 5999999999999999
128132130123115108105107114127142154159156144124101 77 55 41 38 47 65 89251230HM 1 613212 815999999999999999 6121051947 3899999999999999
112130141145141134126119117122132146157161157144122 94 64 38 20 17 29 52251231HM 25814513 416199999999999999 7481172043 1799999999999999
