170100 42  6  7 4511018425430632731527622417012711112917523128131131227825 1 1HS10 7328213131699999999999999 330  1155911199999999999999
218147 77 23 -2 13 6413721327932132830325519914711210813919224929531830725 1 2HS1043330221231899999999999999 4 9 -2163710599999999999999
262196124 59 14  2 31 9316924229932631928323017512810311115120826330231425 1 3HS1117328225231499999999999999 448  1171610299999999999999
292241174106 50 17 20 61128201266310322301257204152113 9911816321926829925 1 4HS1151322233530499999999999999 526 141756 9999999999999999
301273220157 98 53 34 50 97163229282310308279232180133103 9812316922026325 1 5HS1226313999999999999999999999 6 4 341839 9699999999999999
287284254206152104 71 63 85133192247287302290257211162121 97 9712216521125 1 6HS 02328913 330299999999999999 646 621930 9399999999999999
250270267242204160122 98 96119160209253282289274240197151113 91 9111315125 1 7HS 122271134828999999999999999 735 942031 8899999999999999
194230253256242214180149130127144176215250272277263233191147109 84 79 9625 1 8HS 241257144527899999999999999 8381262143 7999999999999999
130172211240254251233206179157149156179210241263271261233192147104 74 6325 1 9HS 41925515572719999999999999910 414923 1 6399999999999999
 74106150197236261268257233203176159156172200232258271265240198148 99 6225 110HS 5522681714271999999999999991137155999999999999999999999
 43 51 84134189239274288280254219184157148160190227259277275249203147 9225 111HS 7 7288182427999999999999999 013 43125614899999999999999
 47 24 31 6912619024829030729726622318014713515018522826628828625720514325 112HS 8 6307192629199999999999999 116 23135713599999999999999
 81 32  8 19 6312920026430732130426621616713112214418723627830129525920125 113HS 856321202030299999999999999 212  7144712199999999999999
133 67 17 -2 17 7114421928332132630025319714611511514719725029231129725225 114HS 93832921 631199999999999999 3 1 -2153011099999999999999
187116 51  6 -2 30 9317024530232932028222817112410311615921526830531328725 115HS1014330214531499999999999999 343 -416 710399999999999999
233164 94 36  4 12 5912920627331632530025219614210610012918023728531030425 116HS1045327221931299999999999999 419  21640 9899999999999999
265204135 72 28 16 42101174244297320308269215161117 9610814920425729430425 117HS1110320224930599999999999999 449 1517 9 9699999999999999
282234171109 59 34 43 86150219276308309280231178131101 9812517322626929225 118HS1131313231829399999999999999 515 331735 9699999999999999
286252200143 93 60 56 82135197255293304285245195146111 9610914519223826925 119HS1151304234927899999999999999 539 5418 2 9699999999999999
277260222174128 92 78 9012717923227429328625621216612610310112215920223725 120HS1213294999999999999999999999 6 4 771834 9999999999999999
25725623520016212810710612716521025027527926222818814811810410913116419925 121HS 026259124028099999999999999 633104191410399999999999999
22623923521819316614313313815919022425126426024021017514211810711313215925 122HS 117239131626499999999999999 71113220 910799999999999999
18720922222321519918116615916317719922224024924522920317214312010810912225 123HS 238224141124999999999999999 811159212610699999999999999
144170194213223224216203189179175180194212228238239228206176145118100 9525 124HS 436225153524099999999999999 9551752251 9599999999999999
105126155187215234242238224205186174172182200221238244237215182145110 8525 125HS 6 724217 1244999999999999991139171999999999999999999999
 75 84109146188226253264258238210182162157168193222247259252226186139 9525 126HS 7 8264181025999999999999999 0 2 75124915799999999999999
 63 51 63 9714619924527728627324420516914414015819323326427826923518412725 127HS 75528619 727999999999999999 1 1 51134013899999999999999
 75 38 27 47 9315521727030130428123919114812212515520225028629928323817525 128HS 837306195829999999999999999 152 27142512099999999999999
109 51 13  8 4010017324229632231427822616912310211515921627130831729023325 129HS 916324204531899999999999999 238  615 810199999999999999
160 87 27 -7  0 47119200272322336313264202142 97 8611317023529332732728725 130HS 952337212933299999999999999 321-101548 8599999999999999
219140 65  8-15  7 69151234302340337299238172111 75 7812118725631133832425 131HS1026344221133899999999999999 4 1-161626 7199999999999999
272198119 47  0 -7 33106191269325344323270204137 83 61 8013520627432133525 2 1HS1058344225133599999999999999 439-1017 3 6099999999999999
308249175101 40  9 22 75152232298334332294233167105 64 57 9115322328331825 2 2HS1127338233132399999999999999 514  81739 5599999999999999
319283224156 94 49 37 65125198265311326305257195133 83 56 6410716823128025 2 3HS1154326999999999999999999999 548 361816 5599999999999999
303294256203148101 74 78114172233282308304272222165112 73 60 7611917422625 2 4HS 013303122331099999999999999 623 721857 6099999999999999
264278267236195154123111123157204249280290276243197149105 77 70 8612216725 2 5HS 1 3278125529099999999999999 7 11111948 6999999999999999
209240252247228201175155149159184216245264267253226189149113 88 79 8811425 2 6HS 212253134126799999999999999 7531492059 7999999999999999
149184214233239234220203188179179190208227241247241224196162128 99 82 8025 2 7HS 4 223915 124799999999999999 9261782236 7999999999999999
 95123159194225245252246231212193181178187204223238244236215181142104 7625 2 8HS 6 22521659244999999999999991142178999999999999999999999
 63 71 9814018622926127627225222319116615516318521524225825823719815010125 2 9HS 716276182926099999999999999 0 8 6313 615599999999999999
 62 41 48 8113319124528329928925921817514213014417721925628028025420614725 210HS 8 6299193128399999999999999 116 40135813099999999999999
 89 42 22 34 7914220926830731529325119914911511013618323427830229625920025 211HS 845316201930399999999999999 2 8 21143910899999999999999
133 69 23 10 36 93165237295324318282228169119 9310214320025730031729824825 212HS 919326205931799999999999999 251 101515 9299999999999999
181110 48 11 13 56125202271318329305255194135 92 8110816322628331832028525 213HS 948330213332499999999999999 327  71547 8099999999999999
224152 83 31 12 35 94169244302329319276216154101 74 8412819225530432430725 214HS101333022 332499999999999999 358 121615 7299999999999999
258190120 61 26 31 75144220284322324291235172114 75 7010115822328031431525 215HS1033328223131999999999999999 424 231640 6799999999999999
280222155 94 51 40 68127199265310323300250189129 83 65 8112819025129430925 216HS1051324225730999999999999999 447 3917 3 6599999999999999
291245186127 80 59 72117181246295317304263205146 97 68 7110415821726629325 217HS11 8317232529599999999999999 5 9 591726 6599999999999999
290259211159113 85 85115167226275303301271221165115 80 70 8913118323226625 218HS1127306235527799999999999999 531 811751 7099999999999999
277262229187147117107122159207253283291272234186138100 81 8511115219623225 219HS1147291999999999999999999999 5541071821 7999999999999999
253253236208177151136139160193229259272266241205164127101 9210212716019425 220HS 032255121127399999999999999 62213519 0 9299999999999999
21923223122020218316916316918620923224825124121919115913111210611213015425 221HS 125233124525199999999999999 7 016320 010699999999999999
17919921321821721120219318818919520721922823122621419416914512511211011825 222HS 320219135423199999999999999 824188214311099999999999999
135157180202219229231226215203193188190199210221227224211188160131108 9525 223HS 54323116142279999999999999911121882329 9399999999999999
 95110136169204233252257248229205182167166178201225243248236209170129 9325 224HS 6512571750248999999999999991236165999999999999999999999
 70 66 8412116921825728128326423119315913914116520224026827826322517211725 225HS 735285185527899999999999999 041 65132513799999999999999
 69 40 38 6611918124228831030226822017012810812016021226329830828423316625 226HS 814310194830899999999999999 134 3514 810899999999999999
 99 43 12 18 62130205273319332309259198138 93 8110816423029032833129523025 227HS 850332203633499999999999999 221 101449 8099999999999999
153 79 20 -5 15 75156238306344341300236166101 61 6210617725331535034229325 228HS 925348212035299999999999999 3 4 -51528 5599999999999999
219136 60  6 -5 32106193275334356332275202127 64 36 5611619727533535933825 3 1HS 95835622 235999999999999999 344 -716 6 3699999999999999
279200118 48  8 15 69150236308349348306237160 87 36 26 6413621929434335225 3 2HS1028355224335499999999999999 422  51642 2499999999999999
319255179106 49 29 55119199274328346322265193119 56 23 33 8416023830233525 3 3HS1056346232233899999999999999 457 291717 2199999999999999
330289228162104 67 68107173242299328323283221152 88 42 28 5311018024729525 3 4HS1121331999999999999999999999 530 621752 2799999999999999
313298258207156116100115159215268302310288242184125 76 47 47 7813119024125 3 5HS 0 2313114531199999999999999 6 21001829 4399999999999999
274282266235198164142140160197238271286279252211164118 83 66 72 9914018425 3 6HS 049282121328699999999999999 6361381916 6699999999999999
222245252244226204185174175190212236253258249228198164132106 91 9210713425 3 7HS 156252125125899999999999999 7241732028 9099999999999999
16519421723223723322421220219719820521522422922922120618315713211110010125 3 8HS 4 3237142823099999999999999 9231972224 9899999999999999
115139169200227245253249236218199185179184196212226233229212184151118 9325 3 9HS 6 825317102339999999999999912 4179999999999999999999999
 83 9111715619923826627727024821618315814715517921023925725823920215711125 310HS 7 6277183326099999999999999 0 4 8313 314799999999999999
 76 60 7110715821326129129827924319815412411913917822426328628325420514825 311HS 744299192528899999999999999 1 6 60134311899999999999999
 94 55 43 65115177240289313306272222167120 9510214019324829131029625419325 312HS 81731420 631099999999999999 151 431417 9499999999999999
129 72 38 39 77140210273314323298249189130 88 7610215621927731632229323825 313HS 845324204132499999999999999 228 331448 7699999999999999
170103 52 32 53108179250304329317273213148 93 64 7311818325130533132027525 314HS 910330211333299999999999999 3 0 321517 6299999999999999
211141 80 42 43 85152225288326328293235168106 63 54 8614621728132433230225 315HS 933332214333399999999999999 329 381543 5399999999999999
246178113 64 48 73130202270317332308255189123 71 47 6211218125130532931725 316HS 953332221033099999999999999 354 4816 8 4799999999999999
273212147 93 64 72116182250303328316272209142 85 49 49 8514721727731531925 317HS1011329223732299999999999999 418 621631 4499999999999999
290239180125 88 81110165229285317317283227162103 61 47 6811918324529030925 318HS103032223 430999999999999999 442 791654 4799999999999999
295257207156117100113155211264301310288241182125 79 56 62 9815321126028725 319HS1048311233229299999999999999 5 41001718 5499999999999999
289265226184147125126152196243280296285250201148103 73 67 8812917922525825 320HS11 7296999999999999999999999 5281221744 6699999999999999
271262238206175153146158187223256275275254217173131 99 84 8811214918922325 321HS 0 4271112927899999999999999 5531451817 8399999999999999
24424923922120018217117118520723225025725022819816413311110110712615318225 322HS 049249115925799999999999999 62716919 810199999999999999
20722323022822121020019319219820822123123523121819917515113011711512313925 323HS 217230125923599999999999999 738192204511499999999999999
16218520622323323623222221020019319219720721822622621820017514812410810425 324HS 4532361537227999999999999991038191224910499999999999999
114136166200230252262257240216191171162168187212236250250232199159120 9125 325HS 61026217282529999999999999912 7162999999999999999999999
 77 8511415820725128129127824720716713712714117521925828328526221616110825 326HS 656291183628899999999999999 010 77125612799999999999999
 67 49 62104164226280312315288241185133 98 9312117423528731831828322415625 327HS 736318193032299999999999999 1 7 491340 9199999999999999
 92 45 29 52110183255311338327283220152 93 60 6611318325631634834029422325 328HS 813339201935099999999999999 155 281421 5799999999999999
147 77 30 23 61131213287338352323263188113 54 29 5211619827834036734829225 329HS 84935321 636799999999999999 240 2015 2 2999999999999999
215136 67 28 35 87166248316354349302230149 74 21 12 5312921829935537134125 330HS 923358215037199999999999999 322 241541  999999999999999
278202126 66 41 65128207282336354328267189109 41  3 12 6815123931335735925 331HS 955354223236399999999999999 4 1 411619  099999999999999
320258187121 76 70108174246307340336294226149 77 22  3 30 9417625531534325 4 1HS1024344231334499999999999999 438 671655  399999999999999
333292235175125 99110155216274315327304253186118 59 23 22 6012319626030425 4 2HS1051327235631899999999999999 513 981731 1899999999999999
317301264217172139131152195244284304299267217159104 62 42 53 9114620425225 4 3HS1118306999999999999999999999 5471311810 4299999999999999
281286271243209180163164185218251273279266235194150110 82 72 8411515619825 4 4HS 044287114827999999999999999 6251611857 7299999999999999
23325325925123521519718818920121923724824923821819116113211110210612415125 4 5HS 154259123425099999999999999 723187201210199999999999999
18221023124424724223021720519719620121021822522622020618516113812111311925 4 6HS 349247144322699999999999999 94019622 511399999999999999
13616319322224525825824822920718717317118019621523123823221318515312510625 4 7HS 53225917 4238999999999999991142171233810399999999999999
10412015119022926027727625722719216114114015818822225026425923519715411525 4 8HS 6252791815265999999999999991233138999999999999999999999
 91 8911115320325028429628525321016412711011915219724327729127924319414225 4 9HS 7 229619 229199999999999999 035 8713 910999999999999999
 99 76 82118171229277306307280233179128 93 8711316221927130531028523717925 410HS 732310194131299999999999999 117 751342 8599999999999999
123 82 69 90140202261304320303259201141 91 67 7812218424829932531727722025 411HS 759320201632699999999999999 153 691412 6699999999999999
158104 72 75113174239294324320284226161101 61 54 8514521527932233431025925 412HS 824327204933499999999999999 225 691441 5299999999999999
196135 89 73 95148214276318329304251185119 67 42 5610617524730533533029225 413HS 848330212133799999999999999 256 7315 9 4299999999999999
234171117 84 88128189254305329318274211142 82 43 39 7413721027632233531325 414HS 912330215233599999999999999 325 811536 3699999999999999
266207149106 93116167230286321324292235168104 55 35 5310417324229732632125 415HS 935327222132899999999999999 352 9216 2 3599999999999999
287236182134108114152208264305320301254192129 75 44 45 8114020726630631625 416HS 957320225031799999999999999 4191061628 4099999999999999
297257209163130123145190242285308302268214154100 62 49 6911517523327830025 417HS1019309231930299999999999999 4461221654 4999999999999999
296269230189156139147178222263290295274232179127 86 64 68 9814619924527625 418HS1042297235328499999999999999 5121391722 6299999999999999
284272245212182161157173204240268281273246204158117 88 78 9012216520824325 419HS11 9281999999999999999999999 5421561758 7899999999999999
263266253232208187175177192216241259263252226192156124102 9610813316820325 420HS 038267114726399999999999999 6231741850 9699999999999999
23124825324723321620019018819520922623924423922319917014212111011313015625 421HS 15525313 124499999999999999 742187201711099999999999999
18721623925225524823321419618418018720121823324123822319716613711510711425 422HS 347256151424199999999999999 95218022 410799999999999999
136169207241265275269249220189164151154173203234257266255227188146112 9225 423HS 5 827516582669999999999999911201502328 9099999999999999
 9311715920925528730028925821416813111211915019724628329929025520314910325 424HS 6 330018 9300999999999999991216111999999999999999999999
 76 76107161222277313322300253194136 92 73 8913720126431133231827421214825 425HS 64832319 733299999999999999 030 7213 4 7399999999999999
 95 64 69110175244302335334298236165100 52 40 6913321128433635633628321525 426HS 72934020 035699999999999999 123 621349 3999999999999999
146 90 62 75127198269324349334282209132 63 20 18 6213922530235536934128325 427HS 8 9349205037099999999999999 212 611433 1399999999999999
213144 90 70 94154226293339350320257178 99 33 -1 11 6915224131636336833425 428HS 847351213737299999999999999 258 701515 -399999999999999
275207142 96 88123185254311344339295226147 72 14 -6 20 8617125632436035625 429HS 923347222436399999999999999 341 861557 -699999999999999
318261198142109115156217276320336316264194120 54 10  5 4211119126632234525 430HS 95833623 934599999999999999 4221071637  299999999999999
333295243189146129145188241288317317287233168103 50 22 30 7313720826931025 5 1HS1031321235432299999999999999 5 11291718 2199999999999999
322306271227185156151172211254287301291258208152100 62 48 6310416021726425 5 2HS11 6301999999999999999999999 54115018 0 4899999999999999
291296281252218188171172191222252273277264235194150112 85 78 9312817221625 5 3HS 043297114727899999999999999 6271691849 7899999999999999
25127227626424321819618418419621623625025324422419416213311210611614117525 5 4HS 143276124625499999999999999 730182195410699999999999999
20923925826525924422420418918218619821422823723722720718215613512312614325 5 5HS 3 1265143223899999999999999 9 7182212012299999999999999
17020223225526626425022920418116716417419221423324424222820317414712912525 5 6HS 4202671622245999999999999991042164224212599999999999999
13916620223726427727425522619116114113715218021424426226424721718114712425 5 7HS 5192781736265999999999999991141136234411999999999999999
12013617021225228129128125121016713111111414018222726428528426022217813925 5 8HS 6 02911827287999999999999991222109999999999999999999999
116115140183232274299301278235184135 99 8610114219624928930729726321616725 5 9HS 63430419 930799999999999999 0311121258 8699999999999999
128109118154206258297313301263209150100 70 7010115621927531232130025720425 510HS 7 5314194832299999999999999 1111091331 6699999999999999
154118108131177234284315318290238176116 70 51 6711417924529932932629424425 511HS 736320202533199999999999999 14810814 3 5199999999999999
188140112116151205262305324311268206141 84 48 44 7713620627231933632028025 512HS 8 632421 133699999999999999 2231101436 4199999999999999
226171130114133178235286319322293238172109 59 37 50 9716423429433033330625 513HS 836325213633699999999999999 25811415 8 3699999999999999
260206156125125156207262304322309266205140 82 44 38 6912619526030933032025 514HS 9 6323221033199999999999999 3311211540 3699999999999999
285237187146129143184236283313315286234171111 64 41 53 9615822428031532125 515HS 935318224232399999999999999 4 31291611 4199999999999999
300261215171143141167212259295310297258202142 90 56 50 7612618824729131125 516HS10 3311231631299999999999999 4351381642 4899999999999999
305278238197164149159191234273298299274229175122 81 60 6710215421126029225 517HS1033301235230199999999999999 5 71491715 5999999999999999
301287258222188165160176209246276290282253208159114 83 73 8712417322326325 518HS11 9290999999999999999999999 5441591755 7399999999999999
286289273246215187170170186215245268277267239200157119 95 8810413718122525 519HS 038290115827799999999999999 6321681848 8899999999999999
26027928226824421619117417118320623225426425923920717013511110211314017925 520HS 138283131126499999999999999 742170195810299999999999999
22125527728327325122119216915916418421123925826425322719215612611111413625 521HS 252283145126499999999999999 910159212110999999999999999
17321625528329328526022318515213413415519022926127927725521817613811411025 522HS 4 42931625281999999999999991028132224110999999999999999
12916821626229530829826521816812610010012617322627230130528424219214711525 523HS 5 43081740307999999999999991131 97235010699999999999999
106125169224275311323306263204144 94 65 6810416423028732433130726020515325 524HS 5563231844332999999999999991226 62999999999999999999999
116106128177236290325332306252184117 63 34 44 9116223730234235032227221325 525HS 644334194235199999999999999 0501051317 3399999999999999
158119110136190252304335335299237163 92 37 13 30 8716524631435535932927625 526HS 730340203736299999999999999 14510814 6 1299999999999999
216160122118150207267315340331287219143 72 20  2 28 9217425632236035932625 527HS 815341212936499999999999999 2371151455  299999999999999
273214160127130167224280322338320270200125 58 12  3 3810618726632735735125 528HS 9 0338221935999999999999999 3261241542  199999999999999
315263206158134145186240290324331305251182111 51 15 17 5912720527632734725 529HS 94333223 534799999999999999 4121331627 1199999999999999
334297247196156143161203253295320317285230166102 52 29 41 8715322328332225 530HS1024322234833199999999999999 4551431710 2899999999999999
331312274229186158154177217260294308297262211154101 64 52 7211917923828625 531HS11 6308999999999999999999999 5371521752 5299999999999999
311311289253214180161165189225260284290276242197149108 83 8110514920024825 6 1HS 030314114929199999999999999 6211601834 7999999999999999
28329829226923720417816617219322325126927225822919215412410711013317221425 6 2HS 112298124127299999999999999 711165192110699999999999999
25227828727825622719917616617018821223625325724822619716714213013315318525 6 3HS 159287135025799999999999999 812165201812999999999999999
22225327428127225022219417015815917419722224225224923421018315914614716425 6 4HS 254281151725399999999999999 924157212614499999999999999
19222625627628127124821718415714114115718421424225926124922519717015415225 6 5HS 3522811640262999999999999991031139223615199999999999999
16819623126228328727324420616813611912114217721725227427926523820417415425 6 6HS 4452881745279999999999999991124117233615199999999999999
152170202240274293294273235189144110 9510413418022826929429627724420517125 6 7HS 53129618372989999999999999912 9 95999999999999999999999
150151174212254288304297266219166118 85 76 9513719224729031230828224219925 6 8HS 612305192231499999999999999 0281481250 7699999999999999
163145153183227271302312294253198141 93 65 65 9514821026730932531428023525 6 9HS 65131220 432599999999999999 1141451330 6199999999999999
189154143158197245288314314285235175116 71 51 6310516523128832433131127125 610HS 730317204533299999999999999 15614214 8 5099999999999999
222177147144169214263303321310271213150 93 54 45 6912118825330533333030225 611HS 8 8321212533699999999999999 2361411447 4499999999999999
257207164142150185234282315322300252189126 74 44 47 8414421227531933632325 612HS 84632322 233699999999999999 3151411525 4199999999999999
286238190154142162204254297321318284228164104 59 41 5810617123829432833225 613HS 923324223833499999999999999 35214216 1 4199999999999999
308267218174147148178224273309322306263203140 86 52 47 7713320026230933025 614HS 959322231233099999999999999 4281441637 4599999999999999
322290245200163147158195242286313315289240180122 76 54 6210216222628131725 615HS1035318234832699999999999999 5 51461714 5399999999999999
325307270226185156149169209254291310304271221164113 77 65 8412918824729325 616HS1116311999999999999999999999 5451491754 6599999999999999
317316291253211174152152175214256288301290258210160116 88 8410715220826025 617HS 02632012 530199999999999999 6301491839 8299999999999999
29831430627924120016614714917220924827829028225321216812910610512816921925 618HS 11131413 629099999999999999 725145193310299999999999999
26629831030027323419315813713715819323326628328126122618615012812414317925 619HS 2 3310142528599999999999999 830135203912399999999999999
22426729730829927123018514612111713617221625528229027724821017414813915125 620HS 3 2308155329099999999999999 940116215613999999999999999
183226268298311302271226175130100 9210914920125028730429927323519516414825 621HS 4 53111716305999999999999991049 91231314899999999999999
155183226269302316306273221164112 77 66 8513019024929532132029525521217425 622HS 5 73161829324999999999999991153 66999999999999999999999
153155183227273308323311273216153 96 56 43 6511718425130533633831227022225 623HS 6 6323193334199999999999999 0251511253 4399999999999999
179153154183230278314329315272211143 82 39 27 5311018325631534835032227625 624HS 7 3329203235399999999999999 1281501350 2799999999999999
225178151153185234284321334317270204134 71 28 19 5011218926532435635432225 625HS 758334212535999999999999999 2261481444 1799999999999999
273219172146153190242292327338315264196124 62 22 19 5712520327833435935025 626HS 850338221336099999999999999 3181441534 1599999999999999
313261206161142157199252301333337308252183113 55 24 31 7714822529434135525 627HS 938339225435599999999999999 4 41421619 2299999999999999
336293240188151142166212265309333328292233166102 54 36 5610918025130934225 628HS1021335232934699999999999999 4461411659 3699999999999999
341312266215170144148180228276313326311269211150 96 62 60 9214921527631925 629HS1059326999999999999999999999 5231421734 5799999999999999
334320284237192157144158195241282308311287243190139 99 82 9413318924729425 630HS 0 0334113631399999999999999 55914418 7 8299999999999999
31931829425521217415014817020624728029629026322317813911311013117222226925 7 1HS 028322121529699999999999999 635146183910899999999999999
30031129927023119316314815317721024427027927124621317815013614016520224325 7 2HS 05731113 227999999999999999 715148191613599999999999999
27829729828125221618215814715417520523425626525924221619016916016618821925 7 3HS 13330014 726599999999999999 8 614720 616099999999999999
25127729028727024120717615214214716619422224525926024923020718917918319925 7 4HS 219291153526199999999999999 910142211617999999999999999
22425127328528226523720216914413113415218121324226327026424722520419018825 7 5HS 32028517 3270999999999999991019130223918799999999999999
19922224827128528326623519716013011511813817221224927628728226323620919025 7 6HS 4252861811288999999999999991121114235118499999999999999
184195218248275290289268232189146113 9710212917121826229330529727223920625 7 7HS 52529219 4305999999999999991215 96999999999999999999999
183177190219254285301296269226176128 93 79 9112617723228031132030527323425 7 8HS 617301195132099999999999999 04917613 3 7999999999999999
196172169189225266298312302267217160109 74 65 8513119025030032832930626725 7 9HS 7 5312203433299999999999999 1371671349 6599999999999999
221182160164193237282313323304261202141 89 57 56 8714320927231934133330025 710HS 751323211334299999999999999 2211581432 5299999999999999
254205166150164203253299328330302249183119 69 44 54 9716323329633734932925 711HS 835333215134999999999999999 3 21501514 4399999999999999
287235185150144170218272317340332292230161 98 52 38 6211819026231935134925 712HS 916341222635499999999999999 3421421553 3899999999999999
316267212164137143181236291331345326275208139 80 44 44 8214822329133935625 713HS 956345225935699999999999999 4201361631 3999999999999999
338296241187146130149197254306339342311253185120 70 48 6311418525731634925 714HS1035345233035499999999999999 45713017 7 4799999999999999
350319269214164131129159212268314338330290232168111 73 66 9415222128533125 715HS1116339999999999999999999999 5351261743 6499999999999999
348333293241188145123131169222274313328312271217161116 90 9513118925130325 716HS 0 234812 032899999999999999 6151221821 8899999999999999
33433731226821716813211913417322327030331229626021416813311813016621726925 717HS 035339125231399999999999999 65911919 511899999999999999
30932732129224920015612511613116821425728729728725922318716015016119123325 718HS 114328135829799999999999999 752115195915099999999999999
27430431530627923819215012011012215419623827128828727124321318917718220325 719HS 2 4315152729099999999999999 858110211417799999999999999
23526829430529927523719214911610010613317421925928629729026924121419619125 720HS 31030517 6297999999999999991015100224919099999999999999
202227258285300300281244198150110 87 8610915220325329131231229326323020225 721HS 4293021830315999999999999991133 83999999999999999999999
188192214247280303309293256205151103 71 65 8813519525430233033331227623525 722HS 547309193633599999999999999 0181871243 6499999999999999
198176177202241281311322307267210148 93 55 47 7312719526331734834832227825 723HS 657322203135299999999999999 1271731345 4699999999999999
229185160164196242289324337319273209141 81 41 36 6913220727933436135431925 724HS 756337211736399999999999999 2221581438 3399999999999999
267212166144156197251303339348323269200129 68 32 37 8115122930135136734725 725HS 847348215636799999999999999 3 91441524 2999999999999999
303246189146134158208267318350350315254182112 58 34 5310818326032436136025 726HS 931355222936599999999999999 35013416 4 3499999999999999
327275216163131134170227286332353340295230160 97 56 50 8615022529434335925 727HS10 8354225735999999999999999 4261271638 4899999999999999
340296239183140125144191250303339345318265201138 89 68 8313220026832235025 728HS1041346231935199999999999999 45712517 6 6799999999999999
344309257202155127130163215270313334324287233175126 96 9512718324630133625 729HS1112334233934299999999999999 5261241731 9199999999999999
34031627121917113712614418423528131231729725620816212811713317422928131825 730HS1142318999999999999999999999 553126175511799999999999999
33231828323719015113113416020124628129929427023519616414614917421425929625 731HS 0 0332121830099999999999999 622129182214499999999999999
31631429125421117214513514517220924426928027325422720018017318220623927125 8 1HS 02431813 528099999999999999 659135185717399999999999999
29430229226823519916814714215217520423225326226125123421720420020722324525 8 2HS 056302142226399999999999999 749142195320099999999999999
26728128427525522819817115214515116719121623825426226025223922721821822525 8 3HS 145284162226299999999999999 9 3145213621799999999999999
23825426627326925623220417615314013915217420223225727327827225824022421425 8 4HS 3112731756279999999999999991032138232821399999999999999
21422524125927327626524221017614512512113316019623627029329929026924221625 8 5HS 4452761854299999999999999991146120999999999999999999999
200198212236263284291280252212168129104 9911615220025029131531830126923225 8 6HS 555291193832099999999999999 0361971244 9899999999999999
199181183205240277303311295258207153108 80 7910615521427231633733130225925 8 7HS 650311201733899999999999999 1241791333 7699999999999999
214177161172207253297326330306256194133 83 58 6510516823729934135433629425 8 8HS 739332205435499999999999999 2 61611418 5699999999999999
241189153144168216272321348345308247176110 60 42 6311819226632836336332925 8 9HS 825351212936799999999999999 2461431459 4299999999999999
275215162130133172232294343365350300229154 88 44 38 7514422530035537635825 810HS 9 736522 237699999999999999 3251261538 3599999999999999
310248185134112131184252315360372344283208133 72 40 5110518226333137237525 811HS 948372223337999999999999999 4 31121615 3999999999999999
339280214153110104138202272332367366326260186118 68 54 8314722630035437525 812HS102837223 237599999999999999 4401011651 5399999999999999
357307244179124 96106153221288340363348301237170114 81 8512819526832736125 813HS11 7363232936699999999999999 515 941725 7899999999999999
361326270207148105 9311717123629633634632327722016612511012817623829733825 814HS1148347235635299999999999999 551 92175911099999999999999
35233429123517812910010013118324129031932229926021617615014817221626630825 815HS1235324999999999999999999999 630 96183614699999999999999
33133030426221116312410511114018623427329629828325622519918418620623827325 816HS 027333133730099999999999999 717104192318299999999999999
30031230528224620516413211511814017521424827228228026624722821621322224025 817HS 1 9312151628399999999999999 822114204421399999999999999
26228029028827324821417814612411712815318822425627928928727425623722321925 818HS 220290171929099999999999999 954117225721999999999999999
22523925827428328126423419715812610710712716320725128730931329927424421725 819HS 4182841842314999999999999991131104999999999999999999999
200199215242270292300288257213163119 89 8310314720325930633333531527823525 820HS 555300193633899999999999999 0321971245 8299999999999999
197173174198237279311324312274219159104 69 63 9114621327832935434831626725 821HS 7 3324201835699999999999999 1291701341 6199999999999999
214169147156193245296334346327278213145 86 52 54 9516123630535236734730125 822HS 755346205536799999999999999 2131461426 4899999999999999
243185141128151202263318354359327268196126 70 45 6311819326933336836633025 823HS 838361212637299999999999999 25212715 6 4599999999999999
273210153118121160222287340367357312245172106 61 54 9015723530635637134825 824HS 915368215337199999999999999 3261141539 5299999999999999
297235172124107128182249311355366340284215147 92 66 8213520728033836635725 825HS 948367221536799999999999999 35710716 8 6699999999999999
315255192137106109149212278331358351310250184127 91 8912518825831935635825 826HS1018360223436299999999999999 4241021633 8599999999999999
32627221015311310212617924330133934832327521716112010612717724030034135325 827HS1045349225135499999999999999 449101165510699999999999999
33228522717012510411315320926731233332429024319315313113817322628132334225 828HS111333323 934299999999999999 512103171713099999999999999
33229524318914311411113618023227830831329526122118516115717721626230132425 829HS1143314232832799999999999999 537109174015699999999999999
32329925721016613312012915920124227529128826924321519318319021324527830125 830HS1220292235130799999999999999 6 512018 718399999999999999
30729526623019216013913514917520723725926826625524022421321121923625627425 831HS1315269999999999999999999999 643134184421099999999999999
28428226924621919116815315015917719922123925025525525124423723323424024825 9 1HS 021285153025699999999999999 744150201823399999999999999
25726226225624322520418316615615616418020022224326027027226625624323222725 9 2HS 130263174427299999999999999 934155231922799999999999999
22823524525526025724422219616914913814115718421725027829429628426223721525 9 3HS 4102601837297999999999999991118138999999999999999999999
20320421824126428028226823820016112911211413717722527030532131529125521725 9 4HS 539283191532199999999999999 025202122311099999999999999
187174183211250286309311289247194142102 83 9212918424529933534432528523525 9 5HS 636313194934599999999999999 1 61741312 8299999999999999
188155147170216268314340337303246180118 74 59 8013420427533236235832226725 9 6HS 725342202336599999999999999 1451461356 5999999999999999
206153123127167229293343367354305235161 95 53 48 8615523530936238035830525 9 7HS 810367205738099999999999999 2231201437 4499999999999999
238171118 96117174248318368384358297219142 77 43 5410918927234238338334225 9 8HS 854384212938899999999999999 3 1 961517 4199999999999999
276202133 86 79119190270340384388349280201126 70 51 8014823130936738936725 9 9HS 93639222 038999999999999999 339 761555 5199999999999999
310236162 99 65 77132211291355387377328258184119 78 7812219527433937737525 910HS1016389222838199999999999999 416 641630 7299999999999999
335268194126 75 59 8915423330635837535330223717412410212017324230735336825 911HS1056375225436899999999999999 451 5917 410299999999999999
346293226158101 67 7011117724930934635032327622317514313916821927732334725 912HS1137353232034999999999999999 526 63173813699999999999999
342308253193137 94 76 9113519425329932231929525922118917318020925129131925 913HS1223324234732699999999999999 6 4 76181317299999999999999
325309273226177134105 9711415119724227629329227825523221420621423426028425 914HS1327294999999999999999999999 649 9719 120699999999999999
29729628025321918215012812012915318621924726727627526725424123223023624725 915HS 025298152527799999999999999 758120204623099999999999999
25826727026525223120517715213513114116319222425427628928927926224322621725 916HS 153270173129099999999999999 948131232621699999999999999
21722724225726826925823420216713711911813717121425729231231329726823420425 917HS 4372701834315999999999999991131116999999999999999999999
185184201229261287298289260217169126 98 9512016522127531633633030125721025 918HS 6 4298191533799999999999999 0331821237 9399999999999999
170150157188233279314327312272217157107 78 8111817724330234235333228723125 919HS 659327194935399999999999999 1151491324 7599999999999999
176135123145193251305342348322269203138 87 66 8413520527533236135531625825 920HS 742350202036399999999999999 15112214 3 6699999999999999
195139106109149212278332362355314251180117 74 6910517024431135636734028525 921HS 820364204636899999999999999 2251021438 6699999999999999
219155106 89113169240306354369346293224155100 74 9014321528634236735430825 922HS 854370211036899999999999999 255 8915 8 7499999999999999
243175117 83 88132199272332365362323262195134 94 9012719126232336036132525 923HS 925369213136599999999999999 324 801536 8799999999999999
265196134 89 7610316223430134836334129223016912210312217324030334735933525 924HS 954363215136099999999999999 349 7616 110399999999999999
283217153102 76 8713219726632135034631125820115312412816422228233035133925 925HS102235222 935199999999999999 414 75162512299999999999999
297236173119 85 8211216723128832733731827822918315114216420926230933633525 926HS1050338222833999999999999999 437 79164714299999999999999
304253194141103 8810314419925429731831328724921017916417220224528731632225 927HS1118319224632399999999999999 5 0 88171116399999999999999
30426421416512610410613217422226329029728526123220618918720423326629230425 928HS115029723 730499999999999999 526102173618699999999999999
29627023219115412911913015719222825627227326324723021620921322824826828025 929HS1235274233228299999999999999 55811918 820999999999999999
28026824421518616014413914916819321923925125625525024223423023023524425225 930HS1415256999999999999999999999 648139192522999999999999999
2572572502372191991781621541541631791982192382532632662622532422312242222510 1HS 025258165426699999999999999 829153224622299999999999999
2262342432492482402232001761551431421541772072392672862912832642392141962510 2HS 3302491754291999999999999991034141235419199999999999999
1911992192442652762712502171781441201141291632082542933153162962612201832510 3HS 5142761833319999999999999991148114999999999999999999999
159157179216259293311304273224171124 93 881131622232813253443332952431882510 4HS 61431119 834499999999999999 0351551240 8699999999999999
143120129169226283327345330285222157102 70 721121772503143553633352802132510 5HS 7 4345194336599999999999999 1141191326 6699999999999999
149101 86111170243310358372346288214142 84 57 721272052823443773683212512510 6HS 752372201837999999999999999 153 861410 5699999999999999
175108 64 62106181264336381386348281203130 76 59 901572393153673843562932510 7HS 837390205238499999999999999 233 571452 5999999999999999
214135 70 38 53113198285355392386338268191123 80 781231972753413783743282510 8HS 922395212538199999999999999 312 371532 7399999999999999
255174 98 43 26 59131219302364389371319251182125 971111652373053553713482510 9HS10 5389215637199999999999999 351 261610 9699999999999999
290214138 72 31 33 79155238312360372346295235178136125153208271323353349251010HS1048372222535699999999999999 428 26164712499999999999999
312250179113 61 38 55107178251310343344316272224182157160193241289324334251011HS1131347225333499999999999999 5 6 38172415599999999999999
317274217158105 69 61 84133194252295316313290257223196184193221257289307251012HS1221318232530999999999999999 546 6018 418499999999999999
305283246200154116 92 91112151197240272288288275254232215209215232253270251013HS1329290999999999999999999999 635 8919 220999999999999999
279275259233202169141122118129155188220248267276274264249234222218221230251014HS 012279151727699999999999999 74611721 521899999999999999
240249253251240220196170147133132146170201233261279286280264242219201193251015HS 21025317 028699999999999999 934131231019399999999999999
197210229247260261248224192160134122130154191233270296305295269235198170251016HS 43526217573059999999999999911 8122999999999999999999999
158166191224258282289275244201158123107116149197248292318321299259211165251017HS 551289183632399999999999999 0 715812 910799999999999999
134126146187236281310315293249196145107 95114160218275318337325287233175251018HS 64031619 733799999999999999 0461261253 9599999999999999
127100107144200260309335330295241180127 94 94128186250306340343313259195251019HS 721337193534699999999999999 119 991331 9099999999999999
135 91 79103157225288334350331284222160112 91107156221285332351334286221251020HS 75735020 235199999999999999 151 7814 5 9199999999999999
153 97 66 72116183255316352353319262199141104100134193260316348346309247251021HS 831357202635299999999999999 221 641436 9799999999999999
177113 68 55 82141215285337358342297237176128106122170234295337349326272251022HS 9 4358205135099999999999999 250 5415 610699999999999999
204136 81 52 60105174247310347351321269211158123121153209270320344334292251023HS 935354211434599999999999999 317 50153411899999999999999
230162101 61 52 80138209275325345332293241189148131146190246298330334306251024HS10 6345213733799999999999999 344 5116 213199999999999999
252188127 79 57 68112174239294326329305263216174149150179225274311325310251025HS103533222 032599999999999999 411 56162814599999999999999
268212153103 72 69 96146206261300316305276238200171161176210252289309306251026HS11 5316222231199999999999999 437 66165516199999999999999
278232179131 95 80 92127176227269293296280252221195179181201233265288294251027HS1138298224829499999999999999 5 5 80172417799999999999999
279247204160124101 98117152194235264278276261240218201194200217241262274251028HS1221279232227599999999999999 538 9718 319499999999999999
272255226192158131117118135163197228252263264256242226213206208217231245251029HS1333265999999999999999999999 626115191920699999999999999
253253242223199172149134130139159186215239257266265255240223209200200207251030HS 027254152426699999999999999 747130213319999999999999999
220234244246238220195168145131130144169202236263281284273251223195175167251031HS 244246164428599999999999999 934129225916799999999999999
1751962242492652672512211841481221131241551982442823053072872512071661372511 1HS 4352681736309999999999999991058113235212899999999999999
128144180226267295301282242192144108 951091502062633073303242912381791272511 2HS 54430218193329999999999999912 0 95999999999999999999999
 94 90120174237292327333306254193136 95 821051582252883333493302802121432511 3HS 640335185934999999999999999 037 881253 8299999999999999
 86 54 61107178254318355356320259191130 88 801141772493123523573232571802511 4HS 732361193836099999999999999 121 521341 7899999999999999
105 48 23 44106189272339374368324258188126 89 901342032753333623523032282511 5HS 821376201636499999999999999 2 4 231428 8499999999999999
146 72 19  6 41114203288352380366318252184127 981111622312973443603352752511 6HS 910381205436099999999999999 247  41512 9799999999999999
196116 46  3  3 511302192993563753543042421791311141381922563123463463102511 7HS 957375213135199999999999999 330 -3155611499999999999999
245168 93 33  3 16 711502333043493583332852291771411371672192743173363242511 8HS104435922 833699999999999999 412  2163813499999999999999
280216146 81 34 18 41 971702433013333343082662191781551601922372803103162511 9HS1131338224531799999999999999 455 18172015499999999999999
296252194135 83 49 44 72124186246290312308285250214184171180207242274291251110HS1221313232729399999999999999 539 4218 617199999999999999
290269231184137 97 75 75101144195241275290287269242215193184190209234255251111HS1319291999999999999999999999 628 7219 718499999999999999
267265250221186151121103103122156195232260275275263243220199187186196213251112HS 024268143127799999999999999 730101203518599999999999999
230243248243226201172146127122133158191224253271275267248223197177168172251113HS 159248154927699999999999999 849122221116899999999999999
187208229244249241221194165141129134155187224256278284274249216182154140251114HS 3532491652284999999999999991013128231713999999999999999
144164195228254267262241209173143127130154192234270292295276242198155123251115HS 5152671737296999999999999991120126999999999999999999999
110121153196240274289281253213171137120129160206253289307300269222169121251116HS 610289181430899999999999999 0 3110121112099999999999999
 90 85109155211262297308293255208161127116134176228276309316295250192133251117HS 654308184631799999999999999 040 84125311699999999999999
 87 64 72112171234287318320294248195148119119148199254299322315278221156251118HS 734323191732399999999999999 115 63133111599999999999999
 98 58 48 73127194260310332322285233179136116129170226279316325302252187251119HS 811332194832699999999999999 148 4714 711699999999999999
121 68 39 45 86150222285326336314269215163128121147196253300324318280220251120HS 848336201832699999999999999 220 37144212099999999999999
152 90 46 33 55109179249304333329298248195149126134171224276313322300250251121HS 923335204932399999999999999 253 32151612499999999999999
186120 66 35 39 77139209272316330314275225176141131153197249293316310274251122HS 957330211831899999999999999 324 32154813199999999999999
217153 94 51 37 57106171236289318318292250203162140145177223269301310289251123HS1029322214731099999999999999 356 37161913899999999999999
243184124 75 47 49 83138200257297311299267226186156147164201244281299294251124HS11 1311221730199999999999999 426 44165114799999999999999
262212156105 68 54 70111167224270296298278245208176158159182218255281288251125HS1135300225028999999999999999 458 54172515699999999999999
273236188138 96 71 70 93137189237273288283262231199175163170193224254272251126HS1215289233227499999999999999 534 6718 816399999999999999
272253219176133100 84 88113154200241269280273253226198176167172191217241251127HS13 6280999999999999999999999 619 8219 916799999999999999
257258243214178143114 99103125160202239266277272254228199175161160174197251128HS 034259141227799999999999999 719 98203215999999999999999
223243251245225195162132114111127158198236266281279262232197165142135146251129HS 2 6251152428299999999999999 837110215413599999999999999
171204235256261248221184149123113123153194238273293292271233187144113101251130HS 34726116292959999999999999910 111323 110199999999999999
112146191236270285277248206163129112118148195245286307304275226168115 772512 1HS 51028517233099999999999999911151112357 6499999999999999
 64 81126186244289311304271223172131109115149202258300321312272212145 842512 2HS 6163121813322999999999999991219108999999999999999999999
 42 31 571141862553083333252882341791321081161562142713143303132631941202512 3HS 71533519 133099999999999999 049 31131610799999999999999
 56 14  7 431101912673233493382962401811331101221672282843243343082501752512 4HS 811350194833499999999999999 139  5141010999999999999999
 99 34 -6 -5 391141992773343563412972391801331141321812412953293312982352512 5HS 9 5356203533599999999999999 229-1115 111499999999999999
158 81 19-15 -6 451242092863383553352892311741321201451962543023293232832512 6HS 956355212133199999999999999 318-17154911999999999999999
218142 69 12-13  5 621402232933373453202732181651311291592102633053233092512 7HS104434622 632399999999999999 4 6-13163412699999999999999
264199128 62 15  1 28 871622372973293282982522011571331401742222683013092512 8HS1128332224931099999999999999 451  1171813299999999999999
289243182118 63 28 26 591181862502963153062742311871521381511852282662892512 9HS12 9315233229299999999999999 534 2318 213899999999999999
290266222168115 73 51 58 94149207257290298282251212176151144159190225255251210HS1249298999999999999999999999 616 50184814399999999999999
271267244206163122 91 80 93127174221259280281263234200170150146159185214251211HS 020272133228399999999999999 659 80194314599999999999999
238251248230201167136114108122152190228257271269251224193165146140150171251212HS 120252142127299999999999999 749108205114099999999999999
197221236238228207181155137131141166198230255267263246219187156135126133251213HS 242239151826799999999999999 85213122 212699999999999999
154181209230240237221198173153144150171201232256268264245213176142116105251214HS 41524116162699999999999999910 614423 510599999999999999
113137172207237253254238213184160147151172203237263274268243204160120 92251215HS 53125617 92759999999999999911161472355 8399999999999999
 83 96128172216252272271252221187158144149173209246273282269236189139 95251216HS 6282741756282999999999999991215143999999999999999999999
 68 64 86129182233272291285259221181150138148179220259285288266223169114251217HS 716291183828999999999999999 039 6213 413799999999999999
 70 47 52 86139199254292304291257213170140133151190235274295289257206146251218HS 758305191829699999999999999 120 46134713299999999999999
 89 48 33 50 95156221275307311289248199156130132160205253288301285243184251219HS 839313195830199999999999999 159 33142712799999999999999
121 66 32 28 57112179244293316310278231181141124137175224270300302275223251220HS 916318203530599999999999999 237 2515 512499999999999999
159 96 46 21 31 73136205267307319300260210162129124148194245286306296257251221HS 952319211130799999999999999 314 20154012299999999999999
198132 72 31 20 44 97165233287315313283237187144122130165215264297305282251222HS1025318214630699999999999999 349 19161512199999999999999
233169105 53 24 28 66128197259301315299261212165131122142185235278301296251223HS1057315222030399999999999999 423 21164912199999999999999
261205142 83 42 27 47 96162227280308307279236189148124127157203250284296251224HS1128311225729699999999999999 456 27172512299999999999999
280237180121 71 42 42 73129193251292306292258213169136122133168213254281251225HS12 0306233828699999999999999 531 3818 412299999999999999
284261217163111 72 54 65103159218266294297276238195155128120136171213249251226HS1236299999999999999999999999 6 9 54185012099999999999999
270270246206159116 85 75 90129181232271291287262225183145120114130162202251227HS 028273132029299999999999999 654 75194611499999999999999
236257259241209169132106 99114148192237270285279255217175136110101114144251228HS 135261141328599999999999999 751 99205410199999999999999
183220247256248224190157131121130157195235266281277253215169126 95 81 90251229HS 3 1256151728299999999999999 9 312122 8 8199999999999999
119161205241261263247217183154137138158192231264282280257216165115 77 57251230HS 43626516252839999999999999910281352319 5599999999999999
 62 92140193240272283273244208173148141155187227263284285261216160104 58251231HS 6 02831732287999999999999991152141999999999999999999999
