 -1 -2 14 44 85124154167166152128103 87 82 90108133156168163143112 73 3525 1 1HW 725169181316999999999999999 033 -31250 8299999999999999
  7 -5  1 23 58100137160167160140114 91 78 79 91113139161168158134100 6025 1 2HW 758167185516899999999999999 1 8 -51327 7799999999999999
 25  3 -1 11 38 75115146162162150128101 80 72 76 92116142160163149123 8825 1 3HW 833164193816499999999999999 144 -214 8 7299999999999999
 51 22  7 10 27 56 92127151160155140115 90 72 67 74 9111513915415313811325 1 4HW 9 8160202615699999999999999 220  61453 6799999999999999
 81 50 27 20 28 47 75108136153156147129104 79 64 61 69 8611013214414212925 1 5HW 944156212114599999999999999 257 201545 6199999999999999
107 81 56 41 39 48 67 92119141152151140120 95 72 58 55 62 7810012113213225 1 6HW1023153222913399999999999999 338 381646 5599999999999999
123107 88 70 60 61 69 84105126142149146134113 88 66 52 48 53 67 8810712025 1 7HW11 9149999999999999999999999 426 591758 4899999999999999
125122114100 88 81 81 86 97112129141146142130110 85 62 46 39 41 54 74 9525 1 8HW 0 912512 414699999999999999 532 801916 3899999999999999
112123127125116106 99 96 97103115129140145142130109 83 58 39 28 28 40 6125 1 9HW 2 812713 914599999999999999 720 962030 2799999999999999
 86108126137138132122112104101105115128140146144132110 82 54 31 17 16 2925 110HW 339139141814799999999999999 9 11012135 1599999999999999
 53 82111134148150143130116105100102113129143151149135111 79 47 21  6  625 111HW 44415115211519999999999999910121002232  499999999999999
 21 50 85118144158159148132114101 95 99113131148156154138109 74 39 11 -325 112HW 53416016171579999999999999911 6 952322 -499999999999999
  0 20 54 93128153165161146125106 93 89 97115137155162157137104 65 29  325 113HW 61616517 6162999999999999991150 89999999999999999999999
 -8  0 26 65106140160166158138114 95 85 85 98120144161165155131 95 54 2025 114HW 653167175016599999999999999 0 5 -81228 8399999999999999
 -2 -6  8 40 81120149164163148124100 84 78 83101126150164164149121 82 4325 115HW 727165183016699999999999999 045 -713 2 7899999999999999
 13 -1  2 23 59100134155162154133108 86 74 74 84106133154163157138107 6925 116HW 75616219 616399999999999999 120 -21334 7299999999999999
 35 13  8 18 45 82118145157155141117 92 75 68 73 88112137154157146124 9225 117HW 822158194215799999999999999 150  714 5 6899999999999999
 58 32 20 23 40 69104133150153145126101 79 66 65 74 9211713814914713311025 118HW 844154201815099999999999999 217 191436 6499999999999999
 81 53 36 34 43 64 92122143150146132110 87 69 62 65 77 9611813514113512025 119HW 9 5150205614199999999999999 242 3315 9 6299999999999999
 99 75 56 48 52 65 86112134146146136119 97 76 63 61 67 79 9811712913012325 120HW 928147213913199999999999999 3 7 481546 6199999999999999
111 94 76 65 64 72 86104124139144138126109 88 71 61 61 68 80 9511112012125 121HW 955144223712199999999999999 336 631630 6099999999999999
116107 96 84 79 81 89101116130139139131118102 83 68 61 61 66 76 9010311125 122HW1029140999999999999999999999 410 791730 6199999999999999
114114110103 97 94 96102110120130136134126115 99 82 68 61 58 61 68 81 9425 123HW 024114111513699999999999999 5 0 9419 0 5899999999999999
105113118119115110107106107112119128132132126115100 82 67 57 51 51 58 7125 124HW 240119122213399999999999999 6521062033 5099999999999999
 87103117127130127121114109106109116125132134129119102 82 63 48 39 38 4625 125HW 359130134913499999999999999 9 11062140 3799999999999999
 63 85108127139142137126114105101104113125136140136124103 78 54 35 24 2425 126HW 45014215 31409999999999999910 71012231 2299999999999999
 36 60 89118140151151140124107 96 93 98112130144149144127101 70 40 18  825 127HW 52915316 0149999999999999991053 932313  899999999999999
 13 32 63100131153161155137115 96 84 84 95115138154159149126 93 56 24  225 128HW 6 41611648159999999999999991131 832351 -399999999999999
 -3  8 36 75115147164165152127101 81 73 78 95122148165166150121 81 41  825 129HW 63616717321679999999999999912 7 72999999999999999999999
 -9 -7 12 48 92132160170163142111 83 65 62 74 99130158172167146110 67 2625 130HW 7 6170181517399999999999999 026-101242 6299999999999999
 -2-11 -1 26 68113149168170154126 92 65 52 55 73104138165174163137 98 5425 131HW 734171185717499999999999999 059-111318 5199999999999999
 18 -3 -3 14 48 91132160170163140106 72 49 41 51 74108143166169154125 8625 2 1HW 8 2170194017099999999999999 132 -51355 4199999999999999
 47 18  7 14 37 73113147165166150122 87 55 37 35 49 7611114316015914211425 2 2HW 830168202616299999999999999 2 4  71435 3499999999999999
 79 47 28 26 39 64 97131155163156135105 71 44 31 34 50 7711013714914613025 2 3HW 859163211615099999999999999 237 241518 3099999999999999
106 79 56 46 50 65 88116141156156143121 91 61 39 30 34 50 7510312513513225 2 4HW 930158221613599999999999999 311 4616 8 3099999999999999
121104 86 72 69 75 88106127144150146132111 84 58 40 33 36 48 69 9211012025 2 5HW10 4150234812299999999999999 348 691710 3299999999999999
122118109 99 92 91 96104116129139142137125107 84 61 45 36 35 43 59 78 9625 2 6HW1048142999999999999999999999 432 911836 3599999999999999
108117121119114111109109112117125132134132124109 89 68 50 38 32 34 46 6525 2 7HW 211121115813499999999999999 6181092013 3199999999999999
 84103118129132129124119113110112118125130132128117 98 75 53 35 24 23 3525 2 8HW 359132135513299999999999999 9131102133 2299999999999999
 55 80105126140144140130119108102102110121132138137126105 79 51 28 14 1325 2 9HW 45714415241399999999999999910251012233 1299999999999999
 27 52 83113137151152143127111 97 90 93106122138147147133108 76 44 18  425 210HW 5351531626149999999999999991111 902320  499999999999999
  7 27 59 95127149158153137116 96 82 79 88107129148157153134103 67 32  825 211HW 6 71581714157999999999999991147 792359  099999999999999
  0  9 37 74112142159160147123 99 79 68 71 87113139158163154129 92 53 2125 212HW 6351611754163999999999999991219 68999999999999999999999
  3  2 21 55 96131154162154133104 79 63 59 69 93123149164164147116 77 4025 213HW 7 0162182916699999999999999 032  01248 5899999999999999
 14  5 14 41 80119148161159141113 83 61 51 55 73102134157165158135100 6125 214HW 72116219 116599999999999999 1 1  51314 5099999999999999
 31 15 16 35 68106139158160147122 91 63 47 45 57 82114143160160146118 8325 215HW 739161193116299999999999999 125 141338 4499999999999999
 50 29 25 36 61 95130153160151130101 70 48 40 46 65 9312514815715013110225 216HW 75516020 115799999999999999 147 2414 2 4099999999999999
 71 46 36 42 60 87119145157153136111 81 54 40 41 53 7510413114714813611625 217HW 813158203314999999999999999 2 8 361428 3999999999999999
 90 66 51 51 63 84110136152153141119 93 65 46 39 46 62 8511113114013612325 218HW 83315521 814099999999999999 230 491456 3999999999999999
105 85 69 64 70 85105126144150143126104 79 57 44 44 54 70 9011112512912425 219HW 857150215112999999999999999 254 641530 4399999999999999
113100 87 79 80 90103119134143143131114 94 73 56 48 51 60 73 8910411411725 220HW 926144225511799999999999999 323 781613 4899999999999999
115110103 96 93 97105114124133137133122107 90 74 60 54 55 61 69 80 9310225 221HW10 2137999999999999999999999 358 931719 5499999999999999
108112113112109108109112116122127130126119108 94 79 66 58 54 54 58 67 8025 222HW 2 4113105813099999999999999 4591081937 5499999999999999
 93105116123125122118114111111114119124125122115103 87 70 56 46 41 42 5325 223HW 348125124612599999999999999 8411112117 4099999999999999
 70 91111127136137130120110103100104113123130132126112 92 69 48 32 24 2725 224HW 434138144313299999999999999 9551002213 2499999999999999
 43 68 97123142149145131114 98 88 86 95111129141145138119 92 61 34 15  825 225HW 5 81501551145999999999999991038 862256  899999999999999
 17 41 75111140157159146123 99 79 70 73 90114139155159147121 86 49 18  025 226HW 5381601643159999999999999991114 702333 -299999999999999
  0 17 50 92130157167160138106 77 58 53 64 89122152169168150117 75 35  525 227HW 6 51671728171999999999999991148 52999999999999999999999
 -7  1 28 69114150170171153121 83 53 37 39 59 93133164178172147108 63 2425 228HW 632173181117999999999999999 0 7 -71223 3699999999999999
  0 -3 14 48 93137166175165137 98 58 30 21 32 60101143172181169139 97 5325 3 1HW 658175185418199999999999999 040 -41257 2199999999999999
 20  6 12 36 75119155174172151116 73 35 14 13 31 66110150173176159127 8725 3 2HW 724175193617799999999999999 112  51333 1199999999999999
 49 26 21 35 63101140166173160132 93 52 20  6 12 36 7311515016716414611625 3 3HW 750173202016899999999999999 143 201411  699999999999999
 81 53 40 44 62 90124152167163144113 75 38 13  7 18 43 7911614315414913225 3 4HW 81716821 815499999999999999 214 401451  799999999999999
108 82 65 61 70 88112137155159149127 98 64 34 17 15 27 50 8011013013713325 3 5HW 84616022 513799999999999999 246 611536 1499999999999999
122106 90 82 84 93107124140149147134115 89 62 39 27 27 35 53 76 9811312025 3 6HW 917150234312199999999999999 317 811633 2699999999999999
121117110103101104109117126135138134124109 90 69 51 41 37 40 50 66 83 9725 3 7HW 954138999999999999999999999 35110118 6 3799999999999999
108115120119117116116116117120124126124119111 98 81 65 52 43 39 42 54 6925 3 8HW 223120105712699999999999999 61211620 4 3999999999999999
 86103118127131129125119112108108112116120123120111 95 77 58 42 32 32 4325 3 9HW 4 713114 612399999999999999 9291072128 3199999999999999
 62 84107127138141135125112100 93 94102113124132133123105 81 56 35 23 2525 310HW 4451411534134999999999999991023 932224 2299999999999999
 39 64 92119140148145133115 97 83 78 83 98116134144144131107 77 48 26 1625 311HW 5131491630146999999999999991059 7823 6 1699999999999999
 23 45 76108135152154142121 98 77 65 65 79101126146156151132101 67 37 1825 312HW 5381551712156999999999999991129 632340 1499999999999999
 15 30 60 96128151159151130102 75 57 50 59 82112140158163151125 89 54 2825 313HW 6 01591748163999999999999991157 50999999999999999999999
 16 23 47 83120147161158139110 78 53 40 43 61 92126153166163144111 73 4225 314HW 619162181916799999999999999 0 9 161222 3999999999999999
 24 23 40 72110142160162147119 85 54 35 32 44 71107141163168157130 94 6025 315HW 636163184816899999999999999 034 211245 3199999999999999
 36 29 39 64 99134157164154129 95 61 35 25 32 53 87124153166162144113 7925 316HW 652164191616799999999999999 055 2913 6 2599999999999999
 51 38 42 60 90124152163157137106 71 41 24 25 40 68104137158162151128 9825 317HW 7 9163194316399999999999999 116 381328 2399999999999999
 69 51 49 62 85114143160159143116 84 51 29 23 32 54 8411814415615213611325 318HW 728162201315699999999999999 136 481352 2299999999999999
 87 66 59 66 83107133152158147125 96 65 39 26 29 44 68 9712514314713812225 319HW 750158204514799999999999999 159 591419 2599999999999999
102 83 72 73 85103124143153149132108 80 55 36 31 39 56 7810212313413312525 320HW 815153212513599999999999999 224 711451 3199999999999999
113 99 87 84 90102117132144146137118 95 72 52 40 40 49 64 81 9911412112125 321HW 843147222312299999999999999 252 831531 3999999999999999
116110103 97 98104113123132138136126109 91 73 57 49 49 55 64 76 8910110925 322HW 919139999999999999999999999 327 961629 4899999999999999
113115115112109109112116120125129127119108 95 80 67 57 53 53 56 64 76 9025 323HW 128115101412999999999999999 4291091829 5399999999999999
102113121125123119114111109110114119122120115106 92 76 62 51 45 43 50 6525 324HW 31112512 812299999999999999 8181092041 4399999999999999
 84104121134137133122110100 94 94102113123129128120104 83 61 43 32 30 3925 325HW 355138142612999999999999999 927 932142 2999999999999999
 60 87114136148147135116 96 81 74 78 92112130142144134113 84 55 32 19 2025 326HW 4271491539145999999999999991010 742226 1899999999999999
 37 66100132153160151128100 74 56 53 63 87117143159159144116 80 46 21 1125 327HW 4551601633161999999999999991046 5223 5 1199999999999999
 19 44 81120151167165145112 76 47 32 34 55 89127158174170149114 73 37 1625 328HW 5231691720175999999999999991122 312341 1199999999999999
 12 28 61103142168175161130 89 49 21 11 23 53 96140171183174147107 65 3325 329HW 54917518 4183999999999999991157 11999999999999999999999
 18 23 46 84127161177173148109 63 23  0 -1 19 58107151179186171140 99 6025 330HW 616178184718699999999999999 015 171233 -399999999999999
 35 29 41 70109147173178162129 85 39  4-11 -4 24 68117158179179161129 9225 331HW 644178193018299999999999999 049 291310-1199999999999999
 60 45 47 65 95131161175169146109 64 22 -5-11  3 34 7812315717116714811925 4 1HW 712175201517199999999999999 122 441348-1199999999999999
 89 67 61 69 88116145165168154128 91 50 16 -2 -2 15 46 8612314815615013425 4 2HW 74116921 315699999999999999 154 611429 -499999999999999
112 91 79 80 90108129149159155138112 80 46 21 10 13 29 55 8711613313813525 4 3HW 81216022 413899999999999999 226 781514  999999999999999
125111 99 94 98107119133145147140124103 77 52 34 26 29 40 60 8310411712325 4 4HW 844148235112599999999999999 259 941612 2699999999999999
125121115109109111115120128133133126116101 83 64 51 43 42 46 58 75 9110325 4 5HW 924134999999999999999999999 3401081748 4299999999999999
114121124122120118116113113116119120118115107 95 80 67 56 48 47 53 66 8125 4 6HW 2 3124104212099999999999999 7341131944 4699999999999999
 97113125131131126120111103 99101106112117121118109 94 78 62 49 43 47 6125 4 7HW 323132141012199999999999999 9 8 9921 4 4399999999999999
 80100120135139136126112 98 86 83 87 98111123131131121103 82 61 44 39 4625 4 8HW 4 1139152713299999999999999 955 832157 3999999999999999
 63 87112133145145134116 96 78 68 68 79 97117135144142127104 78 55 39 3825 4 9HW 4281461619145999999999999991029 662237 3799999999999999
 51 75103129147152143124 99 75 57 51 58 78104130148155148127 98 70 48 3825 410HW 4521521659155999999999999991059 5123 9 3799999999999999
 43 64 94124147157153134106 76 52 39 40 57 85118145160161147119 88 60 4325 411HW 5121571734163999999999999991126 382337 4099999999999999
 42 56 84116144159160144116 83 52 33 27 38 65100134159168161139107 76 5325 412HW 53116118 4168999999999999991150 27999999999999999999999
 45 53 75107138159164153128 93 58 32 20 25 46 80119150168169154126 93 6625 413HW 548164183317099999999999999 0 2 451213 2099999999999999
 52 54 69 97129155165159138106 69 37 19 17 32 61 99136161170162141112 8225 414HW 6 716519 117099999999999999 025 511236 1699999999999999
 63 58 68 90119147163162146118 82 47 23 14 22 45 79117148165165151127 9925 415HW 627165192916799999999999999 047 581259 1499999999999999
 76 66 70 86110137157163152128 96 62 32 17 18 34 61 9512915316015313711425 416HW 650163195916099999999999999 110 661324 1599999999999999
 91 76 75 86104127148160155137109 78 47 25 19 28 48 7510713414915014012525 417HW 715160203315199999999999999 135 741353 1999999999999999
106 90 83 88102119137152155143121 94 65 41 26 27 39 60 8411013013913712925 418HW 743155211614099999999999999 2 3 831428 2599999999999999
117104 94 93101113127140148145130109 84 61 42 33 37 49 66 8610712212812825 419HW 816149222212999999999999999 236 931510 3399999999999999
123116108102103110118127136140135121102 83 63 48 42 45 54 66 82 9911212025 420HW 859140999999999999999999999 32210216 8 4299999999999999
124125121115110109110114120126130126117104 89 72 59 51 50 53 61 74 9110725 421HW 04112510 313099999999999999 4481091743 5099999999999999
119128132129121112106102102106114121123120113101 85 69 57 50 48 54 68 8725 422HW 2 7132115612399999999999999 7371011945 4899999999999999
108125137142136123107 94 85 83 89102116126131127116 97 77 59 46 42 48 6625 423HW 25614214 513199999999999999 845 832056 4299999999999999
 90116138150151138117 93 73 62 61 73 94117136146144130107 81 57 42 38 4825 424HW 332152152214699999999999999 932 602148 3899999999999999
 71101131153162155133102 71 47 36 41 61 92124150162159141113 81 54 39 3925 425HW 4 31621619163999999999999991013 362232 3799999999999999
 54 83118149167169152120 81 45 21 14 26 56 96135164176170147114 79 53 4125 426HW 43417017 9177999999999999991052 142312 4099999999999999
 46 68101137165176168142101 57 20 -1 -1 19 58105148176185174147111 76 5425 427HW 5 51761755185999999999999991131 -42351 4899999999999999
 48 59 85121155176178160126 80 34  0-15 -8 21 66116158182186171141106 7625 428HW 5361801841187999999999999991210-15999999999999999999999
 60 60 76105139167180172147107 60 17-11-19 -4 29 7612516318117916213310125 429HW 6 8180192618299999999999999 028 581250-1999999999999999
 78 70 76 94122152172175161131 91 46  8-12-13  6 42 8713016017216715012525 430HW 640176201317299999999999999 1 4 701331-1599999999999999
100 85 82 92110134157169165146116 78 39 10 -3  1 21 54 9412915115815313925 5 1HW 71416921 415899999999999999 140 821414 -499999999999999
119102 94 95105120139155159151132105 72 41 19 12 18 36 64 9612213814314125 5 2HW 75016022 914499999999999999 217 9315 2 1299999999999999
131117107103106112123137146146137121100 74 50 35 30 34 48 70 9411412613225 5 3HW 830147233813499999999999999 3 110316 0 3099999999999999
133128119113110110113119127133132126116100 81 64 52 47 47 56 72 9010611925 5 4HW 922133999999999999999999999 4281101723 4699999999999999
128132129123117112108106108114119121120116107 93 78 67 59 56 60 72 8810425 5 5HW 1 7132111212199999999999999 65910619 0 5699999999999999
118129135133125116107 98 93 94100108115121122116105 91 78 67 60 62 74 9025 5 6HW 212135134512299999999999999 818 922016 6099999999999999
108124136140135123109 95 82 76 79 89103116127132127115 99 83 69 62 65 7925 5 7HW 25514015 213299999999999999 9 9 762112 6299999999999999
 98118135145144133116 96 77 64 61 68 85105124138143137121102 83 68 63 7125 5 8HW 327146155614399999999999999 948 602155 6399999999999999
 88111132147152144126101 77 57 47 49 64 88114136151152142122 99 79 67 6725 5 9HW 3531521639153999999999999991021 462230 6699999999999999
 80102127147157154138112 82 56 39 34 44 67 98128151161158141117 93 75 6825 510HW 4171571715162999999999999991050 3423 2 6899999999999999
 75 93119143159161149125 93 61 37 26 29 48 78114144163168157136109 86 7325 511HW 4391621748168999999999999991118 252331 7199999999999999
 73 86109136157165158138107 72 42 23 19 31 58 94131158170168152126100 8125 512HW 5 21651819171999999999999991144 192358 7599999999999999
 75 82100126150165164149122 87 52 27 16 21 41 73112146166171162142115 9225 513HW 5271671850171999999999999991211 15999999999999999999999
 80 81 94115140160167157134103 67 36 17 15 28 54 9012715516816615213010625 514HW 553167192216999999999999999 025 791238 1499999999999999
 89 84 91107129151165162145118 85 51 26 15 20 39 6810413615716315714112125 515HW 621166195616399999999999999 052 8413 8 1599999999999999
101 90 92103120140157163153131102 70 40 21 18 29 51 8111314015415514713225 516HW 652163203515699999999999999 122 891341 1799999999999999
114100 95100112129146158157142118 89 60 35 23 26 40 62 8911713814714713925 517HW 726159212314899999999999999 156 951419 2299999999999999
126112101100107118132146153148131108 82 56 37 30 35 49 69 9311813414114125 518HW 8 7153222614299999999999999 23810015 2 3099999999999999
135125112104103108117128140144138123103 81 59 44 39 44 56 73 9511613113925 519HW 857144234514099999999999999 3361031556 3999999999999999
140136125113104101103109119130135131121106 87 68 54 49 52 61 76 9611613125 520HW10 6135999999999999999999999 5 510117 7 4999999999999999
141143139126111 98 91 90 94105118127129125114 99 81 67 59 58 64 78 9811925 521HW 054143114712999999999999999 647 891839 5799999999999999
136147149142125105 87 75 71 76 90108124133135128113 95 78 66 62 67 8110325 522HW 145150134213599999999999999 757 7120 1 6299999999999999
126145156156143119 93 69 53 49 57 77102126142149144128107 87 72 65 70 8725 523HW 22815715 414999999999999999 852 4921 5 6599999999999999
111137156165159140109 76 48 30 28 41 68101133155164158140116 92 75 69 7625 524HW 3 816516 716499999999999999 940 272158 6999999999999999
 95122149167172159132 95 57 26 10 11 31 65106143167176168147120 94 78 7425 525HW 34617217 1176999999999999991025  82246 7399999999999999
 84106135161176174155122 79 38  7 -6  1 28 69114153177183173149119 94 8125 526HW 4241771751184999999999999991110 -62331 7999999999999999
 80 94119148171180172147109 64 22 -5-13 -1 31 76124161182184170145116 9425 527HW 5 21801838185999999999999991154-13999999999999999999999
 85 88105130158176180166137 96 51 12-10-13  5 40 8713216418017916313811225 528HW 541181192618199999999999999 013 841238-1499999999999999
 95 90 97115139163177174156125 84 42  9 -7 -4 16 52 9613616217316915313025 529HW 621178201317399999999999999 055 901322 -899999999999999
109 98 96105122145164172165145114 76 39 13  3  9 31 6510413715716315814325 530HW 7 117221 416399999999999999 136 9614 7  399999999999999
124108101102110126145159162153134106 73 42 23 18 26 47 7711013514915314925 531HW 743163215815399999999999999 2211001454 1899999999999999
136120108103104112125141150150141125101 74 51 38 35 43 61 8711313214314625 6 1HW 830152225714699999999999999 3161031544 3599999999999999
142130117108103103108119132139138132119101 80 63 54 52 59 74 9611613113925 6 2HW 927139235614299999999999999 4321031641 5299999999999999
142138127115106100 98101110120127129126118105 89 76 69 67 72 8510311913225 6 3HW1055129999999999999999999999 558 981750 6799999999999999
140142136125111100 92 88 90 99110118124126122112100 89 82 79 82 9310912425 6 4HW 048142125512699999999999999 711 8819 4 7999999999999999
136143144135121105 91 81 75 78 89102115125131130122110 99 91 87 9010111625 6 5HW 133144142213299999999999999 8 9 7520 8 8799999999999999
131143148145133115 96 79 67 63 68 82100118132140140131118105 95 91 9510825 6 6HW 211148152614199999999999999 857 6321 2 9199999999999999
125140150153145128106 83 65 53 52 62 81104126143151149137122107 96 9410125 6 7HW 245153161615199999999999999 938 512148 9499999999999999
116134149157155142120 93 68 50 41 44 60 85113138155161154139121105 96 9625 6 8HW 3181581658161999999999999991015 412228 9599999999999999
107125144158162154135108 79 53 37 32 42 64 95127152166167156137116101 9525 6 9HW 3511621735168999999999999991050 3223 5 9599999999999999
100114134154165163150125 94 63 39 27 28 44 73108140163172168152130110 9825 610HW 4241661811172999999999999991123 262339 9699999999999999
 96105123145162169161141112 79 48 27 21 29 51 8512215217017416414512210425 611HW 4571691847174999999999999991156 21999999999999999999999
 96100113133154168169155130 98 63 34 19 19 34 62 9813416017217015713611425 612HW 531170192217399999999999999 012 961229 1799999999999999
100 97105121142162171165145117 82 49 25 16 23 43 7411114416417016414812725 613HW 6 6171195917099999999999999 045 9713 3 1699999999999999
108 98100111129150166169157134103 69 38 20 18 30 54 8712215016416515713925 614HW 643170203716699999999999999 120 981337 1799999999999999
119103 98103115134154166164148123 91 59 33 22 25 41 67 9913115316216014925 615HW 723167211716299999999999999 159 981414 2199999999999999
131112 99 97103116135153161156139113 84 55 35 29 37 54 8011013815416015525 616HW 8 816222 116099999999999999 244 961454 2999999999999999
143124106 95 93100113131147154148131109 83 58 44 42 51 68 9211914215515825 617HW 9 0154224715899999999999999 339 931539 4199999999999999
152138118 99 88 86 92105123138145141128110 88 68 57 57 66 8110312714615625 618HW10 5145233715899999999999999 444 861631 5699999999999999
157150134112 92 79 75 80 93111128137138131117100 83 74 73 79 9211113315025 619HW1133139999999999999999999999 558 751738 7299999999999999
158158149130105 83 67 61 65 78 99119133140139129115100 90 86 8910011813825 620HW 030160132114099999999999999 7 9 6119 2 8699999999999999
154162161148126 98 72 53 45 48 64 87113134147150144130115102 96 9710612325 621HW 122163145215099999999999999 814 442025 9599999999999999
143159167163148122 90 60 38 28 33 51 8011113815616315814312611010110111025 622HW 21416716 316399999999999999 913 28213310099999999999999
128148165172166147117 81 48 24 14 21 43 7711414616717416815113111310310325 623HW 3 517217 11749999999999999910 7 14223210199999999999999
113132154171176168145111 72 36 12  4 13 40 7912015417518117215313011210225 624HW 3551761753181999999999999991058  4232310299999999999999
104116138161177180168142104 63 27  4 -2 12 44 8612916218018317114912610825 625HW 4431801840184999999999999991147 -2999999999999999999999
101105120143166180180165136 96 54 20  1  0 18 53 9713816718118016414111825 626HW 530182192418299999999999999 0 91011233 -299999999999999
104 99106124148170181177159128 87 47 17  3  7 30 6710914616917817215413125 627HW 61518120 617899999999999999 053 991317  399999999999999
111100 99108128152171178171150118 79 44 20 13 21 46 8312215116817116214325 628HW 659178204617299999999999999 135 981358 1399999999999999
120104 96 98110130152168170161140109 74 45 29 27 40 6610013315516416315125 629HW 743171212316599999999999999 218 961437 2699999999999999
131111 98 94 98110130150161160149129101 73 52 43 46 61 8611614115516015525 630HW 827162215716099999999999999 3 1 941514 4399999999999999
140121104 93 91 96109127144151149139121 98 77 63 60 66 8110412914615515525 7 1HW 915151223015699999999999999 349 911549 6099999999999999
147131113 97 89 88 93106122135141139132118100 86 78 78 85 9911913814915325 7 2HW101414123 315399999999999999 443 881627 7799999999999999
150140124106 92 85 84 89101115127133134129120107 98 94 9510111312914315125 7 3HW1140134234215299999999999999 545 841715 9399999999999999
152147135118101 88 80 78 83 9410812012913313212611811010710711212213514625 7 4HW1326133999999999999999999999 651 78182810799999999999999
152151145132114 96 83 74 71 76 8810311712913814013612812111611411712613825 7 5HW 029152145114099999999999999 755 71195611499999999999999
148153152145130111 91 76 66 63 68 8210011913514715014613712711911611912825 7 6HW 123154155515099999999999999 854 6321 711699999999999999
140151156155145128106 85 67 56 53 61 7910212614515716015314112811811411825 7 7HW 219157164516099999999999999 945 5322 311499999999999999
129143155161158146125100 75 56 45 45 57 8010813615716816715614012411411125 7 8HW 3101611727169999999999999991030 43224911199999999999999
117131148162167161144119 90 63 43 34 38 56 8511914816817517015413511810825 7 9HW 35716718 5175999999999999991111 34232810799999999999999
109119136156169171161140110 77 48 30 26 36 61 9513216017617816814812510925 710HW 4401721840179999999999999991149 25999999999999999999999
103107122143164176174159132 97 62 34 20 22 39 7010914517018117716113711425 711HW 521177191418199999999999999 0 51031223 1999999999999999
101 99108127152172180173152120 82 47 24 16 25 49 8512515817718117115012425 712HW 6 1180194618199999999999999 040 981257 1699999999999999
103 93 96110133159177181168142107 69 37 19 19 35 6410314116818017716113725 713HW 641181201718099999999999999 116 931329 1799999999999999
110 92 87 94112138163178176159131 95 59 33 24 31 52 8412115417417816914925 714HW 723180204717899999999999999 153 8714 3 2499999999999999
122 97 83 82 92113140164174169149121 87 56 38 36 48 7210413816417517315925 715HW 8 8175211817699999999999999 234 801437 3599999999999999
136109 86 75 77 90112138159167159141115 86 62 51 55 69 9312215016917316625 716HW 858167215217399999999999999 319 741514 5199999999999999
149124 97 76 68 71 85107132151157151136115 92 75 70 76 9011113515716916925 717HW 957157223117199999999999999 411 681556 7099999999999999
159141115 89 70 62 65 78 99122140147145136121105 94 91 9610712414315916725 718HW1115147231716799999999999999 512 621647 9199999999999999
165154135110 84 66 57 58 68 8811012914014414113312111311011211913114615925 719HW13 7144999999999999999999999 625 5618 311099999999999999
165163153134109 83 63 51 48 57 75 9812013714815114713812912312012313214525 720HW 016165145315199999999999999 744 4820 012099999999999999
157164163154136110 82 59 43 38 44 63 8911613915616316015013912812212212925 721HW 129165161116399999999999999 858 37213112199999999999999
142156166168159140112 81 54 34 26 33 55 8511814616617416915714112711811725 722HW 24216817 81749999999999999910 2 26223511699999999999999
126141158171174165144112 77 46 24 17 26 52 8812515617518117315613612011025 723HW 3471741754181999999999999991057 17232610999999999999999
111123143163177180169145109 71 37 16 12 26 57 9713616618218317014812610925 724HW 4431811834185999999999999991145 11999999999999999999999
102106123147170183184170141102 62 30 12 13 34 7011214917518518016113611325 725HW 53318619 918599999999999999 0 81021228 1099999999999999
 98 95104125153176187184165132 92 53 26 15 23 49 8812916218018217014712025 726HW 617188194118399999999999999 047 9413 5 1599999999999999
 99 89 90105130159179186178155120 81 48 28 26 40 7111014617018017415613025 727HW 65818620 818099999999999999 122 881339 2599999999999999
104 87 82 90109136163179180167142108 73 48 38 43 64 9613216017417416214025 728HW 736181203117699999999999999 155 8214 9 3899999999999999
113 91 80 80 92114141163173170154129 98 71 55 54 66 8912014916817216514825 729HW 813174205217299999999999999 227 781435 5399999999999999
123 98 81 76 81 96119143160164158142119 94 75 69 75 9011313916016916615425 730HW 851165211216999999999999999 259 761459 6999999999999999
134110 88 77 76 84100121142153154146132114 96 86 87 9611113115116416515725 731HW 934155213716699999999999999 334 751525 8699999999999999
142122100 84 77 79 8710212113614414413812811610510110511412714315616215925 8 1HW102714522 716299999999999999 415 76155610199999999999999
149134115 96 83 79 81 8810111612913513713613112311711612012713614715615825 8 2HW12 2137224715899999999999999 5 8 79163811699999999999999
153143129112 96 85 80 80 85 9510812113013613913813413012812913213714515225 8 3HW1417139234815499999999999999 629 8018 612899999999999999
154150142130114 98 86 78 75 77 8610011512914014814914513913413113113414225 8 4HW1542149999999999999999999999 8 9 75203913099999999999999
149153152146134117 99 83 72 65 66 76 9311413415015916015314413412712512925 8 5HW 119153163516199999999999999 923 65215112599999999999999
138149156158152139119 96 75 60 52 54 69 9211914416217116815614112711811725 8 6HW 2431581715171999999999999991017 51223911699999999999999
124138154164167159141116 88 62 45 38 45 67 9713015817517917015213111510725 8 7HW 3451671748179999999999999991059 38231710799999999999999
109122142162175175163140108 74 46 30 29 43 7211014617218518216614111710125 8 8HW 4341771819186999999999999991136 272352 9699999999999999
 96104124150173185181163133 95 58 32 20 26 50 87128163184189178154124 9925 8 9HW 51718518471909999999999999912 9 20999999999999999999999
 86 88103129160183192182158121 80 44 23 19 34 6510714817819118716713610425 810HW 558192191419299999999999999 025 851241 1899999999999999
 82 74 82104137169190193178148108 67 36 23 29 51 8713016718819117715011625 811HW 639194194019299999999999999 058 741312 2399999999999999
 84 66 65 80108144176192189169136 96 60 37 33 47 7511215118019118416313125 812HW 72019320 519199999999999999 133 641342 3399999999999999
 95 68 56 61 81113149177187180158125 90 61 48 52 7110013516718518617214625 813HW 8 4188203218899999999999999 211 561414 4899999999999999
112 79 57 51 60 83115148171178168147119 91 71 67 77 9612315217518317715825 814HW 85117821 218399999999999999 251 501447 6799999999999999
131 98 69 52 50 62 84114143161164156140119 99 88 9010111814016117517616625 815HW 946165213517799999999999999 337 491523 8899999999999999
146120 91 67 54 53 63 8310813214715114813912511410911212013214816216916725 816HW11 1151221617099999999999999 432 5216 510999999999999999
157140117 92 71 59 56 62 77 9711713214114514313713012812813213814715616125 817HW1311145231616199999999999999 548 56171212799999999999999
160153139120 98 78 64 56 57 66 8410412213714815215014614113713413514014825 818HW1511152999999999999999999999 727 56202013499999999999999
154157154145129107 85 66 53 48 54 71 9411813915616416315614613612812613125 819HW 1 4157162116499999999999999 856 48214812699999999999999
141151159162155139115 88 63 45 37 44 63 9112114816717417015814212711611425 820HW 24916217 61749999999999999910 3 37224111499999999999999
122137154167172165146118 85 56 35 28 39 64 9813316117818117015113011210225 821HW 3581721741181999999999999991054 28232210199999999999999
104118139161177182172148114 77 46 27 25 42 74113148174185180162136112 9525 822HW 4511821811185999999999999991137 242356 8999999999999999
 89 97118146171186188173143105 67 38 25 31 55 93133165184186172146117 9325 823HW 5361891838187999999999999991213 24999999999999999999999
 80 80 96124156181192188167132 92 57 35 31 45 77117154178187179156125 9625 824HW 61419319 118799999999999999 028 781244 3099999999999999
 76 70 78101134166187192181154117 79 52 40 46 6810414217118418216413510325 825HW 649192192018599999999999999 056 701311 4099999999999999
 77 64 66 82111146174188185168138103 72 55 53 68 9513016218018217014511325 826HW 721189193718399999999999999 122 631334 5299999999999999
 83 64 60 70 92123155177183174153123 93 72 65 73 9312215217418117315312525 827HW 752183195418199999999999999 148 601355 6599999999999999
 94 70 59 63 78103134160174172160138113 90 79 82 9611714316617817415813525 828HW 824175201417899999999999999 213 591416 7999999999999999
107 81 64 61 71 89114140159165160146128109 95 9310211713715717117316214325 829HW 859165203717499999999999999 241 611440 9399999999999999
120 95 75 66 69 81 9811913915215314713712411210611012013314816116816314925 830HW 94015421 516899999999999999 314 6615 710699999999999999
131111 91 77 72 77 8810111813214114213913412812112012513314215115816015325 831HW1042142214016099999999999999 355 72154112099999999999999
140125109 94 83 80 83 89 9811012113013413713813613413313513814214715115125 9 1HW1349138223415299999999999999 456 80164013399999999999999
146138127114100 90 84 82 82 88 9811012213314314814814514113813513513814325 9 2HW1529149999999999999999999999 718 82203313599999999999999
146146142134122107 93 82 73 70 74 8610312214015416115915114113212512412925 9 3HW 023147161516199999999999999 9 0 70214012499999999999999
138147152152145131111 90 72 59 55 61 7910413015316817216414913211811011225 9 4HW 228153164817299999999999999 956 55222111099999999999999
122138154164165155136109 81 58 43 42 55 81114146170181178161138115 99 9425 9 5HW 3361661716181999999999999991037 412256 9499999999999999
101120144166178177162135101 67 42 31 36 58 93132165185188175149119 93 7925 9 6HW 4261791743189999999999999991113 312328 7799999999999999
 79 95123155180191185163128 88 53 31 26 40 71113153183194187164129 94 7025 9 7HW 5 919118 8194999999999999991145 26999999999999999999999
 61 69 95131168193199187158118 76 43 28 32 55 93137174195196178145104 6925 9 8HW 551200183219899999999999999 0 0 611216 2799999999999999
 49 48 66 99141179201201182148106 66 41 35 49 78119160189199188160121 7925 9 9HW 632204185719999999999999999 033 461247 3599999999999999
 48 35 42 68107151186201196173137 97 64 49 52 72105144178196193173139 9825 910HW 713202192219799999999999999 1 8 341318 4899999999999999
 59 34 29 43 74115157186195185160127 93 71 65 75 9813016318619318115511925 911HW 756195194919399999999999999 144 281349 6599999999999999
 79 46 29 31 50 81121156178182170149122 97 84 8610012214817218518216513825 912HW 842182201918699999999999999 223 281421 8499999999999999
105 70 44 34 40 58 8712014916416515714112210810310912113815717217616815125 913HW 936166205117799999999999999 3 7 34145410399999999999999
127 98 70 51 45 50 64 8711313514715014713912912212212713514515616416415625 914HW1059150213016599999999999999 4 1 45153312199999999999999
142123101 79 64 57 58 66 8210111913114014414414113713713713814114715115225 915HW1329145223215299999999999999 523 57165013799999999999999
148140128111 93 78 67 61 62 72 8810512213714815315214914413713213113413925 916HW1518154999999999999999999999 723 61204713099999999999999
143146146139125107 88 71 58 54 61 77 9812114215816416115314112811811512025 917HW 12514716 916499999999999999 853 54215011599999999999999
130142152157152138116 92 69 51 46 54 7410113015416917216314712911110010025 918HW 3 4157164317299999999999999 955 462231 9999999999999999
111128147163170164146118 88 61 44 41 54 81114145168178173157133109 91 8325 919HW 4 51701710178999999999999991040 4023 4 8399999999999999
 89108133158175180170146113 79 53 39 43 65 98133163180181167141112 87 7125 920HW 4511811734183999999999999991117 382334 6999999999999999
 70 85112144171186186169139102 69 47 42 55 84121155178185175151118 87 6525 921HW 5301881755185999999999999991148 41999999999999999999999
 57 65 90124158183192185161125 89 61 48 53 75109146173186181161128 93 6525 922HW 6 4192181418699999999999999 0 1 571215 4899999999999999
 50 51 69101139172190191176146110 79 60 58 72100136167184184168139103 7025 923HW 635193183018699999999999999 026 491239 5799999999999999
 49 44 55 81118155181191183162130 98 74 66 74 95126158180185173149116 8025 924HW 7 4191184718599999999999999 049 431259 6699999999999999
 53 42 47 66 97134166183184170146116 90 77 80 95119148173183176156127 9425 925HW 73118619 618399999999999999 111 411320 7799999999999999
 63 45 44 57 81114147170178172155132107 91 88 9811613916317717716213710725 926HW 8 0178192817999999999999999 135 431342 8799999999999999
 78 55 47 53 71 96126152167167157141122106 9810311613315316817416514512025 927HW 832169195317499999999999999 2 1 4714 6 9899999999999999
 93 70 55 55 66 8410613014915615414513312011111011813114415716616415113125 928HW 911157202116799999999999999 233 53143410999999999999999
109 88 70 62 65 76 9110912613914314213813212512112313013914715415815213925 929HW10 8144205615899999999999999 311 6215 912199999999999999
123106 90 77 72 74 81 9110311612713313613813713413213313613814214614714325 930HW1319138214914799999999999999 4 7 72161313299999999999999
134123111 98 86 80 78 79 83 921041171281381451471441401351321291301341382510 1HW1452147234413999999999999999 6 3 78201612999999999999999
139136131121108 94 83 75 70 71 80 961141321481571581511391281181141161242510 2HW1534159999999999999999999999 821 69211311399999999999999
134142146144134118 98 80 65 57 59 72 95120145162169164149129111 98 941012510 3HW 21114616 416999999999999999 921 572152 9499999999999999
117136152161159146124 97 72 53 46 52 73103135162177177163138110 87 74 762510 4HW 32116116311799999999999999910 4 462225 7399999999999999
 91117145167177173154124 91 61 43 41 54 83120155179187178152117 84 60 522510 5HW 4121771657187999999999999991041 402259 5299999999999999
 61 87122158183191182156119 82 53 39 44 66102142175192190169133 91 55 352510 6HW 4581911722194999999999999991116 392332 3299999999999999
 34 53 89133172196200184152112 74 50 43 56 86125165191197183151108 63 302510 7HW 5412011748198999999999999991149 43999999999999999999999
 17 25 54 97145184203201179144103 70 54 56 76109149182198193169130 83 402510 8HW 623205181519999999999999999 0 7 171222 5299999999999999
 13  8 25 60108156190202194169134 98 73 65 75 99132167191196181150108 622510 9HW 7 5202184419799999999999999 043  71255 6599999999999999
 25  6  9 32 71118160187193182157126 98 82 82 97121150177190186164131 90251010HW 749193191419199999999999999 121  51328 8099999999999999
 50 21 10 19 44 81123157176178167146122103 96102116137160177182171148117251011HW 837179194618299999999999999 2 2 1014 1 9699999999999999
 81 48 27 23 33 55 87121147160161154140124113112118130144160169167155135251012HW 935162202117099999999999999 247 22143711199999999999999
110 81 56 42 39 47 64 88113133143147145139130125126129134142151155152143251013HW111214721 415599999999999999 343 39152412599999999999999
129111 89 71 59 55 57 67 83102119131139144143139135133131130132137140139251014HW1320144222114099999999999999 510 55185313099999999999999
136130119103 87 75 66 61 65 76 92109126140149151147140132123117116121127251015HW1444151999999999999999999999 7 8 61203511699999999999999
133137138131118102 86 71 61 61 71 88108129147157157149137122108 99 99107251016HW 138138152915999999999999999 832 592128 9899999999999999
120133145150145131111 89 70 58 58 70 92117141159165159144124104 87 80 85251017HW 3 215016 116599999999999999 930 5622 5 8099999999999999
100120141157162155137112 87 66 55 59 78104132156169168154131104 81 66 64251018HW 3581621626171999999999999991013 552237 6399999999999999
 77101128153169172160136107 80 62 57 68 93123151170175164140110 80 59 49251019HW 4411731649175999999999999991049 5723 6 4999999999999999
 56 78110142167180177158129 98 74 61 65 84113145168178173151120 85 57 41251020HW 51818117 8179999999999999991118 612332 3999999999999999
 41 57 88125158179185174149118 89 70 67 79104136164179178162132 95 62 39251021HW 5511851727181999999999999991145 662356 3299999999999999
 32 41 67104143172186183165136105 82 72 78 97126156177181169144108 71 43251022HW 62018717451829999999999999912 8 72999999999999999999999
 29 32 51 84123159180185175152122 95 81 80 94117146170181174153122 85 52251023HW 64818618 618199999999999999 019 281230 7999999999999999
 32 28 41 67102140169181178162137110 91 86 94111136161177176160133100 66251024HW 716181182917999999999999999 042 271253 8699999999999999
 40 30 35 55 84119151170174165148125104 94 96109128150168174165143114 83251025HW 745175185417599999999999999 1 8 291317 9399999999999999
 54 37 35 47 70 98129153164163152136118104101109123140157168166150126 99251026HW 819165192316999999999999999 136 34134510199999999999999
 72 50 40 45 60 81107131149154150141129117110112121133145157161154136114251027HW 9 0154195516199999999999999 2 9 40141810999999999999999
 90 68 53 49 56 70 88108127140143141136129121118120127135144151151142126251028HW10 2143203515299999999999999 249 4815 211899999999999999
108 89 71 60 58 64 74 88104120131136139138134127124124126129135140140134251029HW1221139213514199999999999999 342 58162612399999999999999
123109 95 80 69 66 68 73 83 97113126136143144140132124119116116121128132251030HW1346145232213399999999999999 5 6 66192411599999999999999
132127118106 91 78 70 67 68 77 92111129143152152144130116104 98 98106118251031HW1433153999999999999999999999 714 662028 9799999999999999
130137138132119101 84 70 62 63 73 92116139155163158142120 99 82 75 78 932511 1HW 14113815 816399999999999999 829 612112 7499999999999999
113134148153148131109 86 68 58 60 74 99128154169171158133102 74 56 51 612511 2HW 3 0153153817299999999999999 922 572151 5199999999999999
 84115143163170162141112 84 64 56 62 82113145170181174151116 78 47 30 302511 3HW 35717016 81819999999999999910 5 552228 2899999999999999
 49 82122157179184171145112 81 62 58 70 96131163184186170137 94 52 21  92511 4HW 4461841638187999999999999991046 5723 6  899999999999999
 17 45 87133171191192174143108 79 64 66 83114150179192184159118 71 28  12511 5HW 53219417 9192999999999999991124 622345 -599999999999999
 -4 12 48 96145181197192171138104 79 70 78100132166188192176143 98 50 112511 6HW 61619717411939999999999999912 1 70999999999999999999999
 -9 -7 16 57107153184194186162130101 83 81 93117148176190185163126 81 362511 7HW 7 1194181519099999999999999 025-111238 8099999999999999
  4 -9 -1 26 68116156180185174152124101 90 94108131157178184173148112 702511 8HW 747185185118499999999999999 1 6 -91315 9099999999999999
 31  6  0 11 39 781201521691711611421201051001061191391591731721581341012511 9HW 838172192917499999999999999 150 -1135410099999999999999
 65 34 17 15 27 51 85119143155157150136121111110115125139154161157144124251110HW 940158201116199999999999999 238 14144010999999999999999
 97 69 45 33 32 42 61 88114133143146143134124117116117123132142146143134251111HW11 214621 214699999999999999 334 31155511699999999999999
120100 78 61 51 49 54 68 88108124135141142136127121116113114119127131131251112HW1232142223613299999999999999 450 49182211399999999999999
128121108 91 77 67 62 62 71 87105120134142144138129119109101 99104111119251113HW1340144999999999999999999999 626 611949 9999999999999999
126130128119105 92 79 70 67 74 89106124138148147138125110 95 85 82 88100251114HW 116130142814999999999999999 748 672046 8299999999999999
114127136138131117101 86 74 71 78 94114133147154149134115 94 77 66 66 78251115HW 24113815 415499999999999999 849 702128 6599999999999999
 96116135147149140124105 87 75 74 85104126145157157145124 99 75 57 50 56251116HW 341150153315999999999999999 936 7322 4 5099999999999999
 74 99125147159158145125103 86 77 80 95118141157163156136108 79 55 40 39251117HW 4261601558163999999999999991015 762235 3799999999999999
 53 78110139160168162144120 98 83 79 89109134155167165149122 89 59 37 28251118HW 5 41681622167999999999999991048 7923 4 2899999999999999
 35 58 90125154171173160138112 92 82 85100124149166170159136103 68 40 25251119HW 5381741645170999999999999991117 822332 2399999999999999
 24 40 70107142166176171153127103 88 85 94114140162172167148118 83 50 27251120HW 6 91761710172999999999999991145 842359 1999999999999999
 19 28 51 86124155173175164142116 96 87 91106128153169171158132 99 64 35251121HW 6401761737172999999999999991211 87999999999999999999999
 20 21 37 65102138163173169153130107 93 91101118141161171164144115 81 48251122HW 71017318 517199999999999999 026 181238 9099999999999999
 26 19 28 49 81116147164167159141120102 94 99111130150165166153128 98 65251123HW 743168183516899999999999999 055 1913 7 9499999999999999
 38 23 24 38 62 94126150160158148132113101 99107120137154163157139113 84251124HW 81916119 916399999999999999 126 221340 9899999999999999
 55 34 26 33 49 74103130147153149140125111103104113125140153156146127102251125HW 9 2153194715699999999999999 2 0 26141910299999999999999
 76 51 36 33 43 60 82108130143146143135122110105107114124136146146136118251126HW 956146203314899999999999999 240 33151110599999999999999
 96 73 54 43 43 52 68 87110129139143141133121110104104109117127136137128251127HW11 6143213413899999999999999 327 41162810399999999999999
114 97 78 62 53 53 61 73 91111128139144142134120107 98 94 96103115125129251128HW121714423 312999999999999999 426 521811 9499999999999999
126118105 89 74 65 63 67 77 93113131143148146134116 98 85 78 78 87101117251129HW1313148999999999999999999999 548 631929 7799999999999999
127131128118103 87 75 70 71 80 97118137150155149132109 85 66 56 57 70 90251130HW 1 4131135815599999999999999 721 692026 5599999999999999
112130141142133117 98 83 74 74 83102125146160161150127 96 66 44 34 37 552512 1HW 237143143916299999999999999 833 732115 3399999999999999
 83113139155157148129106 87 77 77 88110136158169166148117 80 46 21 12 212512 2HW 343158151917099999999999999 931 7522 2 1299999999999999
 46 82120150168171158135110 89 78 80 95120148169176167142105 63 26  2 -42512 3HW 4391721558176999999999999991020 772247 -499999999999999
 11 43 85129162179179163137109 88 80 86104131159177180165134 91 46  9-122512 4HW 52918116391819999999999999911 6 802331-1599999999999999
-12  8 46 93138170184180161133106 88 83 92113142168182179158123 78 32 -22512 5HW 6161851719183999999999999991149 83999999999999999999999
-18-13 12 54102145173183175154126102 88 88100122150173182173149111 66 232512 6HW 7 318318 118299999999999999 016-191232 8699999999999999
 -6-16 -7 22 64111149171176166145119 99 90 93107129154173176164138101 582512 7HW 749176184317799999999999999 1 1-161314 9099999999999999
 21 -2 -7  6 35 76117148164166155135113 97 93 97111132154167166152127 922512 8HW 838167192616899999999999999 146 -81359 9399999999999999
 55 25  8  8 22 50 87121144155155144126108 97 95 991121301471561531391172512 9HW 928156201315699999999999999 232  61450 9599999999999999
 88 57 35 24 26 40 65 96122139147146136120106 97 95 98108123137142139129251210HW102214821 714299999999999999 320 241555 9599999999999999
111 88 65 49 43 45 57 78103123135141140130116103 95 91 92100113124129128251211HW1119141222312999999999999999 412 431718 9199999999999999
122110 93 77 66 61 63 72 89108124134138136127112 99 90 84 83 89100111118251212HW1214139999999999999999999999 516 611838 8299999999999999
122121114102 90 82 77 77 84 97113126135139135124108 93 81 73 71 77 89102251213HW 02312213 413999999999999999 632 761945 7199999999999999
113122125122113103 94 88 86 92104118130139141134120102 85 70 60 59 67 81251214HW 2 3125134714199999999999999 746 862040 5899999999999999
 98114127134132124113102 94 92 98110125137144143133115 93 73 57 47 48 60251215HW 316134142614499999999999999 848 922126 4699999999999999
 79101122137144141131117104 96 94102116132144149144130107 82 59 43 36 41251216HW 41014415 314999999999999999 939 9422 6 3699999999999999
 58 83110133149153147132116102 94 96107123140151153143123 97 69 45 31 28251217HW 4531541539153999999999999991021 942243 2799999999999999
 39 62 93123146159159148129111 97 92 98113132149157154139114 83 54 32 21251218HW 5301611613157999999999999991059 922317 2099999999999999
 24 42 71106137157165160143122103 92 92102120141157160151131101 68 39 20251219HW 6 51651648161999999999999991133 912350 1599999999999999
 15 25 50 84120149164166155135112 96 89 94108129150162160145119 86 51 25251220HW 63816717211639999999999999912 5 89999999999999999999999
 12 14 31 61 99134157167163147124103 90 89 98116139157164155134104 69 36251221HW 711167175516499999999999999 021 111236 8899999999999999
 15  9 18 41 76113144161164155136113 95 88 91104124147161161147121 88 53251222HW 745164183016399999999999999 052  913 8 8899999999999999
 25 10 12 27 55 90125150160158145125103 89 87 94110131151161155135107 74251223HW 81816119 816199999999999999 123  91343 8699999999999999
 42 19 12 20 40 70104135153157150135114 95 85 86 96113134151155145124 95251224HW 852157194815699999999999999 156 121422 8499999999999999
 64 36 21 21 33 56 85116141152152142125105 88 81 84 95112132146147135114251225HW 927153203514899999999999999 230 1915 8 8199999999999999
 88 60 39 30 34 49 71 99126144150147135117 96 81 75 79 90107125137138127251226HW10 6150213013999999999999999 3 8 3016 3 7599999999999999
109 87 65 49 44 51 65 86110132145148143129110 89 73 67 70 81 97115127129251227HW1049148224213099999999999999 352 4417 9 6799999999999999
123110 93 76 64 61 67 79 97117135146147140125104 81 65 57 58 67 84103118251228HW1139148999999999999999999999 445 611824 5699999999999999
125125118105 91 81 78 81 90104122138147148140123 99 74 54 43 42 51 70 92251229HW 026126123614999999999999999 6 0 781938 4199999999999999
112126132130121108 97 91 90 95108125140150151141122 94 66 43 28 25 35 56251230HW 217132133615199999999999999 738 892044 2599999999999999
 84110131143145137123109 99 95 98110127143153154143120 89 57 29 12  9 21251231HW 340145143315599999999999999 9 5 952143  999999999999999
