 27 29 30 28 25 20 14  8  2 -2 -4 -4 -1  4 10 14 18 20 20 20 19 19 20 2125 1 1I5 151 301756 20999999999999991021 -42020 1999999999999999
 23 26 28 29 27 23 17 11  4 -1 -4 -6 -5 -1  4 10 14 17 18 18 17 16 17 1825 1 2I5 241 291822 189999999999999911 6 -621 7 1699999999999999
 19 22 25 27 27 24 20 14  8  2 -3 -6 -6 -5  0  5 10 13 15 16 15 14 14 1425 1 3I5 329 271851 16999999999999991148 -622 4 1499999999999999
 15 17 20 23 24 24 22 17 11  5  0 -3 -5 -5 -3  2  7 11 13 14 14 13 12 1125 1 4I5 419 251918 15999999999999991229 -62328 1199999999999999
 11 12 14 17 20 21 21 18 14  9  4  0 -2 -3 -2  1  5  9 12 14 14 13 11 1025 1 5I5 513 211942 149999999999999913 7 -3999999999999999999999
  9  8  9 11 14 16 18 17 16 13  9  5  3  1  1  2  5  9 12 14 15 15 13 1025 1 6I5 620 1820 4 1599999999999999 1 1  81341  199999999999999
  8  7  6  6  8 10 13 14 15 14 12 10  8  6  6  6  8 11 14 16 17 17 16 1325 1 7I5 752 152027 1799999999999999 220  614 5  699999999999999
 10  7  5  3  3  4  7  9 11 13 13 13 12 11 11 11 12 14 16 18 20 20 19 1725 1 8I5 959 132056 2099999999999999 339  314 0 1199999999999999
 14 10  7  4  1  1  1  4  6  9 12 13 14 15 15 16 16 17 18 20 22 23 23 2225 1 9I52135 23999999999999999999999 5 0  1999999999999999999999
 19 15 11  7  3  0 -1 -1  1  5  8 12 15 16 18 19 19 20 21 22 23 25 26 2625 110I52226 26999999999999999999999 614 -1999999999999999999999
 24 21 17 12  7  2 -1 -3 -2  0  4  9 13 16 18 20 21 22 22 23 24 25 27 2825 111I52325 28999999999999999999999 717 -3999999999999999999999
 28 26 22 18 12  6  1 -2 -4 -4 -1  4  9 14 17 20 21 22 22 22 23 24 26 2825 112I59999999999999999999999999999 814 -4999999999999999999999
 29 29 27 23 18 12  5  0 -4 -5 -4  0  5 10 15 18 20 21 21 21 21 22 23 2525 113I5 027 29999999999999999999999 9 6 -5999999999999999999999
 28 29 29 27 23 17 10  4 -2 -5 -6 -4  0  6 11 15 18 19 19 19 18 19 20 2125 114I5 124 291729 1999999999999999 954 -61945 1899999999999999
 24 27 28 28 25 21 14  7  1 -3 -6 -6 -4  1  7 12 15 17 17 17 16 16 16 1725 115I5 217 281745 17999999999999991037 -72040 1699999999999999
 19 22 25 26 25 22 17 11  4 -1 -5 -7 -6 -2  3  8 12 14 15 15 14 13 13 1325 116I5 3 4 2618 6 15999999999999991115 -72136 1399999999999999
 14 17 20 23 23 22 18 13  7  1 -3 -5 -6 -4  0  5  9 12 14 14 12 11 10 1025 117I5 348 231829 14999999999999991149 -62245 1099999999999999
 10 12 15 18 19 19 18 14  9  4  0 -3 -5 -4 -1  3  7 10 12 13 12 10  9  825 118I5 429 201850 13999999999999991217 -52356  899999999999999
  8  8 10 12 15 16 15 13 10  6  2  0 -2 -2  0  3  6 10 11 12 12 10  8  725 119I5 511 1619 7 12999999999999991238 -2999999999999999999999
  6  6  6  8 10 12 12 12 10  8  5  3  1  1  2  4  7 10 12 13 13 11  9  725 120I5 558 121918 1399999999999999 056  61246  199999999999999
  6  5  4  5  6  8  9  9  9  8  7  5  5  5  5  7  9 12 13 14 14 13 11  925 121I5 7 7  91924 1499999999999999 155  41231  599999999999999
  7  5  4  3  4  5  6  7  8  8  8  8  8  8  9 10 12 14 16 16 16 16 14 1225 122I51933 17999999999999999999999 3 0  3999999999999999999999
  9  6  5  3  2  3  4  5  6  7  8  9 10 11 12 13 14 16 17 19 19 18 17 1525 123I51952 19999999999999999999999 414  2999999999999999999999
 12  9  6  4  3  2  2  3  4  6  8 10 11 12 14 15 16 18 19 20 21 21 20 1825 124I52028 21999999999999999999999 526  2999999999999999999999
 16 13  9  6  4  1  0  0  2  4  6  9 11 13 15 16 17 18 19 20 21 22 22 2125 125I52125 22999999999999999999999 624  0999999999999999999999
 19 16 13  9  6  2  0 -1 -1  1  4  7 10 13 15 17 18 18 19 20 21 22 22 2325 126I52242 23999999999999999999999 714 -1999999999999999999999
 22 20 17 13  8  4  0 -3 -4 -3  0  3  8 11 14 16 17 17 18 18 19 20 21 2325 127I52356 23999999999999999999999 8 1 -4999999999999999999999
 23 22 20 16 11  6  1 -3 -6 -6 -5 -1  3  8 12 14 16 16 16 16 16 17 19 2125 128I59999999999999999999999999999 846 -6999999999999999999999
 23 23 22 19 15  9  3 -2 -7 -9 -9 -6 -2  4  8 12 14 14 14 13 13 13 15 1725 129I5 058 231659 1499999999999999 930 -91948 1399999999999999
 20 22 23 22 18 13  6  0 -6-10-11-10 -7 -1  4  9 11 12 12 11  9  9 10 1225 130I5 153 231712 12999999999999991012-112040  999999999999999
 15 18 21 22 20 16 10  3 -3 -8-11-12-10 -6  0  5  9 11 11  9  7  6  6  625 131I5 244 221730 11999999999999991052-122139  699999999999999
  9 12 17 20 20 18 14  8  1 -5 -9-11-11 -8 -3  3  7  9 10  9  6  4  2  225 2 1I5 336 201749 10999999999999991129-112248  299999999999999
  3  6 10 15 17 17 15 11  5  0 -5 -8 -9 -8 -4  2  6  9 10 10  7  4  1 -125 2 2I5 432 1818 8 109999999999999912 4 -92356 -199999999999999
 -1  0  3  8 12 14 14 13  9  5  0 -2 -4 -4 -2  2  7 10 12 11  9  6  2 -125 2 3I5 535 141827 12999999999999991234 -4999999999999999999999
 -3 -3 -2  1  5  9 11 11 10  8  5  3  1  1  2  4  8 11 13 14 13 10  6  225 2 4I5 654 111848 1499999999999999 059 -31253  199999999999999
 -1 -4 -5 -4 -1  2  6  8  9  9  8  7  6  6  7  8 11 13 16 17 16 14 11  725 2 5I5 831  91915 1799999999999999 2 6 -51226  699999999999999
  3 -1 -3 -5 -5 -3  0  3  5  7  9  9  9 10 11 12 14 15 17 19 19 18 16 1225 2 6I51952 19999999999999999999999 320 -5999999999999999999999
  8  4  0 -3 -5 -5 -4 -2  1  4  7  9 11 12 14 15 16 17 18 19 20 21 20 1825 2 7I52045 21999999999999999999999 447 -5999999999999999999999
 14 10  6  2 -2 -5 -6 -5 -3  0  3  7 10 12 14 16 17 18 18 19 20 21 21 2125 2 8I522 2 21999999999999999999999 612 -6999999999999999999999
 19 16 12  7  2 -2 -5 -7 -6 -4 -1  4  8 11 13 15 16 17 17 18 18 19 21 2225 2 9I52323 22999999999999999999999 721 -7999999999999999999999
 21 20 17 12  7  2 -3 -6 -8 -7 -4  0  4  8 11 14 15 15 15 15 15 16 18 2025 210I59999999999999999999999999999 817 -8999999999999999999999
 21 21 20 16 12  6  0 -4 -7 -9 -8 -4  1  5  9 12 13 13 13 12 12 13 14 1625 211I5 031 221636 1399999999999999 9 4 -91929 1299999999999999
 19 21 21 19 15 10  4 -2 -6 -9-10 -7 -3  2  6  9 11 11 10  9  9  9  9 1125 212I5 128 211638 1199999999999999 943-102027  999999999999999
 14 18 19 19 16 12  6  0 -5 -8-10-10 -6 -1  4  7  9 10  9  7  6  5  5  625 213I5 217 191650 10999999999999991018-102121  599999999999999
  9 13 16 17 16 13  9  3 -3 -7 -9-10 -8 -4  1  5  8  9  8  6  4  2  2  225 214I5 3 2 1717 6  9999999999999991048-102210  299999999999999
  4  7 11 14 14 13 10  5 -1 -5 -8 -9 -8 -5  0  4  7  8  8  6  3  1  0 -125 215I5 346 141721  8999999999999991113 -92256 -199999999999999
  0  2  6 10 11 11 10  6  2 -2 -5 -6 -6 -5 -1  3  7  8  8  7  4  1 -1 -225 216I5 430 121733  8999999999999991133 -72339 -399999999999999
 -3 -1  2  5  8  9  9  7  4  1 -2 -3 -3 -2  1  4  7  9  9  8  5  2 -1 -325 217I5 518  91740  9999999999999991143 -3999999999999999999999
 -4 -3 -2  1  4  6  7  7  5  3  1  0  0  1  3  6  9 10 11 10  8  4  1 -125 218I5 615  71744 1199999999999999 022 -41134  099999999999999
 -3 -4 -3 -1  1  3  5  6  6  5  4  3  3  4  6  8 11 12 13 12 10  7  4  125 219I5 727  61752 1399999999999999 1 7 -411 5  399999999999999
 -1 -3 -3 -3 -1  1  3  4  5  5  5  5  6  7  9 10 12 14 15 14 13 11  7  425 220I518 7 15999999999999999999999 159 -3999999999999999999999
  1 -1 -2 -3 -3 -1  0  2  3  5  6  7  8  9 11 12 14 15 16 16 15 13 11  825 221I51832 16999999999999999999999 3 3 -3999999999999999999999
  5  2  0 -2 -3 -3 -2 -1  1  3  5  7  8 10 12 13 14 15 16 17 16 15 14 1125 222I51912 17999999999999999999999 424 -3999999999999999999999
  8  5  2  0 -3 -4 -4 -3 -2  0  3  6  8 10 11 13 14 14 15 16 16 16 15 1425 223I52022 16999999999999999999999 545 -4999999999999999999999
 12  9  5  2 -1 -4 -6 -6 -5 -3  0  3  6  9 10 12 12 13 13 14 15 15 16 1625 224I52220 16999999999999999999999 649 -6999999999999999999999
 14 12  9  5  1 -4 -7 -9 -9 -8 -5 -1  3  6  9 10 11 11 11 11 11 12 14 1525 225I52349 16999999999999999999999 741 -9999999999999999999999
 16 15 12  8  3 -2 -6-10-12-12 -9 -5 -1  4  6  8  9  8  7  7  7  8 10 1325 226I51559  9999999999999999999999 827-1219 8  799999999999999
 15 16 15 12  7  2 -4 -9-13-14-13-10 -5  0  4  6  7  6  5  3  3  3  5  825 227I5 055 1616 0  799999999999999 910-1420 4  399999999999999
 12 15 16 14 11  6 -1 -7-11-14-15-13 -8 -2  2  5  6  6  3  1 -1 -2 -1  125 228I5 153 161610  699999999999999 949-1521 0 -299999999999999
  5 10 14 15 13 10  4 -2 -8-12-14-13-10 -5  1  4  6  6  4  0 -4 -6 -6 -525 3 1I5 251 151622  6999999999999991026-142158 -699999999999999
 -2  4  9 13 14 12  9  3 -3 -7-10-11-10 -5  0  5  7  7  6  2 -3 -7 -9-1025 3 2I5 352 141637  79999999999999911 1-112255-1099999999999999
 -8 -4  2  7 11 12 11  7  3 -2 -5 -6 -6 -4  1  6  9 10  9  5  0 -5 -9-1125 3 3I5 459 121656 10999999999999991131 -62351-1299999999999999
-12-10 -6  0  5  8 10  9  6  3  1 -1 -1  0  3  7 11 12 12 10  5  0 -6 -925 3 4I5 611 101719 12999999999999991154 -1999999999999999999999
-12-13-11 -6 -1  3  6  8  7  6  5  4  4  4  6  9 12 14 15 13 10  6  0 -525 3 5I5 728  81746 1599999999999999 048-131137  499999999999999
 -9-11-12-10 -7 -3  1  4  6  6  6  7  7  8  9 11 13 15 16 16 14 11  6  225 3 6I51819 16999999999999999999999 150-12999999999999999999999
 -3 -7 -9-10-10 -7 -4 -1  2  4  6  7  9 10 11 12 14 15 16 17 16 15 12  825 3 7I519 3 17999999999999999999999 3 4-10999999999999999999999
  4  0 -4 -7 -9 -9 -8 -5 -2  1  4  6  8 10 12 13 14 14 15 16 16 16 15 1225 3 8I52016 16999999999999999999999 435 -9999999999999999999999
  9  6  2 -2 -6 -8 -9 -8 -6 -3  0  4  7  9 11 12 12 13 13 13 14 15 15 1525 3 9I522 0 15999999999999999999999 6 5 -9999999999999999999999
 13 10  7  3 -2 -5 -8 -9 -9 -6 -3  1  4  7  9 10 10 10 10 10 10 12 13 1425 310I52330 14999999999999999999999 713 -9999999999999999999999
 14 13 10  7  2 -2 -6 -9-10 -9 -6 -2  2  5  7  8  8  8  7  7  7  7  9 1125 311I51534  8999999999999999999999 8 3-101934  799999999999999
 13 13 12  9  5  0 -4 -8-10-10 -9 -5 -1  3  5  7  7  6  4  3  3  3  4  725 312I5 038 131528  799999999999999 843-102016  399999999999999
 10 12 12 10  7  3 -2 -6 -9-11-10 -7 -3  1  4  6  6  4  2  0 -1 -1  0  225 313I5 132 121533  699999999999999 916-112054 -199999999999999
  6  9 11 10  9  5  0 -4 -8-10-10 -8 -4  0  3  5  5  4  2 -1 -3 -4 -4 -225 314I5 221 111543  699999999999999 944-102130 -499999999999999
  1  5  8  9  9  6  2 -2 -6 -8 -9 -8 -5 -1  3  5  6  5  2 -1 -4 -6 -7 -625 315I5 3 9  91553  69999999999999910 8 -922 5 -799999999999999
 -3  1  5  7  8  7  4  1 -3 -5 -7 -7 -5 -1  3  6  6  6  3  0 -4 -7 -8 -925 316I5 357  816 3  6999999999999991027 -72239 -999999999999999
 -7 -3  1  5  7  7  6  3  0 -2 -4 -4 -3  0  4  7  8  7  5  2 -3 -6 -8-1025 317I5 447  71611  8999999999999991040 -42314-1099999999999999
 -9 -6 -2  2  4  6  6  5  3  1  0 -1  0  2  5  8 10  9  8  5  0 -4 -7 -925 318I5 539  61619 10999999999999991038 -12351-1099999999999999
-10 -8 -5 -1  2  4  6  6  5  3  2  2  3  5  7 10 11 11 10  7  3 -1 -5 -725 319I5 634  61630 12999999999999991019  2999999999999999999999
 -9 -9 -7 -4 -1  2  4  5  5  5  4  5  6  7  9 11 13 13 12 10  7  3 -1 -525 320I5 738  51646 1399999999999999 031 -9 958  499999999999999
 -7 -8 -7 -6 -3  0  2  4  5  5  6  6  7  9 10 12 13 14 14 12 10  6  2 -125 321I517 7 14999999999999999999999 117 -8999999999999999999999
 -4 -6 -7 -7 -5 -3 -1  1  3  4  5  7  8  9 11 12 13 14 14 13 11  9  5  225 322I51735 14999999999999999999999 215 -7999999999999999999999
 -1 -4 -6 -7 -7 -6 -4 -2  0  2  4  6  7  9 10 11 12 13 13 13 12 11  8  525 323I51816 13999999999999999999999 330 -7999999999999999999999
  2 -1 -4 -6 -7 -8 -7 -6 -4 -1  2  4  6  8  9 10 10 11 11 11 12 11 10  825 324I51943 12999999999999999999999 458 -8999999999999999999999
  5  2 -1 -4 -7 -9-10 -9 -8 -5 -2  2  4  6  7  8  8  8  8  8  9 10 10 1025 325I522 9 10999999999999999999999 610-10999999999999999999999
  8  6  2 -1 -5 -8-11-12-11 -9 -5 -1  2  4  6  6  5  5  4  4  5  6  8 1025 326I51451  62342 1099999999999999 7 6-121824  499999999999999
 10  9  6  3 -2 -6-10-12-13-12 -8 -4  0  3  4  5  4  2  0  0  0  1  4  725 327I51439  5999999999999999999999 753-131919  099999999999999
 10 11 10  7  3 -2 -7-11-12-13-11 -6 -1  2  4  4  3  0 -3 -5 -5 -5 -3  125 328I5 054 111440  499999999999999 835-132010 -599999999999999
  6 10 11 10  7  3 -2 -7-10-11-10 -7 -2  2  5  6  4  1 -3 -7 -9-10 -9 -625 329I5 2 1 111448  699999999999999 914-1121 2-1099999999999999
  0  6 10 11 11  8  3 -2 -5 -7 -8 -6 -2  3  7  8  7  4 -1 -6-11-13-14-1325 330I5 310 1115 4  899999999999999 950 -82155-1499999999999999
 -8 -1  5  9 11 11  8  4  0 -2 -3 -3  0  4  9 11 11  9  4 -2 -9-13-16-1725 331I5 420 111527 11999999999999991023 -32247-1799999999999999
-14 -9 -2  4  8 10 10  8  5  3  2  1  2  6 10 13 14 13  9  4 -3 -9-14-1725 4 1I5 528 111555 14999999999999991048  12340-1799999999999999
-17-14 -9 -2  3  7  9  9  8  6  6  5  6  8 11 14 16 16 14 10  4 -3 -9-1325 4 2I5 636 101627 16999999999999991048  5999999999999999999999
-16-16-13 -8 -3  2  5  8  8  8  8  8  9 10 12 14 17 18 17 14 10  4 -2 -725 4 3I517 3 18999999999999999999999 036-16999999999999999999999
-11-13-14-12 -8 -4  0  4  6  8  8  9 10 11 12 14 16 17 17 16 14 10  5  025 4 4I51746 17999999999999999999999 137-14999999999999999999999
 -4 -8-11-11-10 -7 -4 -1  3  5  7  9 10 11 12 13 14 15 15 16 15 13 10  625 4 5I51841 16999999999999999999999 250-11999999999999999999999
  2 -2 -6 -8 -9 -9 -7 -5 -1  2  4  7  9 10 11 11 11 12 12 13 13 13 12  925 4 6I520 8 13999999999999999999999 416 -9999999999999999999999
  6  3 -1 -4 -7 -8 -8 -7 -5 -1  2  5  7  8  9  9  9  9  9  9 10 10 11 1025 4 7I51449  92159 1199999999999999 537 -81751  999999999999999
  9  6  3  0 -3 -6 -8 -8 -7 -4 -1  3  5  7  7  7  7  6  5  5  5  7  8  925 4 8I51420  72333  999999999999999 639 -81854  599999999999999
  9  8  6  3  0 -4 -6 -7 -7 -5 -2  1  4  6  6  6  5  3  2  1  1  2  4  725 4 9I51410  6999999999999999999999 725 -81936  199999999999999
  8  8  7  5  2 -1 -4 -6 -7 -6 -3  0  3  5  6  6  4  2  0 -2 -2 -2  0  325 410I5 042  814 9  699999999999999 8 1 -72011 -299999999999999
  6  7  8  7  4  1 -2 -4 -6 -6 -4  0  3  5  6  6  4  1 -1 -4 -5 -5 -4 -125 411I5 141  81414  699999999999999 829 -62042 -599999999999999
  3  6  7  7  6  3  0 -2 -3 -4 -3  0  3  6  7  7  5  2 -1 -5 -7 -8 -7 -525 412I5 235  71422  799999999999999 853 -42113 -899999999999999
 -1  3  6  8  7  6  3  1 -1 -2 -1  1  4  7  9  9  7  4  0 -4 -7 -9 -9 -825 413I5 327  81432  999999999999999 911 -22143 -999999999999999
 -4  1  4  7  8  8  6  4  2  1  1  3  5  8 11 11 10  7  3 -2 -6 -9-10-1025 414I5 416  81444 1199999999999999 924  12215-1099999999999999
 -7 -2  2  6  8  9  8  6  5  4  4  5  7 10 12 13 12 10  6  1 -4 -7-10-1025 415I5 5 4  91459 1399999999999999 928  42249-1099999999999999
 -9 -5  0  4  7  9  9  8  7  6  6  7  9 11 14 15 15 13  9  5  0 -5 -8-1025 416I5 552  91517 1599999999999999 923  62326-1099999999999999
 -9 -7 -3  1  5  7  9  9  9  8  8  9 10 12 14 16 16 15 12  8  3 -2 -5 -825 417I5 642  91539 1699999999999999 916  8999999999999999999999
 -9 -8 -5 -2  2  5  7  9  9  9  9 10 11 12 14 16 17 16 14 11  7  2 -2 -525 418I516 4 17999999999999999999999 0 6 -9999999999999999999999
 -7 -8 -7 -4 -1  2  5  7  8  9  9 10 11 12 14 15 16 16 15 13  9  5  1 -325 419I51633 16999999999999999999999 053 -8999999999999999999999
 -5 -7 -7 -6 -4 -1  1  4  6  7  8  9 11 12 13 14 15 15 15 14 11  8  4  025 420I517 9 15999999999999999999999 147 -7999999999999999999999
 -3 -5 -7 -7 -6 -5 -2  0  3  5  7  8  9 10 11 12 12 13 13 13 12 10  7  425 421I518 3 13999999999999999999999 253 -7999999999999999999999
  0 -3 -5 -7 -8 -7 -6 -3  0  2  5  6  8  9  9  9  9 10 10 11 11 10  9  725 422I51956 11999999999999999999999 4 6 -8999999999999999999999
  4  1 -2 -5 -7 -8 -8 -6 -3  0  3  5  7  7  7  7  6  6  6  7  8  9 10  925 423I51330  722 4 1099999999999999 515 -81716  699999999999999
  7  5  2 -2 -5 -7 -8 -7 -5 -2  1  4  6  7  6  5  4  2  2  2  3  5  8  925 424I513 5  72341 1099999999999999 613 -81819  299999999999999
 10  9  6  3  0 -3 -5 -6 -5 -3  1  4  7  8  7  5  2  0 -2 -3 -3 -1  3  725 425I513 2  8999999999999999999999 7 3 -61911 -399999999999999
 10 11 10  8  5  2 -1 -3 -3 -2  1  5  8 10  9  7  4 -1 -5 -7 -8 -7 -4  225 426I5 1 4 111313 1099999999999999 746 -320 1 -899999999999999
  7 11 12 12 10  7  4  2  1  1  3  6 11 13 13 11  7  2 -4 -8-11-12-10 -525 427I5 224 131333 1399999999999999 825  12052-1299999999999999
  1  7 11 14 14 12  9  7  5  5  6  8 12 16 17 16 13  7  1 -6-11-14-14-1225 428I5 338 1414 2 1799999999999999 9 0  52144-1499999999999999
 -6  1  7 12 14 15 14 11 10  9  9 10 14 17 20 20 18 14  7  0 -7-12-15-1525 429I5 445 151435 2099999999999999 925  92236-1599999999999999
-12 -6  1  7 12 14 15 14 13 12 12 13 15 18 21 23 22 19 14  7  0 -7-11-1425 430I5 549 151514 2399999999999999 928 122330-1599999999999999
-14-11 -5  1  7 11 14 15 14 14 14 14 15 18 20 23 24 23 20 14  7  0 -5-1025 5 1I5 658 151557 2499999999999999 9 6 14999999999999999999999
-12-12 -9 -4  1  6 10 13 13 14 14 15 16 17 19 21 23 23 22 19 14  7  2 -425 5 2I51644 23999999999999999999999 026-13999999999999999999999
 -7-10 -9 -7 -3  1  6  9 11 12 13 14 15 16 17 18 20 21 21 20 17 12  8  325 5 3I51737 21999999999999999999999 126-10999999999999999999999
 -2 -5 -7 -7 -5 -2  1  5  8 10 12 13 14 14 14 15 16 17 17 18 17 14 11  725 5 4I51837 18999999999999999999999 231 -7999999999999999999999
  4  0 -3 -5 -5 -4 -1  2  5  8 10 11 12 12 12 12 12 12 13 14 14 14 12 1025 5 5I51957 14999999999999999999999 340 -5999999999999999999999
  7  4  1 -1 -3 -3 -2  0  3  6  8 10 11 11 11 10  9  9  9  9 10 11 11 1125 5 6I51250 112147 1199999999999999 444 -31732  999999999999999
  9  7  4  2  0 -1 -1  0  2  5  7  9 10 11 10  9  7  6  5  5  6  7  9 1025 5 7I51238 112330 1099999999999999 537 -11832  599999999999999
 10  9  7  5  3  1  1  1  2  5  7  9 11 11 10  8  6  4  3  2  2  4  6  825 5 8I51238 11999999999999999999999 618  11913  299999999999999
  9  9  9  7  6  4  3  3  4  5  8 10 12 12 11  9  6  4  1  0 -1  0  3  625 5 9I5 049 101242 1299999999999999 649  31947 -199999999999999
  8 10 10 10  8  7  6  5  6  7  9 12 13 14 13 11  8  4  1 -1 -2 -2  0  325 510I5 158 101251 1499999999999999 712  52017 -399999999999999
  7 10 11 12 11 10  9  8  8  9 11 13 15 16 16 14 10  6  2 -1 -3 -4 -2  125 511I5 257 1213 3 1699999999999999 728  82047 -499999999999999
  5  9 11 13 13 13 12 11 11 11 13 15 17 19 18 17 13  9  4  0 -3 -4 -4 -125 512I5 348 141321 1999999999999999 742 112119 -599999999999999
  3  7 11 14 15 15 14 13 13 13 14 16 19 21 21 20 17 13  8  3 -1 -4 -5 -325 513I5 434 151343 2199999999999999 757 132153 -599999999999999
  0  5  9 13 15 16 16 15 15 15 16 17 19 22 23 22 20 17 12  6  1 -2 -4 -425 514I5 516 161410 2399999999999999 811 152230 -599999999999999
 -2  2  7 11 14 16 17 16 16 16 17 18 19 22 23 24 22 20 15 10  4  0 -3 -425 515I5 6 0 171440 2499999999999999 823 162310 -499999999999999
 -4 -1  4  8 12 15 16 17 16 16 17 18 19 21 23 24 24 22 18 13  8  3 -1 -325 516I51514 249999999999999999999992353 -4999999999999999999999
 -4 -3  0  5  8 12 14 15 16 16 16 17 18 20 21 23 23 22 20 16 11  6  2 -225 517I51550 239999999999999999999999999999999999999999999999999
 -4 -4 -2  1  5  8 11 13 14 15 15 16 17 18 19 21 22 22 21 18 14  9  5  125 518I51631 22999999999999999999999 040 -4999999999999999999999
 -2 -3 -3 -2  1  4  8 10 12 13 14 15 16 16 17 18 19 20 20 18 16 12  8  425 519I51721 20999999999999999999999 130 -4999999999999999999999
  1 -2 -3 -3 -1  1  5  8 10 12 13 14 14 14 15 15 16 17 17 17 16 14 11  825 520I51831 18999999999999999999999 224 -3999999999999999999999
  4  1 -1 -2 -2  0  2  6  8 11 12 13 13 13 12 12 12 13 14 15 15 15 14 1125 521I51138 132012 1599999999999999 318 -21523 1299999999999999
  8  5  3  1  0  1  2  5  8 11 12 13 13 12 11  9  9  8  9 10 12 14 14 1425 522I51120 1322 9 1499999999999999 413  01654  899999999999999
 13 10  8  6  4  3  4  6  8 11 14 15 15 14 11  9  6  5  4  5  7 10 13 1525 523I51123 152356 1599999999999999 5 5  31758  499999999999999
 15 15 13 11  9  8  8  8 10 13 16 18 18 17 14 10  6  3  1  0  1  4  9 1325 524I51139 18999999999999999999999 553  81855  099999999999999
 16 17 17 16 15 13 12 12 13 15 18 21 22 21 19 14  9  4  0 -3 -3 -2  2  825 525I5 132 1812 5 2299999999999999 635 121949 -399999999999999
 13 17 19 20 19 18 17 16 17 18 20 24 26 26 24 21 15  9  2 -2 -5 -6 -3  225 526I5 257 201239 2699999999999999 710 162042 -699999999999999
  8 14 18 21 22 22 21 20 20 21 22 25 28 30 29 27 22 15  8  1 -4 -6 -7 -425 527I5 4 8 221320 3099999999999999 735 202135 -799999999999999
  2  9 15 19 22 23 23 22 22 22 23 25 28 31 32 31 28 23 16  8  1 -4 -7 -625 528I5 511 2314 6 3299999999999999 753 222230 -799999999999999
 -3  3  9 15 19 22 23 23 23 23 23 25 27 30 32 33 32 28 23 15  8  2 -3 -625 529I51456 339999999999999999999992324 -6999999999999999999999
 -5 -2  4 10 15 19 21 22 22 22 23 23 25 27 30 32 32 31 27 22 15  8  2 -225 530I51548 329999999999999999999999999999999999999999999999999
 -4 -3  0  5 10 15 18 20 21 21 21 22 22 24 26 28 30 30 29 25 20 14  8  325 531I51640 30999999999999999999999 018 -4999999999999999999999
  0 -2 -1  2  6 11 15 17 19 19 20 20 20 21 22 23 25 27 27 25 22 18 13  825 6 1I51732 27999999999999999999999 111 -2999999999999999999999
  4  2  0  1  4  8 12 15 17 18 18 19 19 18 19 19 20 22 23 23 21 19 16 1225 6 2I51828 23999999999999999999999 2 3  0999999999999999999999
  8  6  4  3  4  7 10 13 15 17 18 18 17 17 16 16 16 17 18 19 19 18 17 1425 6 3I51041 181939 1999999999999999 250  31517 1699999999999999
 12  9  7  6  6  7 10 12 15 16 18 18 17 16 15 14 13 13 14 15 15 16 16 1525 6 4I51048 182130 1699999999999999 332  61645 1399999999999999
 14 12 11 10  9 10 11 13 15 17 18 19 18 17 15 13 12 11 10 11 12 14 15 1525 6 5I51057 192329 1599999999999999 4 6  91751 1099999999999999
 15 15 14 13 13 13 13 15 17 19 20 21 20 19 16 14 12 10  9  8  9 11 13 1525 6 6I511 6 21999999999999999999999 427 131838  899999999999999
 16 17 17 16 16 16 16 17 19 21 22 23 23 21 19 16 13 10  8  7  7  9 11 1425 6 7I5 116 171116 2399999999999999 430 161914  799999999999999
 17 18 19 19 19 19 19 20 21 23 25 26 26 24 22 19 15 11  8  6  6  7 10 1325 6 8I51132 269999999999999999999991947  6999999999999999999999
 16 19 21 22 22 22 22 22 23 25 27 28 29 28 26 22 18 14 10  7  5  6  8 1125 6 9I51156 299999999999999999999992021  5999999999999999999999
 15 19 21 23 24 24 24 24 25 26 28 30 31 31 29 26 22 17 13  9  6  5  6  925 610I51228 319999999999999999999992057  5999999999999999999999
 13 17 21 24 25 25 25 25 26 27 28 30 32 33 32 30 26 21 16 11  7  5  5  725 611I513 5 339999999999999999999992136  4999999999999999999999
 10 15 19 22 25 26 26 26 26 26 28 29 31 33 33 32 29 25 20 14  9  6  4  425 612I51346 339999999999999999999992218  4999999999999999999999
  7 11 16 20 23 25 26 25 25 26 26 28 30 32 33 33 32 28 23 17 12  7  4  325 613I51428 3499999999999999999999923 1  3999999999999999999999
  4  8 12 17 20 23 24 25 24 24 25 26 28 30 32 33 32 30 26 21 15  9  5  325 614I51511 339999999999999999999992345  3999999999999999999999
  3  4  8 12 17 20 22 23 23 23 23 24 25 27 29 31 32 30 28 23 18 12  8  425 615I51556 329999999999999999999999999999999999999999999999999
  3  3  5  9 13 17 20 21 22 22 22 22 23 24 25 27 29 29 28 25 21 16 11  725 616I51643 30999999999999999999999 029  2999999999999999999999
  4  3  4  6 10 14 17 20 21 21 21 21 21 21 22 23 25 27 27 26 23 19 15 1125 617I51739 27999999999999999999999 112  3999999999999999999999
  8  6  5  6  9 12 16 19 20 21 21 20 19 19 19 19 21 23 24 24 24 22 19 1525 618I5 9 9 211851 2499999999999999 154  51342 1999999999999999
 12 10  9  9 10 13 16 19 21 22 22 21 19 18 16 16 16 18 20 21 22 22 21 2025 619I5 924 222032 2399999999999999 233  81511 1699999999999999
 17 15 14 13 13 15 17 20 23 24 24 23 21 18 16 14 13 13 14 17 19 21 22 2225 620I5 941 242235 2399999999999999 310 131629 1399999999999999
 22 20 19 18 18 19 20 22 25 27 28 27 25 22 18 15 12 10 10 11 14 18 21 2325 621I510 4 28999999999999999999999 342 181740 1099999999999999
 24 24 24 23 23 23 24 26 28 30 32 32 30 27 23 18 14 10  8  7  9 13 17 2125 622I5 038 241037 3299999999999999 4 9 231843  799999999999999
 24 26 27 28 27 27 28 29 30 32 34 36 35 33 29 24 18 13  9  6  5  8 12 1725 623I51118 369999999999999999999991941  5999999999999999999999
 22 26 28 30 30 30 30 31 32 33 36 38 39 38 35 31 25 18 12  7  5  4  7 1225 624I512 8 399999999999999999999992038  4999999999999999999999
 17 23 27 30 31 32 32 32 32 33 35 38 40 41 40 37 32 25 18 12  7  4  4  725 625I513 2 419999999999999999999992133  4999999999999999999999
 12 18 23 28 30 31 32 31 32 32 34 36 39 41 42 41 38 32 25 18 11  6  4  425 626I51358 429999999999999999999992227  4999999999999999999999
  7 13 19 24 28 30 31 30 30 31 31 33 35 38 41 42 40 37 31 24 17 11  6  425 627I51453 429999999999999999999992318  4999999999999999999999
  5  9 14 20 24 27 29 29 28 28 29 29 31 33 37 39 40 38 34 29 22 15 10  725 628I51545 409999999999999999999999999999999999999999999999999
  5  6 10 16 20 24 26 27 27 26 26 27 27 29 31 34 36 36 35 31 26 20 14 1025 629I5 711 271634 3699999999999999 0 4  5 947 2699999999999999
  8  7  9 13 17 21 24 26 26 25 25 24 24 25 26 29 31 32 32 31 27 23 18 1425 630I5 743 261723 3399999999999999 047  71143 2499999999999999
 11 10 10 12 16 20 23 25 25 25 24 23 23 22 23 24 26 28 28 28 27 24 21 1825 7 1I5 813 251816 2999999999999999 124 101318 2299999999999999
 15 13 13 14 16 19 22 24 25 26 25 24 22 21 21 21 22 23 24 25 25 24 22 2025 7 2I5 839 261927 2599999999999999 154 131431 2199999999999999
 19 17 17 17 18 21 23 25 26 27 26 25 23 22 20 19 19 20 21 22 23 23 23 2225 7 3I5 858 272121 2399999999999999 213 171544 1999999999999999
 22 21 21 21 22 23 25 27 28 29 28 27 25 23 21 19 18 18 18 19 21 22 23 2425 7 4I5 911 29999999999999999999999 2 6 211654 1899999999999999
 24 24 24 25 25 26 28 29 31 31 31 30 28 26 23 20 18 17 17 17 19 20 23 2425 7 5I5 924 319999999999999999999991752 17999999999999999999999
 26 26 27 28 28 29 30 32 33 34 34 33 32 29 26 23 20 18 16 16 17 19 22 2425 7 6I5 945 349999999999999999999991838 16999999999999999999999
 26 28 29 30 31 32 32 34 35 36 37 37 35 33 30 26 23 19 17 15 16 17 20 2325 7 7I51018 379999999999999999999991919 15999999999999999999999
 26 29 31 32 33 33 34 35 36 37 38 39 38 37 34 30 26 22 18 16 15 15 18 2125 7 8I511 5 3999999999999999999999920 0 15999999999999999999999
 25 28 31 32 33 34 34 35 36 37 39 40 40 40 37 34 30 25 20 16 14 14 15 1825 7 9I51157 409999999999999999999992043 14999999999999999999999
 22 26 30 32 33 34 34 34 34 36 37 39 41 41 40 37 33 28 23 18 14 12 12 1525 710I51250 419999999999999999999992126 12999999999999999999999
 18 23 27 30 32 33 33 33 33 34 35 37 39 41 41 40 36 32 26 20 15 12 10 1125 711I51340 419999999999999999999992210 10999999999999999999999
 14 19 24 27 30 31 32 31 31 31 32 34 36 39 41 40 38 34 29 23 17 13 10  925 712I5 542 321428 4199999999999999 759 312252  999999999999999
 11 14 19 24 27 29 30 30 29 29 29 30 32 35 38 40 39 36 32 26 20 15 11  925 713I5 6 6 301514 4099999999999999 846 292333  899999999999999
  9 11 16 20 25 27 29 29 28 27 27 27 28 31 34 37 38 37 34 29 24 18 13 1025 714I5 631 2916 1 3899999999999999 940 27999999999999999999999
  9 10 13 18 22 26 27 28 27 26 25 25 25 26 29 32 35 35 34 31 27 22 17 1425 715I5 656 281653 3599999999999999 011  91056 2599999999999999
 12 11 13 17 21 25 27 28 28 26 25 23 23 23 24 27 30 32 33 32 30 26 22 1925 716I5 717 281756 3399999999999999 047 111228 2399999999999999
 16 15 16 18 21 25 28 29 29 28 26 24 22 21 21 22 24 27 30 31 30 29 26 2425 717I5 737 301920 3199999999999999 120 151343 2099999999999999
 22 21 20 21 24 27 30 31 32 31 29 26 23 21 19 19 20 22 25 27 29 30 29 2825 718I5 758 322110 3099999999999999 146 201455 1999999999999999
 27 26 26 26 27 29 32 34 35 35 34 31 27 24 20 18 17 18 20 22 25 28 30 3025 719I5 825 35999999999999999999999 155 261612 1799999999999999
 30 30 31 31 32 33 35 37 38 39 38 36 33 28 24 21 18 16 16 18 21 24 28 3025 720I5 9 3 399999999999999999999991729 16999999999999999999999
 32 33 34 34 35 36 37 39 40 42 42 41 39 35 30 25 21 17 15 15 16 20 24 2825 721I5 954 429999999999999999999991840 14999999999999999999999
 31 34 35 36 37 38 38 39 41 43 44 45 44 41 37 32 26 21 17 14 14 15 19 2425 722I51056 459999999999999999999991943 13999999999999999999999
 28 32 35 37 38 38 38 39 40 42 44 46 46 45 43 38 32 26 20 16 13 13 15 1925 723I512 1 469999999999999999999992041 12999999999999999999999
 24 29 33 35 37 37 37 37 38 39 41 44 46 47 46 43 38 32 25 19 15 12 12 1525 724I513 3 479999999999999999999992133 12999999999999999999999
 20 25 30 33 35 36 35 35 35 36 37 39 43 46 47 46 42 37 30 24 18 14 12 1225 725I5 5 5 3614 0 4799999999999999 715 352220 1199999999999999
 15 21 26 30 33 34 34 33 32 32 33 35 38 41 44 45 44 40 35 28 21 16 13 1225 726I5 520 341452 4599999999999999 813 3223 2 1299999999999999
 13 17 23 27 30 32 33 32 30 30 30 30 32 35 39 42 42 41 37 31 25 19 16 1325 727I5 541 331540 4299999999999999 915 302339 1399999999999999
 13 15 20 25 28 31 32 31 29 28 27 27 28 30 33 37 39 39 37 33 28 23 19 1625 728I5 6 4 321627 39999999999999991035 27999999999999999999999
 15 15 19 23 27 30 31 31 29 27 26 25 25 26 28 31 34 35 35 33 30 26 22 1925 729I5 627 311716 3599999999999999 011 151148 2599999999999999
 18 18 20 23 27 29 31 31 30 28 26 25 24 24 25 27 30 31 32 32 30 28 25 2325 730I5 647 311814 3299999999999999 037 181246 2499999999999999
 22 22 22 25 28 30 32 32 32 30 28 26 24 23 23 24 26 28 29 30 30 29 28 2625 731I5 7 2 321932 3099999999999999 052 221342 2399999999999999
 26 26 26 28 30 32 34 34 34 32 30 28 26 24 23 23 23 25 26 28 29 29 29 2925 8 1I5 711 34999999999999999999999 042 261441 2299999999999999
 29 29 30 31 33 34 36 36 36 35 33 31 28 26 24 23 22 23 24 26 27 29 30 3125 8 2I5 720 379999999999999999999991548 22999999999999999999999
 31 32 33 34 35 37 38 39 39 38 37 35 32 29 26 24 23 22 23 24 26 28 30 3225 8 3I5 738 3999999999999999999999917 0 22999999999999999999999
 33 34 35 36 37 38 40 40 41 41 40 38 36 33 30 27 24 23 22 22 24 26 29 3125 8 4I5 815 4199999999999999999999918 3 22999999999999999999999
 33 35 36 37 38 39 40 41 42 42 42 41 39 36 33 30 26 23 22 21 22 24 26 2925 8 5I5 916 429999999999999999999991856 21999999999999999999999
 32 35 36 38 38 39 39 40 41 42 43 43 42 40 37 33 29 25 22 20 19 21 23 2725 8 6I51035 439999999999999999999991944 19999999999999999999999
 30 33 35 37 38 38 38 38 39 41 42 43 44 43 40 36 32 27 23 19 17 18 19 2325 8 7I51146 449999999999999999999992029 17999999999999999999999
 27 31 34 35 36 36 36 36 37 38 40 42 43 44 42 39 35 30 24 20 16 15 16 1825 8 8I51245 449999999999999999999992112 15999999999999999999999
 23 27 31 33 35 35 34 33 34 34 36 38 41 43 44 42 38 33 27 21 17 14 13 1525 8 9I5 436 351337 4499999999999999 723 332153 1399999999999999
 18 23 28 31 33 33 32 31 30 31 32 34 37 41 43 43 40 36 30 24 19 15 12 1225 810I5 448 331426 4399999999999999 813 302232 1299999999999999
 15 20 25 29 31 32 32 30 28 27 28 29 32 36 40 42 41 38 34 28 22 17 14 1325 811I5 5 5 321516 4299999999999999 9 8 2723 9 1399999999999999
 14 17 23 27 30 32 31 30 27 25 24 25 26 30 34 38 40 39 37 32 26 21 18 1625 812I5 523 321610 40999999999999991013 242343 1599999999999999
 15 17 22 27 30 32 32 31 28 25 23 22 22 24 28 33 36 38 37 35 31 26 23 2025 813I5 540 321712 38999999999999991123 22999999999999999999999
 19 20 23 27 31 33 34 33 31 27 23 21 20 20 22 26 31 34 35 35 34 31 28 2625 814I5 557 341829 3699999999999999 015 191227 2099999999999999
 25 25 26 29 33 35 36 36 34 31 27 23 21 19 19 21 25 29 32 33 34 33 32 3025 815I5 619 371959 3499999999999999 040 241331 1999999999999999
 30 30 30 32 35 37 39 39 38 36 32 28 24 21 19 19 20 23 26 29 32 33 34 3425 816I5 647 39999999999999999999999 039 301440 1999999999999999
 34 34 35 36 37 39 41 42 42 40 38 34 29 25 22 20 19 20 22 25 28 31 33 3525 817I5 725 4299999999999999999999916 1 19999999999999999999999
 36 37 38 38 39 41 42 43 44 44 42 40 36 31 27 23 20 19 19 20 23 27 30 3325 818I5 821 449999999999999999999991728 19999999999999999999999
 35 37 39 40 40 41 42 43 44 45 45 44 41 38 33 29 24 21 18 18 19 22 26 3025 819I5 938 459999999999999999999991844 18999999999999999999999
 34 36 38 39 40 40 41 41 43 44 45 46 45 43 39 34 29 24 20 18 17 19 22 2625 820I51059 469999999999999999999991946 17999999999999999999999
 31 34 36 38 38 38 38 39 39 41 43 45 46 46 43 39 34 28 23 19 17 16 18 2225 821I51210 469999999999999999999992038 16999999999999999999999
 27 31 34 36 36 36 35 35 36 37 39 42 44 46 45 43 38 33 26 21 18 16 16 1925 822I5 4 1 3613 9 4699999999999999 649 352122 1599999999999999
 24 28 32 34 35 34 33 32 32 32 34 36 40 43 45 44 41 36 30 24 19 16 15 1725 823I5 4 5 3514 2 4599999999999999 747 3222 0 1599999999999999
 21 26 30 32 34 33 32 30 29 28 29 31 35 39 42 42 41 38 33 27 22 18 16 1625 824I5 418 341450 4299999999999999 846 282233 1699999999999999
 19 23 28 31 33 33 31 29 27 26 26 26 29 33 37 40 40 38 35 30 25 21 18 1725 825I5 435 331538 4099999999999999 945 2523 2 1799999999999999
 19 22 27 30 32 33 32 29 26 24 23 23 25 28 32 35 37 37 35 32 28 24 22 2025 826I5 452 331628 37999999999999991037 232326 2099999999999999
 20 23 27 30 33 33 33 31 27 25 23 22 22 24 27 31 34 35 35 33 30 27 25 2425 827I5 5 6 331723 35999999999999991124 222341 2499999999999999
 24 25 28 31 33 34 34 32 30 26 23 22 21 22 24 27 30 32 33 33 32 30 28 2825 828I5 516 341825 339999999999999912 9 212335 2799999999999999
 27 28 30 33 35 36 36 35 32 29 26 23 22 21 22 25 27 30 31 32 32 32 31 3125 829I5 522 361937 32999999999999991255 212251 3199999999999999
 31 32 33 35 37 38 38 37 35 32 29 26 24 22 22 23 25 27 29 31 32 32 32 3325 830I5 530 389999999999999999999991346 22999999999999999999999
 34 34 35 37 39 40 40 39 38 35 32 29 27 25 23 23 24 25 27 29 30 32 33 3425 831I5 545 409999999999999999999991448 23999999999999999999999
 35 36 37 38 40 41 41 41 40 38 36 33 30 28 25 24 23 24 25 26 28 30 32 3425 9 1I5 612 4199999999999999999999916 7 23999999999999999999999
 35 37 38 39 40 41 41 42 41 40 39 36 34 31 28 25 24 23 23 24 25 28 30 3325 9 2I5 659 429999999999999999999991727 22999999999999999999999
 35 36 38 38 39 39 40 41 41 41 40 39 37 34 31 28 25 22 21 21 22 24 27 3025 9 3I5 826 419999999999999999999991831 21999999999999999999999
 33 35 36 37 37 38 38 39 39 40 41 41 39 37 34 30 26 23 20 19 19 21 24 2725 9 4I51018 419999999999999999999991921 19999999999999999999999
 31 33 35 36 36 35 35 36 36 38 39 40 41 39 37 33 29 24 20 17 16 17 20 2325 9 5I51137 4199999999999999999999920 6 16999999999999999999999
 28 31 33 34 34 33 32 32 32 34 36 38 40 41 39 36 32 26 21 17 15 14 16 2025 9 6I5 325 341238 4199999999999999 645 322046 1499999999999999
 24 28 31 32 32 31 29 28 28 29 31 34 38 40 40 38 35 30 24 19 16 14 14 1725 9 7I5 328 321333 4199999999999999 735 282124 1499999999999999
 22 26 30 31 32 30 28 25 24 24 25 28 33 38 40 40 38 34 28 23 18 16 15 1625 9 8I5 336 321428 4099999999999999 827 2422 1 1599999999999999
 20 25 29 31 32 31 28 24 21 20 20 22 26 32 37 39 39 37 33 27 23 19 17 1725 9 9I5 347 321526 3999999999999999 923 202235 1799999999999999
 20 24 29 32 33 32 30 25 21 18 17 17 20 25 31 36 38 38 36 32 28 24 22 2125 910I5 4 1 331633 38999999999999991021 1723 7 2199999999999999
 22 25 30 34 35 35 33 29 24 19 16 15 15 19 24 30 34 36 37 35 32 29 27 2625 911I5 420 351745 37999999999999991119 152334 2699999999999999
 26 28 31 35 38 38 37 34 29 23 19 16 14 15 18 23 28 32 34 35 35 33 31 3125 912I5 444 3819 1 35999999999999991217 142335 3199999999999999
 31 31 33 36 39 40 40 38 34 29 24 19 16 15 15 18 22 26 30 33 34 34 34 3425 913I5 514 419999999999999999999991318 15999999999999999999999
 34 35 36 38 40 42 42 41 39 35 30 25 21 18 16 16 18 21 25 28 31 33 34 3525 914I5 552 429999999999999999999991429 16999999999999999999999
 36 37 38 39 40 42 43 43 42 40 36 32 28 24 20 18 17 18 20 23 26 30 32 3425 915I5 644 439999999999999999999991555 17999999999999999999999
 36 37 38 39 39 40 41 42 42 42 40 37 34 30 26 22 19 18 18 19 22 25 29 3225 916I5 8 4 429999999999999999999991726 17999999999999999999999
 34 36 37 38 38 38 39 39 40 41 42 41 38 35 31 27 23 19 17 17 19 22 25 2925 917I5 943 429999999999999999999991839 17999999999999999999999
 32 34 35 36 35 35 35 36 37 38 40 41 41 39 35 31 27 22 19 17 17 19 22 2625 918I51110 419999999999999999999991934 16999999999999999999999
 29 32 33 34 33 32 32 32 32 34 36 39 40 40 38 35 30 25 21 18 16 17 19 2325 919I5 251 341219 4099999999999999 643 322018 1699999999999999
 27 30 32 32 31 30 29 28 28 29 31 35 38 39 39 36 33 28 23 20 17 16 18 2125 920I5 249 321316 3999999999999999 734 282054 1699999999999999
 25 29 31 31 31 29 26 25 24 24 26 29 33 36 38 37 34 30 26 22 19 17 18 2025 921I5 255 3114 7 3899999999999999 819 242125 1799999999999999
 24 28 30 31 31 29 26 23 21 21 22 24 28 33 35 36 35 32 28 24 21 19 19 2025 922I5 3 5 311457 3699999999999999 9 1 212151 1999999999999999
 23 28 30 32 31 30 26 23 20 19 18 20 24 28 32 34 35 34 31 27 24 22 21 2225 923I5 317 321548 3599999999999999 940 182213 2199999999999999
 24 28 31 33 33 31 28 24 20 18 17 17 20 24 28 32 33 34 32 30 27 25 24 2425 924I5 329 331641 34999999999999991018 172227 2499999999999999
 26 29 32 34 34 33 30 26 22 19 17 16 17 20 25 29 31 33 33 32 29 28 27 2725 925I5 340 341734 33999999999999991055 162224 2799999999999999
 28 30 33 35 36 35 33 29 25 21 18 17 17 18 22 26 29 31 32 32 31 30 30 3025 926I5 351 361831 33999999999999991133 1622 0 3099999999999999
 31 32 34 37 37 37 35 32 28 24 20 18 17 18 20 23 26 29 31 32 32 32 32 3225 927I5 4 4 379999999999999999999991215 17999999999999999999999
 33 34 36 37 38 38 37 35 31 27 24 21 19 18 19 21 24 26 28 30 31 32 32 3325 928I5 420 3999999999999999999999913 4 18999999999999999999999
 34 35 36 38 39 39 38 37 34 31 27 24 22 20 19 20 21 23 25 27 29 31 32 3325 929I5 442 3999999999999999999999914 3 19999999999999999999999
 34 35 36 37 38 39 38 37 36 33 30 27 24 22 20 19 20 21 22 24 26 29 30 3225 930I5 512 399999999999999999999991518 19999999999999999999999
 33 34 35 36 37 37 37 37 36 35 33 30 27 24 22 20 19 18 19 21 23 26 28 302510 1I5 559 379999999999999999999991642 18999999999999999999999
 32 33 34 34 34 35 35 35 35 35 34 32 30 27 24 21 19 17 17 17 19 22 25 282510 2I5 749 359999999999999999999991750 17999999999999999999999
 30 31 32 32 32 32 32 32 33 34 34 34 32 30 26 23 20 17 15 15 16 19 22 252510 3I510 0 349999999999999999999991842 15999999999999999999999
 28 29 30 30 29 28 28 28 29 31 33 34 34 32 30 26 22 18 15 14 14 16 19 232510 4I5 211 301126 3499999999999999 6 7 281926 1499999999999999
 26 28 29 28 27 25 24 24 24 26 29 32 34 34 33 30 26 21 17 15 14 15 17 222510 5I5 2 2 291234 3499999999999999 653 2420 6 1499999999999999
 26 28 29 28 26 23 21 19 19 20 23 28 32 34 35 33 30 26 21 18 16 15 17 212510 6I5 2 3 291337 3599999999999999 740 192044 1599999999999999
 25 29 30 29 27 24 19 16 15 15 17 21 27 32 35 35 34 30 26 22 19 18 19 212510 7I5 211 301443 3599999999999999 829 152120 1899999999999999
 26 30 32 32 30 26 21 16 12 11 11 14 20 27 32 35 35 34 31 27 24 22 22 232510 8I5 227 321552 3599999999999999 921 112152 2299999999999999
 26 31 34 35 34 30 25 19 13 10  8  9 13 19 26 31 34 35 34 31 29 27 26 262510 9I5 251 3517 1 35999999999999991014  82219 2699999999999999
 28 32 36 38 37 35 31 24 18 12  9  7  8 13 19 25 30 33 34 34 32 30 30 30251010I5 320 3818 8 349999999999999911 8  72222 3099999999999999
 31 33 36 39 40 39 36 31 24 18 13  9  8  9 13 19 24 28 32 33 33 32 32 32251011I5 354 401923 339999999999999912 6  82144 3299999999999999
 33 34 36 39 41 41 40 36 31 25 19 14 11  9 10 14 18 23 27 30 31 32 32 33251012I5 435 4199999999999999999999913 8  9999999999999999999999
 34 35 36 38 40 41 41 39 36 31 26 21 17 13 12 12 14 17 21 25 28 30 31 32251013I5 524 419999999999999999999991420 12999999999999999999999
 33 34 35 36 37 38 39 39 38 35 31 27 23 19 16 14 13 14 17 20 23 26 29 30251014I5 630 399999999999999999999991543 13999999999999999999999
 32 33 33 33 34 34 35 36 36 36 34 31 28 24 21 17 15 14 15 17 20 23 26 28251015I5 8 0 3699999999999999999999917 5 14999999999999999999999
 30 31 31 31 30 30 31 31 33 34 34 33 31 28 25 21 18 15 14 15 17 20 23 26251016I5 156 31 945 3499999999999999 453 301810 1499999999999999
 28 29 29 28 27 27 26 26 28 30 31 32 32 30 28 24 21 18 16 15 16 18 21 25251017I5 134 291118 3299999999999999 6 7 261859 1599999999999999
 27 28 28 27 25 24 22 22 23 25 27 30 31 31 29 27 24 20 18 16 16 17 20 24251018I5 128 281228 3199999999999999 658 221938 1699999999999999
 26 28 28 26 24 22 20 19 18 20 22 26 29 30 30 29 26 23 20 18 17 18 20 23251019I5 131 281328 3099999999999999 740 1820 9 1799999999999999
 26 28 28 27 25 21 18 16 15 16 18 22 26 28 30 30 28 25 23 21 19 19 21 24251020I5 138 281423 3099999999999999 817 152034 1999999999999999
 27 29 29 28 26 22 18 15 14 13 14 18 22 26 29 30 29 28 25 23 22 22 22 25251021I5 148 291515 3099999999999999 850 132052 2299999999999999
 28 30 31 30 28 24 20 16 13 12 12 14 19 23 27 29 30 30 28 26 25 24 24 26251022I5 2 1 3116 5 3099999999999999 922 1221 4 2499999999999999
 29 31 33 32 30 27 22 18 14 12 11 12 16 20 25 28 30 31 30 28 27 26 27 28251023I5 216 331654 3199999999999999 955 1121 6 2699999999999999
 30 32 34 34 33 30 26 20 16 13 11 11 13 17 22 26 29 30 31 30 29 28 29 29251024I5 234 341741 31999999999999991029 1121 4 2899999999999999
 31 33 35 36 35 32 29 24 19 15 12 11 12 15 19 23 26 29 30 30 30 29 30 30251025I5 253 361832 309999999999999911 7 112059 2999999999999999
 32 33 35 36 36 34 31 27 22 18 14 12 12 13 16 20 23 26 28 29 29 29 30 31251026I5 316 369999999999999999999991149 12999999999999999999999
 32 33 35 36 36 35 33 30 25 21 17 14 13 13 14 17 20 23 25 27 28 29 29 30251027I5 342 369999999999999999999991236 12999999999999999999999
 31 32 33 35 35 35 34 31 28 24 20 17 14 13 13 14 17 19 22 24 26 27 28 29251028I5 412 359999999999999999999991331 13999999999999999999999
 30 31 32 32 33 33 33 31 29 26 22 19 16 14 13 13 14 16 18 21 23 25 26 27251029I5 449 339999999999999999999991434 13999999999999999999999
 28 29 29 30 30 31 31 30 29 27 24 21 18 16 14 12 12 13 15 17 20 22 24 26251030I5 542 319999999999999999999991543 12999999999999999999999
 27 27 27 27 27 27 28 28 28 27 26 24 21 18 16 13 12 12 13 14 17 20 22 24251031I5 734 289999999999999999999991648 12999999999999999999999
 25 25 25 24 24 24 24 24 25 26 27 26 24 21 19 16 14 12 12 13 15 18 21 232511 1I5 053 25 941 2799999999999999 5 7 241743 1299999999999999
 25 25 24 22 21 20 19 20 21 23 25 27 26 25 23 20 17 15 13 13 15 18 21 242511 2I5 033 251120 2799999999999999 6 0 191830 1399999999999999
 25 25 24 22 19 16 15 15 16 18 22 25 27 28 27 24 21 18 17 16 16 18 21 252511 3I5 030 251242 2899999999999999 646 151913 1699999999999999
 27 27 26 23 19 15 12 10 10 12 16 21 26 29 29 28 26 23 21 19 19 20 23 262511 4I5 039 271358 2999999999999999 733 101951 1999999999999999
 29 30 29 26 22 17 11  8  6  6  9 15 21 26 30 31 30 28 26 24 23 23 24 282511 5I5 1 0 301511 3199999999999999 822  62025 2399999999999999
 31 34 34 31 27 21 14  9  5  3  4  8 14 21 27 30 32 31 30 28 26 26 27 292511 6I5 129 341618 3299999999999999 913  32050 2699999999999999
 32 36 37 36 33 27 20 13  7  3  1  3  7 14 21 26 30 32 32 30 29 29 29 302511 7I5 2 4 371721 329999999999999910 6  121 0 2999999999999999
 32 36 39 39 37 33 27 20 12  7  3  1  3  8 14 21 26 29 31 31 30 30 30 312511 8I5 244 391826 319999999999999911 1  12058 3099999999999999
 32 35 38 40 40 38 33 27 20 13  7  4  2  4  8 14 20 24 27 29 29 29 30 302511 9I5 330 409999999999999999999991159  2999999999999999999999
 31 33 35 37 39 39 36 32 26 20 14  9  6  4  6  9 14 19 23 25 27 28 28 29251110I5 422 3999999999999999999999913 0  4999999999999999999999
 30 30 32 33 35 36 36 34 30 25 20 15 11  8  6  7 10 14 18 21 24 25 26 27251111I5 519 3699999999999999999999914 4  6999999999999999999999
 27 28 28 29 30 32 33 32 31 28 24 20 16 12 10  8  9 11 14 17 20 23 24 25251112I5 625 339999999999999999999991511  8999999999999999999999
 25 25 25 25 25 26 27 28 29 28 26 23 20 17 14 11 10 11 12 15 18 21 23 24251113I5 747 299999999999999999999991616 10999999999999999999999
 24 24 23 22 21 21 22 23 24 25 25 24 22 20 17 15 13 12 13 14 17 19 22 23251114I5 0 1 24 935 252358 249999999 447 211712 1299999999999999
 24 23 22 20 19 18 17 18 19 21 22 23 23 22 20 18 16 15 14 15 17 19 22 23251115I51119 23999999999999999999999 558 171757 1499999999999999
 24 23 22 20 17 15 14 14 15 17 19 21 22 23 22 20 19 18 17 17 18 20 22 24251116I5 0 4 241243 2399999999999999 648 141832 1799999999999999
 25 25 23 20 17 15 12 11 11 13 15 19 21 23 23 23 21 20 19 19 20 21 23 25251117I5 012 251354 2399999999999999 728 111857 1999999999999999
 27 26 25 22 19 15 12 10  9 10 12 16 20 22 24 24 24 23 22 22 22 23 25 27251118I5 024 271455 2499999999999999 8 1  91912 2299999999999999
 28 29 27 25 21 17 13 10  8  8 10 13 18 21 24 26 26 25 24 24 24 25 26 28251119I5 039 291546 2699999999999999 832  81925 2499999999999999
 30 31 30 28 24 19 15 11  8  7  8 11 15 20 23 26 27 27 26 26 26 26 27 29251120I5 058 311629 2799999999999999 9 3  71940 2699999999999999
 31 32 32 30 27 23 17 13  9  7  7  8 12 17 21 25 27 28 27 27 27 27 28 29251121I5 123 3217 9 2899999999999999 936  61958 2799999999999999
 31 33 34 33 30 26 21 15 11  8  6  7 10 14 19 23 26 27 28 27 27 27 28 29251122I5 151 341749 28999999999999991013  62014 2799999999999999
 31 33 34 34 32 29 24 19 13  9  7  6  7 11 15 19 23 25 27 27 26 26 27 28251123I5 223 349999999999999999999991053  6999999999999999999999
 29 31 33 34 33 30 27 22 16 11  8  6  6  8 11 15 19 22 24 25 25 25 26 26251124I5 258 349999999999999999999991135  6999999999999999999999
 28 29 31 32 32 31 28 24 19 14 10  7  6  6  8 11 15 18 21 23 23 24 24 25251125I5 334 329999999999999999999991220  5999999999999999999999
 26 27 28 29 30 30 28 25 21 16 12  8  6  5  6  8 11 15 18 20 21 22 22 23251126I5 413 3099999999999999999999913 6  5999999999999999999999
 23 24 25 26 27 27 27 25 22 18 14 11  8  6  5  6  9 11 15 17 19 20 21 21251127I5 459 279999999999999999999991354  5999999999999999999999
 22 22 22 22 23 24 24 24 22 20 16 13 10  8  7  6  7  9 12 15 18 19 20 20251128I5 559 242257 20999999999999991442  6999999999999999999999
 20 20 19 19 19 20 21 21 21 20 19 16 14 11  9  8  8  9 11 14 17 19 20 20251129I5 730 222245 2099999999999999 3 5 191531  899999999999999
 20 19 17 16 15 15 16 17 19 20 20 19 17 15 13 12 11 11 12 15 17 20 21 22251130I5 932 202249 2299999999999999 433 151620 1199999999999999
 21 19 17 14 12 11 11 12 14 17 19 20 21 20 18 16 15 15 15 16 19 21 23 242512 1I51131 2123 6 2499999999999999 536 1117 8 1599999999999999
 24 22 18 15 11  8  7  7  9 12 16 20 22 23 22 21 20 19 19 19 21 23 26 282512 2I51312 232332 2899999999999999 630  71754 1999999999999999
 28 26 22 18 13  8  5  3  3  6 11 16 20 24 25 25 24 23 23 23 23 25 28 302512 3I51438 25999999999999999999999 722  31834 2399999999999999
 32 31 28 23 17 11  6  2  0  1  4 10 16 21 25 27 27 27 26 25 26 27 29 322512 4I5 0 8 321549 2799999999999999 815  019 7 2599999999999999
 34 35 33 30 24 17 10  4  0 -2 -1  3 10 16 22 26 28 28 28 27 27 27 29 312512 5I5 051 351649 2899999999999999 9 9 -21935 2799999999999999
 34 37 37 35 31 24 17  9  3 -2 -3 -2  3 10 16 22 25 27 28 27 27 27 28 292512 6I5 139 371743 289999999999999910 3 -320 2 2799999999999999
 32 35 37 37 35 30 24 16  8  2 -2 -3 -1  3 10 16 21 24 26 26 26 26 26 272512 7I5 232 389999999999999999999991058 -3999999999999999999999
 29 32 35 37 36 34 29 23 15  8  2 -1 -2  0  4 10 16 20 23 24 24 24 24 242512 8I5 326 379999999999999999999991153 -2999999999999999999999
 25 27 30 32 34 34 31 27 21 14  8  3  0 -1  1  6 11 15 19 21 22 22 21 222512 9I5 421 349999999999999999999991246 -1999999999999999999999
 22 22 24 26 29 30 30 27 23 18 13  8  4  2  2  4  7 12 15 18 20 20 20 19251210I5 516 3021 2 20999999999999991337  1999999999999999999999
 19 19 19 21 23 24 25 25 23 20 16 12  8  6  4  4  6 10 13 16 18 19 19 18251211I5 613 252134 1999999999999999 1 3 191423  499999999999999
 18 17 16 16 17 18 20 20 20 19 17 15 12 10  8  7  8 10 12 15 17 18 19 18251212I5 725 212159 1999999999999999 243 1615 5  799999999999999
 17 16 15 14 13 13 14 15 16 17 17 16 14 13 11 11 11 11 13 15 17 19 20 19251213I5 915 172218 2099999999999999 412 131538 1199999999999999
 18 17 15 13 11 10 10 11 12 14 15 16 16 15 14 14 14 14 15 17 19 20 21 21251214I51127 162233 2199999999999999 529 101553 1499999999999999
 20 18 16 13 11  9  8  8  9 11 13 15 16 17 17 17 17 17 18 19 20 22 23 23251215I52249 23999999999999999999999 625  8999999999999999999999
 22 20 18 15 11  9  7  6  6  8 11 14 16 18 19 19 20 20 20 21 22 24 25 25251216I523 8 25999999999999999999999 7 6  6999999999999999999999
 25 23 21 17 13 10  7  5  5  6  9 12 15 18 20 21 22 22 22 23 24 25 26 27251217I52335 28999999999999999999999 741  5999999999999999999999
 27 26 24 20 16 12  8  5  4  4  7 10 14 18 20 22 23 24 24 24 25 26 27 29251218I59999999999999999999999999999 814  4999999999999999999999
 29 29 27 24 20 15 10  6  4  3  4  8 12 16 20 22 24 24 24 24 25 25 27 29251219I5 010 29999999999999999999999 849  3999999999999999999999
 30 30 29 27 23 18 13  8  4  2  2  5  9 13 17 21 23 24 24 24 24 24 26 27251220I5 051 30999999999999999999999 926  2999999999999999999999
 29 30 30 29 26 21 16 10  5  2  1  2  5  9 14 18 21 22 23 23 22 23 23 25251221I5 135 3199999999999999999999910 5  1999999999999999999999
 27 29 30 30 27 24 19 13  7  3  0  0  1  5 10 14 18 20 21 21 21 21 21 22251222I5 218 309999999999999999999991046  0999999999999999999999
 24 26 28 29 28 25 21 15  9  4  1 -1 -1  1  5 10 14 17 19 19 19 19 19 19251223I5 259 299999999999999999999991126 -1999999999999999999999
 21 22 25 26 27 25 22 17 11  6  2 -1 -2 -1  2  6 11 14 16 17 17 17 17 17251224I5 340 271931 189999999999999912 5 -22159 1799999999999999
 18 19 20 23 24 24 22 18 14  8  4  0 -1 -2  0  3  7 11 14 16 16 16 15 15251225I5 422 2420 0 16999999999999991241 -22319 1599999999999999
 15 15 16 18 20 21 21 19 15 11  7  3  1  0  0  2  6  9 13 15 16 15 15 14251226I5 510 212023 16999999999999991316  0999999999999999999999
 13 13 13 14 16 17 18 18 16 13 10  7  4  3  3  3  6  9 12 15 16 16 15 14251227I5 610 182040 1699999999999999 113 131346  299999999999999
 12 11 10 10 11 12 14 15 16 15 13 11  9  7  7  7  8 10 13 16 17 18 17 16251228I5 739 162057 1899999999999999 238 101412  799999999999999
 13 11  9  7  7  8  9 11 13 14 15 14 13 12 11 11 12 13 15 18 20 21 21 19251229I5 949 152121 2199999999999999 356  71429 1199999999999999
 16 13 10  7  5  4  4  6  9 12 14 16 16 16 16 16 16 17 18 20 22 24 24 23251230I52155 24999999999999999999999 511  4999999999999999999999
 21 17 13  8  5  2  1  1  3  7 11 15 17 19 20 20 20 21 21 23 24 26 28 28251231I52238 28999999999999999999999 616  1999999999999999999999
