 47  9-14-20 -6 21 57 94125143145133112 90 75 72 8210112514816416515112125 1 1IJ 938146203716799999999999999 246-201445 7299999999999999
 82 41  8-10-10  6 34 69103129142140125104 84 72 72 8310312614615815614025 1 2IJ1021143212515999999999999999 331-121531 7199999999999999
110 74 38 12  0  4 22 50 81110130137132116 96 79 70 73 8510312414014914425 1 3IJ11 2137221114999999999999999 414  01617 7099999999999999
127100 68 40 20 14 22 41 66 93116129132122106 87 73 68 72 8510211913213825 1 4IJ114013223 013899999999999999 455 1417 3 6899999999999999
132116 92 66 44 32 31 42 60 82104120128125113 96 79 68 64 70 82 9711212325 1 5IJ1214128235412799999999999999 533 301753 6499999999999999
127121107 87 67 52 45 48 60 78 97113124127120106 88 72 61 58 64 76 9010425 1 6IJ1246127999999999999999999999 610 451847 5899999999999999
114117113102 86 71 61 58 64 76 92109122128127116100 80 63 52 50 55 67 8125 1 7IJ 057117131912999999999999999 649 581948 5099999999999999
 96107112110101 89 77 70 69 76 89104119130133129115 96 74 54 42 38 44 5625 1 8IJ 213112135913399999999999999 734 682053 3899999999999999
 72 89102110111104 94 83 76 77 84 97113127137140133117 93 67 44 29 24 3025 1 9IJ 334111144714099999999999999 829 762155 2499999999999999
 45 64 85102113116110 99 88 80 80 88102119135146148139119 90 60 33 15 1025 110IJ 448116154214899999999999999 932 792253 1099999999999999
 17 35 59 84106120123117104 90 81 80 88104124142154156144120 87 51 20  125 111IJ 5491241639157999999999999991036 792347 -499999999999999
 -4  7 29 58 88113129131122106 89 78 77 87105128148162163149120 82 42  825 112IJ 6431321735164999999999999991136 77999999999999999999999
-11-14  0 27 61 95122137138125105 86 74 74 86107132154168168150117 75 3225 113IJ 731139182817099999999999999 038-151231 7299999999999999
 -1-19-18  0 31 68104131144140124101 80 69 70 85108135158171168147111 6725 114IJ 817144192017299999999999999 127-211323 6899999999999999
 24 -7-21-16  6 40 79114138146139119 94 73 64 68 8511013816017016414010325 115IJ 9 014620 917199999999999999 214-221412 6499999999999999
 59 19 -8-17 -7 18 53 90122141145132110 86 67 61 68 8611213815816515613025 116IJ 942145205716599999999999999 259-171459 6199999999999999
 93 53 18 -2 -6  8 35 68102128141139123100 77 62 59 69 8811313615215614425 117IJ1021142214415699999999999999 341 -61543 5899999999999999
118 84 49 22  9 11 28 54 84111130137129111 89 69 58 58 70 8911213114314325 118IJ1057137223114599999999999999 421  81627 5799999999999999
130106 77 50 31 24 31 49 73 98119130130119100 79 62 55 58 70 8810812413225 119IJ1130132231913299999999999999 458 241712 5599999999999999
130117 97 74 54 43 42 52 70 91110124129124109 90 70 57 52 56 68 8510111425 120IJ1159129999999999999999999999 532 4118 0 5299999999999999
120118107 91 74 61 56 60 71 88105119127127118102 82 64 51 47 52 63 78 9325 121IJ 014121122912899999999999999 6 5 561856 4799999999999999
104111110102 90 78 70 69 75 86101116126131127115 97 76 58 45 40 44 55 6925 122IJ 12211113 413199999999999999 642 6820 1 4099999999999999
 84 97105106102 93 84 79 79 85 96110123132135130116 96 73 51 36 30 33 4425 123IJ 245106135113599999999999999 730 7821 9 3099999999999999
 60 77 92104108106 99 91 85 84 90101115129138141135119 96 69 44 26 18 2125 124IJ 410108145014199999999999999 835 842214 1899999999999999
 33 52 73 93108115113105 95 87 85 90102117133145149142124 97 65 36 14  525 125IJ 519115155514999999999999999 948 852312  499999999999999
  9 24 47 74 98116124121110 96 85 81 86100118137152157150129 97 60 26  225 126IJ 6131241657157999999999999991056 81999999999999999999999
 -7 -1 19 47 79107127133127111 93 79 74 80 97119142159165156131 94 52 1625 127IJ 659133175516599999999999999 0 5 -71156 7499999999999999
 -9-16 -6 19 53 88119137140129108 86 70 66 75 95121147166171158129 88 4425 128IJ 742141184917199999999999999 054-161250 6699999999999999
  7-15-19 -4 26 63100129145143126101 77 61 59 71 94123151169172156124 8125 129IJ 823146194017399999999999999 141-201339 5899999999999999
 37  3-15-14  6 38 76112138148140119 91 67 53 54 70 9612615316816814911525 130IJ 9 3148202917099999999999999 225-171425 5299999999999999
 72 32  3 -9 -2 21 55 91123142145132107 80 58 48 53 71 9812715116315913825 131IJ 941146211616499999999999999 3 7 -91510 4899999999999999
104 65 31  9  4 16 41 73105130142138120 95 69 51 46 54 7410012614515314625 2 1IJ101614222 215399999999999999 347  41553 4599999999999999
124 93 61 35 21 23 38 63 91116133137127107 82 60 46 45 56 76 9912113614025 2 2IJ1048137224814099999999999999 424 201635 4499999999999999
131111 85 61 43 38 44 61 83106124132130116 95 72 53 44 46 58 76 9611412425 2 3IJ1117133233812699999999999999 457 381719 4499999999999999
126117101 82 65 55 56 66 82101117128130123106 85 64 49 42 46 57 73 9010425 2 4IJ1143131999999999999999999999 527 5418 9 4299999999999999
113114107 95 82 72 68 73 84 98113125130128117100 79 59 45 40 43 53 67 8225 2 5IJ 037114121313199999999999999 557 6819 8 4099999999999999
 95103106102 95 86 80 80 86 96109121130133128116 98 76 56 42 35 36 45 5825 2 6IJ 155106125413399999999999999 635 792018 3499999999999999
 73 87 98103103 99 92 88 88 93102114125133136131118 99 76 53 36 27 27 3525 2 7IJ 328104135313699999999999999 733 872130 2599999999999999
 49 67 84 98107109105 98 92 90 93102114127137141138124103 76 49 28 16 1525 2 8IJ 44810915 514199999999999999 854 902235 1499999999999999
 24 42 64 86105116118112101 91 86 88 97112128142149147132107 75 43 18  425 2 9IJ 5431181616150999999999999991014 862331  299999999999999
  4 16 39 66 94115127126116100 86 78 80 91109130148158156139109 72 35  725 210IJ 6281281720159999999999999991120 77999999999999999999999
 -7 -4 13 41 74105128137132116 94 76 67 70 84108133156167163143108 66 2625 211IJ 7 8137181716899999999999999 021 -81216 6699999999999999
 -2-13 -6 16 50 87119140144133110 84 64 55 61 80108138162173166142103 5825 212IJ 74714519 917399999999999999 1 7-1313 5 5599999999999999
 19 -7-14 -1 26 63101131148146128100 72 51 46 56 79110142165174164136 9525 213IJ 824149195917499999999999999 151-141352 4599999999999999
 51 15 -5 -6 11 42 80115141150141118 87 59 42 40 54 8111314416516915612525 214IJ 9 1150204617099999999999999 233 -81436 3999999999999999
 86 46 17  3  8 30 62 97127145146131104 74 48 36 39 56 8411514215915914325 215IJ 935148213216199999999999999 313  31518 3599999999999999
113 78 45 24 18 29 52 82112134144138118 90 62 41 34 41 60 8711513714814525 216IJ10 8144221814999999999999999 350 1816 0 3499999999999999
128102 73 49 37 38 52 75100123136138126104 77 53 37 35 45 64 8811012713425 217IJ103713923 613499999999999999 423 361642 3499999999999999
130115 93 72 58 53 60 75 95115129135130114 92 67 47 37 37 48 65 8510311625 218IJ11 3135999999999999999999999 453 531727 3699999999999999
120116104 89 76 69 70 80 94111124132132123105 83 62 45 37 39 48 63 79 9425 219IJ 0 0120112813399999999999999 520 691820 3799999999999999
104109106 99 90 83 81 85 95108120129133129118101 80 60 44 37 37 45 57 7225 220IJ 1 810912 213399999999999999 550 811925 3699999999999999
 85 96102103100 95 91 90 95103114124131133129118101 80 60 43 33 32 38 4925 221IJ 241103125413399999999999999 635 902041 3199999999999999
 64 79 93102106105101 96 95 97104114124132136133123106 83 60 40 27 23 2925 222IJ 41410614 913699999999999999 755 952153 2399999999999999
 41 59 78 96108114112105 98 93 93 99109122134141141132113 86 58 33 17 1325 223IJ 514114153114299999999999999 929 922254 1399999999999999
 19 36 59 83105119124118107 94 84 83 89103120137149152142119 88 54 25  725 224IJ 5561241642152999999999999991043 822346  399999999999999
  3 14 35 64 94118132132121103 84 72 69 79 97121143159162150123 86 47 1625 225IJ 6331341743163999999999999991141 69999999999999999999999
 -2 -2 13 41 75108132143137119 94 71 57 56 70 94123150168170154122 81 4025 226IJ 7 9143183717199999999999999 032 -41232 5599999999999999
  9 -6 -2 20 53 90123145149137111 81 55 42 46 64 94127156173173153117 7325 227IJ 745150192817599999999999999 116 -71318 4299999999999999
 33  6 -4  7 33 69107137152149129 98 66 41 32 40 64 9713116017416914610825 228IJ 821153201617599999999999999 158 -414 2 3299999999999999
 66 30  9  6 22 52 88122146153143117 83 52 31 27 40 6610013415816816013425 3 1IJ 85515421 316899999999999999 238  51444 2699999999999999
 98 61 33 19 24 43 73106133149148131102 69 41 25 26 43 7110313215215714625 3 2IJ 928151214915799999999999999 315 191526 2499999999999999
121 90 60 41 36 45 67 94120139146138117 87 57 34 25 30 49 7510312714114225 3 3IJ 958146223614399999999999999 350 3516 7 2599999999999999
131109 85 64 54 56 69 89111130141139126102 74 49 32 28 36 54 76 9911712725 3 4IJ1025142232712899999999999999 421 531650 2899999999999999
127117101 84 73 70 76 90107123135138131115 91 67 46 34 32 41 56 75 9310725 3 5IJ1050138999999999999999999999 449 691738 3199999999999999
114114108 97 88 83 85 93106119130135134124107 85 64 46 36 35 42 55 70 8525 3 6IJ 029115111713699999999999999 515 831836 3599999999999999
 97105107104 99 94 93 96104114124131134131121105 85 64 48 37 35 40 50 6425 3 7IJ 153107115813499999999999999 548 921948 3599999999999999
 78 91101106106103100 99101107115123130133131123108 88 67 49 36 31 34 4425 3 8IJ 33410613 813399999999999999 654 9921 6 3199999999999999
 58 75 91104111112109103 99 98102110119129135136130115 94 70 47 31 23 2625 3 9IJ 443112144013799999999999999 839 982213 2399999999999999
 38 56 77 97113120120112101 92 88 91101114129140145140124 99 70 42 23 1525 310IJ 52412116 21459999999999999910 5 8823 8 1499999999999999
 19 35 58 85109125131125111 94 80 74 78 91110131148156151132102 67 35 1425 311IJ 55813117 81569999999999999911 6 742356  799999999999999
  7 16 37 67 98124139140126104 81 63 57 64 83109137158167160136100 61 2825 312IJ 63214118 4167999999999999991157 57999999999999999999999
  7  5 19 46 81114139150143122 92 64 45 42 54 79112143166174163135 95 5425 313IJ 7 7150185617499999999999999 040  31244 4199999999999999
 22  6  8 29 61 98131152155140111 77 47 30 31 49 79116149171176161129 8825 314IJ 741156194517799999999999999 121  41328 2899999999999999
 49 21 11 20 45 79115144158153131 97 61 32 20 26 49 8312015217117115312025 315IJ 816159203217399999999999999 2 2 111411 2099999999999999
 81 47 26 23 38 65 99130152158145117 81 46 23 16 27 53 8712215016416114125 316IJ 849158211916599999999999999 240 221452 1599999999999999
110 77 50 38 42 60 87116141154151132101 66 36 19 17 32 58 9012114315214625 317IJ 92015522 715299999999999999 316 371534 1699999999999999
128101 76 59 54 63 82107129145149140117 87 55 31 20 23 39 64 9111613213825 318IJ 949150225713899999999999999 349 541616 1999999999999999
131116 97 80 71 73 85102121137144141127104 76 50 31 25 30 46 67 8910812025 319IJ1015145235512499999999999999 419 7117 1 2599999999999999
124119108 96 87 85 91103117130139140133117 94 70 49 35 31 37 49 66 84 9925 320IJ1040141999999999999999999999 446 851753 3199999999999999
109113111106 99 96 97104114124133137135126111 91 70 51 39 35 39 49 63 7825 321IJ 1 9113111313799999999999999 514 951858 3599999999999999
 92102108110107104102104109117125131134132125111 93 73 55 42 36 38 46 5925 322IJ 247110121013499999999999999 6 41022015 3699999999999999
 74 89102110113112108104104106112120127132133128117 99 78 57 42 33 34 4225 323IJ 4 7113134313399999999999999 7451032128 3299999999999999
 56 74 93108118120116108100 96 96102112123133139137126106 82 57 38 27 2825 324IJ 450120151713999999999999999 924 952227 2699999999999999
 38 57 80102120129127118103 89 81 81 89104122138148148136113 83 54 31 2025 325IJ 5221291630150999999999999991031 802317 2099999999999999
 23 39 63 91117134140132114 92 73 63 64 77 99124146160159144116 81 48 2425 326IJ 5541401730161999999999999991123 62999999999999999999999
 16 23 45 75106133148147131105 76 54 44 49 68 97128155170167148115 76 4225 327IJ 627150182317199999999999999 0 2 1612 9 4499999999999999
 20 16 29 56 91124149158149125 91 58 35 28 39 64 99134163176170146110 7025 328IJ 7 1158191317699999999999999 044 151253 2899999999999999
 38 21 23 42 73109140160162144112 74 40 20 18 34 6510314016617616714010325 329IJ 73616320 117699999999999999 124 191337 1699999999999999
 66 39 28 36 60 92126153165158134 97 58 26 11 14 35 6910714216417015813025 330IJ 810165204917199999999999999 2 4 281419 1099999999999999
 96 65 45 42 55 80111140159162148119 81 44 18  8 17 41 7410913915715914525 331IJ 843163213716099999999999999 241 4115 2  899999999999999
120 92 69 57 60 77101127148158154134103 67 36 16 12 24 48 7810913314614525 4 1IJ 913159222814799999999999999 317 571544 1299999999999999
133112 91 77 73 81 97118137150153142120 90 58 33 19 20 33 55 8010512313325 4 2IJ 942153232413499999999999999 350 731628 1899999999999999
132122108 95 88 89 99114129142148144130108 81 55 35 26 29 41 59 80 9911425 4 3IJ10 9148999999999999999999999 419 871717 2699999999999999
121121115107100 98103112123134141142135121101 77 56 40 33 36 46 60 77 9325 4 4IJ 031122103814299999999999999 449 981814 3399999999999999
106114116114109106106110117126133137136130117 99 79 60 46 39 40 47 60 7525 4 5IJ 156116112313799999999999999 5301061923 3899999999999999
 90103112116116113109108110115121128133134129119103 84 65 49 41 40 46 5825 4 6IJ 321117124413499999999999999 6541082038 3999999999999999
 74 91106117121120114107102102105113121130135134126111 90 68 50 39 37 4425 4 7IJ 411122142513599999999999999 8401012142 3699999999999999
 59 78 98116127129123111 99 90 87 91102116130141143136119 95 69 47 35 3425 4 8IJ 445129154814499999999999999 953 872235 3299999999999999
 44 63 87111129138135122103 84 72 69 76 92114135150155146125 96 66 42 3025 4 9IJ 5151391653155999999999999991047 682321 2999999999999999
 32 47 72101127145149138117 90 65 51 50 63 86115142160165154128 95 62 3825 410IJ 5471491749166999999999999991134 49999999999999999999999
 28 35 56 86118144158155136106 72 45 32 35 54 84119150169172157127 91 5725 411IJ 621159184017399999999999999 0 4 281219 3199999999999999
 36 31 44 70103135159166155128 91 54 27 16 25 50 86124156174174155123 8625 412IJ 655166192917699999999999999 046 3113 2 1699999999999999
 55 39 40 58 87121151168168149115 74 37 13  8 22 51 9012815817316914811625 413IJ 730171201817499999999999999 126 371346  799999999999999
 83 58 47 54 76106137161171163138100 59 25  6  6 24 56 9413015616716013925 414IJ 8 517121 716799999999999999 2 6 471429  399999999999999
110 83 65 61 73 95123148165167152123 85 47 18  6 11 31 62 9712814915614925 415IJ 838168215815699999999999999 243 611513  599999999999999
130106 86 76 78 92113136154162158139108 73 40 18 11 19 40 68 9712313914425 416IJ 910163225314499999999999999 319 751557 1199999999999999
137122106 93 89 95109126143154156146125 96 66 39 23 20 29 48 72 9611612925 417IJ 940156235513299999999999999 353 891644 2099999999999999
132128118108101102109121134144149147135115 89 63 43 31 30 39 54 73 9310925 418IJ1011150999999999999999999999 4271011736 2999999999999999
120125123117111108110117126135141143138127109 87 66 49 39 38 45 58 74 9125 419IJ 1 8125105014399999999999999 5 61081837 3799999999999999
106117122122118114111112117123130135137134124109 90 71 55 45 43 48 60 7525 420IJ 227122115313799999999999999 6131111945 4399999999999999
 92107119124124119113108107109115122130134134127114 96 76 59 48 45 50 6225 421IJ 326125132913599999999999999 7511072052 4499999999999999
 79 97114126130127118107 98 94 96103114126135139135122102 80 60 47 44 5125 422IJ 4 313015 113999999999999999 911 942149 4499999999999999
 66 86108126137137128113 96 82 76 79 91108126141148145130107 81 58 45 4325 423IJ 43413816131499999999999999910 9 762238 4299999999999999
 53 73 98122141148143126103 79 62 56 63 80104129149159154137109 80 55 4325 424IJ 5 61481712159999999999999991058 562323 4299999999999999
 44 60 85113139156158145119 88 59 41 37 49 73104135158168161139108 77 5325 425IJ 53915918 6168999999999999991143 36999999999999999999999
 43 50 70 99130155168163142108 70 39 22 22 40 71107141165173163138105 7425 426IJ 614168185717399999999999999 0 6 431228 2099999999999999
 53 48 60 84116147168175162133 93 53 22  8 14 37 7211214616917416113410225 427IJ 651175194717499999999999999 048 481312  899999999999999
 73 57 58 74101132160176175155120 78 38 10  1 12 39 7611514816716915512925 428IJ 727178203717199999999999999 129 551357  199999999999999
 99 76 66 72 91118146168177169144106 64 28  5  2 16 45 8111714616116114625 429IJ 8 3177212916399999999999999 2 9 661442  199999999999999
123 99 83 79 88107132154169171158130 92 54 23  7  8 24 52 8511714015215125 430IJ 838172222315399999999999999 248 781527  599999999999999
138119102 92 93104121141158166162145116 82 49 25 14 18 35 60 8811413314225 5 1IJ 912166232114399999999999999 326 911613 1499999999999999
141131118106102105116131145155158150132106 76 49 31 24 29 44 66 8911012625 5 2IJ 946158999999999999999999999 4 410217 3 2499999999999999
134134127118111110114123134144150149140123100 75 53 39 34 40 53 71 9010825 5 3IJ 025135102415099999999999999 4451091757 3499999999999999
122129130125119114113117124132139143141133119 99 78 59 47 43 48 59 75 9325 5 4IJ 134130111714399999999999999 5411131856 4399999999999999
109122129129125118112110112117125132137137132119102 83 65 53 49 53 64 8025 5 5IJ 234130123613899999999999999 7 21101959 4999999999999999
 98114127132131124114105100101106115125134138135125108 88 70 57 53 57 7025 5 6IJ 31713314 813899999999999999 8241002058 5399999999999999
 87107124136139133120105 92 85 85 93106121134143142132114 92 72 58 54 6125 5 7IJ 350139152814499999999999999 928 842151 5499999999999999
 77 98120138147146133113 92 74 65 67 79 98120139150151140119 94 71 57 5625 5 8IJ 4221481633152999999999999991019 642238 5599999999999999
 66 86111135153158151130102 74 53 45 50 68 94122146159160146121 93 70 5725 5 9IJ 45615817301619999999999999911 7 452323 5699999999999999
 59 74 98127151166167152123 88 55 33 26 37 61 93126153167165148121 92 6925 510IJ 5331691824168999999999999991153 26999999999999999999999
 60 65 85113142166177171148112 72 37 16 13 28 58 95131159172167148119 9025 511IJ 610177191517299999999999999 0 7 591239 1299999999999999
 70 65 75 98128157177182169140 99 56 22  4  6 26 59 9813516117216514411625 512IJ 64918220 617299999999999999 050 651324  399999999999999
 90 75 74 88113141167182181162128 85 43 13 -1  6 29 6410213716016816013925 513IJ 728184205816899999999999999 133 731410 -199999999999999
114 93 83 86102126152172181175151115 73 35 10  1 11 36 7010513615616115325 514IJ 8 6181215216199999999999999 215 821457  199999999999999
134113 98 92 99115137158172175164138103 65 32 13  9 21 45 7610713314915325 515IJ 844176224715399999999999999 257 921543  899999999999999
145130114104103111125143159167166152126 94 61 35 20 20 32 54 8110812914225 516IJ 922168234514599999999999999 3381021631 1899999999999999
145139127116110111119131144155159155140117 89 61 41 31 32 44 64 8610912725 517IJ10 2159999999999999999999999 4221091721 3099999999999999
137139134125117113114121131141149151145132111 87 65 49 41 44 55 72 9211125 518IJ 045139104915199999999999999 5131131814 4199999999999999
126135136131123115111112118126135141144139128110 90 71 57 51 54 65 80 9925 519IJ 140137115314499999999999999 61911119 9 5199999999999999
116129136136129119110105104109117127135139138128113 94 76 64 58 62 73 8925 520IJ 226137131414099999999999999 73310420 5 5899999999999999
107124136141137126113100 92 91 96107119131139140133118 99 81 68 63 68 8125 521IJ 3 2141143714199999999999999 841 902059 6399999999999999
 99119136146147138122102 85 75 74 81 96114131143146140124103 84 70 67 7425 522IJ 336148155014699999999999999 938 732149 6799999999999999
 90111132149157153138114 89 67 55 56 67 88112134149154147129106 85 71 7025 523IJ 4111581653154999999999999991029 542237 6999999999999999
 80100124147164168158135104 72 48 36 39 56 82112139157162152132107 85 7325 524IJ 4491681749162999999999999991117 352324 7299999999999999
 74 88112138162176176159129 91 55 29 19 26 49 80115145164167155132106 8525 525IJ 52917818431689999999999999912 4 19999999999999999999999
 75 80 98124152174185179156119 77 39 14  7 19 46 8211915016816915513110625 526IJ 610185193617199999999999999 010 751252  799999999999999
 86 80 88109136163183189177149108 64 27  5  2 17 48 8512315316916815312925 527IJ 651189202817099999999999999 056 801339  099999999999999
105 90 87 98120147171186187171138 96 53 19  1  3 21 53 9012615316616414925 528IJ 733189212016799999999999999 141 871426  099999999999999
127107 95 96109130154174184180160127 86 47 18  5  9 30 61 9512815116115825 529IJ 815185221316299999999999999 226 941513  499999999999999
143125109101105118137157173178170149116 78 44 21 13 20 41 6910012814815525 530IJ 85717823 715599999999999999 31110116 1 1399999999999999
151138123111107112124141157167169159137107 75 47 29 25 34 53 7910512914425 531IJ 939170999999999999999999999 3571071648 2599999999999999
149145134121112110116127140152160159148128102 74 52 40 38 48 66 8811113025 6 1IJ 0 0149102516099999999999999 4451101736 3899999999999999
141144139129118111110115125136146151150140122100 77 60 51 52 61 78 9811725 6 2IJ 050145111915299999999999999 5401101825 5099999999999999
132141142135124114106105109118129138144143135120101 82 68 61 63 74 9010825 6 3IJ 134142122614599999999999999 6441051914 6199999999999999
125138144141132118106 97 95 99108120132139141135122105 88 75 70 73 8410125 6 4IJ 212144134414199999999999999 750 9520 5 7099999999999999
119135146148142128111 94 83 80 85 97112127138143138126109 92 80 76 81 9425 6 5IJ 24714915 214399999999999999 851 802057 7699999999999999
112131147156155143123100 80 66 63 71 86106125140147144132114 96 84 80 8825 6 6IJ 323157161214899999999999999 947 632148 8099999999999999
103124144160166161143117 88 63 48 46 56 77102127145154151137117 98 86 8425 6 7IJ 4 31661714154999999999999991039 452238 8399999999999999
 94113136158173176165141108 73 45 30 30 45 71101130152161157141119 99 8725 6 8IJ 4451761811161999999999999991129 282328 8699999999999999
 88100122147170183183167136 97 59 29 15 18 38 68103135158167161143119 9925 6 9IJ 52918519 5167999999999999991218 14999999999999999999999
 89 92107131158180191186165129 86 46 17  5 12 35 6910714016317016214211925 610IJ 614191195717099999999999999 017 8813 7  599999999999999
100 92 97115140166186194185159120 75 36  9  1 12 38 7411214516517016014025 611IJ 7 0194204817199999999999999 1 6 921355  199999999999999
117101 96104122147171188192179150110 66 30  7  3 17 45 8111714716516715625 612IJ 745192213916899999999999999 154 961443  299999999999999
136116103100110129152173186186170140100 60 29 11 11 27 55 8912214816216225 613IJ 830188222916499999999999999 2411001530  999999999999999
150132115105105116133154171180176159129 93 58 32 20 24 41 67 9812714815825 614IJ 915180231815899999999999999 3281041616 2099999999999999
155143127113106108119135152165171165147120 89 60 40 33 39 56 8010713114725 615IJ10 1171999999999999999999999 41610617 1 3399999999999999
153149137122111106109119133148158161154138114 87 65 50 47 56 72 9411613525 616IJ 0 3153105016199999999999999 5 51061745 4799999999999999
147149142130116106103106116128141150152145131110 89 71 62 62 71 8710712625 617IJ 044149114715299999999999999 5591031829 6199999999999999
140147146137123109 99 96 99109121133142145140128111 93 79 73 75 8610111925 618IJ 121148125314599999999999999 658 961913 7399999999999999
135147150145133116100 89 85 89 99112126137141139129114 98 87 82 86 9811425 619IJ 15515014 914199999999999999 8 0 8520 2 8299999999999999
131146155155146129109 89 76 71 75 87103120134142141132118104 93 89 9410725 620IJ 232156152614299999999999999 9 1 712054 8999999999999999
125143157164161147125100 76 60 55 61 76 96117135146146138123108 97 9410025 621IJ 313164163514799999999999999 958 552148 9399999999999999
115134154168174167149121 90 62 44 39 47 66 91117139152153144128110 99 9625 622IJ 3591741737154999999999999991052 382243 9699999999999999
105122143164179183172148115 78 47 28 24 36 59 89120145159160149130111 9925 623IJ 4471831834161999999999999991144 232337 9799999999999999
 98108128151174188189175146107 67 34 15 13 29 57 9112515216616515113111125 624IJ 5361911926167999999999999991235 12999999999999999999999
 99 99111133158181194193175141 99 56 23  6  8 27 59 9613215817116715112925 625IJ 626196201717199999999999999 029 971324  599999999999999
109 98100115138164186197192170134 90 48 17  3  9 31 6510313816317216614825 626IJ 71419721 517299999999999999 120 981412  399999999999999
125107 98103119143168187195187163125 82 42 16  7 16 40 7511214416417016125 627IJ 8 2195215217099999999999999 210 981459  799999999999999
142121105 99106123146168185189179153116 76 41 20 16 28 54 8712014816416525 628IJ 849190223716699999999999999 258 991544 1699999999999999
154135116103100108125146166179180167141107 72 45 30 30 45 7010012815016125 629IJ 936181231916199999999999999 3451001628 2899999999999999
158146128111101101110126145161171169155131101 73 52 43 48 64 8711213515125 630IJ1023171235815699999999999999 431 9917 9 4399999999999999
156151137120105 98100109124141154161158145123 99 77 62 59 66 8210312414225 7 1IJ1113161999999999999999999999 519 971748 5999999999999999
152152143128112 99 93 96106119134146151148137119 99 83 74 75 84 9911813525 7 2IJ 032153121015199999999999999 610 931827 7399999999999999
148153149137121104 91 86 89 99112126137143141132118103 91 86 88 9911413125 7 3IJ 1 5153131714399999999999999 7 8 8619 9 8599999999999999
145154156148133114 96 82 76 79 89103118131138139133121108 98 95 9911012625 7 4IJ 139156143514099999999999999 810 761957 9599999999999999
142155162160149131108 86 70 63 66 77 9311112713814113712611410410210611825 7 5IJ 220162155414199999999999999 913 63205310199999999999999
134151164170166152129102 76 57 49 52 65 8510712714214714313211910810511025 7 6IJ 3 917017 3147999999999999991013 49215410599999999999999
123141159173179173155127 95 65 43 34 39 55 8010713114815515013712110910525 7 7IJ 4 217918 31559999999999999911 9 34225410599999999999999
111126146166182187179157124 87 53 29 21 28 49 7811013815716315613912110725 7 8IJ 45618718561639999999999999912 2 21235210399999999999999
103110127150173189194184157120 78 41 18 11 22 47 8111614716516915813911825 7 9IJ 5501941944169999999999999991252 11999999999999999999999
104100109129154178195198184154113 69 32 10  7 22 51 8812515517117215813525 710IJ 642199203117399999999999999 0461001340  699999999999999
113 99 98109131158182198198181148105 61 27  9  9 28 60 9813416117417015325 711IJ 733200211517499999999999999 137 971427  799999999999999
129108 95 96110134160183196194174139 97 56 27 13 19 40 7311014316517316525 712IJ 822197215817399999999999999 226 941512 1399999999999999
145121102 93 97112136161181191185163129 90 55 32 24 34 57 8912214916616725 713IJ 9 9191223816899999999999999 312 921555 2499999999999999
156135113 97 91 98114137159176182173151120 86 58 42 40 53 7710513315316325 714IJ 956182231416399999999999999 357 911635 3999999999999999
160145125105 92 90 98115135154167170160139112 85 65 56 60 74 9612014215525 715IJ1043170234715999999999999999 442 891712 5699999999999999
159151135115 98 88 89 98114132147157157148130108 88 75 72 79 9511413414925 716IJ1133159999999999999999999999 528 871747 7299999999999999
156154143125106 91 84 85 95109125139147147139125108 94 87 88 9711212914425 717IJ 017157123114899999999999999 619 831822 8699999999999999
155157151137118 99 84 78 79 88102117130138139134124112102 9810111212614125 718IJ 048157134314099999999999999 717 7719 2 9899999999999999
153160159150134113 93 77 69 70 79 9310812313313713512711710910711112113525 719IJ 12516115 713799999999999999 822 69195410799999999999999
149160166164152133110 86 68 58 58 67 8310111913214013913312311511211512525 720IJ 214166162714099999999999999 929 57205911299999999999999
140155167173170157135107 79 57 45 45 56 74 9711913714614713912811711211525 721IJ 3121731732148999999999999991031 4422 811299999999999999
126142159174181178162136103 71 45 32 32 46 69 9712414515615514412911510925 722IJ 4141811825157999999999999991127 30231310899999999999999
112124143163181190185167136 98 61 33 20 23 40 6810113215516516114612711025 723IJ 5131901912165999999999999991219 19999999999999999999999
103106121143168187197191169133 91 52 23 12 18 40 7311014316517216414412125 724IJ 6 9197195617299999999999999 01110213 8 1199999999999999
103 96102119145172193202193167128 83 44 17  9 20 47 8312115317317516213825 725IJ 7 2202203817699999999999999 1 4 961355  999999999999999
113 95 90 98119147175196202190161120 76 39 17 14 29 59 9613316217617315525 726IJ 753202211917799999999999999 153 891439 1399999999999999
129104 88 85 98121149176194197183152111 70 39 23 26 45 7611214416717416525 727IJ 841198215717499999999999999 239 851521 2299999999999999
144118 95 82 84 99123150175189188171140103 68 44 36 43 65 9512615316816825 728IJ 928190223217099999999999999 324 8116 1 3699999999999999
155132107 88 80 85101124149169179175157129 98 71 55 53 65 8711313915716525 729IJ101417923 416599999999999999 4 7 791637 5299999999999999
159143120 97 82 78 86103124145161167161144121 96 78 70 73 8710813014815925 730IJ11 1167233316199999999999999 450 781711 6999999999999999
160150131109 90 79 78 86102121138150153148134116 99 88 86 9310812614315525 731IJ1153154999999999999999999999 535 771742 8599999999999999
160155141122101 84 75 76 84 98115129139142138128115104 9910111012413915225 8 1IJ 0 1160125514299999999999999 628 741814 9999999999999999
159160152136116 96 80 71 71 79 9210612013013513412711911210911312213414725 8 2IJ 033160141613599999999999999 729 70185610999999999999999
158163161152135114 92 75 65 63 70 82 9811312613313513112511911611912713925 8 3IJ 117163154713599999999999999 840 63195911699999999999999
152162167166155137114 89 69 56 52 59 72 9011012613714113813112311811912725 8 4IJ 21716817 114199999999999999 949 52211811899999999999999
139153166173173162142114 85 60 44 40 47 64 8711113214615014513412311511525 8 5IJ 3271741756150999999999999991051 40223211499999999999999
122137154170181182170146114 79 50 32 28 39 60 8811814215715915013411810725 8 6IJ 4341831841160999999999999991145 28233510599999999999999
106116134156176189190176148111 72 40 21 20 35 62 9512915516816615112910925 8 7IJ 5351921922169999999999999991235 19999999999999999999999
 97 97109132158182197197180147105 63 31 15 17 37 6910714216617516714712025 8 8IJ 63119920 117599999999999999 030 951321 1499999999999999
 98 86 89105132161187202199178142 97 56 26 14 22 47 8212115417417716313825 8 9IJ 722203204017899999999999999 120 8514 5 1499999999999999
109 86 77 83104133165190202196172133 90 51 27 21 35 63 9913516417717415425 810IJ 811203211717899999999999999 2 6 771447 2199999999999999
125 97 77 71 82105136166189197187161123 84 52 35 36 53 8211714816917516425 811IJ 859197215117599999999999999 250 711527 3399999999999999
141112 86 70 70 84108138165183187174148114 81 58 49 56 7510313315616916825 812IJ 945187222317099999999999999 332 6816 3 4999999999999999
152127 99 78 67 71 87111137159172173159136108 83 69 67 78 9912314516116625 813IJ1031174225216699999999999999 414 671637 6699999999999999
158139114 90 73 67 74 90111133151159157145126106 90 83 8710111913815416225 814IJ1119160231816299999999999999 457 6717 6 8399999999999999
160147127104 83 70 68 75 90109126140146144135121108 99 9910611913514915925 815IJ1215146234516199999999999999 544 671734 9899999999999999
161154140119 98 80 69 68 75 8710311812913513512912111311011212013214515525 816IJ1328136999999999999999999999 639 6718 711099999999999999
161160151136116 95 78 67 65 70 81 9510912112913213012512011812112813814925 817IJ 02216115 213299999999999999 747 64185811899999999999999
158163161153137117 95 75 63 58 62 72 8710311812913513513112512212312813825 818IJ 118163162913699999999999999 9 2 58202112299999999999999
149159165166158142120 95 72 55 48 51 63 8110112113614314313612712011812325 819IJ 2331661726144999999999999991011 48214911899999999999999
133146160170174167149123 93 65 45 37 41 56 7910512914615415013912411310825 820IJ 35117418 9154999999999999991110 37225910899999999999999
113126144163178183176156125 89 57 34 27 34 54 8311414215916315413611610025 821IJ 45918318471649999999999999912 0 272356 9599999999999999
 95102119143168186193184159123 83 48 25 20 33 59 9312815617016915312810325 822IJ 5581931924172999999999999991247 20999999999999999999999
 86 82 93116145173194200188159118 75 40 21 21 38 7010714316817816914611625 823IJ 65120020 117899999999999999 046 821331 1899999999999999
 89 73 72 87115148178199202186153110 68 37 23 28 51 8612415617617816313425 824IJ 741203203718099999999999999 132 701412 2299999999999999
102 75 62 66 86117151181198198178143102 64 39 32 43 7010513916617817315125 825IJ 829200211117999999999999999 216 611452 3299999999999999
119 87 64 56 65 88120153179192188166132 96 65 48 48 64 9212315217117416225 826IJ 915193214417599999999999999 258 561529 4699999999999999
136105 76 58 55 68 92123152173181173152122 93 71 63 69 8811313916017016625 827IJ10 1181221317099999999999999 340 5416 3 6399999999999999
148121 92 68 56 58 73 96123146162166157139116 95 82 82 9211013215116316525 828IJ1049166223916699999999999999 421 551634 8099999999999999
155134108 83 65 57 62 77 98120138149151143129113101 9610011212914515716225 829IJ114115123 416299999999999999 5 5 5717 1 9699999999999999
158145124100 78 64 60 66 79 9611312813613813312511510911011612814115215925 830IJ1245138233416199999999999999 555 60172810999999999999999
160153138118 96 77 65 61 66 77 9110511812713113012512011812012613614615525 831IJ1414131999999999999999999999 656 6118 511899999999999999
159158150136117 97 78 65 60 62 71 84 9811212313013213012612312412913614525 9 1IJ 020159155313299999999999999 811 60191912399999999999999
154159159153140121 99 78 63 54 55 63 77 9411112613613813512912412112313125 9 2IJ 134160165613899999999999999 927 5421 212199999999999999
141151160164160148127102 76 57 46 46 55 73 9511713514614714012811711111225 9 3IJ 3 31641737147999999999999991031 44222211199999999999999
121135150165173171157132102 72 48 36 37 51 74102128148157153140122105 9725 9 4IJ 4201731812157999999999999991124 352321 9699999999999999
 98110130152172183181165135 99 64 39 28 33 52 81114143162166156135110 9025 9 5IJ 5231841847167999999999999991211 27999999999999999999999
 80 84101127156180193189169134 93 56 32 24 34 60 94130158173171153124 9425 9 6IJ 618194192217599999999999999 012 801255 2499999999999999
 72 65 74 96128161187199192167129 86 50 29 27 43 7411114617117916914310925 9 7IJ 7 9199195717999999999999999 058 651336 2599999999999999
 78 57 54 68 96131166191200189161121 80 48 33 38 59 9212816017817816112925 9 8IJ 758200203118199999999999999 142 531416 3299999999999999
 93 63 47 48 67 98135168190194180150112 76 52 45 55 8011214416917917114725 9 9IJ 84519521 417999999999999999 224 451454 4599999999999999
113 78 52 42 49 71103137166183183167138106 78 62 62 7710213115617217315825 910IJ 932185213517499999999999999 3 6 421530 6099999999999999
131 98 67 47 42 53 76106136159171168152128103 84 77 8310012214516216916325 911IJ101917122 316999999999999999 348 4216 2 7799999999999999
144116 86 61 47 47 60 81107131149156152139121105 95 9410412013815416316325 912IJ1110156222816499999999999999 430 451631 9399999999999999
152131105 79 59 50 53 65 8410512313714213913011911010711112113514815716025 913IJ12 9142225416199999999999999 516 50165710799999999999999
155142122 98 77 61 55 58 68 8310011512613113112712111711712213214215115725 914IJ1328132233015799999999999999 611 54172711699999999999999
157150137118 97 78 64 57 59 67 79 9410811912713012812512312312713414214925 915IJ15 8130999999999999999999999 719 57182412299999999999999
154154149137120100 81 66 57 56 62 74 8910511912913413312912512212412913625 916IJ 033155162213499999999999999 837 5620 912299999999999999
145152155153143126105 83 64 53 50 56 69 8810712513714113813012111411311825 917IJ 2 815517 414199999999999999 948 50214211399999999999999
128140152160161153134109 82 59 45 42 51 68 92116136148150141126111100 9725 918IJ 3371621737150999999999999991045 422246 9799999999999999
104118137156169172163141111 79 52 37 36 49 73102130151160155139116 95 8125 919IJ 44617318 9160999999999999991133 352337 7999999999999999
 80 91112138162179183171144108 72 45 31 35 54 83116146165169156131101 7625 920IJ 5451841843170999999999999991217 31999999999999999999999
 62 64 81109141170189191174143103 66 39 30 40 64 98133162176172151118 8425 921IJ 637192191717799999999999999 023 611259 3099999999999999
 57 46 53 76109146176194192172137 96 61 39 36 51 8011615017318016813910225 922IJ 726196195118099999999999999 1 8 461340 3599999999999999
 66 42 36 48 76112150179193188164129 91 60 45 49 6910013416317917715812425 923IJ 814194202518199999999999999 151 351419 4499999999999999
 85 52 32 31 49 79116151177186178153120 88 65 58 67 9011914917017816814325 924IJ 9 2186205717899999999999999 233 301456 5899999999999999
107 71 43 29 34 54 84119149169174164142114 90 76 75 8911113615817117015525 925IJ 950175212717399999999999999 315 291530 7499999999999999
127 93 61 39 32 40 61 89118143157160150131111 96 90 9510912914816216715925 926IJ1040160215516799999999999999 357 3216 2 9099999999999999
140113 83 57 41 38 48 67 9111513314414513812511210410411212614115416115925 927IJ1137146222116199999999999999 442 38163010399999999999999
148128103 78 57 46 46 55 71 9010912413213413012311611411712513614615415625 928IJ1247135225115699999999999999 532 44165911499999999999999
152140121 99 77 61 52 51 59 72 8710311612512912812512112012313013814515025 929IJ1418129234115199999999999999 632 50174412099999999999999
151147136120100 81 65 55 54 59 69 84 9911312413013012812412212312713314025 930IJ1541131999999999999999999999 745 53191612299999999999999
145148146138124105 85 67 56 52 56 67 821001161291351351301221161141161232510 1IJ 1 8148162713699999999999999 859 5221 011499999999999999
132142149151146132111 88 67 52 47 52 65 84106125139144139128114103 981012510 2IJ 24815117 01449999999999999910 1 4722 9 9899999999999999
111125141154160156140116 88 63 47 42 50 68 92118139152152140121101 85 792510 3IJ 4 61601731153999999999999991053 4223 2 7999999999999999
 84100121144163171166147118 85 58 41 39 51 75105133155163156136109 82 642510 4IJ 5 917118 3163999999999999991138 382349 5999999999999999
 60 70 92121150172181174150116 80 52 37 40 58 88121150169171155126 92 622510 5IJ 6 31811837172999999999999991221 36999999999999999999999
 44 43 59 88123157180187176148111 75 49 39 47 71104138165178172148112 742510 6IJ 654187191117899999999999999 033 4213 2 3999999999999999
 43 29 33 55 89127162184188173142105 72 50 47 61 88122154175180166135 962510 7IJ 743189194618199999999999999 117 281342 4699999999999999
 57 29 19 29 56 92131163182182165134100 72 58 61 791071391651791751551202510 8IJ 831185202018099999999999999 2 0 191420 5799999999999999
 79 44 21 17 32 60 96133161175172154126 98 78 71 79 991251511701751651402510 9IJ 920176205217599999999999999 243 161457 7199999999999999
104 66 36 20 21 38 66 99131153163159142120100 87 87 98117139158169167151251010IJ1011163212316999999999999999 326 181532 8599999999999999
124 91 58 35 24 29 47 72100125143150146133117104 99103115131147159163156251011IJ11 6150215116399999999999999 410 2416 4 9999999999999999
138112 82 56 38 32 38 54 76 98118132138135127118111110116127139150156154251012IJ1210138222115699999999999999 458 32163611099999999999999
145127104 79 58 44 41 46 60 77 95112124130130125120117118123131140147150251013IJ132813023 215099999999999999 551 41171711799999999999999
147137122102 80 62 51 47 51 62 77 93108120127129126122119119123128135141251014IJ1449129999999999999999999999 656 47183011999999999999999
144142135122104 85 67 55 50 53 63 77 93109122130132128122116113114119126251015IJ 013144154513299999999999999 8 7 50201311399999999999999
134141143139127110 90 70 56 50 52 63 79 98116130137136128116106 99 99106251016IJ 153143162013899999999999999 913 502130 9999999999999999
117130141148147136117 93 71 54 47 51 65 85108128142146139124105 89 80 81251017IJ 32114816511469999999999999910 8 472225 8099999999999999
 91108128146157157144122 94 68 50 44 52 70 95122143155153138115 89 69 59251018IJ 4301581722156999999999999991056 442313 5999999999999999
 63 79103130153167166151124 92 64 46 44 56 80110138159166156133101 70 47251019IJ 5281681756166999999999999991140 432358 3999999999999999
 39 48 71102135161175172153122 88 60 45 48 65 94126154171172154122 84 50251020IJ 6201761831174999999999999991222 44999999999999999999999
 28 24 38 67104140168180174151118 84 59 49 57 79110143168179171146107 66251021IJ 71118019 717999999999999999 042 2313 4 4999999999999999
 32 14 15 35 68107144170179170145113 82 62 58 70 96127156176179164133 92251022IJ 8 0179194218099999999999999 126 121344 5799999999999999
 51 20  6 13 37 72111145168173162138108 83 70 71 87113141165177173152118251023IJ 850174201717899999999999999 210  61423 6999999999999999
 77 39 14  6 17 42 77112142161164152130106 88 81 88105128151167172162138251024IJ 941164205117299999999999999 255  615 1 8199999999999999
103 65 34 15 12 25 50 81112136151152142124107 96 95103119138155164163149251025IJ1036153212316599999999999999 340 111538 9499999999999999
124 91 59 34 20 21 35 57 83109129140141133121110105107116129143153157152251026IJ1135142215615799999999999999 426 19161410499999999999999
136112 84 58 38 29 32 44 63 84105122131133128120114112115123133142148149251027IJ1243133223414999999999999999 517 29165511299999999999999
142127106 82 60 45 38 41 51 67 85103117126129126121116114116122130137141251028IJ1355129233114299999999999999 613 38175511499999999999999
141135123105 85 65 52 45 47 56 70 87104118126129126120114110111115122129251029IJ1455129999999999999999999999 716 45192311099999999999999
135137134124108 89 70 56 49 51 59 74 91109123131132126116106100 98102111251030IJ 058137153513299999999999999 821 492045 9899999999999999
121131138138130114 94 74 58 50 52 63 79 99119133139135124108 93 83 81 87251031IJ 23113816 813999999999999999 919 502145 8099999999999999
 99115131142145138121 98 75 57 50 54 67 88112132145147137118 95 74 62 612511 1IJ 3471451640148999999999999991010 502236 6099999999999999
 71 90113135150154145125 99 73 55 49 57 75100127148158154136108 78 53 412511 2IJ 4501541714158999999999999991057 492322 4099999999999999
 43 58 84114141158162151127 98 71 54 51 63 86115143162167156129 94 59 332511 3IJ 5461631749168999999999999991141 50999999999999999999999
 22 28 50 82117147165168153126 95 69 55 56 73100131158173172153119 78 402511 4IJ 638169182617599999999999999 0 8 211224 5399999999999999
 15  8 19 47 83121152169169151123 92 69 59 66 86115145169178170144105 622511 5IJ 72917119 417899999999999999 053  713 6 5999999999999999
 25  3  0 17 48 86124154168165146119 91 72 68 78101129156174177163132 912511 6IJ 819169194217899999999999999 138 -11348 6799999999999999
 48 15 -2  0 20 52 90125151163158140115 92 79 79 931151401621741711511182511 7IJ 911163201917499999999999999 223 -41429 7899999999999999
 78 39 11 -1  5 26 58 93124146154149133112 96 88 921061261471621681601382511 8IJ10 5154205616899999999999999 3 9 -115 9 8899999999999999
105 68 35 13  6 15 35 64 94121139145140127112101 981041171331481581581472511 9IJ11 1145213215999999999999999 356  61550 9899999999999999
125 95 63 36 20 16 26 45 69 95117131136132123112106105112122135145150148251110IJ12 2136221115099999999999999 445 16163310599999999999999
135115 89 62 41 29 28 37 53 74 96114126130128120113108108114122131139142251111IJ13 413023 014299999999999999 536 27172610799999999999999
138127109 87 65 47 38 38 46 61 79 98114124128125118111106105109116124131251112IJ14 1128999999999999999999999 631 37183710599999999999999
135133124108 89 69 54 46 46 54 68 85103117127129124115105 98 96 99106115251113IJ 010135144612999999999999999 729 451955 9699999999999999
124131131125111 93 74 59 51 51 60 75 93111125133131122109 95 84 80 84 93251114IJ 137132152113399999999999999 827 5021 1 8099999999999999
106120130134130117 98 78 62 54 55 66 83104123136141134119 99 79 66 62 67251115IJ 259134155514199999999999999 920 532156 6299999999999999
 81100119134141137123102 79 62 55 59 73 94117137149148136113 85 61 45 42251116IJ 4 91411629150999999999999991010 552245 4199999999999999
 51 71 96121140149144127103 79 62 56 63 82106132152160154134103 69 41 25251117IJ 5 914917 6160999999999999991056 562332 2299999999999999
 24 39 64 96125147156149130103 78 62 59 70 92120146164168156128 90 52 22251118IJ 6 41561745169999999999999991142 58999999999999999999999
  7 11 30 62 98130153160151129102 77 63 64 79105134159173172153118 76 36251119IJ 657160182617599999999999999 019  61227 6299999999999999
  7 -5  3 27 63101134156161150127100 78 68 72 90117145167177170145107 62251120IJ 74916219 617799999999999999 1 5 -51311 6899999999999999
 23 -3-11  1 29 66104136156159146123 99 81 75 83102128153171175163134 94251121IJ 841159194717699999999999999 152-111355 7599999999999999
 51 15 -7-10  6 34 70107136152153140120 99 85 83 94113136157169168152121251122IJ 934154202717099999999999999 239-111439 8399999999999999
 82 43 12 -4 -3 14 42 75108133146145134116100 91 92103121140155163158139251123IJ102814721 716399999999999999 326 -61523 9099999999999999
109 74 40 15  4  8 25 51 80108129139138127113102 96 99110124139150153146251124IJ1123140214915399999999999999 414  416 8 9699999999999999
127100 69 41 22 15 21 37 60 85108125133131122111102 99103112124135142143251125IJ1218133223514499999999999999 5 2 151658 9999999999999999
135118 94 68 45 31 27 33 48 69 90109123128126118108100 98101108118128134251126IJ1310129233313599999999999999 551 271756 9899999999999999
134127112 92 70 51 40 38 45 59 77 97113124127123113103 94 91 93101110120251127IJ1354127999999999999999999999 642 3819 4 9199999999999999
127129123111 93 74 58 48 48 55 69 87105119128128120108 94 84 79 81 89101251128IJ 046129143212999999999999999 735 472011 7999999999999999
113122127124113 96 78 63 55 55 64 79 98115129134130118101 83 69 63 66 76251129IJ 2 612715 613499999999999999 827 542111 6399999999999999
 91107121129128117101 82 67 59 61 72 89109128140142133115 91 68 51 44 49251130IJ 322129154314299999999999999 918 5822 5 4499999999999999
 63 83105123134134123105 85 69 62 66 79100122141151149135109 78 50 31 252512 1IJ 42913516221529999999999999910 8 612255 2599999999999999
 33 53 79106128140140128107 86 69 64 70 88111136154162155133101 64 33 132512 2IJ 52914217 3162999999999999991057 642344  899999999999999
  9 21 45 77109134147146131108 86 70 66 76 97123148165169157129 90 50 162512 3IJ 6241481746170999999999999991146 66999999999999999999999
 -3 -3 13 42 78113139152148132108 85 71 70 83106133157172172154121 79 362512 4IJ 718152183017499999999999999 032 -51233 6999999999999999
  3-13-10 11 43 81117143154148130106 85 74 76 91115142164175170148111 672512 5IJ 810154191417599999999999999 120-141320 7399999999999999
 26 -4-17-10 13 48 86120144152145127104 86 78 83 991231471661721631381002512 6IJ 9 2152195817299999999999999 2 8-1714 7 7899999999999999
 57 19 -7-15 -5 20 54 91122142148140122102 88 83 901061281491631661531272512 7IJ 954148204216699999999999999 256-151454 8399999999999999
 90 50 17 -3 -7  6 30 62 95122139142133117100 89 87 961111301471571561412512 8IJ1045143212615899999999999999 343 -71541 8799999999999999
115 81 47 20  5  5 19 43 71 99122134135126112 98 90 90 991121281411481442512 9IJ1135136221214899999999999999 430  31629 8999999999999999
130105 76 48 26 17 20 34 55 80104121130129120107 95 89 90 98110123134138251210IJ122113123 213899999999999999 516 161720 8899999999999999
134120 99 74 51 35 30 35 48 68 89109122127123113100 90 84 86 93104116125251211IJ13 4127999999999999999999999 6 1 301817 8499999999999999
129126114 95 75 56 45 42 49 62 80 99115125126120107 93 82 76 77 84 96108251212IJ 0 2129134112799999999999999 647 421919 7699999999999999
118123121111 96 78 63 54 53 61 75 92109123129127117101 84 70 63 65 73 86251213IJ 114123141613099999999999999 734 522022 6399999999999999
100113120120113 99 82 68 61 62 71 86104121132136130115 94 73 56 48 49 59251214IJ 231121145313699999999999999 824 602120 4799999999999999
 76 94110121123117103 87 73 66 68 79 96115132143143133112 85 59 39 30 33251215IJ 346124153314499999999999999 916 662216 3099999999999999
 46 67 90111125129122108 90 76 69 73 86105126144153151135108 75 44 22 13251216IJ 45212916181549999999999999910 9 6923 8 1399999999999999
 18 36 61 89114131136128111 92 77 71 76 92114137155163156135102 64 29  6251217IJ 55213617 51639999999999999911 2 712359 -299999999999999
 -2  6 28 59 92120138142132113 92 77 72 79 98122146164169159132 94 52 16251218IJ 6471421752169999999999999991154 72999999999999999999999
 -7-13 -1 25 60 96126143146134113 91 76 73 83103129153170172158127 85 42251219IJ 739147184017399999999999999 048-141245 7399999999999999
  5-16-18 -3 27 64101131147147133111 90 76 75 87109135158171171152119 76251220IJ 830149192717399999999999999 137-201334 7499999999999999
 33 -1-19-17  2 33 71107134147145129107 88 77 78 92113138159169165144109251221IJ 919148201416999999999999999 225-201423 7699999999999999
 67 27 -2-15-10 11 43 79112135145139123103 86 78 81 96117139156163155133251222IJ10 714521 116399999999999999 312-161511 7899999999999999
 99 60 25  2 -6  2 24 55 87116134140132116 97 83 79 84 98117136150153144251223IJ1054140214715499999999999999 358 -61558 7999999999999999
121 90 56 27 10  7 18 40 68 96119132133124108 92 81 78 85 99115131141142251224IJ1137134223514399999999999999 442  71645 7899999999999999
132111 83 55 33 22 23 36 56 81104121129127115100 85 77 76 83 96111124132251225IJ1216129232713399999999999999 524 211735 7599999999999999
131121103 80 58 42 36 40 53 72 93111123126121108 92 78 71 71 78 90104116251226IJ1251127999999999999999999999 6 4 361829 7099999999999999
123122114 98 80 63 52 49 56 69 87105119126126116101 84 70 62 62 69 81 95251227IJ 027124132412799999999999999 645 491929 6199999999999999
108116117110 98 82 69 61 61 69 83100115127131127114 95 75 59 50 50 58 71251228IJ 13911714 013199999999999999 729 602031 4999999999999999
 87101112115111100 87 75 68 70 79 94110125135137129112 90 66 47 36 35 45251229IJ 257115144213899999999999999 820 682132 3499999999999999
 61 80 98112118115105 92 80 74 76 86102120135145144133112 84 55 32 20 20251230IJ 412118152914699999999999999 916 732230 1999999999999999
 31 51 75 97115123121111 96 83 76 79 91109128145154152137110 77 43 18  4251231IJ 5181241620155999999999999991013 762324  399999999999999
