 10 -7-11 -1 20 49 87124146148139125110 98 96106118127135139132109 78 5025 1 1IO 83614919 013999999999999999 145-121337 9599999999999999
 26  3-11 -9  7 30 62101134148143131117102 92 94106117125133137127100 7025 1 2IO 9 9149195313799999999999999 222-121422 9199999999999999
 44 21  1 -8  0 19 43 75112139145135123110 96 88 92103112119128131117 9125 1 3IO 946145204413199999999999999 3 0 -815 9 8899999999999999
 65 43 22  6  4 15 34 57 87119137136126115103 90 84 88 9710310911812010725 1 4IO1026139213912199999999999999 340  316 3 8499999999999999
 84 63 46 30 20 22 34 51 71 97121131127117108 96 84 79 81 85 89 9710610825 1 5IO11 8132224010999999999999999 421 1917 9 7999999999999999
 97 81 67 55 44 39 44 55 68 84104120124118109100 89 77 70 69 70 74 82 9225 1 6IO11501252355 9699999999999999 5 3 391846 6999999999999999
 96 91 82 74 68 63 61 66 75 85 96109118118111102 92 80 68 58 54 55 59 6825 1 7IO1233119999999999999999999999 546 612025 5499999999999999
 80 88 90 87 85 84 83 82 86 92 99105112117115106 95 84 71 56 44 39 39 4525 1 8IO 144 90131511799999999999999 638 822124 3899999999999999
 56 71 85 93 96 99101101 99101106110112115117114103 90 77 61 43 29 23 2425 1 9IO 619101135911799999999999999 8 1 992215 2399999999999999
 32 47 68 88102109113115113110110114116117119120115103 87 70 51 29 13  825 110IO 7 0115145212099999999999999 92610923 2  899999999999999
 12 23 43 71 97115122125125119113113117119120123125119104 84 63 39 15 -225 111IO 72012615551259999999999999910351122345 -599999999999999
 -5  3 19 45 80111129134133128118110110116121123128131124104 80 55 28  225 112IO 7121341656131999999999999991129109999999999999999999999
-14-13  0 21 54 94127141141134124111103106115121126133137126101 73 46 1725 113IO 723142175013799999999999999 027-16121410399999999999999
-10-21-15  3 30 68111141147140129116101 95102113121128138139123 94 65 3725 114IO 749148183814199999999999999 1 6-211257 9599999999999999
  7-16-21 -8 14 44 86127147145133120105 91 89100112119128138135113 83 5625 115IO 821149192214099999999999999 144-211337 8899999999999999
 29  2-14-11  6 29 62103136145136123109 94 83 87 99109116127134125100 7225 116IO 85414520 213499999999999999 220-161416 8399999999999999
 48 24  3 -4  6 24 48 80115137136123111 97 84 79 86 96104112122124109 8525 117IO 926139204012599999999999999 253 -41455 7999999999999999
 63 43 24 12 13 27 45 68 96121130123110 99 87 77 76 83 91 97105113110 9425 118IO 957130211811399999999999999 323 111535 7599999999999999
 74 57 43 31 27 35 49 65 85107120120110 99 89 78 72 73 78 83 89 96101 9525 119IO1025122215910199999999999999 348 271620 7299999999999999
 81 68 57 48 43 47 57 69 83 98111115109 99 90 80 72 67 68 70 73 79 86 8825 120IO10491152249 8899999999999999 4 9 431722 6799999999999999
 83 75 68 63 59 60 66 76 86 96106111108 99 91 82 74 66 62 60 60 63 69 7525 121IO11 7111999999999999999999999 422 591932 6099999999999999
 78 77 75 73 73 74 77 84 92 98104109108101 93 85 77 69 61 55 51 49 52 5925 122IO 0 4 78112110999999999999999 411 732056 4999999999999999
 66 72 76 80 84 87 89 93 98102106108108104 96 88 81 73 64 54 46 41 39 4225 123IO11301089999999999999999999992158 39999999999999999999999
 50 61 72 82 91 98102103105107108109108106101 93 86 78 69 58 46 36 30 2825 124IO11101099999999999999999999992250 28999999999999999999999
 33 45 60 77 92105112114113111110109109108105100 93 86 76 64 50 36 25 1825 125IO 6501149999999999999999999992330 17999999999999999999999
 18 27 43 65 88107120124121116111108108108108107103 97 87 73 57 40 23 1125 126IO 7 11249999999999999999999999999999999999999999999999999
  6 10 25 48 76104123131129122113105103105108110112111103 88 68 47 27  825 127IO 715131161811299999999999999 0 2  6115710399999999999999
 -4 -4  7 28 58 93122136136128116103 94 95103109115120121109 86 60 37 1225 128IO 727138173512299999999999999 030 -51222 9499999999999999
 -8-15 -8 10 36 73113138142134121104 88 82 89101110121131130110 81 52 2625 129IO 744143182813299999999999999 058-151255 8299999999999999
 -1-19-19 -5 18 50 93130146140125108 88 72 71 84 99111127140134107 74 4525 130IO 8 8146191614099999999999999 130-221331 6999999999999999
 16-10-23-14  5 31 68111142145131113 93 71 58 64 80 95111131143130100 6825 131IO 83714720 214399999999999999 2 4-231411 5899999999999999
 40 12-11-14  0 21 48 86125143135117 99 78 57 49 58 74 89108130137121 9125 2 1IO 9 9143204913899999999999999 240-161454 4999999999999999
 64 40 15  0  4 21 41 67102130135121103 85 64 47 43 53 66 8110212212510825 2 2IO 942136213812699999999999999 317 -11541 4399999999999999
 84 64 44 27 21 29 45 62 85111127123107 90 73 55 41 40 47 58 72 9210810925 2 3IO1016128223211199999999999999 353 201635 3999999999999999
 95 80 67 55 46 47 57 69 83 99115119110 94 79 64 49 39 36 41 49 62 78 9125 2 4IO10481202339 9499999999999999 427 451744 3699999999999999
 93 87 80 75 71 69 73 82 91 99107113110 99 85 72 60 47 37 32 33 39 50 6425 2 5IO1114113999999999999999999999 452 691915 3299999999999999
 76 82 83 85 87 89 92 96101106109110109103 93 81 69 58 45 34 27 25 29 3725 2 6IO11 71109999999999999999999992047 25999999999999999999999
 50 65 77 87 94101106109111113114113109105100 91 81 70 58 44 30 19 16 1825 2 7IO 95511499999999999999999999922 5 16999999999999999999999
 27 42 61 80 96107115119119117115114111107104101 96 85 72 57 40 23 10  525 2 8IO 72911999999999999999999999923 0  5999999999999999999999
  9 20 39 65 92110120124124119113110109108105105107103 90 73 55 35 14 -125 2 9IO 73112516 11079999999999999914251052342 -499999999999999
 -3  4 19 44 78108124128127122111101100103104105111117111 93 72 51 27  325 210IO 7 612817 6117999999999999991143 99999999999999999999999
-10 -8  5 25 57 96125133130123111 96 86 89 96101107119126115 91 67 44 1625 211IO 7 1133175512699999999999999 017-111214 8699999999999999
 -8-14 -5 11 37 76115136134124112 95 78 73 82 92100112128131112 85 60 3425 212IO 722137183713299999999999999 051-151247 7299999999999999
  6-12-10  5 25 55 97130138127112 96 76 61 64 77 89101119134128103 76 5225 213IO 748138191513499999999999999 122-141321 6099999999999999
 25  0 -8  2 20 43 77115135129113 96 78 58 50 60 75 87104124132117 90 6625 214IO 815135195213299999999999999 153 -81355 5099999999999999
 43 18  3  5 21 39 64 97124129115 97 80 60 46 46 58 73 87106123122103 7825 215IO 841130202812599999999999999 221  11429 4499999999999999
 57 37 19 14 25 41 60 85111124116 99 82 64 48 40 45 57 71 87106116108 8825 216IO 9 612421 411699999999999999 246 1415 4 4099999999999999
 69 52 36 28 32 46 62 79100116115101 84 69 53 41 38 45 56 68 85100104 9425 217IO 928118214410599999999999999 310 281543 3899999999999999
 78 65 53 44 43 53 66 80 95108112103 88 73 60 47 39 39 44 53 65 80 91 9125 218IO 9481132229 9399999999999999 332 421630 3899999999999999
 83 73 66 60 57 62 73 84 94103109104 91 77 65 55 45 39 39 43 49 60 72 8025 219IO10 51092330 8199999999999999 352 571730 3999999999999999
 81 77 75 74 73 74 81 89 97102106104 95 81 70 61 53 45 40 38 40 44 53 6325 220IO1016106999999999999999999999 4 2 731855 3899999999999999
 71 74 78 82 86 88 91 96102104105103 97 86 75 66 60 52 44 39 36 35 37 4525 221IO 9521059999999999999999999992050 35999999999999999999999
 55 65 74 84 94100103105107108106103 99 91 81 73 66 60 51 42 35 30 27 2925 222IO 8511089999999999999999999992212 27999999999999999999999
 37 50 64 80 96108113114113111107104100 95 89 82 76 69 60 49 38 28 21 1725 223IO 63611499999999999999999999923 1 17999999999999999999999
 21 32 49 70 93111120121118112106100 98 96 94 91 89 84 73 59 45 31 17  825 224IO 6391229999999999999999999992335  6999999999999999999999
  7 15 31 54 83110125127122114102 92 89 91 94 96100102 94 77 57 39 20  225 225IO 6451271647102999999999999991156 89999999999999999999999
 -5  0 14 35 67103127132126116100 83 74 78 86 93103115118103 78 54 31  625 226IO 651132174011999999999999999 0 3 -51210 7499999999999999
-12-13 -1 18 47 87123138131118101 78 59 56 67 81 94114132131107 77 51 2225 227IO 7 7138182613599999999999999 033-151239 5599999999999999
 -7-20-12  6 29 65109138139122103 80 52 36 42 59 77 98127145136106 75 4625 228IO 730142191014699999999999999 1 5-201314 3699999999999999
 14-12-16 -1 20 47 87127142130107 84 56 29 19 32 52 74103136149132101 7225 3 1IO 758142195514999999999999999 139-171352 1999999999999999
 43 12 -6  0 18 39 68107136136114 89 64 35 12 11 27 47 72106137142122 9525 3 2IO 828140204014499999999999999 214 -71433  999999999999999
 70 43 19 12 24 42 62 89120133121 96 72 47 21  5  9 24 44 7010412812710925 3 3IO 859133212813099999999999999 249 121517  499999999999999
 88 70 50 37 39 52 67 83105123122104 80 59 37 16  6 11 23 41 66 9411110925 3 4IO 928125222111299999999999999 323 3516 7  699999999999999
 97 85 74 64 60 67 78 89100112117108 88 69 51 33 18 12 14 23 38 59 80 9225 3 5IO 9521172333 9499999999999999 352 6017 9 1199999999999999
 93 89 86 84 83 85 92100105109111107 94 78 63 50 36 25 18 18 23 34 49 6525 3 6IO 955111999999999999999999999 4 1 831832 1799999999999999
 76 83 87 92 97101105109112112109104 96 86 74 64 53 42 31 23 19 21 28 3925 3 7IO 8311139999999999999999999992012 19999999999999999999999
 53 67 81 93103110115117117115110104 96 89 83 77 69 60 49 37 26 18 17 2125 3 8IO 7281179999999999999999999992143 17999999999999999999999
 31 46 66 87103113119121119114108103 96 90 87 87 84 76 65 53 39 25 14 1225 3 9IO 6591219999999999999999999992244 12999999999999999999999
 17 28 48 74 99114120122120111101 96 92 88 86 91 96 94 83 69 55 38 20  925 310IO 7 21221617 97999999999999991351 862324  899999999999999
 10 17 31 57 89113122122118109 95 84 81 83 83 88100108102 86 70 54 32 1225 311IO 62112217 5108999999999999991146 812356  699999999999999
  6 11 22 41 73106124123116107 91 73 65 70 76 81 95112118105 85 68 48 2325 312IO 62412517461189999999999999912 2 65999999999999999999999
  7  8 18 32 57 92121126116104 89 67 51 51 62 72 84106124122102 82 63 3925 313IO 644127182412699999999999999 025  61229 4999999999999999
 16  8 16 30 47 77111127120103 87 66 44 34 43 57 72 92118130119 96 75 5425 314IO 7 712719 113099999999999999 053  81259 3499999999999999
 29 14 16 30 45 67 98122123106 87 67 44 26 26 40 56 76102126129111 88 6725 315IO 732126193613199999999999999 120 131330 2399999999999999
 45 25 20 31 46 63 88114124112 90 70 48 26 16 24 40 58 83111127120100 8025 316IO 755124201212799999999999999 146 2014 2 1699999999999999
 60 40 29 34 48 64 82105120115 96 74 54 33 17 15 26 42 62 89113120108 9025 317IO 817121204912099999999999999 211 291436 1499999999999999
 73 56 42 41 52 66 81 98114116101 80 61 43 25 16 19 30 45 67 92109109 9725 318IO 837117212911199999999999999 235 401513 1599999999999999
 84 71 58 53 58 70 83 95107113105 86 68 52 36 24 19 24 34 48 69 90100 9725 319IO 856113221510099999999999999 3 1 531555 1999999999999999
 89 82 74 68 68 76 87 96104109105 92 74 59 46 35 27 25 29 37 50 68 83 9025 320IO 9111092319 9099999999999999 327 671645 2599999999999999
 89 87 85 83 82 86 93100104106104 95 80 65 54 45 37 31 30 33 39 50 63 7525 321IO 9 9106999999999999999999999 346 821743 2999999999999999
 82 85 89 93 96 97101105107107103 96 85 71 60 53 46 39 34 32 34 38 45 5625 322IO 8131079999999999999999999991855 32999999999999999999999
 68 78 87 97105108110111111108103 97 89 79 69 61 55 48 41 35 32 31 33 3925 323IO 7371119999999999999999999992059 31999999999999999999999
 50 64 79 95108116117116112108102 96 90 84 78 74 68 61 51 42 34 28 24 2625 324IO 5531179999999999999999999992211 24999999999999999999999
 34 47 66 88107119122119113104 95 90 87 85 84 86 86 79 67 54 42 30 19 1625 325IO 5571221536 86999999999999991351 842253 1699999999999999
 21 32 49 74102120125121113100 85 76 75 78 82 90100103 91 74 57 40 22  925 326IO 5551251641104999999999999991132 752327  899999999999999
  9 19 34 58 90119129124113 98 77 59 54 61 71 83103120120102 79 59 35 1225 327IO 6 21291729123999999999999991147 54999999999999999999999
  2 10 24 43 73110133131115 97 75 47 31 35 50 66 89120140132108 83 58 2925 328IO 622135181414099999999999999 0 1  21216 3099999999999999
  6  4 18 35 58 95129139123100 76 46 17  8 21 41 65 99136152137110 84 5625 329IO 648139185815299999999999999 035  21251  799999999999999
 25  9 16 33 52 79116140134108 81 53 19 -6 -6 13 36 67109146153134108 8325 330IO 717141194315599999999999999 110  81329 -999999999999999
 54 29 22 36 54 73101131140120 91 62 32  0-17-10 10 35 7111514514512610425 331IO 747140202914899999999999999 145 221410-1899999999999999
 82 58 42 45 60 76 93117135129103 74 47 18 -8-17 -8 11 37 7411213313011625 4 1IO 817136212013599999999999999 219 411456-1799999999999999
100 84 68 62 71 84 96109124128113 87 62 38 13 -5 -9 -1 16 40 7310211711525 4 2IO 843128221911899999999999999 252 621547-1099999999999999
107 99 91 84 86 94103110117120114 97 75 55 36 18  5  2  8 21 42 67 8910125 4 3IO 859120999999999999999999999 321 841650  299999999999999
103103102102102105111115116114110 99 85 69 55 42 29 18 14 17 26 41 59 7625 4 4IO 0 6103 75111699999999999999 32610118 6 1499999999999999
 89 98104109113116118119117112105 97 88 79 69 60 51 40 31 25 24 29 39 5225 4 5IO 6591199999999999999999999991935 24999999999999999999999
 68 84 99109117122123121117110102 93 86 82 79 75 68 60 50 41 32 29 31 3825 4 6IO 55112399999999999999999999921 7 29999999999999999999999
 50 67 87105116122124122114105 97 90 83 80 82 85 83 76 68 59 47 36 31 3325 4 7IO 6 11241513 859999999999999913 2 802212 3199999999999999
 39 52 72 95113120121119112 99 88 82 78 75 79 88 95 92 82 74 64 50 37 3325 4 8IO 5521211610 959999999999999913 4 752254 3399999999999999
 37 44 58 82106119119114107 94 78 69 68 69 73 84 99105 98 87 78 65 48 3725 4 9IO 5261201653105999999999999991136 682325 3699999999999999
 38 44 52 70 97116119111102 89 71 55 52 58 64 75 95112113101 89 78 61 4425 410IO 5391201732115999999999999991142 522352 3999999999999999
 39 45 53 64 86111121113 99 86 67 46 35 41 51 64 84110123117102 89 74 5525 411IO 55912118 91249999999999999912 6 35999999999999999999999
 42 45 54 64 80104121118102 84 66 43 24 23 34 49 69 98123129117101 86 6725 412IO 622122184613099999999999999 018 421235 2199999999999999
 49 45 54 66 78 98118123109 88 68 45 22 11 18 33 52 80112131129114 97 7925 413IO 644124192213399999999999999 044 4513 6 1199999999999999
 60 49 54 67 79 94113124117 96 73 51 27  9  7 18 36 60 92122132124108 9225 414IO 7 6125195913299999999999999 110 491338  699999999999999
 73 58 56 67 80 93109123122105 81 60 38 16  6  9 22 42 7010212412711710325 415IO 728125203812899999999999999 136 551413  599999999999999
 87 71 64 69 81 93106118123112 90 68 49 29 13  9 16 29 50 7910712111911025 416IO 749123212112299999999999999 2 4 641450  999999999999999
 99 86 76 75 84 95105114120115 98 77 58 41 26 16 16 24 37 58 8410511411225 417IO 8 8120221311499999999999999 234 741530 1599999999999999
106 99 91 87 90 99107113117115103 85 66 51 38 28 22 24 31 45 63 8410010725 418IO 817117233210799999999999999 3 4 871616 2299999999999999
107105103101101104110114115112105 91 74 60 49 40 32 29 31 38 49 64 81 9425 419IO 747115999999999999999999999 33610017 7 2899999999999999
102106109111112112114116115111104 95 82 69 58 50 43 37 34 36 42 50 63 7725 420IO 71711699999999999999999999918 5 34999999999999999999999
 90101109116120120118117114109102 95 88 79 71 63 56 48 42 39 39 42 49 6025 421IO 4311209999999999999999999991926 38999999999999999999999
 74 90105116123124122117110103 97 92 88 85 83 79 72 63 54 47 41 39 41 4825 422IO 45012499999999999999999999921 3 39999999999999999999999
 59 75 95113123125122116105 94 86 83 82 83 89 94 93 84 72 62 51 41 37 4025 423IO 4501261524 95999999999999991157 8222 2 3799999999999999
 49 62 81105123128122114101 84 69 64 67 73 83 99112110 97 82 69 54 39 3625 424IO 4511281624113999999999999991058 642246 3599999999999999
 43 54 69 93119132126113 98 78 55 41 44 54 67 88115131125108 92 75 53 3825 425IO 5 91321713131999999999999991119 402325 3699999999999999
 39 51 64 82110133135119 99 78 50 24 16 27 44 66 98133147136117 99 77 5225 426IO 53513718 0147999999999999991151 16999999999999999999999
 41 49 63 78 99128143132107 81 54 21 -2 -2 15 38 69111147156141122102 7725 427IO 6 4143184715799999999999999 0 2 411228 -599999999999999
 54 51 64 79 95118142144122 92 63 31 -2-18-11 10 37 7512215415714112310225 428IO 635147193415999999999999999 039 5013 9-1999999999999999
 78 63 67 83 97112134148138109 77 47 14-14-23-12 10 40 8312715215113712125 429IO 7 7148202515499999999999999 115 621353-2399999999999999
102 84 77 87101113126141143125 95 65 37  7-14-18 -6 15 47 8812514314113125 430IO 738145212114499999999999999 152 771441-1999999999999999
119106 95 95105116124132138131110 83 58 34 10 -5 -7  4 24 53 8811713113225 5 1IO 8 4138222913399999999999999 229 931536 -899999999999999
126120113109111119125128129127116 97 76 57 38 20  9  8 16 33 57 8510812125 5 2IO 8 5129999999999999999999999 3 81091636  799999999999999
124124123122121122125126123118112102 89 74 61 47 34 25 23 30 42 60 8110125 5 3IO 022125 64012699999999999999 3571211741 2399999999999999
114121125128128127125123119112104 98 92 85 76 68 58 48 40 38 42 50 63 8025 5 4IO 3381289999999999999999999991851 38999999999999999999999
 97112122127130130126120114106 98 91 89 88 86 82 76 69 61 54 50 52 58 6725 5 5IO 4201309999999999999999999992012 50999999999999999999999
 81 98113123127128124117108 98 91 85 82 84 89 92 89 84 78 72 65 60 61 6625 5 6IO 4351281457 929999999999999912 3 822121 6099999999999999
 73 86103117123123120113102 89 81 77 75 77 86 96100 96 91 87 80 72 68 7025 5 7IO 42112415551009999999999999912 3 7522 8 6899999999999999
 74 81 93110120120114107 97 82 69 64 65 69 78 93106108103 98 93 85 76 7425 5 8IO 4281211640109999999999999991111 642242 7499999999999999
 78 83 90103117121113103 92 76 59 50 51 58 68 85105117116110104 96 85 7825 5 9IO 4461211721118999999999999991119 492312 7899999999999999
 81 86 92100114122117103 89 74 54 39 35 43 54 72 97119127122115106 94 8325 510IO 5 712218 1127999999999999991143 352340 8199999999999999
 81 88 94101113124123110 92 75 55 34 23 27 39 56 82111131134127117104 9025 511IO 5291261840135999999999999991213 23999999999999999999999
 82 86 95103113124129120101 81 60 37 19 15 24 39 63 95125139137128115 9925 512IO 552129191914099999999999999 0 8 821246 1599999999999999
 87 85 93103113124133129112 90 68 46 24 12 14 26 45 7510913514213712611125 513IO 616133195814299999999999999 037 841320 1199999999999999
 95 87 92102113123133135123101 78 57 35 17 11 18 32 55 8712013914113412225 514IO 640135204014299999999999999 1 7 871356 1199999999999999
107 95 93101112121130136130112 89 68 47 29 17 16 25 41 66 9812513813713025 515IO 7 5136212513999999999999999 140 931434 1599999999999999
119107101103112121128133132120100 78 59 42 28 20 23 33 51 7610412613513325 516IO 725134221713599999999999999 2151001515 2099999999999999
127119112109113120127130129123109 89 70 54 41 31 27 31 43 60 8310612413125 517IO 729130232213199999999999999 2571091558 2799999999999999
130127123119118121125127125121113 99 82 66 54 44 36 34 40 51 67 8610612125 518IO 7 1127999999999999999999999 3521181646 3499999999999999
128130130128125122123123121117111104 93 80 68 58 50 43 42 48 58 71 8710525 519IO 1161309999999999999999999991738 42999999999999999999999
120128131132130126121117114110105103 99 93 84 74 66 58 52 51 56 64 75 9025 520IO 2521329999999999999999999991842 51999999999999999999999
106121130133132127120111104 99 96 95 96 99 99 93 85 76 69 62 59 62 70 8025 521IO 3101331327100999999999999991054 9520 1 5999999999999999
 94110125133132126118107 93 84 80 81 85 94105110106 97 88 80 72 67 69 7825 522IO 32113315 4110999999999999991013 802110 6799999999999999
 88100117131135127116104 87 69 60 61 68 79 96115124120110101 91 79 73 7825 523IO 34413516 7125999999999999991021 6022 3 7399999999999999
 87 97110127139134119103 85 62 43 37 44 57 75103129139133123113 99 84 8025 524IO 41313917 2139999999999999991051 372248 8099999999999999
 88 99108123140144131109 87 64 36 18 18 31 49 77113143152144133121103 8925 525IO 4451451754152999999999999991129 162329 8699999999999999
 89100111121137151147124 97 72 43 14 -1  5 22 47 8212515516115214012410525 526IO 5201521845161999999999999991210 -1999999999999999999999
 94 99112123134149157145116 87 57 25 -2-11 -1 20 49 9113516216415514212525 527IO 556157193716699999999999999 010 941255-1199999999999999
107101110123134145157157138108 77 46 15 -8-12  0 23 5610014116316315314025 528IO 633159202916599999999999999 0521011343-1399999999999999
125112111121133141150157151129 99 70 41 13 -5 -6  8 31 6510614215915814925 529IO 710157212316199999999999999 1351091434 -899999999999999
138126118120129138143148149140118 91 66 42 19  5  6 20 43 7411014015315225 530IO 745150222015499999999999999 2211171525  499999999999999
145138130125127133137138139137127108 86 67 48 30 20 23 36 55 8211213614625 531IO 812139232314699999999999999 3141241617 2099999999999999
145142138132128129131130127126123114100 85 72 58 44 38 42 52 68 9011313125 6 1IO 618131999999999999999999999 42112817 7 3899999999999999
139140140137132128125123119114112111105 96 87 79 69 60 57 60 68 80 9711425 6 2IO 0511409999999999999999999991757 57999999999999999999999
128135136136133127121116110105101101102101 97 92 87 81 76 74 77 83 9210325 6 3IO 21513712 81029999999999999910301011851 7499999999999999
116126131132129125118109102 95 91 91 94 99102102 99 96 93 90 89 91 9610225 6 4IO 2381321425102999999999999991040 901955 8999999999999999
110119126128126120113104 93 85 80 80 84 9110010710910710610410210110310725 6 5IO 2551281547109999999999999991034 80205710199999999999999
111116122126124118109 99 87 75 68 68 72 81 9310711611711611611311010911125 6 6IO 3141261650117999999999999991034 67214610899999999999999
115118122126126119109 97 84 70 58 54 58 67 8210111812612712612311811411425 6 7IO 3331271743127999999999999991055 54222711399999999999999
118121124128130125114100 85 69 53 44 44 52 67 8811213013713713312711911525 6 8IO 3551301825137999999999999991126 4323 411599999999999999
118123127130134133123107 91 73 54 39 33 38 51 71 9912514214614313612611725 6 9IO 42113419 11469999999999999912 0 33233911599999999999999
116121127132137139133119100 81 61 41 29 28 36 54 8111213815115214613412225 610IO 4511401934153999999999999991236 27999999999999999999999
115117125132139144143132113 92 70 49 31 23 27 39 62 9312614915715414413025 611IO 52514420 715799999999999999 0141151311 2399999999999999
118115120130138144148143127104 82 60 40 25 22 30 47 7310713815615915213925 612IO 6 0148204116099999999999999 0501151347 2299999999999999
126117117125135142147148139119 95 72 52 34 24 25 37 57 8511914615915714725 613IO 637149211815999999999999999 1291161423 2399999999999999
136124118121130138144147144132110 86 65 47 32 26 32 47 68 9612715015715225 614IO 715147215915799999999999999 21311815 1 2699999999999999
144134125120124132138140142138123101 80 63 47 35 33 42 57 7810513315015425 615IO 759142224415499999999999999 3 21201542 3299999999999999
148141133125121125130132133134130116 96 79 65 52 43 43 54 68 8711213514825 616IO 857134233315099999999999999 4 01211626 4299999999999999
149145139132123119120122122123125123111 96 82 71 60 54 57 67 80 9611713625 617IO1011126999999999999999999999 5131191713 5499999999999999
145145141135127118111110109109112117118111100 90 81 73 69 72 80 9110512225 618IO 025146113611999999999999999 82910918 5 6999999999999999
137143141136128118107 98 94 94 96103111117115108101 94 88 85 87 9410411525 619IO 113143131411799999999999999 843 9419 9 8599999999999999
127138142137128118106 92 81 76 78 84 9410912012311911410910410010110811625 620IO 155142144812399999999999999 911 762018 9999999999999999
124133142142133120106 91 74 61 58 63 73 8910912713313112812411711211312025 621IO 23314316 813399999999999999 948 58212011199999999999999
127133141147143129111 94 75 54 41 41 50 64 8611413714514414113612712012225 622IO 3121471717146999999999999991030 40221512099999999999999
130136142149153145125103 82 58 35 24 27 40 59 8912314915815615114313112425 623IO 3541531814158999999999999991115 2323 512499999999999999
129138144150157159146122 96 71 43 20 11 17 34 59 9513416116816415614413125 624IO 44016018591689999999999999912 2 11235412699999999999999
126132143150157164163146118 90 61 32  9  3 13 34 6410514617117516715614225 625IO 5281651942175999999999999991249  3999999999999999999999
129126135146153160168164143113 83 54 25  5  3 17 40 7411715717617516515225 626IO 618168202317899999999999999 0421251336  199999999999999
138126126137147153161167160137106 79 51 24  8 10 27 51 8612916317617015925 627IO 7 716721 417699999999999999 1291241422  699999999999999
147133124127137145150157161151127100 76 51 29 18 25 42 6610013816416916225 628IO 755161214617099999999999999 21712315 5 1899999999999999
152141129122127135139142149150139117 95 76 56 39 35 44 60 8211214316016025 629IO 842151222816199999999999999 3 51221546 3599999999999999
152145135125121124128130133138138126109 94 80 65 55 56 65 79 9812214415225 630IO 92913923 915299999999999999 3581211624 5499999999999999
150143137128120117118119119122126125116105 95 86 77 73 77 86 9711212914225 7 1IO1021127234714499999999999999 5 31171657 7399999999999999
144140135129120113110108107108112116116111105100 95 92 92 9710411312313325 7 2IO1126117999999999999999999999 8171071722 9199999999999999
138137133127119111104 99 96 95 9810310911211111010810710710911411912513125 7 3IO 017139132411299999999999999 846 95173010799999999999999
135135132126119110101 93 86 83 84 89 9810611311711811912012112312613013425 7 4IO 034136999999999999999999999 917 83999999999999999999999
136136133128120111101 90 80 73 71 75 83 9510811812612913113113113213413725 7 5IO 031136999999999999999999999 953 71999999999999999999999
138138136132125115104 92 79 68 62 61 68 80 9711412813714114214013713713825 7 6IO 0311391832142999999999999991034 61214713799999999999999
140141140137131123111 98 83 69 57 52 54 64 8110212414015015214814313913825 7 7IO 1 71411849152999999999999991115 51225313899999999999999
139142143143139132121107 91 74 58 47 44 49 64 8611213715316015715014213725 7 8IO 2131431910160999999999999991154 44233613699999999999999
136140143146146142134119101 82 64 48 38 38 49 68 9612615116516515814713725 7 9IO 3311461933166999999999999991229 37999999999999999999999
132134140146149150146134115 93 72 53 37 31 37 53 7710914216417116515414125 710IO 451150195617199999999999999 01313213 1 3199999999999999
130127133141148153155149132108 84 63 43 29 29 40 61 8912515717317116014725 711IO 556155202117499999999999999 0491271332 2799999999999999
132122123132142149156159149127100 76 55 35 26 32 48 7110314016717416615325 712IO 651159205117599999999999999 12712114 6 2699999999999999
139124115120132141149157159146119 93 71 50 33 29 41 60 8411715217117015825 713IO 742160212417399999999999999 2 91151442 2999999999999999
145130116110118128136145155156139113 89 69 50 37 40 54 73 9712915816916225 714IO 83315822 016999999999999999 2541101520 3799999999999999
149137122109106113122129140150149131109 90 73 57 50 56 71 8811113815916225 715IO 925152223916399999999999999 34310616 0 5099999999999999
152140129114103100105111119131142140125109 95 82 71 68 76 8910312314415625 716IO1022143231815699999999999999 4421001642 6899999999999999
153143132120106 95 92 95 99108122132132123112104 95 89 90 9710711913314625 717IO1128134235615199999999999999 555 921726 8899999999999999
151145134123111 98 86 82 82 87 9711112312712411911611210911111712413214025 718IO1257127999999999999999999999 719 81181510999999999999999
147147139128115103 88 76 69 70 75 8610111712612913013012912812813313814225 719IO 03314817 313099999999999999 827 69192212799999999999999
146148146136123109 95 79 64 56 57 64 76 9511513013814214514414114014314725 720IO 1 8148181914599999999999999 926 56204614099999999999999
149150150147137121105 88 69 52 44 45 54 69 9211813915115515615314814514725 721IO 1491501846156999999999999991021 4322 514599999999999999
151152153154151140122102 81 59 40 31 34 47 66 9512815316416616315614714225 722IO 3 31541846166999999999999991112 3123 614299999999999999
145151154156159158145122 98 74 50 29 21 28 44 6910414216717517116415214025 723IO 42416019 0175999999999999991159 21235513599999999999999
135141149153158165164147121 94 68 40 19 16 28 48 7811815817917917015814325 724IO 5281671927181999999999999991241 15999999999999999999999
129127136146152161171168146116 89 62 33 16 18 35 58 9213517218317516314825 725IO 621172195818399999999999999 0391261322 1499999999999999
131118120133143150163173165139110 84 57 30 20 29 48 7310915117817916615225 726IO 7 9173203118199999999999999 12011714 0 2099999999999999
136118109116129138148163170156129103 80 55 35 33 46 65 9112616117516715325 727IO 75217021 417599999999999999 2 11091435 3199999999999999
139123108105114125133145159160142118 98 78 58 48 53 68 8511014016316515325 728IO 833162213616699999999999999 24110415 8 4799999999999999
140126111101102111119127140150146129110 95 80 68 66 76 8910512614815715225 729IO 91515122 415799999999999999 3231001537 6599999999999999
139127115103 97 99105111121133139132119107 97 88 83 88 9810912213714914825 730IO 958139222815099999999999999 4 9 9716 1 8399999999999999
139128117106 97 93 94 9810411412412712211510910410010110811612513514314525 731IO1050127224514699999999999999 5 7 93161910099999999999999
139129119109100 92 88 87 90 9610611511911811711611511511912513113614214425 8 1IO1212119225414499999999999999 640 87162611599999999999999
140131122113104 94 86 81 80 81 88 9910811511912412712813013313714014314425 8 2IO2259144999999999999999999999 8 5 79999999999999999999999
142135126118110100 90 81 75 72 74 81 9310511612613413914114214314414514525 8 3IO2242145999999999999999999999 911 72999999999999999999999
144139132123116108 97 85 75 68 64 66 76 9010612213614715115114914814614525 8 4IO18171519999999999999999999991010 64999999999999999999999
144142137130124116105 92 79 68 60 56 61 73 9111113215015916015615114714425 8 5IO183416099999999999999999999911 0 56999999999999999999999
143143141138133127116102 87 72 59 50 49 57 74 9612214716316716215514714025 8 6IO18521679999999999999999999991139 48235413899999999999999
138140142142141139131115 97 79 63 48 41 45 58 7910713916317216815914713625 8 7IO 23314219 8172999999999999991210 41999999999999999999999
129131138142146149147134112 90 71 51 36 34 45 63 8912415717417416315013425 8 8IO 518150192517699999999999999 0131291239 3399999999999999
121118126136144152160155133107 83 61 39 28 33 50 7210414317217916815313625 8 9IO 611160194717999999999999999 04111713 9 2899999999999999
117105109122134146161169157130101 77 51 31 27 40 60 8512216017917415714025 810IO 658169201318099999999999999 1151041341 2699999999999999
119 99 92102118131148168173154124 97 72 47 31 36 53 7410213917117716314425 811IO 744174204417899999999999999 152 921416 3099999999999999
125103 84 83 97112127150170169147119 95 72 50 42 53 71 9111915217216714825 812IO 829173211617399999999999999 233 811452 4299999999999999
130110 89 75 78 91105123147164160138116 97 77 62 62 75 9110913415816515325 813IO 917165214916699999999999999 318 741530 6099999999999999
134117 98 79 70 74 85 97117140153147131116103 90 83 87 9911212614415715525 814IO1010153222115899999999999999 4 9 7016 6 8399999999999999
140122107 90 75 68 70 77 8910812813813512712011410810711212113013914915225 815IO1114139224915299999999999999 512 67164110699999999999999
144129114101 86 73 65 65 70 81 9711412512812712812812812913413914314714825 816IO23 2148999999999999999999999 631 64999999999999999999999
146136123110 98 85 71 62 59 63 72 8610211612613313914314514614815015014925 817IO2142150999999999999999999999 756 59999999999999999999999
146141133123111 98 84 70 58 53 54 62 76 9511413114315115615615515315215025 818IO1839156999999999999999999999 916 53999999999999999999999
147144141136127114100 83 67 52 45 46 55 71 9412014215616216316015414914725 819IO18481639999999999999999999991020 44999999999999999999999
146144143144143134118100 82 62 44 36 40 52 7110013315716716716415614413725 820IO183116899999999999999999999911 8 36232313699999999999999
137140141144151152141120 99 78 54 35 30 39 54 7811415017017216615714312825 821IO 4401531835173999999999999991148 30235312299999999999999
122128134139148161161143119 96 72 46 29 30 43 62 9213316717716915814412425 822IO 5331631856177999999999999991224 27999999999999999999999
109109120130139155170164141114 91 65 38 28 37 54 7611115217617415914412525 823IO 617170192317899999999999999 0271071258 2899999999999999
104 93101115127141163173160133108 85 57 37 37 51 70 9413116517516214412725 824IO 658173195117599999999999999 1 2 931330 3499999999999999
105 86 84 97112125146167169150123101 78 55 45 53 70 8911514816916414612725 825IO 737171201817099999999999999 137 8214 0 4599999999999999
109 88 75 81 95109126149164158137114 95 75 60 61 74 9010813315716214812925 826IO 815165204416399999999999999 212 751427 5899999999999999
111 93 76 71 80 94108127148155144125108 93 79 73 81 9611012614515614913125 827IO 85315521 615699999999999999 248 711452 7399999999999999
114 98 82 71 72 80 91106126141143131118106 96 89 9210211412613914914813425 828IO 934144212415099999999999999 327 701514 8999999999999999
118103 90 77 71 73 79 8910412113113012311611010510511112012913714414613725 829IO1022132213814699999999999999 414 71153410499999999999999
122109 97 86 76 72 73 77 8610011412112212012011911812112813413914214413825 830IO1135122214514499999999999999 518 72154611899999999999999
127114104 95 85 77 73 72 74 82 9410511311812412913113313614014214314213925 831IO2057143999999999999999999999 647 72999999999999999999999
130119109102 95 86 77 72 70 70 76 87 9911012113214014414514614714514213825 9 1IO1949147999999999999999999999 820 69999999999999999999999
133124115108103 95 85 76 70 66 65 71 82 9611212814315215415315014714213725 9 2IO1752154999999999999999999999 938 65999999999999999999999
134128122116112105 95 83 73 65 59 59 66 80 9811914115616115915414714013425 9 3IO18 71619999999999999999999991033 58999999999999999999999
132130127124122117107 93 80 67 56 50 53 64 8210613315516516315714713512625 9 4IO18201659999999999999999999991111 50235112499999999999999
124126128130133133124107 90 74 58 45 43 51 67 8912015016716715914713111625 9 5IO 4321341830168999999999999991141 42235811099999999999999
110115122128138148145128106 86 65 45 35 40 54 7410313916617116114712910825 9 6IO 52214918441729999999999999912 9 35999999999999999999999
 93 95107119133152164155129104 81 55 34 31 44 62 8612215917516714913010625 9 7IO 6 616419 617599999999999999 022 921240 3099999999999999
 82 73 84101118141167176158128101 75 47 31 37 55 7510414317217415513210925 9 8IO 649176193317799999999999999 053 731313 3099999999999999
 80 59 59 76 96118150177179155125 99 71 46 39 52 72 9312415917516313711325 9 9IO 73318220 217599999999999999 129 561347 3899999999999999
 87 59 44 51 71 92120156179173147122 98 73 55 57 74 9211314216716814612025 910IO 817180203217199999999999999 2 8 441422 5399999999999999
 96 70 46 38 49 67 89120154170160139120101 82 74 83 9911313115316415312925 911IO 9 417021 116499999999999999 251 381457 7499999999999999
105 83 60 42 39 49 65 86116144154146132121109 9910011012113214315415313725 912IO 957154212715699999999999999 340 381529 9899999999999999
115 95 77 58 45 43 50 63 8210812913713412912612212012413213914414814814125 913IO11 7137213814999999999999999 440 43155312099999999999999
125107 92 77 63 52 48 52 61 76 9611312312813113513814014314714814714413925 914IO20 4148999999999999999999999 6 0 48999999999999999999999
130118105 94 82 70 59 52 52 57 69 8410111612813814615115315315214914313725 915IO1830153999999999999999999999 734 51999999999999999999999
130124117110100 89 76 63 54 50 53 62 77 9611713514815615915815314714113525 916IO1811159999999999999999999999 9 4 50999999999999999999999
129125124123118107 95 81 66 53 47 50 59 75 9912614715716116015314213312825 917IO18151619999999999999999999991010 47999999999999999999999
125122124130133126113 98 82 64 49 44 49 61 8011014015716115815213912411525 918IO 351133175216199999999999999 1141221054 4423301149999999
115116118127140143132115 99 81 59 45 45 54 68 9212615416315814913711710125 919IO 4421441758163999999999999991128 432342 9799999999999999
 98104110119136152150133114 97 75 53 44 51 63 80109144163160147133115 9225 920IO 5251541818165999999999999991159 44999999999999999999999
 80 86 97108124148161152130111 92 67 49 49 62 76 97129158163149131113 9025 921IO 6 5161184316599999999999999 0 9 801228 4799999999999999
 69 66 79 94109134159164147125106 84 61 53 62 77 92116146163154133113 9125 922IO 64216619 816399999999999999 039 651256 5299999999999999
 67 53 59 76 93115144164160139118 99 77 62 64 78 94111135156157138115 9425 923IO 719166193116099999999999999 111 531323 6099999999999999
 71 51 47 59 76 96123151162150130111 93 76 70 81 96111128148156143120 9825 924IO 756162195315699999999999999 143 461348 7099999999999999
 77 57 44 47 61 78101130151152139122106 91 82 86 9911312614115114612710425 925IO 834154201215299999999999999 217 431413 8199999999999999
 85 66 51 45 52 64 82106131144141129117105 96 9510411612713714614513111125 926IO 916144202814799999999999999 254 451437 9499999999999999
 93 77 62 52 51 57 68 8510712613413012411711110811112012913614214313411725 927IO10 5134203814399999999999999 337 5015 010899999999999999
100 86 74 63 57 57 61 71 8610411812412412312212112212713313814014013412125 928IO1127124202414099999999999999 430 56151512199999999999999
106 93 83 75 67 62 61 65 72 85 9911011712312813213413613914114113813212325 929IO1920141999999999999999999999 537 61999999999999999999999
111 99 90 84 77 70 66 64 66 71 81 9310511612713714314514514514213713112325 930IO1730145999999999999999999999 659 64999999999999999999999
114105 97 92 87 80 73 67 65 64 68 76 891041201351471521511481431361281212510 1IO1719152999999999999999999999 842 64999999999999999999999
116110105102 98 91 82 73 66 61 59 64 74 891081291461551551501421321221162510 2IO1731155999999999999999999999 950 59999999999999999999999
113111111113112106 95 83 72 62 54 54 62 75 941191421551561501401261121042510 3IO 327113173515799999999999999 1291111031 5323331039999999
103106110119127126114 98 84 69 54 47 52 63 80104134155158150138122101 862510 4IO 42412817421599999999999999911 4 472334 8499999999999999
 85 93102115134146139120101 83 62 45 44 55 70 90121151163154137119 95 712510 5IO 5 91461759163999999999999991136 422358 6199999999999999
 61 70 84101126153163149125103 80 55 41 48 64 81107141165162141119 94 642510 6IO 55316318231679999999999999912 9 41999999999999999999999
 42 42 58 79104140170173152127103 76 51 46 60 79 98127159169152124 97 682510 7IO 636176185117099999999999999 030 391243 4599999999999999
 36 20 30 51 76111153179175151127102 75 57 61 79 97118146168163136105 772510 8IO 720181192017099999999999999 1 6 201317 5699999999999999
 44 17 10 25 48 77117159178168146125102 80 72 83101117136158166149118 882510 9IO 8 6178194916799999999999999 145  91352 7299999999999999
 60 30 10 10 26 48 79120155166156140124106 93 94108122134148160155132103251010IO 855166201716199999999999999 229  71426 9199999999999999
 77 51 27 14 17 30 51 81116143151144135125116112117129138145151152139116251011IO 954151203615399999999999999 319 13145711299999999999999
 93 72 52 34 25 26 37 54 79107128135135133132130131136142146146144137124251012IO1122136193214699999999999999 420 24151813099999999999999
106 89 74 60 46 37 37 43 56 75 96114125132137141143145147147144138131123251013IO1841147999999999999999999999 536 36999999999999999999999
113102 92 82 71 59 50 46 49 57 70 88106122134143150152151147142134125117251014IO17 6152999999999999999999999 7 5 46999999999999999999999
112108105 99 91 82 70 60 53 52 57 68 85105125140149153153147137128119111251015IO1721154999999999999999999999 837 52999999999999999999999
106106110112108100 90 79 66 57 55 60 70 87111133146151150145133119109103251016IO 249112172115199999999999999 025105 946 5599999999999999
 99 99107117121115106 96 84 69 60 60 66 76 96121142149146140129112 97 90251017IO 35112117 514999999999999999 027 981029 592336 899999999
 89 91 98114128129120110 99 84 69 63 67 74 86109134147144135124108 87 74251018IO 43513017161489999999999999911 1 632327 7399999999999999
 74 80 88104126139135123112 99 81 68 68 76 85100124144146134120104 82 62251019IO 5141391736148999999999999991128 672349 5699999999999999
 56 64 75 90114139147137123111 95 77 70 77 88 98116139149139120101 80 56251020IO 5521471758149999999999999991155 70999999999999999999999
 42 45 59 75 98128150150136121106 88 75 77 89100114133148145125103 82 58251021IO 629153182114999999999999999 017 411222 7499999999999999
 36 31 41 58 80110141155148133117100 83 79 88102114129145149134110 87 63251022IO 7 7155184315099999999999999 048 301248 7899999999999999
 40 25 28 42 62 89123148154143127111 95 84 88101115127141149141119 95 72251023IO 74515419 314999999999999999 120 241314 8499999999999999
 49 30 24 31 47 69100131148147136122107 94 92101115127138147144128104 81251024IO 825150192214899999999999999 155 241341 9199999999999999
 61 41 29 28 38 54 78108133143139130119107101105116127136143144133112 90251025IO 9 9143193714599999999999999 231 2714 810199999999999999
 71 54 40 34 36 46 62 85111129135132126119113112119128135139140134118 98251026IO10 3135194114099999999999999 311 34143611299999999999999
 80 66 53 44 41 45 54 69 89109123128128127125123125130135138136131120104251027IO113112919 913899999999999999 356 4115 312399999999999999
 88 74 64 56 50 48 52 60 73 89106118124129132133134135137137134128119108251028IO1839137999999999999999999999 447 48999999999999999999999
 94 82 73 67 61 56 55 58 64 74 88102115125133139141141139136132124116108251029IO1613141999999999999999999999 544 55999999999999999999999
 99 91 83 77 72 66 61 59 61 66 74 86101116129139144144140134127119111104251030IO1632145999999999999999999999 658 59999999999999999999999
100 97 94 91 85 78 71 65 62 61 65 74 86103121136144145140132120109101 96251031IO1638145999999999999999999999 835 612359 9599999999999999
 95 97102105102 94 85 77 68 61 61 66 76 90110131143144138129115 97 85 812511 1IO 3 7105163614599999999999999 937 6023 3 8199999999999999
 83 88 99113121116105 94 82 69 60 61 70 82 99122142147139126110 89 68 592511 2IO 4 61211648147999999999999991021 5923 7 5999999999999999
 63 72 86108131139130115101 85 67 60 66 78 92112137151145127108 85 58 372511 3IO 4541391711152999999999999991059 602334 3499999999999999
 36 48 65 89122149154140123107 85 66 64 76 91106129152156137111 86 57 272511 4IO 5401551738157999999999999991136 63999999999999999999999
 12 19 38 62 96138164163146129108 84 70 75 91106123147162153124 94 64 312511 5IO 62616718 916299999999999999 0 8 121213 6999999999999999
  3 -4 10 33 63106150171165148130108 86 79 91108122140160164143110 77 452511 6IO 713172184116599999999999999 046 -51249 7999999999999999
 12-11-10  7 33 68115155170162146129109 93 94109124137152163156129 96 642511 7IO 8 3170191216499999999999999 129-131326 9199999999999999
 33  4-12 -8 10 37 74118152161154142128113106112125137146155157143115 852511 8IO 857162194115899999999999999 216-1314 410699999999999999
 57 30  7 -4  2 18 44 791161431501461381301221201271361431471481431271032511 9IO10 0150195514899999999999999 3 8 -4144412099999999999999
 78 56 36 18 10 15 29 51 80110132140140137135132132136140141138134126113251110IO1123140183514199999999999999 4 7 10153313199999999999999
 95 78 62 47 33 27 30 41 58 80104123133137139140139138137135130123117111251111IO1457140999999999999999999999 510 27999999999999999999999
102 92 82 72 60 50 44 45 52 63 80100118130137141143140135130123114106101251112IO1551143999999999999999999999 619 43999999999999999999999
100 98 94 88 82 73 65 59 58 62 70 83100117130138141140134125115105 96 90251113IO1617141999999999999999999999 742 582332 9099999999999999
 90 94 99 99 96 91 85 78 71 69 71 77 88104120132136135130121107 94 86 81251114IO 236100161213699999999999999 859 692342 7999999999999999
 80 85 96105106103100 95 87 80 78 81 86 95110125132130124116102 85 73 69251115IO 345107161113299999999999999 950 782323 6999999999999999
 69 74 86103113114110107101 92 86 86 90 95104119130129120110 97 79 62 54251116IO 4321151626131999999999999991024 852313 5499999999999999
 56 62 74 94114123121117112104 94 90 94 99105115128131122108 93 76 55 41251117IO 5131231647132999999999999991053 902333 3999999999999999
 40 48 60 80106126132127121113102 94 95102108115126134129113 95 76 54 34251118IO 55213217 9134999999999999991121 93999999999999999999999
 26 32 45 64 92120137138131122110 98 94101110118127136136123102 80 58 35251119IO 632139173213899999999999999 0 2 261150 9499999999999999
 19 18 28 46 73106133144141132119105 96 98108118127137141133113 89 66 42251120IO 711144175414199999999999999 035 171219 9599999999999999
 21 12 16 31 54 85119141147140128114101 97104116127136143140124101 77 53251121IO 751147181714399999999999999 1 9 121249 9799999999999999
 30 15 12 20 38 65 98128144145136123109101103113124134141143133112 88 64251122IO 832146183914399999999999999 145 11132010099999999999999
 43 24 15 16 28 48 77108133143141131120109106111121131138141136121 98 75251123IO 914143185814199999999999999 221 14135410699999999999999
 55 37 24 19 25 38 59 87114133139135128120113113120128134136134124107 85251124IO10 113919 313699999999999999 258 19143211299999999999999
 65 49 36 27 27 34 49 69 93116131134132127123120120125130131129123111 94251125IO1057134184513199999999999999 336 26152211999999999999999
 76 60 48 39 34 35 44 58 76 96116128131131130127125124126126122117110100251126IO1215131183412699999999999999 417 33164112499999999999999
 86 71 60 52 45 42 45 54 65 80 98115126130132132129125121119115109104 99251127IO1436132999999999999999999999 5 2 42999999999999999999999
 93 84 74 65 59 53 51 54 61 71 84 99115126131132131126119111105 99 94 92251128IO15 3132999999999999999999999 556 51999999999999999999999
 92 92 88 81 74 69 64 61 63 68 77 88102117128131129124116104 93 85 80 79251129IO15 5131999999999999999999999 710 612245 7999999999999999
 83 90 97 98 93 86 81 75 70 70 76 84 94108122131130123113100 83 68 62 62251130IO 236 98152213299999999999999 832 692225 6199999999999999
 67 78 94108112107100 94 85 78 77 84 93102116130134126112 97 79 57 42 392512 1IO 349112154813599999999999999 933 762242 3999999999999999
 46 57 77103122127121114105 93 83 85 94103113128139136120 99 79 54 29 162512 2IO 4471271620140999999999999991022 822314 1699999999999999
 20 32 51 81115137141134125112 96 88 93105114126141148136111 86 59 29  32512 3IO 54014116541489999999999999911 5 882353 -499999999999999
 -4  5 23 50 89129151151143131115 98 93103116126139152152132102 72 41  82512 4IO 6311531731155999999999999991147 93999999999999999999999
-15-17 -3 20 55100140159157147132114100100112126137150159152126 92 59 262512 5IO 721160181015999999999999999 036-191230 9899999999999999
 -6-24-22 -5 23 62109147162158145130113103107121134144154159146117 83 502512 6IO 810162185015999999999999999 123-26131310399999999999999
 18-10-24-18  1 31 71116149159153141128114108115128138145152151135106 742512 7IO 859159193015399999999999999 211-24135810899999999999999
 46 18 -6-15 -7 13 42 80120146152146137127117114120130135138141138121 952512 8IO 950153201114199999999999999 3 0-15144811399999999999999
 70 47 24  6  1 10 28 54 871201401431391331261191171211261261251261211072512 9IO1044144194112699999999999999 349  0154611799999999999999
 87 69 52 35 22 21 30 45 65 92118132135133130125119116117116112109109106251210IO1147135999999999999999999999 437 20999999999999999999999
 95 82 71 60 49 42 42 50 61 77 97115125128128126121115110106101 95 94 94251211IO1310128999999999999999999999 524 41999999999999999999999
 93 89 82 77 71 65 61 63 68 76 87101113120122122119113106 98 91 84 80 80251212IO14 9122999999999999999999999 610 612227 8099999999999999
 84 87 87 86 84 82 80 79 80 83 89 95104112117117114109102 92 81 73 68 67251213IO 143 88143111899999999999999 7 5 792244 6799999999999999
 71 78 87 91 93 94 94 94 93 93 96 99103108113115112105 98 88 75 63 56 55251214IO 616 95145211599999999999999 824 932246 5599999999999999
 58 67 79 92 99102104106104102102105107109112115113106 96 85 71 56 45 41251215IO 7 2106151411599999999999999 9271022259 4199999999999999
 44 53 68 86102110113114113110107108111113114117117111 99 86 71 54 38 29251216IO 7 911415361179999999999999910141072327 2899999999999999
 30 38 52 74 97114122123121116110108111115117120122119108 93 76 57 38 23251217IO 65212316 2122999999999999991055108999999999999999999999
 17 22 36 57 85110127132130123115108108113118123126126119104 85 65 43 23251218IO 7 7132163412799999999999999 0 0 17113110799999999999999
 11 10 20 39 67 99124137138131120110105108115122128131129117 98 75 52 30251219IO 73313917 913199999999999999 035  912 710599999999999999
 12  4  8 23 48 81113136143138127114104103109119127133135128111 88 63 40251220IO 8 2143174613599999999999999 1 9  4124110299999999999999
 19  5  2 12 32 61 96126143143134121108101103112123131135134123101 76 52251221IO 832145182413699999999999999 142  2131810099999999999999
 30 11  2  6 21 44 75109135144139128115104100105116125131134130114 89 64251222IO 9 414419 313499999999999999 213  2135710099999999999999
 42 22  8  5 14 32 57 89120139141133122111102101108118124127128121102 77251223IO 939142194512999999999999999 245  5144110099999999999999
 54 36 20 10 13 26 45 70 99125138135127118109102101108115118120120111 91251224IO1016138203412099999999999999 319 10153010099999999999999
 68 50 35 23 18 25 39 58 80106127133129122115107100100104107107109109100251225IO1058133213411099999999999999 355 181630 9999999999999999
 83 65 51 40 31 30 39 53 69 89111125128123117111102 95 93 94 94 95 98 99251226IO1143128224510099999999999999 434 291755 9399999999999999
 93 80 67 57 50 45 46 55 67 80 96113122123117111104 95 86 81 80 79 81 87251227IO1229124999999999999999999999 516 442049 7999999999999999
 91 89 82 74 68 64 61 64 71 81 91103114120118111103 94 83 72 65 62 63 68251228IO 014 92131412099999999999999 6 7 612111 6299999999999999
 78 87 91 89 86 83 81 79 80 86 93101109117120115105 94 83 68 54 45 44 47251229IO 2 5 91135612099999999999999 718 792142 4399999999999999
 56 71 88 98101100100 98 94 93 98104110115121122114100 85 69 50 33 24 25251230IO 4 3101143912399999999999999 839 932221 2499999999999999
 33 47 70 93110116117116112105103108114118122127126113 94 75 54 30 11  4251231IO 616117152212899999999999999 94610323 3  499999999999999
