 31  4 -9 -4 16 47 82112131135127111 93 79 74 82102128153170173159131 9425 1 1IS 848135194217499999999999999 215-101355 7499999999999999
 55 21 -2 -9  3 29 62 96123136135122104 86 73 72 8410813515917317115312125 1 2IS 923137202517499999999999999 252 -91436 7199999999999999
 83 46 16 -2 -2 15 44 78109131138132116 97 80 70 72 8711213815916916414225 1 3IS10 0138211017099999999999999 330 -41521 6999999999999999
110 74 41 16  5 11 32 62 93120136138127110 91 75 67 72 8811213615416015225 1 4IS1038139215816099999999999999 4 9  51610 6799999999999999
130100 69 41 23 19 29 51 79107128139136123105 86 71 64 70 8510612714214725 1 5IS1118139225314799999999999999 448 1817 4 6499999999999999
138119 94 69 48 36 36 49 70 95117134140134120101 82 67 61 64 77 9511312625 1 6IS12 0140235913199999999999999 529 3418 8 6199999999999999
131125111 92 74 59 52 55 67 86106125137140133118 99 79 63 55 56 65 79 9525 1 7IS1247141999999999999999999999 614 521925 5499999999999999
109116116108 95 83 73 69 72 82 97114130140142134118 98 77 59 47 43 49 6125 1 8IS 125117134114299999999999999 7 7 692052 4399999999999999
 77 93105111109103 95 87 83 84 91104119133143145137121 99 75 52 36 28 3125 1 9IS 314111144214599999999999999 819 832213 2899999999999999
 43 62 82100111115112105 98 92 90 95107121136147150142124 99 71 44 23 1325 110IS 459115154715099999999999999 944 902318 1299999999999999
 15 30 52 78101116122120113103 94 91 95107124141154157148127 98 65 34 1025 111IS 6111231648157999999999999991058 91999999999999999999999
 -1  4 22 49 80107124130125115102 91 87 93108127147162164153128 94 57 2325 112IS 7 0130174316599999999999999 013 -11156 8799999999999999
 -1-10 -1 22 54 88116132134126111 96 85 83 91110133155169169153124 86 4725 113IS 740135183217199999999999999 1 0-101244 8299999999999999
 13 -9-12  2 30 66100126137134121104 88 78 79 92115140162174170149115 7625 114IS 815137191617599999999999999 142-131326 7799999999999999
 37  6-10 -7 13 46 82114134138129113 94 79 72 78 9612114716717416513910325 115IS 847139195717499999999999999 221-1214 5 7299999999999999
 64 28  3 -5  6 32 66100126138135121102 84 71 69 8010112715116716815312425 116IS 917139203517099999999999999 256 -51441 6899999999999999
 89 53 24  7  8 25 54 87116134138129111 92 75 66 69 8410713215116115613725 117IS 946139211216199999999999999 328  51517 6699999999999999
108 75 45 24 17 26 49 78106128138134120101 83 69 65 72 8911113114614914025 118IS1013138214815099999999999999 356 171554 6599999999999999
119 92 65 43 31 33 48 72 98121135137127111 92 76 66 65 75 9211012613513425 119IS1039137222513699999999999999 423 301633 6499999999999999
123104 82 61 48 44 52 70 92114129136132119102 85 72 65 67 76 9010511612125 120IS11 713623 912199999999999999 448 441717 6599999999999999
118108 93 77 64 57 60 71 88107123133134126113 96 81 70 65 67 74 85 9510325 121IS1137134999999999999999999999 514 571813 6599999999999999
107105 98 88 78 72 70 75 87101115126132130121108 94 80 69 64 64 68 75 8325 122IS 0 7107121513299999999999999 543 701932 6399999999999999
 90 95 96 94 90 85 82 83 88 96107118127130127119107 93 80 68 60 56 57 6325 123IS 148 9613 513099999999999999 624 822114 5699999999999999
 71 80 89 94 97 97 95 93 92 95101109118126130128121109 94 78 63 51 45 4525 124IS 426 97141413099999999999999 745 922233 4499999999999999
 50 61 75 88 99105107104100 96 96100109119128134134127113 95 74 55 39 3125 125IS 548107152813599999999999999 933 962327 3099999999999999
 31 41 57 76 95109115115110102 95 93 98108122134143143134116 92 66 42 2425 126IS 6281161632144999999999999991048 93999999999999999999999
 17 21 36 58 84106120125121110 98 90 88 95110128145155154140116 86 55 2825 127IS 658125172515699999999999999 010 171142 8899999999999999
  9  5 15 37 67 97120132131121106 91 82 82 95115139158168163143113 76 4125 128IS 727133181116899999999999999 048  51226 8099999999999999
 13 -3 -1 17 47 81113134140133116 97 80 72 78 96123151171178168141104 6425 129IS 755140185617899999999999999 125 -413 8 7299999999999999
 28  1 -9  1 27 63100129145144129107 85 69 64 75100132161181183167134 9325 130IS 825147193918599999999999999 2 1 -91349 6499999999999999
 52 17 -4 -6 12 44 83119144151142121 96 72 58 58 7510513916818418115912325 131IS 855151202218599999999999999 236 -81430 5599999999999999
 82 43 13 -1  6 31 67105136153152135110 83 60 49 54 7610814116717917114525 2 1IS 92615521 717999999999999999 311 -11513 4899999999999999
110 72 39 17 12 26 56 91124148157148125 98 71 51 43 53 7710813815916615525 2 2IS 958157215316699999999999999 345 111557 4399999999999999
130 98 67 42 29 32 52 81112139154155140115 88 62 45 41 53 7510312814414825 2 3IS1031156224414899999999999999 418 281645 4199999999999999
137115 90 68 52 47 56 77103127146154149131107 81 58 44 42 52 71 9211212525 2 4IS11 6154234412899999999999999 451 471741 4199999999999999
128120105 89 75 67 69 79 97117135147150142125102 79 59 46 43 49 62 78 9425 2 5IS1146150999999999999999999999 523 671851 4399999999999999
105110108101 93 87 85 88 97109123136143144137123103 83 64 49 42 42 50 6225 2 6IS 1 9110123814599999999999999 558 852026 4199999999999999
 76 89 98103104102100 99101105113122131139141137126109 89 69 51 38 33 3625 2 7IS 343104135514199999999999999 7 0 9922 7 3399999999999999
 46 62 79 95106112113112108106105109116126136142142134117 96 71 48 30 2125 2 8IS 554113153014399999999999999 9341052319 2199999999999999
 23 35 55 78 99115122123118110103 99101110123137148151143125 99 69 41 2025 2 9IS 63312316471519999999999999911 9 99999999999999999999999
 11 15 32 57 86110126131127117104 93 89 93106124144158161150127 96 62 3225 210IS 7 0131174516199999999999999 011 1112 3 8999999999999999
 10  4 14 37 68100125137136126110 93 81 79 88107131153168168152123 88 5225 211IS 725138183117099999999999999 053  41244 7899999999999999
 21  4  4 22 52 86118138143135118 98 80 70 72 88113140163175169146113 7525 212IS 750143191117599999999999999 128  21320 6999999999999999
 40 14  4 13 39 73107134147143127105 83 66 61 70 93122150170175162134 9825 213IS 814147194817699999999999999 2 0  41353 6199999999999999
 61 30 12 12 31 62 97128147149136114 90 68 56 57 7410113115717116814811725 214IS 838150202217299999999999999 229 101425 5599999999999999
 82 49 26 18 29 55 88120143152144124 99 74 56 50 59 8111013715816415413125 215IS 9 0152205516499999999999999 255 181456 5099999999999999
 99 68 43 30 33 53 82113138152149133109 83 61 49 49 64 8911613915215113625 216IS 922153212715499999999999999 318 291527 4799999999999999
112 84 60 44 41 54 78106132148151141119 94 70 53 46 53 71 9511813414113525 217IS 94315222 114199999999999999 340 401559 4699999999999999
118 96 75 58 52 58 76101125143150145128105 81 62 50 49 59 77 9711412512625 218IS10 5150223812799999999999999 4 1 521635 4899999999999999
118103 87 72 64 66 77 96117135145145135116 94 74 59 51 54 64 78 9310511225 219IS1030147232411299999999999999 422 641716 5199999999999999
111104 94 84 77 76 82 94111126138142137125107 89 72 61 56 58 65 75 85 9425 220IS11 0142999999999999999999999 443 751812 5699999999999999
 99 99 97 92 89 87 89 96106118128135136130119104 89 76 65 59 58 61 67 7425 221IS 039100114013699999999999999 5 1 871945 5899999999999999
 82 89 94 97 98 98 99101104110118125130131127119108 95 81 68 59 53 51 5525 222IS12481319999999999999999999992147 51999999999999999999999
 62 73 85 96104109110109107106108113120126131132127117103 85 68 53 42 3825 223IS 558110143813299999999999999 84710623 0 3899999999999999
 42 53 70 88105116121119114107102101106116128138143140128109 86 62 41 2825 224IS 61412116 91439999999999999910361012347 2499999999999999
 25 33 51 75100119130131124111 99 91 91100116134150158154137112 81 51 2725 225IS 6341321711158999999999999991132 90999999999999999999999
 14 15 30 57 88117136143136121102 86 77 80 96120145165173165142109 72 3825 226IS 65714318 117399999999999999 026 121215 7799999999999999
 14  4 13 38 72108137151149134111 87 68 62 71 95127158179185171140101 6125 227IS 722153184718599999999999999 1 2  41256 6299999999999999
 27  5  3 21 54 94130155161149124 95 68 50 48 66 98135168188189168132 9125 228IS 749161193119199999999999999 136  11336 4799999999999999
 51 20  5 13 40 78118151167163141110 77 49 34 39 6410114117318918415812025 3 1IS 817168201519099999999999999 210  51416 3399999999999999
 80 45 21 16 33 66105141166172158128 93 59 33 23 35 6510414217018117014325 3 2IS 84717321 018199999999999999 243 151458 2399999999999999
108 73 45 31 36 59 93129158173169146113 77 45 23 20 36 6710313715916515225 3 3IS 917174214716599999999999999 316 301541 1999999999999999
127 98 71 53 48 61 87118146166171159133 99 66 38 22 23 40 68 9912614214425 3 4IS 948172223814599999999999999 346 481627 2099999999999999
132113 92 76 67 70 86109134154165163147121 91 62 39 27 30 45 66 9011012225 3 5IS1021166233912499999999999999 415 661720 2799999999999999
124116105 93 85 84 91106123140152157151136114 89 65 47 37 38 47 61 78 9325 3 6IS1058157999999999999999999999 441 831828 3699999999999999
103108107103100 98100107116127137144146141130113 94 75 59 47 43 45 53 6525 3 7IS 117108114914699999999999999 5 0 9820 9 4399999999999999
 78 90100106109110111112113117122127133136136130119104 87 69 53 43 40 4425 3 8IS13271369999999999999999999992158 40999999999999999999999
 54 69 86101112119121119115111109111115123131137137130115 96 74 54 39 3225 3 9IS 6 012115311389999999999999910 910923 8 3299999999999999
 36 49 68 91110124129128121111101 96 98106119133145148140123 99 73 48 3125 310IS 6141291649148999999999999991118 962355 2699999999999999
 26 33 52 77104125136137128115 99 87 82 87102121141155158147124 95 65 3925 311IS 6321381741158999999999999991159 82999999999999999999999
 24 24 39 64 94122140145138122102 83 71 71 83104130152166164146118 86 5525 312IS 652145182316799999999999999 031 221233 6999999999999999
 31 22 30 53 83115140152147131108 85 66 58 64 84112141163171162139107 7325 313IS 712152185917199999999999999 1 2 2213 5 5899999999999999
 44 27 27 45 74107137154155141117 91 66 51 49 65 91123151169170154125 9225 314IS 733157193317299999999999999 129 251334 4899999999999999
 61 38 30 41 67100131154161151128 99 71 49 40 48 7010213315816916113910925 315IS 75416120 616999999999999999 155 3014 3 4099999999999999
 78 52 38 42 62 93125150163158138109 79 53 36 36 52 8011214015916114712225 316IS 814163203816299999999999999 218 381432 3499999999999999
 94 67 50 47 61 87118145161162147121 90 61 39 31 39 61 9012014215314813025 317IS 835164211115399999999999999 241 4615 1 3199999999999999
106 82 63 55 62 83111137157163154132102 72 47 33 32 47 71 9812213814113225 318IS 855163214414299999999999999 3 2 551532 3099999999999999
114 93 76 65 67 81104129149160157140115 86 60 41 33 39 56 7910212012912725 319IS 918160222013099999999999999 324 6416 4 3399999999999999
117102 87 77 74 82 99121140153155145126101 76 55 42 40 49 65 8310011211725 320IS 94215523 511799999999999999 345 741641 3999999999999999
114106 96 88 84 87 98114130143149146133114 93 72 57 48 48 56 68 81 9410225 321IS1011149999999999999999999999 4 6 841729 4799999999999999
106105102 98 95 95100109121132139141137125109 92 76 64 56 55 58 65 75 8425 322IS 017106104914299999999999999 426 941846 5499999999999999
 93 99103105105106106109114121127132134131124112 99 85 72 61 55 54 57 6525 323IS11571349999999999999999999992048 54999999999999999999999
 75 88 99109115117116114112111114119125130133130123110 94 77 62 50 45 4725 324IS 51211714 313399999999999999 8351112216 4599999999999999
 56 71 90107121128128122114106101102109120132141143137122101 78 57 41 3325 325IS 529129154714399999999999999102110123 9 3399999999999999
 37 52 75100123137141134121105 92 85 88100119139154159151131104 74 48 3025 326IS 5501411654159999999999999991114 842351 2499999999999999
 25 34 57 87118142153149133111 89 71 65 74 95123150169174161135101 67 3925 327IS 6131531746174999999999999991157 65999999999999999999999
 22 22 41 72108140160163149124 94 66 48 46 62 93129161181183165133 95 6025 328IS 639165183418599999999999999 029 201237 4599999999999999
 33 21 30 57 94132161174167142107 72 42 26 31 56 94135169187184161126 8825 329IS 7 7175192118999999999999999 1 5 211318 2599999999999999
 55 33 29 47 81120155178180161128 88 50 21 10 22 54 9613817118517615011625 330IS 73718220 718599999999999999 139 281359 1099999999999999
 82 54 40 46 71107144173186178150111 69 32  7  2 21 56 9813716517416213725 331IS 8 8186205417499999999999999 213 401442  199999999999999
108 80 60 55 68 97130161181185168135 95 55 21  2  4 25 60 9813115315714525 4 1IS 840186214415899999999999999 246 541526  099999999999999
124101 81 70 74 92118146169180175154121 83 48 20  7 12 33 63 9412113713925 4 2IS 913181223813999999999999999 318 701613  799999999999999
129114 99 88 85 93110132153167171162140110 79 49 28 19 25 41 64 8810812025 4 3IS 949171234712399999999999999 348 8417 7 1999999999999999
122118110102 98 99108121137150157157148130106 81 58 42 34 36 47 63 80 9625 4 4IS1030158999999999999999999999 417 971815 3499999999999999
107112113111109108110116123132139144143137125109 90 71 56 47 45 49 59 7325 4 5IS 142113113014499999999999999 4501081950 4499999999999999
 87100110115118118116115115117120125130133133127116101 84 68 55 48 48 5625 4 6IS 427118132613499999999999999 7381152127 4799999999999999
 69 85102115124126125119113107104106112121130135134126111 92 73 57 47 4625 4 7IS 5 412715221369999999999999910 71042234 4599999999999999
 55 71 92112127134134127115103 93 89 92103118132142143134116 95 72 54 4425 4 8IS 52513516351449999999999999911 3 892320 4499999999999999
 46 59 81105127140143136122105 88 76 75 83100121140151150137116 91 66 4925 4 9IS 5461441726152999999999999991140 742355 4399999999999999
 43 51 71 97123143151146131110 88 70 60 64 80104129150159153135110 83 5925 410IS 6 715118 7159999999999999991213 60999999999999999999999
 46 47 63 89117142156156142119 92 68 52 48 60 83112140158162150127100 7325 411IS 628158184416299999999999999 025 451243 4899999999999999
 54 48 58 81110138158163152129100 71 48 37 42 62 92123149162159142116 8925 412IS 649163191816399999999999999 052 481312 3799999999999999
 66 53 57 76103133156167161140111 79 51 32 29 43 7010213315416115112910425 413IS 710167195216199999999999999 118 531341 2899999999999999
 79 62 59 72 97126152167167151123 90 58 34 22 28 50 8111314015415313811625 414IS 731169202515699999999999999 142 581410 2299999999999999
 92 73 64 71 91118145164170160135103 70 42 23 21 35 61 9212114214914212525 415IS 753170205914999999999999999 2 6 641439 2099999999999999
104 85 72 72 86110136157168165146118 85 55 32 21 26 45 7210112413813912925 416IS 817169213414099999999999999 231 711510 2199999999999999
113 96 82 78 85103126148162165154131101 71 46 29 26 36 57 8210512313112825 417IS 843166221413199999999999999 255 771544 2599999999999999
118105 93 86 87 99117137153160157141117 90 64 44 34 35 47 66 8710511812225 418IS 91216123 312299999999999999 321 851622 3399999999999999
119112103 96 94 99111126141151154146130108 84 63 48 42 45 55 70 8610111125 419IS 946154999999999999999999999 350 931711 4299999999999999
116115111106103103108118129139145145138124105 86 69 56 50 51 58 69 83 9625 420IS 018116103114699999999999999 4281021821 5099999999999999
107114117116114112111113117125132137138134124110 93 77 64 55 53 56 65 7825 421IS 220117114713999999999999999 5531111955 5399999999999999
 93107118124126123117112109110114121129135137131120104 86 70 57 50 52 6125 422IS 343126134313799999999999999 8221092120 5099999999999999
 77 96115129136136128117105 97 95 99110124137144143132114 93 72 55 46 4825 423IS 423137152214599999999999999 951 942221 4599999999999999
 60 81106129145149142127108 90 77 75 83101123143156156144122 96 71 51 4325 424IS 4531491632158999999999999991046 7423 9 4299999999999999
 48 66 93123147161159143119 92 68 53 53 68 94124151167167151125 96 68 4925 425IS 5231621730169999999999999991132 512351 4399999999999999
 43 55 80112143166173162137104 70 43 29 34 57 91128159175173153125 94 6725 426IS 5531741822177999999999999991216 28999999999999999999999
 50 50 68 99134164182180159124 85 47 19  9 20 50 90131163178172150121 9125 427IS 625184191217899999999999999 030 481259  999999999999999
 67 56 63 87121155181190179149109 66 27  1 -4 14 49 9213316217316514311625 428IS 65919120 217399999999999999 1 8 561343 -599999999999999
 90 71 67 81108141171190191172136 93 50 14 -8 -7 15 52 9313115616415413425 429IS 734193205216499999999999999 145 661428-1099999999999999
111 90 78 81 99126155179191185160123 81 41  9 -6 -1 22 57 9412614715114125 430IS 811191214515199999999999999 221 771515 -799999999999999
125107 93 88 95114138162179184173148113 75 40 14  3 11 32 62 9412013513825 5 1IS 850184224313899999999999999 257 8816 5  399999999999999
131119107 98 98107123143160171172160136106 74 45 25 18 25 43 67 9211312525 5 2IS 933173235212899999999999999 335 971659 1899999999999999
128124117109105106114126140152159158147128104 79 56 40 34 39 52 71 9010725 5 3IS1023160999999999999999999999 41910518 2 3499999999999999
119124123119114111111115122131139145145138125107 87 68 54 48 50 59 74 9025 5 4IS 118124113314699999999999999 5311101916 4899999999999999
106118125126123119114110110113118126132136134126112 96 79 65 58 57 64 7725 5 5IS 245126131213699999999999999 7401102032 5699999999999999
 94110123131132128121112104 99100105114124132134129118103 86 72 63 62 6925 5 6IS 342132145113499999999999999 927 992137 6199999999999999
 83101119133140138130118104 92 85 86 93106121133138135123107 89 74 65 6525 5 7IS 41914016 7138999999999999991028 852227 6499999999999999
 75 93113132145148141127109 91 77 70 73 86104123138144139125107 88 73 6625 5 8IS 44814817 3144999999999999991110 7023 7 6699999999999999
 71 85106128146155152138118 95 74 59 56 65 84107129145148140124104 85 7225 5 9IS 5141551749149999999999999991146 562341 6999999999999999
 69 79 99122144158160149128102 76 55 44 47 62 87114137151150138119 98 8025 510IS 5391611829152999999999999991218 43999999999999999999999
 72 76 92115140158166160140113 83 56 37 32 43 66 95123145154148133112 9225 511IS 6 316619 615499999999999999 012 721249 3299999999999999
 78 75 86108133155168168152126 94 63 38 25 27 45 7310513214915214212410425 512IS 628170194215399999999999999 041 751320 2499999999999999
 86 78 83100125149167173163140109 75 45 25 19 30 53 8411513915014713411525 513IS 653173201715099999999999999 1 9 781351 1999999999999999
 97 84 82 94116140161173171153125 91 59 33 18 20 37 64 9512314114613912425 514IS 721174205314699999999999999 137 811423 1799999999999999
107 92 85 90107130152169173164141110 77 47 26 19 27 48 7610412714014013125 515IS 750174213114199999999999999 2 7 851457 1999999999999999
116102 91 90100119141160171169153127 97 66 41 26 25 38 60 8511012813613425 516IS 823171221313699999999999999 237 891534 2499999999999999
124112101 95 98110129148162167161143117 88 61 41 31 34 48 69 9211312713225 517IS 85916723 413299999999999999 311 951616 3199999999999999
129121111103101106118134149159161152134110 84 61 45 39 43 57 76 9611412625 518IS 941162999999999999999999999 35210017 4 3999999999999999
130128121114108106110120133145153154145129107 85 66 52 47 51 63 80 9811525 519IS 0 7130103415599999999999999 44810618 3 4799999999999999
127132131125118111108109116127137145147142129110 91 73 60 54 57 67 8310125 520IS 117132114914799999999999999 6121071911 5499999999999999
119132138137130121110103101105115126137143142133117 99 81 67 59 61 71 8725 521IS 220139132314499999999999999 7501012022 5999999999999999
107127141147144134119104 91 86 88 99114130143147141126108 88 73 64 64 7525 522IS 310148145514799999999999999 911 862126 6399999999999999
 94117139154158150134112 90 73 65 68 82104126145153149135115 94 77 68 6925 523IS 3511581612153999999999999991014 652222 6799999999999999
 83105131154167167153129100 72 51 42 48 68 96125148160157142121 99 81 7225 524IS 43016917171619999999999999911 7 422311 7299999999999999
 76 94120147169180173152120 84 52 29 21 31 57 91125152165161145123101 8425 525IS 5 91801815165999999999999991156 212357 7799999999999999
 77 86107136163183188175146108 68 33 10  5 20 51 8912715516616114412210125 526IS 5481891910167999999999999991244  4999999999999999999999
 87 84 97121150177193192173138 96 54 19 -3 -3 16 50 9112815516415714012025 527IS 62919520 216499999999999999 040 831332 -699999999999999
101 90 92108134162185197191166129 86 45 11 -7 -3 20 55 9412915215815113525 528IS 711197205415899999999999999 122 891420 -899999999999999
117101 94100118143169188195184158120 79 40 11 -2  5 28 62 9812914815114325 529IS 755195214515299999999999999 2 4 9415 9 -299999999999999
129113102 98107125148170185188175148113 75 41 17  9 18 41 7210312914314425 530IS 841189223714599999999999999 247 981557  999999999999999
136124112103103112129149166177177163139107 75 46 28 24 34 55 8210812813925 531IS 929179233014099999999999999 3331021647 2399999999999999
139132121111105106114128144158166164152130104 77 55 42 40 51 69 9211312925 6 1IS1021166999999999999999999999 4261041737 3999999999999999
137137130121112107107113123136146153151142124103 82 65 56 56 66 8210111925 6 2IS 025138112215399999999999999 5311061828 5599999999999999
132138137131122113106104107115125134140141134122105 89 76 68 69 78 9210925 6 3IS 119139123514299999999999999 6541041923 6899999999999999
125137142140132122111102 98 98104113123131134131122109 96 84 78 80 8810225 6 4IS 21214214 113499999999999999 823 972020 7899999999999999
117132143146143133120106 94 87 86 92102115126132132125114101 91 85 87 9625 6 5IS 258146152613399999999999999 937 862116 8599999999999999
110126141150151144131114 96 82 74 73 81 95111125134135129117105 94 90 9325 6 6IS 3381521637136999999999999991032 7222 8 9099999999999999
104119136150157154143125103 83 67 59 62 74 92112129139139132119106 96 9325 6 7IS 4141571732140999999999999991115 592252 9299999999999999
 98112130147159162155137114 89 67 51 47 54 71 94118136144143133118104 9525 6 8IS 4481621819145999999999999991153 472331 9499999999999999
 95105122141158167165151128101 73 50 38 38 51 7410112614314814313011510125 6 9IS 5201681859148999999999999991228 36999999999999999999999
 95 99113133153168172164144116 85 57 36 28 35 54 8111013414814914012511025 610IS 552173193715099999999999999 0 7 9513 3 2899999999999999
 98 96105123145165176175160134103 70 43 26 24 37 61 9112014115014713511925 611IS 625177201315199999999999999 042 951337 2399999999999999
104 96 99113134157174181173153123 89 57 33 21 26 44 7210312914615014312925 612IS 7 0181204915099999999999999 116 961413 2199999999999999
113101 97104122145166180182169143111 77 47 27 22 32 55 8411313714814813825 613IS 737183212615099999999999999 151 971450 2299999999999999
123109 99 99111131154173182179161133100 68 42 27 28 43 67 9612314214914525 614IS 81618322 614999999999999999 229 981528 2599999999999999
133119106100103117138159175181173152123 91 62 41 32 37 55 8010713014514925 615IS 857181224814999999999999999 310 9916 8 3199999999999999
142130116105101107121141160172175165143115 86 61 44 40 48 68 9211713714825 616IS 943176233315099999999999999 3571011651 4099999999999999
149141128115104101107121139155166167157136111 86 65 52 51 61 8010312514225 617IS1037168999999999999999999999 4521011736 5099999999999999
151150140127113102 98103115131146156158150133111 90 72 63 63 74 9211313325 618IS 021152114115999999999999999 558 981827 6299999999999999
148155152141126110 97 91 94104118134146150146133115 97 83 75 76 8610312225 619IS 11015513 015099999999999999 713 911924 7499999999999999
141155161156142124105 89 79 79 88103120136145145136122107 94 86 87 9611225 620IS 2 0161143014699999999999999 832 782028 8699999999999999
132150163167160143121 97 76 63 61 69 86108128142147142131117104 96 9510425 621IS 250167155814799999999999999 944 602133 9599999999999999
120141160172175164143116 87 62 46 42 51 72 9812314315214913912511110210125 622IS 3411751715152999999999999991047 41223510099999999999999
111128150169182182168142110 77 48 29 25 37 61 9212314615715514412911510525 623IS 4321841820157999999999999991144 24233110499999999999999
105116135158179191188171140104 66 34 15 13 28 57 9112515016115814512911425 624IS 5221921915161999999999999991237 11999999999999999999999
105107120142166187198192171137 97 57 25  6  7 27 58 9613015416215714312625 625IS 61219820 416299999999999999 0231041327  499999999999999
111104108124148173193201193168131 90 50 19  4 10 32 6610413615716115313825 626IS 7 1201204916299999999999999 1111041414  499999999999999
121107102109128153178196201189161124 83 46 19  9 19 45 7911414315815814825 627IS 749201213016099999999999999 1571021459  999999999999999
132115103101111132156179194195180152115 78 45 24 21 35 62 9512614815815425 628IS 836197221015899999999999999 2411011541 2099999999999999
141125110101101114134157176188185168140107 75 49 35 37 55 8111013615215625 629IS 921188224715699999999999999 3261001621 3499999999999999
148135119106 99103115134154170177171154129100 75 56 50 57 7610012514415425 630IS10 6177232415599999999999999 412 991658 5099999999999999
153143129115104 99103115131147159163156141119 97 78 67 66 77 9511613615025 7 1IS1054163999999999999999999999 5 1 991733 6599999999999999
155150139125112102 98102112125137146149143131114 98 85 80 83 9411112814425 7 2IS 0 1155114814999999999999999 558 9818 9 8099999999999999
153154148136122109100 96 98105116126134137134125114103 95 93 9710812213725 7 3IS 040155125913799999999999999 7 7 961850 9399999999999999
148155154146134120106 96 90 91 9610511512412912912511811010510410811712925 7 4IS 123155143413099999999999999 829 90194410399999999999999
142152156154146132117102 89 82 80 85 9410611812713112912411811211111412225 7 5IS 212156161313199999999999999 945 80205211099999999999999
134146155159156146130112 94 79 70 68 74 8610211813013613513012311611311725 7 6IS 3 41591726136999999999999991044 68215911399999999999999
125138151160163158146127105 84 67 57 57 67 8310312213614314113412411611325 7 7IS 3541631817143999999999999991131 56225511399999999999999
118128143157167169161144121 96 72 54 46 49 63 8510913114514914413412211325 7 8IS 4421691856149999999999999991212 45234211199999999999999
112119133151166176175163141113 84 58 41 37 46 66 9211914115215214413011725 7 9IS 5261771931154999999999999991250 37999999999999999999999
109110122140160177184180162135102 71 45 32 32 48 7310413215115815314012425 710IS 6 818520 315899999999999999 0231081327 3099999999999999
111105110126149171187192181158125 90 58 35 26 34 55 8611814415916015013425 711IS 649192203516199999999999999 1 310514 2 2699999999999999
117105102112133158181195195179150114 78 48 29 27 41 6810113215516415914525 712IS 73019721 716499999999999999 1421021438 2699999999999999
126109 99101116140167188199193172139103 68 42 29 34 55 8511814616416615625 713IS 811199214016799999999999999 223 981514 2999999999999999
138118102 95101120146172191197187162128 93 62 41 36 47 7210413415816916525 714IS 854197221416999999999999999 3 5 951549 3599999999999999
150130111 96 92101122148172187190176150118 87 62 48 49 65 9212114816617025 715IS 939190225017199999999999999 350 921625 4699999999999999
162144123104 91 89100121145166178178164140112 86 68 60 67 8611113715817025 716IS1029180232717299999999999999 439 8817 2 6099999999999999
170157138117 98 86 86 96115136154165164152132111 92 79 77 8610412714816525 717IS1127166999999999999999999999 534 841742 7799999999999999
172168154134112 94 82 80 89104123139150151144130115102 94 9510412013815625 718IS 0 9172124015299999999999999 640 801827 9399999999999999
168173167152132110 91 77 73 78 9010612313614214013212311410911011712914425 719IS 057173141514299999999999999 759 73192610999999999999999
159170174168154133110 88 71 62 63 73 8910812513714113913312612111912313325 720IS 15517416 714199999999999999 924 62204911999999999999999
147161173178173158136111 85 63 50 48 57 75 9812113814714814313512712312425 721IS 3 21781736148999999999999991040 48221512299999999999999
133147163177184180165140110 80 54 38 35 45 67 9512214415515514913812712025 722IS 4111841834156999999999999991143 34232511999999999999999
121131147167183192189171142108 73 44 27 25 40 66 9813015216216014913512225 723IS 5141931917163999999999999991235 24999999999999999999999
114116129149172191201195174141103 65 35 20 22 42 7310914116116716014512825 724IS 6 9201195416799999999999999 0201131321 1899999999999999
113106112129153179199206197171135 95 57 30 19 28 53 8812415316916815513725 725IS 658207202717099999999999999 1 710614 3 1999999999999999
118104100110131159185203207193163125 85 51 29 26 41 7110714016417216414725 726IS 743208205817299999999999999 1491001440 2599999999999999
127108 96 96111136164188203201182150113 77 49 35 40 62 9412715517117015725 727IS 824204212817299999999999999 229 941514 3599999999999999
137116 99 91 96115140166187196188166135101 72 52 48 61 8611714616617216425 728IS 9 3196215617299999999999999 3 7 911544 4799999999999999
147126106 92 89 99119143165180183171149121 93 72 62 67 8511113715917016925 729IS 942183222317199999999999999 345 891612 6299999999999999
156136116 99 89 90102121142159168167154133111 91 78 77 8810813115216617025 730IS1021169224917099999999999999 424 881637 7699999999999999
162146127109 95 89 92104121137149154150138122106 94 89 9410812614516016725 731IS11 4154231816899999999999999 5 7 8917 1 8999999999999999
165155138120104 93 90 9410311612813613913612811810910310311012313815216225 8 1IS12 0139235116599999999999999 558 90172810299999999999999
164160148133117103 93 90 92 9810711612412812812512011611411612213214415425 8 2IS1331128999999999999999999999 7 7 9018 311499999999999999
160161155145131117103 93 87 86 89 9610511412212612812712512412512913614425 8 3IS 03716116 612899999999999999 843 86191112499999999999999
152158159155146133118103 90 81 77 78 86 9711012213113513613313012812913525 8 4IS 1431591737136999999999999991012 7721 712899999999999999
143151159162159150136119100 83 70 65 68 78 9411212814014514313813112612625 8 5IS 3 41621817145999999999999991111 65223112599999999999999
132142154164169167157139116 93 72 58 53 59 75 9712013915115314713712712025 8 6IS 4141691846153999999999999991156 53232712099999999999999
121129144160174180176162138110 82 58 45 44 56 7910713315216115814613211925 8 7IS 5 91801912161999999999999991234 43999999999999999999999
112116129149170186192184163133 99 68 45 35 40 61 9012214916516715714012225 8 8IS 556192193816899999999999999 01111213 9 3599999999999999
108104112132158183199201187159123 87 55 34 31 45 7310714016517416815113025 8 9IS 63920220 517499999999999999 0511041343 3099999999999999
110 97 97112138168194208205184150111 74 45 30 35 58 9112815917717816414125 810IS 720209203318099999999999999 131 951416 2999999999999999
117 96 86 92113145177201211202175138 99 64 41 34 48 7811414917518517715525 811IS 8 221121 218599999999999999 210 861449 3499999999999999
129103 84 78 89116149180202206192162125 90 61 45 48 6910213716718518517025 812IS 845207213218799999999999999 251 771521 4499999999999999
144116 90 74 73 89118150178195195177148115 86 65 58 69 9412515617918818125 813IS 93019722 418899999999999999 334 711554 5899999999999999
160132104 81 68 71 89117145169181178161136110 88 76 77 9311814516918418625 814IS1018182223718799999999999999 419 671626 7599999999999999
173150123 96 76 67 71 88111135154163160146128110 97 93 9911513615717418325 815IS1114163231518399999999999999 510 661658 9399999999999999
180165143118 94 76 68 71 8410212113614414413712711711111111813114716217325 816IS1228145999999999999999999999 613 68173211099999999999999
178174160141119 97 80 70 69 76 8910411812913413413112712512613013814916025 817IS 0 2178142913599999999999999 737 69182212599999999999999
169173171161145125104 85 71 64 65 74 8810512013213814013913613413413714425 818IS 11117317 314099999999999999 919 63203113499999999999999
154163171173167153133110 87 67 55 53 61 77 9811913714715014814213513013025 819IS 24617318 0150999999999999991042 53222812999999999999999
136148161173180177163141113 85 60 45 43 53 7410012714715815815114012812025 820IS 4131801832159999999999999991142 42233311999999999999999
120128144163181190187171144111 78 51 36 37 53 8011114016016716114813111625 821IS 51719119 0167999999999999991228 34999999999999999999999
108110124145170190200194172140103 69 43 32 39 62 9412815717117115813911825 822IS 6 8200192617399999999999999 01910713 6 3299999999999999
102 96103124151179199206194166130 93 59 38 35 50 8011514817117716814812525 823IS 651206195217899999999999999 058 961340 3399999999999999
103 89 88102128159187204204186154117 81 53 40 46 7010313816618017615913425 824IS 731206201718199999999999999 135 861410 3999999999999999
109 89 79 85106136166191202195171138103 72 53 50 66 9512915917818216814525 825IS 8 7202204118299999999999999 2 9 791438 4999999999999999
118 94 78 74 87113143170189193179153122 92 69 60 68 9112115117418317615525 826IS 84219321 418399999999999999 242 7415 3 6099999999999999
129103 82 71 75 93120147169181178160135109 86 73 74 9011614416718017916425 827IS 917181212618199999999999999 315 711526 7299999999999999
140114 90 74 70 80100124147163168160142121101 87 84 9311313716017517816925 828IS 952168214817999999999999999 348 701547 8399999999999999
150126102 83 73 74 86105125142152152143128113100 94 9811213215216717417125 829IS1030153221217499999999999999 423 7216 7 9499999999999999
157137115 96 81 76 80 9110612113313813713012011210610611412814415816716825 830IS1117139224116999999999999999 5 4 76162710599999999999999
161147129111 95 84 81 84 9210311312112612612312011711611912613714815716225 831IS1236126232016299999999999999 559 81164611699999999999999
160153141127112 99 89 85 85 88 9410211011712112412612612712913313914615225 9 1IS9999999999999999999999999999 730 84999999999999999999999
155155151142130117104 93 84 80 79 84 9210311412413213613613513313313514025 9 2IS 028156174113699999999999999 933 79203413399999999999999
146152155155149138124108 91 78 69 68 73 8610211913414314614313713112712725 9 3IS 2211561758146999999999999991045 67222212699999999999999
133143154162165160147128106 84 67 57 57 67 8610913214815615414513312211625 9 4IS 3541651817156999999999999991130 55231511599999999999999
118128144161174178171154128 99 73 53 45 50 68 9512414916316515513912110725 9 5IS 45417818381669999999999999912 7 44235710299999999999999
102109127150173189192180154122 88 59 41 38 51 7911214416717516815012710525 9 6IS 54219219 1175999999999999991240 37999999999999999999999
 91 89103129160187202201181149111 75 47 34 39 63 9713416518218116313710925 9 7IS 626204192518499999999999999 035 881313 3399999999999999
 85 73 78101135170197210202176139100 65 41 36 51 8312115818319117915212025 9 8IS 7 8210195219199999999999999 114 731346 3599999999999999
 89 66 59 72102140177202210196165127 90 60 44 48 7210814617819519116913725 9 9IS 751210202019699999999999999 153 591418 4399999999999999
101 71 51 50 70104143178199201183151116 84 62 55 69 9813416819119818415625 910IS 835203205019899999999999999 233 481450 5599999999999999
120 85 56 42 47 71106143172188186166138109 85 71 74 9412415518119519317325 911IS 921190212119699999999999999 315 411521 7099999999999999
141106 74 50 40 50 74105136160171166149127107 92 87 9611714416818619118225 912IS1011171215419199999999999999 4 0 401551 8799999999999999
160130 98 71 51 46 55 7610112514315114813612211110410611713515517118118225 913IS11 9151223218399999999999999 452 46162010399999999999999
171150124 98 75 59 54 60 74 9311112513313413012411911812213114315616617225 914IS1235134232217299999999999999 556 54164811899999999999999
171162146126105 85 70 62 63 70 82 9611012112713013113013013213614114815525 915IS9999999999999999999999999999 728 62999999999999999999999
161162159149134116 97 79 67 61 62 71 8510111713013714114013713313113213625 916IS 052162171914199999999999999 917 60211813199999999999999
143152159162157145127105 84 66 55 54 63 8010112313914815014513612711911825 917IS 2541621742150999999999999991035 53224411899999999999999
123135149163170168156134108 82 60 48 49 62 8411113615215915414312811310425 918IS 41817118 4159999999999999991127 47233110299999999999999
104114131152171181177161135104 75 53 43 49 69 97128152165164152134113 9625 919IS 51618118261679999999999999912 6 43999999999999999999999
 88 93110134160181189181159128 95 66 47 44 58 85117148168173163143119 9525 920IS 6 1189184817399999999999999 0 9 881239 4399999999999999
 79 76 88112142170189192177150116 84 58 46 53 7610714016617817315312710025 921IS 640193191117999999999999999 043 7513 8 4699999999999999
 77 65 69 89119151178192187166136103 74 55 54 70 9913216117918016413710825 922IS 716192193318299999999999999 115 641335 5299999999999999
 80 61 56 69 95128159181188176151120 91 68 60 69 9312415517618417314911825 923IS 750188195418499999999999999 146 5614 0 6099999999999999
 88 63 50 54 74105137164179177160134106 83 70 72 9011814717118317915913025 924IS 824180201518399999999999999 217 501423 6899999999999999
 98 70 52 47 59 84114142163170162143119 97 81 78 8911213916317918016614125 925IS 858170203618199999999999999 247 471445 7799999999999999
111 82 59 47 51 68 93120143156156145127108 93 86 9110813115517117817015125 926IS 932158205817899999999999999 317 4715 6 8699999999999999
124 96 71 55 51 59 78100122138145141130116104 96 9610712514516217117015725 927IS10 9145212317299999999999999 350 501527 9599999999999999
136111 87 68 58 58 69 8510311812913212912111210510310912113615116116415825 928IS1055132215216499999999999999 427 57154810399999999999999
144125104 85 72 65 67 75 8710011111912212111811411311412013014014915515525 929IS1211122223015699999999999999 516 6516 811399999999999999
148136121105 90 79 73 73 77 84 9310211011612012212212312412713213714314625 930IS2338147999999999999999999999 634 72999999999999999999999
147143135124111 98 86 77 73 72 76 84 951071181261311331311281271271291342510 1IS1655133999999999999999999999 835 72203012699999999999999
139144145141133121105 90 76 67 63 67 78 931111271381431411341261181151172510 2IS 148145171114399999999999999 959 6322 711599999999999999
125136146153153145130109 88 69 57 53 61 77100123142153153144130115103 992510 3IS 3301541730154999999999999991049 532256 9999999999999999
105119137155166167156135108 81 59 46 47 61 85115142160165157139117 96 832510 4IS 4341681751165999999999999991129 452336 8199999999999999
 82 94117144167181179162135102 72 49 40 47 70102135162175171152125 97 732510 5IS 52518218151769999999999999912 4 40999999999999999999999
 61 65 87118152179192186163130 94 63 44 41 57 88125159181185169140106 732510 6IS 611192184218699999999999999 015 601239 4099999999999999
 49 41 53 84122160188197185157121 86 58 45 51 76112149179193186160123 842510 7IS 656197191019499999999999999 054 411313 4499999999999999
 49 28 26 47 84126165189194177147113 81 59 54 691001371711931971791451042510 8IS 741195194119899999999999999 134 241346 5399999999999999
 63 31 14 20 47 86128163183183164135106 81 67 70 911241581851981921671292510 9IS 828186201319999999999999999 216 131420 6699999999999999
 87 49 21 10 21 50 88126156171167149125102 85 80 90114143170189194181152251010IS 917171204719499999999999999 3 0 101452 8099999999999999
115 77 43 20 15 28 55 88120143153149135119103 94 95109130154173185183167251011IS1010154212418699999999999999 347 141524 9399999999999999
140107 74 46 29 26 38 60 85110128136134126117109106110122138155167173169251012IS111613722 717399999999999999 440 25155710699999999999999
155132106 79 57 42 39 47 62 80 99114123126124120117116120127137147155159251013IS125712623 815999999999999999 547 39164011699999999999999
156146130111 90 71 57 51 52 61 75 90105117124127127125123123124128134140251014IS1527127999999999999999999999 716 50185312399999999999999
145147144135120102 84 68 57 54 59 70 86104119130135135131124117113113118251015IS 056147162713699999999999999 853 54212911399999999999999
127137145147142130112 92 73 59 53 57 70 89110129141144140130117105 98 97251016IS 25214716561449999999999999910 5 532234 9699999999999999
104118134148154151137117 94 72 57 52 59 76100124143152150139123104 88 80251017IS 4101541720153999999999999991054 522316 8099999999999999
 83 95115137154162156140116 90 68 54 54 66 89116141157160150131108 86 70251018IS 5 51621742160999999999999991132 522352 6599999999999999
 65 73 93119144162167157136109 83 62 54 61 80108136158167161142116 89 66251019IS 54816718 51679999999999999912 4 54999999999999999999999
 52 54 70 97127153168167152127100 75 60 59 74100129155170169153127 96 68251020IS 627170182817299999999999999 024 511232 5799999999999999
 47 40 50 73105136160169162142116 89 69 62 70 93121149169175163138106 74251021IS 7 3169185017599999999999999 055 401259 6299999999999999
 47 32 34 52 82115144163165152129104 82 69 70 87114142165176170150119 85251022IS 738166191217699999999999999 125 311324 6799999999999999
 54 32 25 36 60 92124149160155138116 94 78 73 84106133158173174159131 98251023IS 812160193417699999999999999 154 251348 7399999999999999
 65 39 24 26 43 71102130148152142125105 88 79 83100124149167173165143113251024IS 846152195817399999999999999 224 231413 7999999999999999
 80 51 31 24 33 55 82110131142141129113 97 87 85 96115138157168167152127251025IS 921143202416999999999999999 255 241437 8499999999999999
 97 68 44 31 31 44 66 90113128134129119106 95 91 95109128146159163156138251026IS10 0134205316399999999999999 329 2915 3 9199999999999999
113 86 62 44 37 41 55 74 94111122124120112104 99 99106119134147155154144251027IS1049125212615699999999999999 4 7 371531 9899999999999999
126104 81 62 50 46 51 63 78 94107115118116112108106107114124134143147144251028IS12 211822 914799999999999999 454 4616 910699999999999999
135119101 83 68 57 54 57 66 78 91103112117119118115113113116122128134138251029IS14 3119231913899999999999999 559 54173011399999999999999
137130119105 89 75 64 59 59 64 74 87101113122126126122117113111113117124251030IS1525126999999999999999999999 729 5820 311199999999999999
130134132125113 98 82 68 59 56 60 72 87105122133137134125114104 98 98104251031IS 11513416 313799999999999999 854 562133 9799999999999999
114126136140135123105 86 68 56 52 58 73 94117136146147137121103 87 78 792511 1IS 258140163114899999999999999 955 522226 7799999999999999
 89107127143151147132110 86 65 52 49 59 80107134153160152134109 84 64 542511 2IS 4 91511659160999999999999991042 482310 5499999999999999
 59 77104131153162156137112 84 62 49 51 67 95126153169168151123 90 60 382511 3IS 5 71621728171999999999999991124 482353 3199999999999999
 31 42 69104137162170161138110 81 60 51 59 82115147172181171144107 68 342511 4IS 55817017591819999999999999912 3 51999999999999999999999
 13 12 31 65105142167173160135106 79 61 58 73101136167186187167131 88 472511 5IS 648174183218999999999999999 035 101241 5799999999999999
 13 -5  0 25 65108145167169154129102 78 65 69 90121154181193185157116 722511 6IS 73717119 819399999999999999 118 -61318 6599999999999999
 30 -1-14 -4 26 67109143161160144121 98 80 74 841071381671871921771451032511 7IS 827163194519299999999999999 2 3-141355 7499999999999999
 60 21 -6-13  1 31 70107137151148134115 97 85 84 981211481711851841651332511 8IS 919152202618799999999999999 250-141433 8399999999999999
 94 54 20 -1 -4 11 39 72104128138136125111 98 92 951091291511681761711532511 9IS1015139211017699999999999999 340 -51512 9199999999999999
123 89 55 27 11 10 23 47 74100119128126119110102 99103114130145157162157251110IS112012822 116299999999999999 434  81558 9999999999999999
141117 90 62 40 27 25 36 54 75 96112121122118112107104106113123134143147251111IS124012223 814799999999999999 535 2417 610499999999999999
144133115 94 72 54 42 39 46 59 77 95110120123121117111106104106111119127251112IS14 6123999999999999999999999 646 3919 110499999999999999
134135129117101 83 66 54 50 53 64 80 98113124128126120111102 96 93 96104251113IS 042135151012899999999999999 8 2 502055 9399999999999999
114124130129121107 91 74 62 56 59 70 86105122133135131121107 93 82 78 81251114IS 224130155213699999999999999 910 5622 5 7899999999999999
 91105119129132126112 96 78 65 60 64 77 96116133142141132115 96 78 66 62251115IS 34613216251439999999999999910 4 602253 6299999999999999
 68 82101120133136129114 96 79 66 63 71 88109130145150143126104 80 60 48251116IS 4471361653150999999999999991047 632331 4799999999999999
 48 60 80104125138140130113 93 76 66 68 81101124144155152138114 87 61 41251117IS 5361401720155999999999999991123 66999999999999999999999
 33 39 57 83110132143140127108 88 73 68 75 94117140156159149127 97 67 41251118IS 618143174616099999999999999 0 5 331155 6899999999999999
 25 23 36 61 91119138145137121101 83 72 73 87109133153163158139110 78 47251119IS 656145181216399999999999999 036 221225 7199999999999999
 24 13 20 40 69101127142142131113 93 78 73 81100125147162164151125 92 58251120IS 732144183816599999999999999 1 7 131254 7399999999999999
 30 12  9 23 49 80110132141136122103 86 76 78 92115139158166159139108 74251121IS 8 714119 516699999999999999 138  81322 7599999999999999
 42 18  7 12 32 60 91118134136128112 95 82 78 86105128149163164150124 92251122IS 842137193516599999999999999 210  71351 7899999999999999
 59 31 13  9 21 44 72100121131129118104 90 81 83 96116138155162157138110251123IS 91813220 616399999999999999 243  81421 8199999999999999
 78 49 25 14 16 32 56 82106122127122111 98 88 85 91106125143155157147126251124IS 958127204015899999999999999 319 131454 8599999999999999
 98 69 43 26 20 27 44 66 89109120122117107 97 91 90 98113129143151149136251125IS1044123211915299999999999999 357 201532 8999999999999999
115 89 64 43 30 28 37 54 74 94110119120115107 99 95 95103115128138143140251126IS113912022 714399999999999999 441 281623 9499999999999999
127108 85 64 47 37 37 46 61 79 97111119121117110103 97 97101110121130134251127IS1243121231113499999999999999 532 361738 9699999999999999
132122106 87 68 53 45 45 52 66 83100114123125121113104 96 92 93100109119251128IS1347125999999999999999999999 632 441916 9299999999999999
126127121108 92 75 61 52 51 57 70 88106122131132126115101 88 80 78 83 94251129IS 041127143913399999999999999 741 502044 7899999999999999
108120126125115100 83 68 58 55 61 75 95115132141140129112 92 73 61 57 64251130IS 219127152314299999999999999 849 552150 5799999999999999
 79 99117129131124109 91 74 62 59 66 83105128146153147129104 77 53 38 342512 1IS 34313216 315399999999999999 949 592244 3499999999999999
 45 66 92117134139132116 96 78 65 63 73 94119143160163150125 92 59 31 142512 2IS 4531391642164999999999999991041 622333 1199999999999999
 13 28 56 89119140146137120 99 80 68 68 82106134159172170150117 78 40  92512 3IS 5531461722174999999999999991129 66999999999999999999999
 -7 -4 17 51 89123144149139120 99 81 71 75 93120149172181173146108 65 242512 4IS 64715018 418199999999999999 021 -81214 7099999999999999
 -7-21-14 12 50 91125146149137118 97 80 74 82104132160180185171140 98 532512 5IS 740149184718699999999999999 1 9-221258 7499999999999999
 12-17-27-15 14 53 94126144144132113 94 80 78 90113141167183184166132 892512 6IS 830146193218699999999999999 157-271341 7799999999999999
 45  7-18-24 -9 22 60 97126139137125107 91 81 82 961201461681801771571232512 7IS 920140201918199999999999999 246-251425 8099999999999999
 82 42  8-12-14  3 33 68101124134130118103 90 83 861011221451631721661452512 8IS101013421 817299999999999999 334-151511 8299999999999999
114 78 43 15  0  2 20 47 77104123129124113100 89 84 891021201391531591522512 9IS11 0129215915999999999999999 422 -116 3 8499999999999999
133106 76 47 26 16 21 37 61 86108122125120110 99 90 86 89100114128139143251210IS1151125225614399999999999999 511 1617 4 8699999999999999
137122100 76 54 39 33 39 54 74 94112122124119110 99 90 85 86 93103115124251211IS1244125999999999999999999999 6 0 331820 8599999999999999
128124114 97 80 63 52 49 55 68 84102116125125120110 99 88 81 79 83 90100251212IS 0 4128133712699999999999999 651 491951 7999999999999999
109115115109 98 85 73 64 62 67 78 93109121128128121110 97 83 73 68 70 76251213IS 131116142812999999999999999 747 622118 6899999999999999
 87 98108111109101 91 81 73 71 76 87101116128133131122107 91 74 61 55 56251214IS 3 6112151413399999999999999 848 712221 5499999999999999
 64 78 93106113112106 96 86 79 77 82 94109123134138133120101 80 61 46 40251215IS 428113155513899999999999999 946 7723 8 4099999999999999
 44 56 74 93109117117110 99 88 81 80 87100117132141142132114 91 66 45 31251216IS 5301181633143999999999999991037 792347 2799999999999999
 27 35 53 75 98115123121112 99 87 80 82 92109126141147143128105 77 50 28251217IS 61712317 8148999999999999991120 80999999999999999999999
 17 19 33 56 82106122127122110 95 84 79 85 99118137149152142121 92 61 33251218IS 657127174215299999999999999 022 161158 7999999999999999
 14  8 16 36 63 92115128129119105 90 80 79 90108129147157153137110 78 45251219IS 733130181615799999999999999 056  81232 7899999999999999
 19  4  4 19 44 75103123131126114 97 83 77 82 97119140156161151128 97 63251220IS 8 6131185016199999999999999 130  213 6 7799999999999999
 31  8  0  7 27 56 87113128130121106 90 79 77 87106130150162161145117 83251221IS 839131192516399999999999999 2 3 -11339 7699999999999999
 49 20  3  1 15 40 70100121130127114 99 84 76 79 94116139157164156135104251222IS 91213020 116499999999999999 237  01415 7699999999999999
 70 38 14  3  8 27 55 84110126130122108 93 80 76 84101123145159160148123251223IS 946130203916199999999999999 311  31453 7699999999999999
 91 59 31 13  9 19 42 70 97118129128117103 88 79 78 88106128146155153137251224IS1022130212015699999999999999 347  81535 7799999999999999
111 81 52 29 17 19 33 57 84108124130125113 99 86 78 79 90108127141148143251225IS11 113022 514899999999999999 423 161623 7799999999999999
126101 74 50 33 26 32 49 72 96116128131124110 96 83 76 78 88103120132137251226IS114313123 113799999999999999 5 2 261721 7699999999999999
132117 95 73 53 41 38 46 63 84105122132132123109 93 80 72 72 80 93108120251227IS1229133999999999999999999999 545 381830 7199999999999999
126123111 94 76 62 53 52 60 76 95113128136134123108 90 74 64 61 66 78 92251228IS 011126131813699999999999999 635 511951 6199999999999999
106115117110 98 85 73 65 65 72 85103120134141138125107 86 66 52 45 48 59251229IS 142117141114199999999999999 736 642111 4599999999999999
 76 93108115114106 95 85 77 75 80 93110127142148143129106 80 56 36 26 28251230IS 32211615 714899999999999999 848 752222 2599999999999999
 40 60 83104117121116106 95 86 82 86 99116135150156150131104 73 43 19  6251231IS 45312116 11569999999999999910 1 822322  599999999999999
