 78 68 54 38 23 11  4  2  6 14 24 34 39 38 34 28 23 22 27 36 49 62 74 8225 1 1K51222 392339 8499999999999999 648  21643 2299999999999999
 83 77 65 49 33 19  9  4  4  9 18 29 37 39 36 31 25 20 21 27 38 51 64 7525 1 2K51254 39999999999999999999999 724  31727 2099999999999999
 82 81 73 60 44 29 16  8  6  8 14 23 33 39 39 34 28 22 19 21 28 39 51 6325 1 3K5 023 831329 4099999999999999 759  61813 1999999999999999
 74 78 76 66 53 39 26 15 10 10 14 20 29 37 41 39 34 28 22 19 22 29 38 4925 1 4K5 1 8 7914 7 4199999999999999 831 1019 5 1999999999999999
 60 68 71 67 58 47 35 24 17 15 16 21 27 35 41 43 40 35 29 23 21 23 28 3625 1 5K5 155 711448 4399999999999999 9 0 1520 5 2199999999999999
 44 53 60 61 57 50 40 31 24 20 21 23 28 34 41 45 46 43 38 32 26 23 23 2625 1 6K5 244 611536 4699999999999999 924 202122 2299999999999999
 31 38 45 49 50 47 42 35 29 25 25 26 30 35 41 46 50 50 48 42 36 29 24 2225 1 7K5 340 501636 5199999999999999 945 242316 2299999999999999
 23 25 30 35 38 40 38 36 32 29 28 29 31 35 40 46 51 55 56 54 48 40 32 2525 1 8K5 5 0 401747 569999999999999910 5 28999999999999999999999
 21 18 19 21 25 29 31 33 32 31 30 30 31 34 39 44 50 56 61 63 60 54 45 3525 1 9K5 714 331857 6399999999999999 124 181028 3099999999999999
 25 18 13 12 13 17 22 27 30 31 31 31 31 32 36 40 47 54 61 67 69 67 59 4825 110K51959 69999999999999999999999 3 1 12999999999999999999999
 36 24 14  8  6  7 12 19 25 30 32 32 31 30 31 35 41 48 57 66 73 75 72 6325 111K51023 322056 7599999999999999 4 8  61258 3099999999999999
 50 35 21 10  4  2  4 10 19 27 32 33 32 30 28 29 33 40 49 59 70 78 80 7525 112K51050 332148 8099999999999999 458  21414 2899999999999999
 64 49 33 18  7  1  0  4 13 23 31 35 34 31 27 25 26 31 40 50 62 74 82 8225 113K51114 352235 8399999999999999 539  01513 2599999999999999
 75 62 46 29 14  4  0  2  8 18 29 35 36 33 28 23 21 23 30 40 52 65 77 8325 114K51140 372318 8499999999999999 614  016 3 2199999999999999
 81 72 58 41 25 11  4  2  6 14 25 34 38 36 31 25 20 19 22 31 42 54 67 7825 115K512 6 382358 8299999999999999 645  21648 1899999999999999
 81 77 66 51 35 20 10  5  7 13 22 32 39 39 35 28 22 18 18 23 33 44 56 6825 116K51233 40999999999999999999999 711  51729 1799999999999999
 76 76 69 57 43 29 17 10 10 14 21 30 38 42 39 32 25 20 17 19 26 35 46 5725 117K5 034 7713 0 4299999999999999 734  918 8 1799999999999999
 66 70 68 59 48 35 23 15 13 16 22 30 38 43 42 37 31 24 20 18 22 29 37 4725 118K5 1 7 711327 4399999999999999 753 131848 1899999999999999
 55 61 62 57 49 39 28 20 17 18 23 30 37 43 45 42 37 30 25 21 21 25 31 3825 119K5 139 631355 4599999999999999 811 171931 2199999999999999
 45 51 54 52 47 39 31 24 20 20 24 30 37 43 47 46 43 37 32 27 25 25 28 3225 120K5 2 9 541427 4799999999999999 826 202023 2599999999999999
 37 41 44 45 42 37 32 27 23 22 25 30 36 42 47 49 48 44 39 35 31 28 28 2925 121K5 239 4515 6 4999999999999999 841 222141 2899999999999999
 31 33 35 37 36 34 31 28 25 24 26 29 34 40 45 49 50 49 46 42 38 34 31 2925 122K5 315 3716 0 5099999999999999 855 24999999999999999999999
 28 28 28 29 29 29 29 28 27 26 27 29 33 37 42 47 51 52 52 50 46 42 37 3225 123K5 428 301716 5299999999999999 1 4 28 9 8 2699999999999999
 28 25 23 22 23 24 25 27 28 28 28 29 31 34 38 43 49 53 55 56 54 50 44 3825 124K51838 56999999999999999999999 3 0 22999999999999999999999
 31 25 20 17 16 18 21 24 28 30 31 30 30 31 34 39 44 51 56 60 61 58 53 4525 125K51945 61999999999999999999999 349 16999999999999999999999
 37 28 20 14 11 11 15 20 26 31 33 32 31 29 30 33 38 46 54 61 65 66 62 5525 126K51020 332039 6699999999999999 425 111318 2999999999999999
 45 34 23 14  8  6  8 15 22 30 34 35 32 29 27 27 31 39 48 58 67 72 71 6525 127K51040 352126 7299999999999999 457  61421 2699999999999999
 55 42 29 17  8  3  3  8 17 27 34 37 35 30 25 22 24 30 39 51 63 73 77 7525 128K511 3 372211 7899999999999999 529  21513 2299999999999999
 66 53 38 23 11  3  0  3 11 22 32 38 38 33 26 20 18 21 29 41 54 68 78 8225 129K51128 392254 8299999999999999 6 0  016 2 1899999999999999
 77 65 50 33 18  6  0  0  6 16 28 38 41 37 30 22 15 14 18 28 42 57 72 8125 130K51155 412336 8399999999999999 629  01649 1399999999999999
 82 74 61 44 28 13  4  1  4 12 24 36 43 42 36 27 18 11 11 17 29 43 59 7325 131K51224 44999999999999999999999 657  11737 1099999999999999
 80 78 68 54 38 23 11  5  6 12 21 33 43 47 43 34 24 15  9 10 17 29 43 5825 2 1K5 018 811255 4799999999999999 721  51825  899999999999999
 70 74 70 59 46 32 19 12 10 14 22 32 42 49 49 43 34 24 14  9 11 18 29 4125 2 2K5 1 0 741328 5099999999999999 741 101916  999999999999999
 53 62 64 58 49 38 27 19 16 18 24 32 41 50 53 51 44 35 25 16 12 14 19 2725 2 3K5 142 6414 3 5399999999999999 759 162012 1299999999999999
 37 46 52 51 46 39 31 24 21 22 27 34 41 49 55 56 52 46 37 28 20 17 17 2025 2 4K5 224 521444 5699999999999999 812 212123 1699999999999999
 25 31 37 39 38 35 31 27 24 25 29 35 41 47 53 57 58 55 49 42 33 26 21 1925 2 5K5 311 401536 5899999999999999 818 242337 1999999999999999
 19 21 23 26 28 28 27 26 26 26 30 35 40 45 50 55 58 59 58 54 47 39 32 2525 2 6K5 424 281657 5999999999999999 8 0 26999999999999999999999
 20 17 16 16 18 19 21 23 25 27 29 33 37 41 45 50 54 59 62 62 59 53 45 3625 2 7K51841 62999999999999999999999 214 16999999999999999999999
 27 19 14 10 10 12 15 20 24 27 29 31 33 36 39 43 47 53 60 65 67 65 58 4825 2 8K520 1 67999999999999999999999 343 10999999999999999999999
 37 26 16 10  6  6 10 16 22 27 30 31 31 31 32 34 39 45 53 62 69 72 69 6125 2 9K521 1 72999999999999999999999 429  6999999999999999999999
 49 36 23 13  6  4  6 12 20 28 32 33 31 28 26 26 29 35 44 54 65 73 75 7025 210K51040 332150 7599999999999999 5 2  41430 2699999999999999
 60 46 32 18  9  4  4  9 17 27 34 36 33 29 24 21 21 26 34 44 56 68 76 7625 211K51050 362231 7799999999999999 528  31527 2099999999999999
 69 56 41 26 13  6  4  7 15 25 35 40 38 32 25 19 16 17 24 34 46 60 71 7725 212K51110 4023 8 7799999999999999 550  41612 1699999999999999
 74 64 50 34 20 10  6  7 14 24 35 42 42 37 29 21 14 12 16 25 36 49 63 7225 213K51133 432341 7599999999999999 6 9  51653 1299999999999999
 74 68 56 41 27 15  8  9 14 23 33 43 46 43 34 25 17 11 11 17 27 39 52 6425 214K51157 46999999999999999999999 626  81731 1199999999999999
 70 68 59 46 33 20 12 11 15 23 33 43 49 48 41 31 22 14 11 13 20 31 42 5425 215K5 013 701221 4999999999999999 643 1118 9 1199999999999999
 62 64 58 48 37 25 17 13 17 24 33 43 50 52 47 38 29 20 14 13 17 24 34 4425 216K5 042 641245 5299999999999999 659 131846 1299999999999999
 52 57 55 47 38 29 21 16 18 25 33 42 50 54 52 45 36 28 20 16 16 21 28 3525 217K5 110 571310 5499999999999999 713 161925 1599999999999999
 43 48 49 44 38 30 23 19 20 25 33 42 49 55 55 51 44 35 28 22 20 21 25 3025 218K5 137 491337 5699999999999999 725 1920 7 2099999999999999
 35 39 41 40 35 30 25 22 21 25 32 40 48 54 56 55 49 43 36 30 26 24 25 2725 219K5 2 3 4114 8 5699999999999999 735 2121 3 2499999999999999
 29 32 34 34 32 29 26 23 23 26 31 38 45 51 55 56 53 49 44 38 33 29 28 2725 220K5 228 341448 5699999999999999 740 23999999999999999999999
 26 27 27 27 27 26 25 25 25 27 30 35 41 46 51 54 55 53 50 46 41 37 33 2925 221K5 257 271549 5599999999999999 024 26 716 2499999999999999
 26 24 22 21 21 22 23 25 26 28 30 33 37 41 45 49 53 55 55 53 50 45 40 3425 222K51731 55999999999999999999999 314 21999999999999999999999
 28 23 19 16 15 17 20 24 27 30 31 32 33 36 39 43 48 53 57 58 58 54 49 4125 223K51914 58999999999999999999999 343 15999999999999999999999
 33 25 18 13 10 11 15 21 27 31 33 33 31 31 32 35 40 47 55 61 64 63 59 5125 224K51015 332023 6499999999999999 411 101256 3199999999999999
 40 30 20 11  7  6 10 17 25 32 35 35 31 28 25 26 31 38 48 58 66 70 69 6225 225K51017 352115 7199999999999999 438  61416 2599999999999999
 51 38 25 13  6  3  5 12 22 32 38 38 34 28 22 19 20 27 37 50 62 72 76 7225 226K51032 3922 0 7699999999999999 5 5  31512 1999999999999999
 62 48 33 19  8  2  2  8 18 30 40 43 39 31 22 15 12 15 24 37 52 67 77 7925 227K51054 432243 8099999999999999 529  116 2 1299999999999999
 72 59 44 28 14  5  2  6 15 28 40 48 46 38 27 16  8  5 11 22 37 53 69 7825 228K51120 482324 7999999999999999 552  21651  599999999999999
 77 68 53 38 22 11  5  7 14 26 39 51 54 48 37 24 12  3  2  9 21 37 54 6825 3 1K51149 54999999999999999999999 613  51739  199999999999999
 75 71 60 46 32 19 11 11 16 26 38 51 59 57 48 35 21  9  1  1  9 21 36 5225 3 2K5 0 5 751219 5999999999999999 632 101827  099999999999999
 63 66 60 50 38 26 18 15 20 28 38 50 61 64 59 48 35 21  9  3  4 11 21 3425 3 3K5 046 661252 6499999999999999 649 151918  299999999999999
 46 54 54 47 39 31 23 20 23 30 39 49 59 66 66 59 48 36 23 13  8  9 14 2125 3 4K5 126 551327 6799999999999999 7 3 202015  899999999999999
 30 39 42 41 36 31 26 23 25 31 40 48 56 64 67 65 58 49 39 28 19 15 14 1625 3 5K5 2 8 4214 6 6799999999999999 711 232135 1499999999999999
 20 25 29 31 29 27 25 24 26 31 38 46 53 59 63 65 63 59 52 43 34 26 22 1925 3 6K5 252 311457 6599999999999999 7 1 24999999999999999999999
 17 18 19 21 22 22 22 24 26 30 36 42 48 52 57 60 62 62 60 55 48 41 33 2725 3 7K51630 62999999999999999999999 021 17999999999999999999999
 21 17 15 14 15 17 19 22 25 29 33 37 42 45 48 52 56 59 62 62 59 53 46 3725 3 8K51838 62999999999999999999999 248 14999999999999999999999
 28 21 15 11 11 13 16 21 26 29 32 34 36 37 39 42 46 52 58 63 65 63 57 4825 3 9K520 0 65999999999999999999999 345 11999999999999999999999
 37 27 18 12  9 10 14 21 27 31 33 33 32 31 31 32 36 42 50 59 66 68 65 5725 310K51027 332056 6899999999999999 416  91342 3199999999999999
 46 34 23 15 10 10 13 20 28 34 36 35 32 28 25 24 26 32 40 51 61 68 69 6425 311K510 4 372138 7099999999999999 437  91447 2499999999999999
 54 41 29 18 12 10 13 19 28 37 41 40 35 28 22 18 18 22 30 41 53 64 70 6825 312K51014 412215 7099999999999999 453 101531 1799999999999999
 60 48 35 23 14 11 13 19 28 38 45 46 40 32 24 16 13 15 21 31 44 57 67 6925 313K51034 462248 6999999999999999 5 6 111611 1399999999999999
 64 53 41 28 17 12 13 19 28 38 48 51 47 38 28 19 12 10 14 22 34 47 59 6625 314K51056 512319 6799999999999999 519 121649  999999999999999
 65 56 45 33 21 14 14 19 28 38 49 55 54 46 35 24 14  9  9 15 25 37 50 6025 315K51120 562349 6399999999999999 535 131726  899999999999999
 62 57 48 37 26 18 15 19 28 38 49 58 59 53 43 31 20 12  8 11 19 29 41 5125 316K51143 60999999999999999999999 551 1518 3  899999999999999
 57 56 49 39 30 21 17 20 28 38 49 58 63 60 51 40 28 18 11 11 15 23 32 4225 317K5 018 5712 6 6399999999999999 6 6 171839 1099999999999999
 50 51 47 40 32 24 20 21 28 38 48 58 64 64 58 48 37 26 18 14 15 20 27 3425 318K5 046 521230 6599999999999999 620 191915 1399999999999999
 42 45 44 39 33 27 22 22 27 37 47 56 63 66 62 54 45 35 26 20 18 20 24 2925 319K5 113 451256 6699999999999999 633 211955 1899999999999999
 34 38 39 36 32 28 24 23 27 35 44 53 60 65 64 59 51 43 34 27 23 22 24 2625 320K5 140 391325 6599999999999999 644 232044 2299999999999999
 29 32 33 33 30 28 26 25 27 33 41 49 56 61 63 61 56 50 43 36 30 27 26 2625 321K5 2 9 3314 2 6399999999999999 649 252332 2699999999999999
 26 26 27 28 27 27 26 27 28 32 38 44 50 55 59 60 58 55 50 45 39 34 31 2825 322K5 252 281457 6099999999999999 6 7 26999999999999999999999
 25 23 22 22 23 24 26 28 30 32 35 40 44 48 52 55 57 58 56 53 48 42 37 3125 323K51638 58999999999999999999999 223 22999999999999999999999
 26 22 18 17 18 21 24 28 31 33 35 36 38 40 43 48 52 56 59 59 57 52 45 3825 324K51839 60999999999999999999999 3 5 17999999999999999999999
 30 22 17 13 13 16 22 28 33 36 36 35 33 32 34 37 43 50 57 63 65 62 56 4625 325K5 934 361957 6599999999999999 334 131250 3299999999999999
 36 26 17 12 10 12 18 26 34 39 40 36 31 27 25 26 31 40 50 60 67 70 66 5725 326K5 934 402053 7099999999999999 358 101410 2599999999999999
 45 33 21 13  9  9 15 24 35 43 46 42 34 26 19 16 18 26 37 50 63 72 73 6725 327K5 951 462140 7499999999999999 421  815 6 1699999999999999
 55 42 28 17 10  9 13 23 35 46 53 51 42 31 19 11  7 11 21 35 51 65 74 7325 328K51015 532225 7599999999999999 441  91557  799999999999999
 64 51 37 24 15 11 14 22 34 48 58 60 53 41 27 13  4  1  7 18 34 51 65 7225 329K51042 6123 8 7299999999999999 5 0 111647  199999999999999
 68 58 46 33 21 15 16 23 34 48 61 69 66 54 39 23  9 -1 -2  5 17 33 49 6225 330K51113 692350 6699999999999999 520 151736 -399999999999999
 66 60 50 39 28 21 19 25 35 47 61 72 75 68 55 39 22  7 -1 -1  6 17 31 4625 331K51146 75999999999999999999999 539 191827 -299999999999999
 55 56 50 42 33 26 23 27 36 47 59 71 79 77 68 54 39 22  9  2  3  9 18 3025 4 1K5 033 571222 7999999999999999 557 231922  299999999999999
 41 46 45 40 34 29 26 28 35 46 56 67 76 80 76 67 55 40 25 14  9  9 12 1925 4 2K5 116 4613 0 8099999999999999 611 262027  999999999999999
 27 34 36 35 32 29 27 28 34 43 53 61 70 76 77 73 65 55 43 31 22 17 15 1625 4 3K5 2 1 361343 7799999999999999 617 272212 1599999999999999
 19 24 27 28 28 27 27 28 32 39 48 55 62 67 71 72 69 64 56 47 37 29 24 2025 4 4K5 259 281442 7299999999999999 542 27999999999999999999999
 19 19 20 22 23 24 26 28 31 36 42 48 53 57 61 64 66 66 63 58 50 42 35 2925 4 5K51624 66999999999999999999999 024 18999999999999999999999
 23 19 18 18 20 22 25 28 31 35 38 42 45 48 50 54 58 62 64 63 60 53 46 3725 4 6K51820 64999999999999999999999 213 18999999999999999999999
 30 23 19 18 19 22 26 30 33 36 37 38 38 39 40 43 48 54 59 63 64 60 54 4525 4 7K51939 64999999999999999999999 3 5 18999999999999999999999
 36 28 22 19 19 21 27 32 37 39 39 37 35 33 32 33 37 44 51 59 64 64 59 5225 4 8K5 923 392033 6499999999999999 331 181353 3299999999999999
 42 33 25 20 19 22 27 34 41 44 43 40 35 30 26 25 28 34 42 51 60 64 63 5625 4 9K5 919 442114 6499999999999999 345 191444 2599999999999999
 47 37 28 22 20 22 28 36 44 49 50 45 38 31 24 20 20 25 32 42 53 61 63 5925 410K5 934 502150 6499999999999999 354 201526 1999999999999999
 51 41 31 23 20 22 28 36 46 54 57 53 45 35 25 18 15 17 24 33 44 55 62 6125 411K5 955 572223 6299999999999999 4 6 2016 5 1599999999999999
 54 45 35 26 21 22 28 36 46 56 62 61 53 42 31 20 14 12 17 25 35 47 57 6025 412K51019 622255 6099999999999999 422 211643 1299999999999999
 56 48 39 29 23 22 27 36 47 57 66 67 61 51 38 26 16 11 12 18 27 39 50 5625 413K51043 672327 5799999999999999 440 221720 1199999999999999
 56 50 42 33 26 23 27 35 46 58 67 72 69 59 47 34 22 14 11 14 21 31 42 5025 414K511 7 722358 5399999999999999 458 231757 1199999999999999
 53 50 44 36 29 25 26 34 45 56 67 74 74 67 56 43 31 20 14 13 18 25 34 4325 415K51131 75999999999999999999999 516 251833 1399999999999999
 49 49 44 38 32 27 27 33 43 54 65 74 77 73 63 52 40 28 20 16 17 22 29 3625 416K5 028 491157 7799999999999999 534 261910 1699999999999999
 43 45 43 39 34 29 28 32 40 51 62 71 76 76 69 59 48 37 28 21 20 22 26 3125 417K5 059 451225 7799999999999999 551 281951 2099999999999999
 36 40 40 38 35 31 29 31 38 47 57 66 73 75 72 65 56 46 36 29 25 24 25 2825 418K5 133 411258 7599999999999999 6 7 292045 2499999999999999
 31 34 36 36 34 32 31 32 36 43 52 60 67 71 72 68 62 54 46 37 32 28 27 2725 419K5 217 361339 7299999999999999 618 312257 2799999999999999
 27 29 31 32 33 33 32 33 35 40 47 53 59 64 67 68 65 60 54 47 40 34 31 2825 420K51439 689999999999999999999999999999999999999999999999999
 26 25 26 28 30 32 34 35 36 38 42 46 51 55 59 63 65 64 61 56 49 42 36 3125 421K51614 65999999999999999999999 058 25999999999999999999999
 26 23 22 23 26 31 34 37 39 39 39 40 42 45 49 54 59 63 64 63 58 51 44 3625 422K518 1 64999999999999999999999 158 22999999999999999999999
 29 24 20 20 23 29 35 40 43 43 41 38 35 35 37 42 49 56 63 66 66 61 53 4325 423K5 825 431923 6799999999999999 233 201240 3599999999999999
 34 26 21 19 21 27 35 43 49 49 46 40 33 28 26 28 35 44 54 63 68 68 62 5225 424K5 840 502025 6999999999999999 258 191357 2699999999999999
 42 32 24 20 21 26 35 45 54 58 55 47 37 27 19 17 20 28 39 52 63 69 68 6025 425K5 9 4 582118 7099999999999999 319 201456 1799999999999999
 50 39 29 23 23 27 35 46 58 66 67 59 47 33 20 11  9 13 23 36 51 63 68 6525 426K5 934 6822 7 6899999999999999 339 221550  999999999999999
 57 46 36 28 25 28 36 47 60 72 77 73 62 46 30 15  5  3  9 19 33 49 61 6425 427K510 6 772253 6499999999999999 4 0 251643  399999999999999
 60 51 42 34 28 29 36 46 59 73 83 85 77 63 46 28 12  2  1  7 18 32 47 5625 428K51042 862340 5899999999999999 424 281737  199999999999999
 58 53 46 38 32 30 35 45 57 70 83 90 89 78 63 45 27 12  4  3  8 18 31 4425 429K51120 91999999999999999999999 447 301833  299999999999999
 50 50 46 40 35 32 34 42 54 66 78 89 93 89 78 63 46 29 15  8  8 12 20 3025 430K5 026 5112 1 9399999999999999 510 321934  799999999999999
 40 44 43 40 36 33 33 39 49 60 71 81 89 91 86 76 63 47 32 20 15 14 16 2225 5 1K5 115 441246 9199999999999999 529 332047 1499999999999999
 30 36 38 37 36 34 33 37 44 54 63 72 80 85 86 81 73 62 49 36 27 22 20 2125 5 2K5 2 8 381337 8699999999999999 542 332215 2099999999999999
 24 29 33 34 34 34 34 36 40 47 55 62 69 75 79 79 76 70 61 51 41 33 28 2525 5 3K5 321 341441 7999999999999999 535 342344 2599999999999999
 25 26 29 32 33 34 35 36 39 43 48 54 58 63 67 71 73 71 67 60 52 44 37 3225 5 4K516 4 739999999999999999999999999999999999999999999999999
 29 27 28 31 33 35 37 38 40 42 44 47 49 52 56 60 64 67 67 64 59 52 45 3825 5 5K51734 67999999999999999999999 1 1 27999999999999999999999
 33 30 29 31 34 37 40 42 43 44 43 43 43 44 46 49 54 59 63 64 62 57 51 4425 5 6K5 844 441854 6499999999999999 150 291136 4399999999999999
 37 33 31 32 35 39 44 47 49 48 46 43 40 38 37 39 44 50 56 60 62 60 54 4725 5 7K5 812 491955 6299999999999999 214 311338 3799999999999999
 41 35 32 32 35 40 46 52 55 55 52 46 40 35 32 32 35 40 47 54 59 60 57 5125 5 8K5 827 562043 6099999999999999 227 321433 3199999999999999
 44 37 33 32 35 41 48 55 61 62 59 53 44 36 30 26 27 32 38 47 54 59 58 5425 5 9K5 850 622123 5999999999999999 241 321518 2699999999999999
 47 40 34 32 34 40 48 57 65 69 67 61 51 41 31 25 22 24 30 38 48 55 58 5625 510K5 915 6922 1 5899999999999999 259 321559 2299999999999999
 50 43 36 32 33 39 47 57 67 73 75 69 60 48 37 27 21 20 24 31 40 50 56 5725 511K5 941 752237 5799999999999999 321 321639 1999999999999999
 53 46 39 34 33 37 46 56 67 76 80 77 69 57 44 32 23 18 19 25 33 43 52 5625 512K510 8 802312 5699999999999999 345 331718 1899999999999999
 54 49 43 37 34 36 43 54 66 76 83 84 77 66 53 40 28 20 18 21 27 36 46 5325 513K51035 842346 5499999999999999 4 9 341756 1899999999999999
 54 51 46 40 35 35 41 51 63 74 83 87 84 75 63 50 36 26 20 20 24 31 39 4825 514K511 4 87999999999999999999999 433 351834 2099999999999999
 52 51 47 42 38 36 39 47 58 70 80 87 88 82 71 59 46 34 25 22 23 27 34 4225 515K5 021 521135 8899999999999999 457 361914 2299999999999999
 48 50 48 44 40 37 38 44 54 65 75 84 88 86 78 67 55 43 33 27 25 26 30 3625 516K5 058 501210 8899999999999999 522 3620 0 2599999999999999
 42 46 47 45 42 39 38 41 49 59 69 78 84 86 82 74 64 53 42 34 29 28 29 3225 517K5 140 471250 8699999999999999 547 382058 2899999999999999
 37 41 44 44 43 41 39 40 45 53 61 70 77 81 82 78 71 61 51 42 35 31 30 3025 518K5 234 441338 8299999999999999 614 392219 3099999999999999
 33 36 40 43 43 43 41 41 43 47 54 61 68 73 77 78 75 68 60 51 43 37 33 3125 519K5 355 431439 7899999999999999 647 412339 3199999999999999
 31 33 36 40 43 45 45 44 44 45 48 52 57 63 68 72 74 72 67 59 51 44 38 3425 520K5 534 451557 7499999999999999 754 44999999999999999999999
 32 31 34 38 43 47 49 49 48 46 44 45 47 50 56 62 67 70 70 66 59 52 44 3825 521K5 634 491724 7099999999999999 036 311019 4499999999999999
 34 32 33 37 42 48 53 56 55 51 46 42 39 39 42 48 55 62 67 68 65 59 52 4425 522K5 710 561849 6899999999999999 113 321226 3999999999999999
 38 35 34 37 42 50 57 63 64 60 53 45 37 32 31 34 40 49 58 64 67 64 58 5125 523K5 744 6420 0 6799999999999999 140 341345 3199999999999999
 43 38 36 38 43 51 60 69 74 72 65 54 42 31 24 22 26 33 43 54 62 65 63 5625 524K5 819 7421 1 6599999999999999 2 5 361450 2299999999999999
 49 43 38 38 43 51 61 71 81 84 80 69 55 40 26 18 16 20 28 39 51 60 63 6025 525K5 857 842156 6399999999999999 231 381550 1699999999999999
 54 47 42 39 42 49 59 71 83 92 93 85 71 55 38 23 14 12 16 24 36 49 58 6025 526K5 937 932248 6099999999999999 3 0 391648 1299999999999999
 56 51 45 41 41 46 56 68 80 92100 98 88 73 55 37 21 12 10 14 23 35 48 5525 527K510201002338 5699999999999999 332 401746 1099999999999999
 56 53 48 43 41 43 51 62 75 87 99104100 89 73 55 37 22 14 12 16 24 36 4725 528K511 5104999999999999999999999 4 4 411845 1299999999999999
 52 52 49 45 41 41 46 55 67 79 91101104 99 88 73 55 38 24 18 17 20 28 3825 529K5 027 53115310499999999999999 437 411944 1699999999999999
 46 50 49 46 43 40 42 49 59 70 81 91 99100 95 85 71 55 39 29 23 23 26 3225 530K5 112 50124310199999999999999 5 9 402042 2299999999999999
 40 46 48 46 44 41 41 44 51 61 70 79 88 94 95 89 80 68 54 42 33 29 29 3125 531K5 156 481335 9599999999999999 541 412141 2999999999999999
 37 43 47 47 46 43 42 43 47 53 61 68 76 83 87 87 83 75 64 53 44 38 35 3525 6 1K5 239 471429 8899999999999999 614 422236 3499999999999999
 37 41 46 48 48 47 45 45 46 49 54 59 65 70 76 79 79 75 69 61 52 45 41 3925 6 2K5 327 481526 8099999999999999 656 452324 3999999999999999
 39 42 45 49 51 51 50 49 48 48 50 53 56 60 64 69 71 71 69 64 57 51 46 4325 6 3K5 429 511630 7299999999999999 811 482359 4299999999999999
 42 43 46 50 53 55 55 54 53 51 50 49 50 51 54 58 62 65 65 64 60 55 50 4625 6 4K5 546 551746 659999999999999911 1 49999999999999999999999
 44 44 46 50 55 58 61 61 60 57 53 50 47 46 46 49 52 56 60 61 60 57 52 4825 6 5K5 645 6119 6 6199999999999999 024 441315 4699999999999999
 45 44 46 50 55 61 65 68 68 65 60 53 48 43 41 41 44 48 53 57 59 58 55 5025 6 6K5 727 682011 5999999999999999 049 441424 4199999999999999
 47 44 45 49 54 61 68 73 75 73 68 60 52 44 38 36 37 40 46 52 56 58 57 5325 6 7K5 8 2 7521 4 5899999999999999 118 441516 3699999999999999
 49 45 44 47 52 60 68 75 80 80 76 68 59 48 40 34 32 34 38 45 52 57 58 5625 6 8K5 835 812149 5899999999999999 150 4416 1 3299999999999999
 52 47 44 45 50 57 67 76 83 86 84 77 67 56 44 35 30 29 32 39 47 54 58 5825 6 9K5 9 7 862230 5999999999999999 223 441643 2999999999999999
 55 50 46 44 47 54 63 74 84 90 91 86 76 64 52 40 32 28 28 33 40 49 56 5925 610K5 940 9123 7 5999999999999999 256 441722 2799999999999999
 58 53 48 45 45 50 59 70 81 90 95 93 85 74 61 48 36 29 27 29 35 43 52 5825 611K51013 952343 5999999999999999 329 4418 1 2799999999999999
 59 56 51 46 44 47 54 65 77 88 95 97 93 83 71 57 44 34 28 27 31 38 47 5525 612K51049 98999999999999999999999 4 2 441840 2799999999999999
 58 58 54 49 45 45 49 59 71 82 92 98 98 91 80 67 53 41 32 29 29 34 41 5025 613K5 018 591127 9999999999999999 435 441920 2899999999999999
 56 58 56 51 47 44 46 53 63 75 86 95 99 96 88 76 63 50 39 32 30 32 37 4425 614K5 055 5812 8 9999999999999999 5 9 4420 1 3099999999999999
 52 56 56 54 49 46 45 48 56 66 77 87 94 97 93 84 72 59 47 38 34 33 35 4025 615K5 134 571252 9799999999999999 546 442044 3399999999999999
 47 53 56 55 52 49 46 46 50 58 68 77 86 92 93 88 79 68 56 46 39 36 36 3925 616K5 217 561340 9399999999999999 629 452129 3699999999999999
 43 50 55 57 56 53 49 47 47 51 58 66 74 82 87 87 82 74 64 54 46 41 39 4025 617K5 3 6 571434 8799999999999999 724 472212 3999999999999999
 42 47 53 58 59 58 55 52 49 48 51 56 62 69 75 80 80 76 70 61 53 47 43 4325 618K5 4 3 591535 8199999999999999 840 482252 4399999999999999
 44 47 52 58 62 64 63 59 55 50 48 48 51 55 61 68 72 73 71 66 59 53 48 4625 619K5 5 4 641649 73999999999999991025 482327 4699999999999999
 46 48 52 58 64 69 71 69 64 58 51 46 44 44 48 53 59 65 67 67 63 58 53 5025 620K5 6 1 711819 67999999999999991217 44999999999999999999999
 49 50 53 59 65 72 78 79 77 70 60 51 43 38 37 40 45 52 58 62 64 61 57 5425 621K5 653 791948 6499999999999999 0 2 491346 3799999999999999
 51 51 53 58 65 73 81 87 88 84 74 62 50 40 33 31 33 38 45 53 59 62 60 5725 622K5 743 8821 2 6299999999999999 040 5015 0 3199999999999999
 54 51 52 56 62 71 81 90 96 96 90 78 64 49 36 28 25 27 33 41 51 58 61 5925 623K5 833 9722 4 6199999999999999 122 5116 6 2599999999999999
 56 53 51 52 58 66 76 87 98104103 94 81 65 48 34 25 22 24 30 40 51 58 6025 624K5 9231042255 6099999999999999 2 8 5117 6 2299999999999999
 58 55 51 50 52 59 69 81 93104109107 97 82 65 47 32 24 21 24 31 42 53 5925 625K510131092337 6099999999999999 255 501759 2199999999999999
 60 57 52 49 48 52 61 72 84 96107112108 97 81 63 46 32 24 23 26 35 46 5525 626K511 3112999999999999999999999 342 481848 2399999999999999
 60 59 55 50 47 47 52 62 73 86 98108111106 94 79 61 45 33 27 27 32 40 5125 627K5 014 60115111199999999999999 428 461932 2799999999999999
 58 60 57 52 48 45 47 53 63 74 86 98106107100 89 74 58 44 35 32 33 39 4725 628K5 049 60123710799999999999999 512 452010 3299999999999999
 56 60 60 56 51 47 45 48 55 64 75 85 95101100 93 82 69 55 45 39 38 41 4625 629K5 121 61132110199999999999999 554 452043 3899999999999999
 54 60 62 59 55 51 47 47 50 57 65 74 82 90 93 90 83 74 63 53 46 43 44 4825 630K5 153 6214 2 9399999999999999 638 4721 8 4399999999999999
 53 59 63 63 60 56 52 50 50 53 59 65 71 78 83 84 80 74 66 58 51 48 48 5025 7 1K5 227 641443 8499999999999999 728 492129 4899999999999999
 54 60 64 66 65 62 58 55 53 53 55 58 62 67 72 75 74 71 67 61 55 51 50 5225 7 2K5 3 7 661526 7599999999999999 831 532150 5099999999999999
 55 60 65 68 69 68 66 62 59 56 55 55 57 59 62 65 67 66 64 61 57 54 52 5325 7 3K5 357 691623 67999999999999991016 552216 5299999999999999
 55 59 64 69 72 73 73 70 67 63 59 56 54 53 54 56 58 60 61 60 58 56 54 5325 7 4K5 5 4 7318 2 61999999999999991257 532252 5399999999999999
 55 58 62 68 73 76 78 78 75 70 65 59 54 51 49 49 51 53 56 58 59 58 56 5525 7 5K5 616 781955 59999999999999991426 492343 5499999999999999
 54 56 60 65 71 77 81 83 83 79 73 66 58 51 46 44 44 47 51 55 58 59 59 5725 7 6K5 713 8321 8 59999999999999991525 44999999999999999999999
 55 55 57 61 68 75 82 87 89 87 82 74 64 55 47 42 40 41 45 50 56 60 61 5925 7 7K5 8 0 892154 6199999999999999 041 5416 9 4099999999999999
 57 54 54 57 63 71 80 87 92 93 90 82 72 61 51 43 38 37 39 45 52 58 62 6225 7 8K5 843 932231 6299999999999999 134 541648 3699999999999999
 59 56 53 54 58 66 75 85 93 98 97 91 82 70 57 46 38 34 35 39 47 55 61 6425 7 9K5 923 9823 2 6499999999999999 221 531725 3499999999999999
 62 58 54 51 53 60 69 80 91 99102 99 91 79 66 53 42 35 32 35 41 50 59 6425 710K510 31022332 6599999999999999 3 4 5118 0 3299999999999999
 64 61 55 51 50 53 62 73 85 96103105100 89 76 61 48 38 33 32 37 45 55 6325 711K51043105999999999999999999999 346 501834 3299999999999999
 66 63 58 52 48 49 54 64 77 89100107106 98 86 71 56 44 36 32 34 40 50 5925 712K5 0 2 66112410799999999999999 428 4819 7 3299999999999999
 65 66 62 55 50 46 48 56 67 79 92102107104 94 81 66 52 41 35 35 38 45 5525 713K5 034 6612 610799999999999999 511 461938 3499999999999999
 64 67 65 60 53 48 45 49 57 68 81 93102104 99 88 75 61 49 40 38 39 44 5225 714K5 1 6 67124810499999999999999 557 4520 6 3899999999999999
 61 67 69 65 59 52 47 46 50 58 69 80 90 98 98 91 81 69 57 47 42 42 45 5125 715K5 141 691332 9999999999999999 647 462031 4299999999999999
 59 67 71 70 66 59 53 48 47 51 58 67 76 85 90 89 82 73 64 55 48 47 49 5325 716K5 219 711418 9099999999999999 743 472054 4799999999999999
 59 66 72 75 73 68 62 55 50 48 51 56 63 70 77 80 79 74 67 60 54 51 52 5525 717K5 3 3 751510 8099999999999999 851 482115 5199999999999999
 60 66 72 77 79 77 72 66 58 53 50 50 52 57 62 67 70 69 66 62 58 55 55 5725 718K5 356 791617 70999999999999991024 492136 5599999999999999
 61 66 72 78 82 84 82 78 71 63 55 50 48 48 50 54 58 61 62 61 60 58 57 5825 719K5 5 2 8418 9 62999999999999991231 472159 5799999999999999
 61 65 70 76 82 87 90 89 84 76 67 57 49 44 42 43 45 50 54 58 59 59 59 5925 720K5 616 902031 59999999999999991417 422239 5899999999999999
 60 62 67 72 79 86 92 96 96 90 81 70 58 48 40 37 36 39 45 51 56 59 60 5925 721K5 725 972151 60999999999999991535 36999999999999999999999
 59 59 62 66 73 81 89 97102102 96 85 71 57 45 37 32 32 36 43 52 58 61 6125 722K5 8271032224 6199999999999999 014 591632 3299999999999999
 59 57 57 59 64 72 82 93102108107100 87 71 56 42 33 30 31 36 45 55 61 6325 723K5 9231092251 6399999999999999 142 571717 2999999999999999
 61 57 54 53 56 62 72 83 95106112110100 86 69 53 40 32 29 32 40 50 60 6525 724K510141122318 6599999999999999 249 531756 2999999999999999
 64 59 54 50 49 53 61 72 85 98109113109 98 82 65 49 38 32 32 37 46 57 6525 725K511 01132345 6799999999999999 344 491829 3199999999999999
 67 63 57 51 47 47 52 61 73 86100110111105 92 77 60 46 37 35 37 44 54 6425 726K51142112999999999999999999999 433 461857 3599999999999999
 69 68 62 54 48 44 46 52 63 75 88100107105 97 84 70 55 44 39 40 45 53 6325 727K5 014 70122110799999999999999 517 441920 3999999999999999
 70 72 67 60 52 47 44 47 55 65 76 88 97100 96 87 75 63 51 45 44 47 54 6225 728K5 042 72125610099999999999999 6 0 441938 4399999999999999
 70 74 72 66 59 52 47 46 50 58 67 76 85 91 91 85 77 67 57 50 47 50 55 6225 729K5 110 741329 9299999999999999 642 461954 4799999999999999
 70 75 76 72 65 59 53 49 50 54 60 67 74 80 83 81 75 67 60 53 51 52 57 6325 730K5 138 7614 1 8399999999999999 727 4920 9 5099999999999999
 70 76 78 77 72 66 61 56 53 54 57 61 65 70 73 74 71 66 61 56 53 54 57 6325 731K5 2 9 791432 7499999999999999 819 532022 5399999999999999
 69 75 79 80 78 74 69 64 59 57 57 58 60 62 64 66 65 63 60 57 55 55 57 6225 8 1K5 247 8015 9 6699999999999999 937 572034 5599999999999999
 67 73 78 81 81 79 76 72 67 63 60 58 57 56 57 58 59 59 58 57 57 56 58 6025 8 2K5 339 821623 59999999999999991250 562043 5699999999999999
 65 70 75 79 82 83 82 79 76 71 66 61 57 54 52 52 52 54 55 57 58 58 58 6025 8 3K5 455 839999999999999999999991443 52999999999999999999999
 62 66 70 75 80 84 86 86 83 79 73 66 60 54 49 47 47 49 52 55 58 60 60 6025 8 4K5 624 869999999999999999999991534 46999999999999999999999
 60 62 65 70 76 82 87 90 90 87 81 74 65 57 49 44 42 43 47 52 57 61 62 6125 8 5K5 733 9022 3 62999999999999991610 42999999999999999999999
 60 59 60 64 70 77 85 91 94 94 90 82 72 62 52 44 39 38 42 48 55 61 64 6425 8 6K5 827 952222 6499999999999999 1 0 591642 3899999999999999
 61 57 56 57 62 70 79 89 96 99 98 91 81 69 57 46 39 35 37 42 51 59 65 6625 8 7K5 9131002243 6699999999999999 2 3 561712 3599999999999999
 63 58 54 52 55 61 71 83 94102104100 91 78 64 51 41 34 33 38 46 56 65 6825 8 8K5 95510423 7 6899999999999999 255 521741 3399999999999999
 66 60 54 49 48 52 62 74 87 99106107100 88 73 58 45 36 33 34 41 52 63 7025 8 9K510351082333 7199999999999999 342 4818 8 3399999999999999
 70 65 57 49 45 45 51 62 76 90103109107 97 83 67 53 41 34 34 39 48 59 7025 810K51115109999999999999999999999 428 441833 3499999999999999
 74 70 62 53 45 41 43 51 63 78 92104108102 91 76 61 48 39 36 39 46 57 6825 811K5 0 1 74115510899999999999999 515 411855 3699999999999999
 76 76 70 60 51 43 39 42 52 64 78 92101102 95 83 69 56 46 41 42 48 56 6725 812K5 031 77123510399999999999999 6 3 391915 4099999999999999
 76 81 77 69 59 50 42 39 43 52 64 76 88 94 92 84 74 63 53 46 46 50 57 6625 813K5 1 3 811316 9499999999999999 653 391933 4599999999999999
 76 83 83 78 70 60 50 43 41 45 52 61 72 80 84 80 74 66 58 52 50 53 60 6725 814K5 137 841359 8499999999999999 747 411949 5099999999999999
 75 82 87 85 80 72 63 53 47 45 47 51 58 65 70 71 69 64 59 55 53 55 61 6725 815K5 216 871446 7299999999999999 853 4520 0 5399999999999999
 74 81 86 89 87 82 76 67 58 52 48 48 49 52 56 59 60 59 58 56 55 57 61 6625 816K5 3 5 891551 60999999999999991046 481958 5599999999999999
 72 78 83 88 90 89 86 80 72 64 56 51 47 46 46 48 50 52 53 55 56 57 60 6425 817K5 419 909999999999999999999991320 46999999999999999999999
 68 73 78 83 87 91 93 91 86 78 69 60 52 45 41 40 41 44 48 52 55 57 59 6125 818K5 6 2 9399999999999999999999915 1 40999999999999999999999
 63 67 70 75 81 87 93 96 96 92 83 72 61 50 42 37 36 37 42 48 54 58 59 6025 819K5 728 979999999999999999999991557 36999999999999999999999
 60 60 62 66 71 79 87 95101101 95 85 73 59 47 39 34 34 37 45 53 59 61 6125 820K5 8331022213 61999999999999991635 33999999999999999999999
 58 56 55 56 61 68 78 89 99105104 97 84 70 55 43 35 33 35 41 50 59 64 6425 821K5 9241052225 6599999999999999 159 5517 5 3399999999999999
 60 55 51 49 51 57 66 78 91102107104 94 80 65 50 39 34 34 39 48 58 66 6825 822K510 81072246 6899999999999999 3 1 491729 3399999999999999
 64 57 50 45 44 47 55 67 80 93104106100 88 74 58 45 37 35 39 46 57 67 7225 823K510471072310 7299999999999999 350 431749 3599999999999999
 70 63 54 46 41 40 46 56 68 82 95103102 93 80 66 52 42 38 40 46 56 67 7525 824K511231042336 7699999999999999 434 4018 6 3899999999999999
 75 69 60 51 43 38 40 47 58 70 84 95 98 94 84 71 58 47 41 42 47 56 66 7525 825K51156 98999999999999999999999 515 381823 4199999999999999
 79 76 67 57 48 41 38 42 50 61 72 84 91 90 83 73 62 52 45 44 49 57 66 7525 826K5 0 2 791227 9299999999999999 555 381838 4499999999999999
 81 81 74 65 55 47 41 41 46 54 63 73 81 84 80 73 64 55 48 46 50 57 66 7525 827K5 027 821257 8499999999999999 635 401853 4699999999999999
 82 84 80 72 63 55 48 44 45 50 56 64 71 75 75 70 63 57 51 48 51 57 66 7425 828K5 053 841325 7599999999999999 716 4419 5 4899999999999999
 81 85 84 79 71 63 56 50 48 49 53 57 62 66 68 65 61 57 53 50 51 57 64 7225 829K5 120 851352 6899999999999999 8 2 481914 5099999999999999
 79 84 85 83 77 71 64 58 54 52 53 54 56 59 60 60 58 55 53 52 52 56 62 6925 830K5 151 861419 6099999999999999 9 6 521918 5299999999999999
 75 81 84 84 81 77 72 66 61 58 56 54 53 53 54 54 53 53 53 53 53 56 60 6525 831K5 233 849999999999999999999991833 53999999999999999999999
 71 76 80 82 83 81 78 74 69 65 60 57 53 50 49 48 49 50 51 53 55 56 59 6225 9 1K5 338 839999999999999999999991453 48999999999999999999999
 66 69 74 78 81 82 82 81 77 73 67 61 55 49 45 43 43 45 49 52 56 58 59 6025 9 2K5 528 839999999999999999999991525 43999999999999999999999
 61 63 66 71 76 81 84 85 84 81 75 67 59 51 44 40 39 41 45 51 56 59 60 5925 9 3K5 7 5 852153 60999999999999991551 39999999999999999999999
 58 57 59 63 69 76 82 88 90 88 83 75 64 54 45 38 35 36 41 48 55 61 62 6025 9 4K5 8 7 902156 6299999999999999 044 571617 3599999999999999
 57 53 52 54 59 67 77 86 93 95 92 83 72 60 48 39 33 32 36 44 53 61 65 6425 9 5K5 855 952211 6599999999999999 158 521641 3299999999999999
 58 52 47 46 49 57 67 79 91 98 99 93 81 68 54 42 34 30 33 40 50 61 68 6825 9 6K5 937 992231 6999999999999999 251 4617 4 3099999999999999
 63 54 46 40 40 45 55 68 82 95102100 90 77 62 48 37 31 32 37 48 60 70 7425 9 7K510181022256 7499999999999999 339 391724 3199999999999999
 70 60 50 40 34 34 42 54 69 85 97102 97 85 71 56 43 34 33 37 46 58 71 7925 9 8K510581022324 8099999999999999 426 331744 3399999999999999
 78 69 57 45 35 29 31 40 54 69 85 96 97 90 77 64 50 40 36 39 47 57 70 8125 9 9K51138 982354 8599999999999999 514 2918 3 3699999999999999
 85 80 68 55 42 31 27 31 40 53 68 82 90 89 80 69 57 47 41 42 49 58 69 8125 910K51219 91999999999999999999999 6 2 271821 4099999999999999
 89 88 80 68 54 41 31 28 32 41 52 65 76 80 77 69 60 52 46 45 50 59 69 7925 911K5 026 9013 0 8099999999999999 653 281838 4599999999999999
 89 93 89 80 68 56 43 34 32 35 42 50 60 67 68 65 59 54 49 48 51 59 68 7725 912K5 1 1 931343 6999999999999999 750 321850 4899999999999999
 86 92 93 89 80 70 59 47 40 38 39 42 47 53 57 57 54 52 50 49 52 58 66 7425 913K5 141 931431 5799999999999999 9 7 381850 4999999999999999
 81 87 91 91 88 82 73 63 54 47 43 41 41 42 45 47 48 48 48 49 51 56 62 6925 914K5 232 929999999999999999999991140 41999999999999999999999
 75 80 84 88 89 88 84 78 69 60 53 47 42 39 38 39 41 43 45 48 51 54 58 6325 915K5 359 899999999999999999999991350 38999999999999999999999
 67 71 75 79 83 87 88 87 82 74 65 56 47 40 36 34 35 38 43 47 51 54 56 5825 916K5 6 3 8899999999999999999999915 4 34999999999999999999999
 60 62 64 68 74 80 86 90 90 85 77 67 56 46 38 33 32 35 41 47 52 55 56 5625 917K5 728 902158 56999999999999991543 32999999999999999999999
 54 54 54 57 62 70 79 87 92 92 86 76 64 52 42 35 32 34 39 46 54 58 59 5725 918K5 827 932138 5999999999999999 1 8 5416 9 3299999999999999
 53 49 46 47 51 58 68 79 89 94 92 84 72 59 47 38 33 34 38 46 55 62 64 6125 919K5 913 942150 6499999999999999 220 461627 3399999999999999
 55 48 42 40 41 47 57 68 81 90 93 88 78 65 52 41 35 34 38 45 55 65 69 6725 920K5 951 932210 6999999999999999 3 8 401640 3499999999999999
 60 51 42 36 34 38 46 57 70 83 90 90 82 70 58 46 37 35 38 45 55 66 73 7425 921K51026 912234 7499999999999999 350 341654 3599999999999999
 67 57 47 37 32 32 37 47 59 72 83 87 83 74 62 50 41 36 38 45 55 65 75 7925 922K51059 872259 7999999999999999 430 311710 3699999999999999
 75 65 53 43 34 29 32 39 49 61 74 81 82 75 65 54 44 38 39 45 55 65 76 8225 923K51131 832323 8399999999999999 5 9 291726 3899999999999999
 81 73 62 50 39 32 30 34 42 52 63 73 77 73 66 57 48 41 40 45 54 65 75 8325 924K512 1 772348 8599999999999999 548 291742 4099999999999999
 85 80 70 58 47 37 32 32 37 45 54 63 69 69 64 57 50 44 41 45 53 64 74 8325 925K51231 70999999999999999999999 626 311757 4199999999999999
 87 85 77 67 56 46 38 35 36 41 48 55 61 64 61 56 51 46 43 45 52 62 72 8025 926K5 012 871259 6499999999999999 7 6 351811 4399999999999999
 86 87 82 73 64 54 46 40 39 41 44 49 54 57 57 54 50 47 44 45 50 59 68 7625 927K5 038 871327 5799999999999999 749 391821 4499999999999999
 83 86 84 78 71 62 54 48 44 43 44 46 48 50 51 50 49 47 45 46 49 56 64 7125 928K5 1 8 861358 5199999999999999 848 431824 4599999999999999
 78 82 83 80 75 69 62 56 51 48 46 45 45 45 46 46 46 46 46 47 49 53 59 6625 929K5 146 839999999999999999999991158 45999999999999999999999
 71 75 78 79 77 74 69 64 58 53 50 46 43 41 41 41 42 44 46 48 50 52 56 6025 930K5 243 7999999999999999999999914 2 41999999999999999999999
 64 68 71 74 76 76 74 71 66 60 55 49 44 39 37 36 38 41 45 48 51 53 54 552510 1K5 428 769999999999999999999991443 36999999999999999999999
 57 59 63 67 71 75 77 76 73 68 61 54 46 39 34 32 33 37 43 49 53 55 54 532510 2K5 621 772115 55999999999999991510 32999999999999999999999
 51 51 53 57 63 70 76 80 80 76 69 60 50 41 34 30 30 33 40 48 55 58 57 532510 3K5 734 802114 5899999999999999 037 511533 2999999999999999
 48 45 43 46 52 61 70 79 84 83 78 68 56 45 36 29 27 30 37 47 57 62 62 572510 4K5 827 842129 6399999999999999 151 431552 2799999999999999
 49 42 36 35 39 48 59 71 82 87 85 76 64 52 40 31 27 29 36 46 58 67 70 652510 5K5 914 872151 7099999999999999 244 351611 2799999999999999
 55 44 34 28 27 33 44 58 72 84 88 83 72 59 46 36 29 30 35 45 57 70 77 752510 6K5 957 882217 7799999999999999 333 271629 2999999999999999
 65 52 38 27 20 21 29 42 57 73 83 85 78 66 54 42 34 31 36 45 57 71 82 852510 7K51040 852248 8599999999999999 422 201649 3199999999999999
 78 64 49 34 21 15 18 27 40 56 71 79 78 70 59 48 39 35 37 45 57 70 83 912510 8K51123 802320 9199999999999999 511 1517 9 3499999999999999
 89 79 64 47 31 19 14 17 26 39 53 66 72 69 61 52 44 38 38 45 56 68 81 912510 9K512 6 722356 9699999999999999 6 2 141730 3799999999999999
 96 90 78 63 47 31 20 16 20 27 37 50 59 62 58 52 47 42 40 45 54 65 77 87251010K51250 62999999999999999999999 657 161747 4099999999999999
 95 96 89 78 64 48 34 24 22 23 28 36 45 51 51 49 46 43 41 44 51 61 71 81251011K5 035 961338 5299999999999999 8 2 221759 4199999999999999
 89 94 93 86 77 65 52 39 31 28 27 29 34 39 43 43 42 42 41 43 48 56 65 73251012K5 120 941440 4399999999999999 943 271745 4199999999999999
 79 85 88 88 84 77 67 56 46 38 34 31 30 32 35 37 38 39 41 43 46 52 58 64251013K5 219 899999999999999999999991145 30999999999999999999999
 69 74 79 82 83 81 77 69 60 51 44 37 32 30 30 32 35 37 40 43 45 49 53 56251014K5 354 839999999999999999999991325 30999999999999999999999
 59 62 66 71 75 78 79 77 71 63 54 46 38 32 30 30 32 36 41 44 47 49 50 51251015K5 546 799999999999999999999991427 29999999999999999999999
 51 52 54 58 64 70 76 78 76 71 63 54 44 37 32 30 31 36 41 47 50 51 50 48251016K5 7 8 782057 519999999999999915 0 30999999999999999999999
 46 44 44 47 52 59 67 74 77 75 69 60 50 41 34 31 32 36 42 49 55 56 54 50251017K5 8 6 772055 5699999999999999 130 441518 3199999999999999
 44 40 37 37 41 48 57 66 73 75 72 64 54 44 36 32 32 36 43 51 59 62 61 55251018K5 851 752111 6399999999999999 224 361528 3299999999999999
 47 39 33 30 32 37 46 56 66 73 72 67 58 48 39 33 32 36 43 52 61 68 68 62251019K5 929 732133 6999999999999999 3 8 301539 3299999999999999
 53 43 34 27 25 29 36 46 57 67 71 68 60 51 41 34 32 35 43 52 62 71 74 70251020K510 4 712158 7499999999999999 348 251554 3299999999999999
 61 50 38 28 23 23 28 37 47 59 66 67 62 54 45 37 33 34 41 51 62 72 79 78251021K51037 682223 7999999999999999 427 221613 3299999999999999
 70 58 45 33 24 20 23 29 39 50 59 64 62 55 47 40 34 34 40 50 61 72 80 83251022K51111 642248 8399999999999999 5 6 201633 3399999999999999
 77 67 54 41 29 22 20 24 32 41 51 59 60 56 49 42 36 34 38 48 59 71 80 85251023K51143 602314 8599999999999999 544 201652 3499999999999999
 83 75 63 50 37 27 22 23 27 35 43 52 56 55 50 44 39 36 37 45 56 68 78 85251024K51216 562340 8699999999999999 623 221711 3599999999999999
 86 80 70 58 46 35 27 24 26 31 37 45 50 51 49 45 40 37 37 42 52 63 74 82251025K51248 51999999999999999999999 7 2 241729 3699999999999999
 85 83 76 66 55 44 34 29 28 30 34 39 44 47 46 44 41 38 37 41 48 58 68 76251026K5 0 9 851323 4799999999999999 746 281746 3799999999999999
 82 83 79 71 62 52 43 35 32 31 32 35 38 41 43 42 41 39 38 40 45 53 62 70251027K5 041 8314 9 4399999999999999 846 311758 3899999999999999
 76 79 78 74 67 59 51 43 38 35 33 33 34 36 38 39 40 39 39 40 43 49 55 62251028K5 121 799999999999999999999991048 33999999999999999999999
 68 72 74 73 70 65 58 51 44 39 36 33 32 32 33 35 37 39 41 42 43 46 50 54251029K5 217 749999999999999999999991232 32999999999999999999999
 59 63 67 69 70 68 64 58 51 45 40 35 31 29 29 31 35 39 42 44 45 46 46 48251030K5 343 709999999999999999999991331 29999999999999999999999
 50 53 57 61 65 68 67 64 59 52 45 38 32 28 26 28 32 37 43 47 49 48 46 43251031K5 526 6820 8 499999999999999914 5 26999999999999999999999
 42 42 45 50 56 62 67 68 66 60 52 43 35 29 26 26 29 36 44 51 54 54 49 432511 1K5 650 682020 5599999999999999 020 421429 2599999999999999
 38 34 33 37 43 52 61 67 69 66 59 50 40 32 27 26 28 35 44 54 61 62 57 482511 2K5 755 692042 6299999999999999 137 331448 2599999999999999
 39 30 25 24 29 38 48 59 67 70 65 57 47 37 30 27 28 35 44 56 66 71 68 592511 3K5 850 7021 9 7199999999999999 234 2415 7 2799999999999999
 46 33 22 16 16 22 32 45 58 67 68 62 53 43 34 29 29 35 44 56 69 78 80 722511 4K5 939 682141 8099999999999999 327 151529 2899999999999999
 59 43 28 15  8 10 17 28 43 56 64 64 57 48 40 33 30 34 43 55 68 81 88 862511 5K51027 652217 8999999999999999 420  81554 3099999999999999
 75 59 41 24 10  4  6 14 26 40 53 59 58 51 44 37 32 33 41 52 65 79 90 942511 6K51114 602255 9499999999999999 513  41619 3299999999999999
 89 75 58 40 22  9  4  6 13 24 38 49 53 50 45 39 34 33 38 48 61 74 86 952511 7K512 2 532337 9799999999999999 6 9  41645 3399999999999999
 96 89 75 58 40 23 11  7  8 14 24 36 44 46 44 40 36 33 35 43 54 66 78 882511 8K51252 46999999999999999999999 710  717 9 3399999999999999
 95 94 86 74 58 41 26 16 12 12 17 25 33 39 40 38 36 34 34 39 47 58 68 782511 9K5 023 951346 4099999999999999 821 121730 3399999999999999
 86 90 89 82 72 58 43 30 22 18 17 20 25 31 35 36 35 34 34 36 42 50 58 66251110K5 115 911452 3699999999999999 944 171741 3499999999999999
 73 80 83 82 77 69 58 46 35 28 24 22 23 26 31 33 34 35 35 36 39 44 50 55251111K5 217 8399999999999999999999911 9 22999999999999999999999
 61 66 71 75 75 72 66 57 47 39 32 28 25 26 28 31 34 36 37 38 39 41 44 47251112K5 334 759999999999999999999991223 25999999999999999999999
 50 53 58 63 67 68 67 62 55 47 40 34 30 28 28 31 35 38 40 42 42 42 42 42251113K5 5 1 681959 42999999999999991317 272243 4299999999999999
 42 43 46 50 55 60 62 62 59 53 46 39 34 30 29 31 35 40 44 47 48 46 43 40251114K5 624 631947 48999999999999991347 29999999999999999999999
 37 36 36 39 43 49 55 58 58 55 49 42 36 32 30 32 36 41 47 52 54 53 49 43251115K5 732 5920 5 5499999999999999 124 3614 1 3099999999999999
 37 32 29 30 33 39 45 52 55 55 51 45 38 33 31 32 36 42 49 56 60 60 56 49251116K5 824 562030 6199999999999999 223 291414 3099999999999999
 40 32 26 24 25 29 36 44 50 53 52 47 40 34 31 30 34 41 49 58 65 67 64 56251117K5 9 8 532057 6799999999999999 310 231432 3099999999999999
 46 36 27 21 19 21 27 35 44 50 52 49 43 36 31 30 32 39 48 58 67 72 72 65251118K5 948 522124 7399999999999999 352 191455 2999999999999999
 55 43 31 21 16 16 20 27 36 45 50 50 45 39 33 30 31 36 46 57 67 75 77 73251119K51026 502153 7799999999999999 432 151520 2999999999999999
 63 51 38 26 17 13 15 20 29 38 46 49 47 42 36 31 30 34 42 54 65 75 80 79251120K511 3 492221 8199999999999999 511 131547 2999999999999999
 72 60 47 33 22 14 13 16 22 31 40 46 47 44 38 33 30 31 39 49 61 72 80 83251121K51138 472250 8399999999999999 549 131613 3099999999999999
 78 68 56 42 29 19 14 14 18 25 34 42 45 44 40 35 31 30 35 44 56 68 77 83251122K51214 452322 8399999999999999 628 131639 3099999999999999
 82 75 64 51 37 26 18 15 17 21 28 36 41 43 41 37 33 30 32 40 50 62 72 79251123K51250 432355 8299999999999999 7 8 1517 6 3099999999999999
 82 79 70 59 46 34 24 19 18 20 24 30 37 40 40 38 34 31 31 36 44 55 65 73251124K51329 40999999999999999999999 750 181732 3199999999999999
 79 79 74 65 54 42 32 24 21 20 22 26 31 36 38 37 35 33 32 34 39 48 57 65251125K5 033 791416 3899999999999999 839 2018 0 3299999999999999
 72 75 74 69 60 50 39 31 25 22 22 24 27 31 35 37 36 35 34 34 36 42 49 56251126K5 117 751519 3799999999999999 940 221832 3399999999999999
 63 68 70 69 64 56 47 38 31 26 24 23 24 27 31 35 37 37 37 36 36 38 42 47251127K5 210 701646 37999999999999991051 231928 3599999999999999
 52 58 62 65 64 60 53 45 37 31 26 24 24 25 28 33 37 40 41 40 38 37 37 39251128K5 315 6518 0 41999999999999991150 242130 3799999999999999
 42 46 51 56 59 59 56 51 44 37 31 27 25 24 27 31 37 42 45 46 44 40 36 34251129K5 435 601843 46999999999999991231 242354 3399999999999999
 33 34 38 43 49 54 56 54 50 43 36 30 27 25 27 31 37 44 50 53 53 48 41 34251130K5 6 4 561918 549999999999999913 1 25999999999999999999999
 28 25 25 29 35 43 49 53 53 48 42 35 30 27 27 31 37 45 54 60 63 59 51 402512 1K5 725 531954 6399999999999999 123 251328 2799999999999999
 30 21 16 16 20 28 37 45 51 51 47 41 34 30 28 30 36 45 55 65 71 72 65 532512 2K5 833 512032 7299999999999999 230 161357 2899999999999999
 39 25 14  8  8 13 21 32 42 48 49 45 39 33 29 29 34 43 53 65 76 81 79 692512 3K5 933 492114 8299999999999999 330  71430 2999999999999999
 54 37 21  8  2  2  7 17 29 40 46 46 42 36 31 29 31 39 49 62 74 85 89 842512 4K51027 472157 8999999999999999 429  115 4 2999999999999999
 72 55 36 18  5 -1 -1  4 14 27 38 44 43 39 34 29 29 33 43 55 68 81 91 932512 5K51119 442244 9499999999999999 527 -21541 2899999999999999
 86 72 55 35 17  4 -2 -1  4 15 27 37 41 39 35 31 28 29 36 46 59 72 85 932512 6K512 7 412333 9599999999999999 625 -21619 2799999999999999
 94 86 72 54 35 17  6  1  1  7 17 28 36 38 36 32 28 26 29 38 49 61 73 852512 7K51252 38999999999999999999999 722  01656 2699999999999999
 91 90 82 69 52 34 19  9  5  6 12 21 30 35 36 33 30 27 26 31 39 50 60 712512 8K5 023 921335 3699999999999999 817  51734 2699999999999999
 81 86 84 76 64 49 34 22 14 11 13 18 25 32 35 34 32 29 27 28 33 40 49 582512 9K5 115 861415 3599999999999999 911 111814 2799999999999999
 67 74 78 76 69 58 46 34 24 19 18 19 23 29 34 36 34 32 30 29 30 34 40 46251210K5 2 7 781458 369999999999999910 1 1819 0 2999999999999999
 53 60 66 68 66 60 52 42 33 27 24 23 25 29 34 37 38 36 35 33 32 33 35 39251211K5 259 681548 38999999999999991045 2320 6 3299999999999999
 42 47 52 56 58 56 52 46 39 33 29 27 28 30 34 38 40 41 40 39 37 35 34 34251212K5 357 581654 41999999999999991117 272214 3499999999999999
 35 37 40 44 48 49 48 45 41 36 32 30 29 31 34 38 42 45 46 46 44 40 37 34251213K5 5 8 4918 8 46999999999999991140 29999999999999999999999
 32 31 31 34 37 40 42 42 41 38 34 31 30 31 34 38 43 48 51 52 51 48 43 37251214K5 640 4319 3 5299999999999999 1 9 3112 6 3099999999999999
 32 28 25 25 28 31 35 38 39 38 36 33 30 30 32 36 42 48 54 58 58 56 50 43251215K5 8 1 391945 5999999999999999 228 251240 3099999999999999
 35 28 22 20 20 23 28 33 37 38 37 34 31 29 30 34 40 47 54 61 64 63 59 51251216K5 9 2 382023 6499999999999999 323 201318 2999999999999999
 41 31 23 17 15 16 20 27 33 37 38 37 33 30 29 30 36 44 53 61 67 69 67 59251217K5 950 382058 6999999999999999 4 7 151358 2999999999999999
 49 38 26 18 12 11 14 20 28 35 39 39 36 32 29 28 32 39 49 59 67 73 73 68251218K51030 392132 7399999999999999 445 111437 2899999999999999
 58 46 33 21 13  9 10 14 22 31 37 40 38 34 30 27 28 34 43 54 65 73 77 74251219K511 6 4022 7 7799999999999999 522  91515 2799999999999999
 66 55 41 28 17 10  8 10 16 25 34 39 40 37 32 28 26 29 37 48 60 70 77 79251220K51140 402242 7999999999999999 558  81550 2699999999999999
 73 63 50 36 23 13  8  8 12 20 29 37 40 39 34 29 25 26 32 41 53 65 75 80251221K51211 402318 8099999999999999 633  71625 2599999999999999
 78 71 59 45 31 19 11  8 10 15 24 32 38 39 36 31 26 24 27 35 45 57 68 77251222K51243 392355 7999999999999999 7 8  817 0 2499999999999999
 79 75 66 53 39 26 16 11 10 13 19 28 35 39 38 34 29 25 24 29 38 49 60 70251223K51316 39999999999999999999999 741 101736 2499999999999999
 76 77 71 60 47 34 23 15 12 13 17 23 31 37 38 36 32 27 25 26 31 40 50 60251224K5 035 771352 3899999999999999 814 121817 2499999999999999
 69 73 72 64 54 41 30 20 15 14 16 21 27 34 38 38 35 31 27 25 27 33 41 49251225K5 116 731432 3999999999999999 846 1419 5 2599999999999999
 58 65 68 65 57 47 37 27 20 17 18 21 25 31 37 40 39 36 32 29 27 28 33 39251226K5 2 1 681518 4099999999999999 917 1720 7 2799999999999999
 46 53 58 60 57 50 42 33 26 21 20 22 25 30 36 41 43 42 39 35 31 28 28 30251227K5 252 601613 4399999999999999 948 202133 2799999999999999
 34 40 46 50 52 50 44 38 31 26 24 24 26 30 36 41 46 48 48 44 39 33 28 25251228K5 354 521715 48999999999999991021 242330 2599999999999999
 25 28 32 37 41 44 43 40 36 31 28 27 28 31 35 41 47 53 55 54 50 43 34 27251229K5 519 441816 55999999999999991058 27999999999999999999999
 22 19 20 23 28 33 37 38 37 35 31 29 29 31 34 40 47 54 60 64 62 56 46 36251230K5 7 7 381913 6499999999999999 119 191143 2999999999999999
 25 17 12 11 14 19 25 31 35 36 34 32 31 30 33 38 45 53 62 69 72 70 62 50251231K5 846 3620 7 7299999999999999 245 111234 3099999999999999
