137 92 48 15 -1  2 22 55 95133162173164138105 76 62 65 8511615017919419025 1 1KA11 3173222019599999999999999 419 -21618 6199999999999999
166125 77 33  4 -4  6 33 70110146169172155123 89 65 57 67 9212515818419525 1 2KA113917323 319599999999999999 456 -41655 5799999999999999
185155110 62 23  1  0 18 48 86124155170165142109 77 58 56 71 9813016118325 1 3KA1216171234818999999999999999 533 -21735 5599999999999999
189174141 97 53 20  7 13 34 66102136159167155129 97 69 56 58 7510113115825 1 4KA1253167999999999999999999999 610  61820 5599999999999999
176177160127 87 50 25 20 31 54 84116143159160145118 89 66 56 60 76 9912525 1 5KA 036179133316299999999999999 649 191911 5599999999999999
148162162146117 83 54 38 38 52 74100126146156153137112 85 65 56 60 72 9225 1 6KA 129164141615699999999999999 730 362013 5699999999999999
114134146147134112 86 66 56 59 71 90111131146152148133110 86 66 56 55 6425 1 7KA 23314815 715399999999999999 816 552130 5499999999999999
 80 99117130135129114 96 81 74 77 87101117133145151148134113 88 66 52 4725 1 8KA 355135161015199999999999999 913 7423 0 4799999999999999
 52 64 82102118129129122109 97 90 89 95105118133145153152139117 90 64 4525 1 9KA 5361301723154999999999999991034 88999999999999999999999
 36 37 48 67 90113129137133122109 98 93 95104117133149159160147123 91 6025 110KA 710137183316199999999999999 023 351213 9399999999999999
 35 22 22 35 57 85114137148145132114 99 90 90 99115135155168169155126 8825 111KA 819148193517199999999999999 130 211328 8999999999999999
 51 23  9 10 26 54 88122148160154135112 91 81 82 9511614116417917815912425 112KA 9 9160202818199999999999999 225  71422 8099999999999999
 81 40 10 -3  3 25 59 98136161168156130101 79 70 76 9412015017518818315825 113KA 951169211618999999999999999 311 -315 5 7099999999999999
117 69 26 -1 -9  3 32 71114151171171150118 86 65 61 74 9812815918419318225 114KA1028174215919399999999999999 352 -91544 6199999999999999
150103 54 14 -7 -7 13 47 90132163175165136101 70 55 58 7710613816818819125 115KA11 2175223819299999999999999 429-101619 5499999999999999
172134 85 39  6 -6  4 30 69111148170171151118 82 58 51 62 8511614717318625 116KA1133173231418799999999999999 5 2 -61652 5199999999999999
181155114 67 28  6  5 23 54 93130158169159132 98 68 51 53 70 9612515217225 117KA12 1169234717799999999999999 532  21724 5099999999999999
176163133 93 53 24 14 23 47 80115145161160142112 81 59 52 60 7910513015225 118KA1226163999999999999999999999 6 0 141757 5199999999999999
163160142111 76 46 30 31 47 73104132151157146124 96 71 57 56 68 8811013025 119KA 019164125015799999999999999 627 281831 5599999999999999
144149141121 95 68 49 43 52 71 96122141151148132110 86 67 60 63 75 9210925 120KA 052149131415199999999999999 653 431910 5999999999999999
124132132123106 86 68 59 61 73 92113131143146138121101 82 69 64 68 78 9025 121KA 130133134314699999999999999 720 591959 6499999999999999
102112118117110 99 86 77 74 79 90105121134141139131116 99 83 72 68 69 7525 122KA 223118142114199999999999999 752 742112 6899999999999999
 83 92100105107106101 94 90 89 93101111122132137136128116101 86 75 68 6525 123KA 4 1107152113799999999999999 840 8923 9 6599999999999999
 67 71 79 89 98105109109106102 99 99103110119128135137132121106 89 74 6225 124KA 6301101646137999999999999991030 99999999999999999999999
 56 54 59 69 82 97111119122118111103 98 98104115128138143140128110 88 6825 125KA 75112218 814399999999999999 045 541231 9799999999999999
 51 42 40 47 62 83104123134134126112 99 90 89 98114132147154151136111 8325 126KA 834135191215599999999999999 142 391334 8999999999999999
 56 36 25 26 39 62 90118139148143127106 87 77 80 9411714116016816214010725 127KA 9 914820 416899999999999999 224 241418 7799999999999999
 71 39 17  9 17 38 69104136156160146120 92 71 64 73 9512515517618317013925 128KA 941161205118399999999999999 3 0  91456 6499999999999999
 98 54 19  0 -2 14 44 83123155171164140105 73 54 53 7010113717019119317225 129KA1013171213519599999999999999 335 -41532 5199999999999999
132 82 35  1-12 -5 20 58103145172178161126 85 53 40 47 7210915018420219725 130KA1045179221820399999999999999 4 9-1316 8 3999999999999999
167119 65 18-10-15  2 35 79125164183177148106 64 37 31 46 7811916019220525 131KA111718423 020599999999999999 442-161646 3099999999999999
192154102 48  8-11 -6 19 58103146176184167130 85 47 26 28 50 8512616619325 2 1KA1149184234319999999999999999 516-121724 2499999999999999
198178137 86 38  8  0 15 45 84126161180176151111 68 36 23 31 56 9012916325 2 2KA1221181999999999999999999999 549  018 6 2399999999999999
183182158119 74 37 19 22 42 73109143167174162133 95 58 33 27 38 61 9212525 2 3KA 027185125317599999999999999 621 181851 2799999999999999
152165160138105 71 47 40 49 71 99127151164163147119 85 56 38 35 45 64 8925 2 4KA 114165132616699999999999999 654 391943 3499999999999999
114134143138122 98 76 64 65 77 95116135149155151135112 85 62 47 43 49 6225 2 5KA 21014314 415599999999999999 727 632052 4399999999999999
 79 98113121121113101 90 85 88 97110123134142145142131113 92 72 57 49 4825 2 6KA 33012215 114599999999999999 8 6 852235 4899999999999999
 54 65 79 94106113115111106103104107113119126133138140135122103 82 63 4925 2 7KA 544115164814099999999999999 921103999999999999999999999
 41 42 49 63 82100116124126122115109105105108116126137145145135115 89 6325 2 8KA 742126183114699999999999999 028 41123710599999999999999
 42 29 28 36 54 79105127139140131117103 93 91 96109126144157159147122 8925 2 9KA 833141194016099999999999999 141 271348 9199999999999999
 56 29 16 16 30 55 87119143154148130107 87 76 76 8810713215617117215412125 210KA 9 8154203117499999999999999 229 141428 7599999999999999
 80 42 14  4 10 32 65104138160163148120 90 68 59 66 8511314417018417815225 211KA 939165211418599999999999999 3 7  415 2 5999999999999999
110 64 25  2 -1 14 45 85126158172164137101 69 49 48 64 9112415818319117625 212KA10 8172215119199999999999999 339 -31533 4799999999999999
140 92 45 10 -4  3 28 66110149173175154118 78 49 37 45 6910213917119018825 213KA1035177222519299999999999999 4 9 -416 4 3799999999999999
163120 71 27  2  0 18 52 94135166178166135 94 56 35 34 51 8111615217818825 214KA1059178225718899999999999999 436 -21633 3299999999999999
175142 96 50 17  5 15 43 81122156175172148110 70 40 29 38 62 9513016017825 215KA1122176232618099999999999999 5 1  517 2 2999999999999999
176155117 74 37 18 19 40 73111145168172156124 85 52 33 33 49 7610913916125 216KA1142173235416899999999999999 525 161730 3099999999999999
168157130 94 59 35 29 42 68102135160169160135101 66 42 34 42 62 8911814125 217KA12 1169999999999999999999999 548 291759 3499999999999999
153151135108 78 54 43 49 68 96125150163160143114 83 56 42 42 54 74 9811925 218KA 023154122016499999999999999 6 9 431830 4099999999999999
134139132115 93 72 60 59 72 93117139154157146126 99 74 55 48 52 65 82 9925 219KA 054139124315799999999999999 631 5819 6 4899999999999999
114122122115102 88 77 73 79 93110128142149145133114 93 74 61 58 62 71 8225 220KA 132123131114999999999999999 653 731955 5899999999999999
 93102107107104 98 92 89 90 97107118129136139135125111 94 80 70 66 66 7025 221KA 237108135413999999999999999 715 882122 6699999999999999
 75 81 88 94 99102104104104105107111116122127130130125116103 89 78 69 6325 222KA15251319999999999999999999999999999999999999999999999999
 61 62 67 75 87 99110117119117113108105106111119127133133127115 98 80 6425 223KA 759119173713499999999999999 014 61122110599999999999999
 52 45 46 54 69 88108125133133124111 99 91 92101115131144149143126102 7525 224KA 824134185814999999999999999 126 441326 9199999999999999
 51 34 27 31 47 71 99126144149140121 98 81 73 78 95118143161167158133 9825 225KA 850150195416799999999999999 2 7 2714 5 7399999999999999
 62 32 14 11 23 49 83119149164160138107 77 58 55 68 9512816018218516813325 226KA 917165204118699999999999999 241 101440 5499999999999999
 87 44 12 -3  2 25 61104144172178161126 85 51 35 40 6410114217920019817125 227KA 946179212520299999999999999 314 -31515 3599999999999999
125 71 24 -4-11  5 38 82130169189183151105 58 27 18 32 6511015719521220125 228KA101519022 821299999999999999 346-111552 1899999999999999
164110 53 10-11 -6 19 60110157189196175132 79 33  8  8 32 7212116920321325 3 1KA1045197225021399999999999999 419-121629  599999999999999
193149 92 40  5 -4 11 45 89138178198191158108 55 15 -1  8 37 8013017420125 3 2KA1116199233220599999999999999 451 -417 8 -199999999999999
202176130 77 34 13 16 39 75119160188194176136 85 38  8  1 15 47 8913316925 3 3KA1146195999999999999999999999 522 111748  099999999999999
187181153111 69 40 32 44 71105141171185180155115 70 33 12 11 28 57 9312825 3 4KA 016188121518699999999999999 553 321831  999999999999999
154164156131 99 70 55 58 75100127153169173161136101 65 38 25 27 41 64 9125 3 5KA 1 2164124417399999999999999 622 541921 2499999999999999
116133139132115 96 81 77 85100119137151158155144123 97 72 52 42 43 51 6525 3 6KA 157139131515899999999999999 649 772028 4199999999999999
 82 98110117116110102 97 98106116126134140142140133121104 85 69 58 53 5325 3 7KA 32311714 314299999999999999 716 962225 5399999999999999
 59 68 80 93104111114114113114116117119121124128131133128117101 84 67 5525 3 8KA16451339999999999999999999999999999999999999999999999999
 48 48 55 67 84102117126129126120113107104105111121132141142133114 91 6725 3 9KA 753129183614399999999999999 031 47131610399999999999999
 48 37 36 46 64 88112132142140129113 98 88 85 90103122142155157144120 8825 310KA 821142193815899999999999999 136 361351 8599999999999999
 58 36 26 29 45 71102131150154143122 97 77 67 69 8310513215617016814811525 311KA 846155202317299999999999999 215 251419 6799999999999999
 76 43 22 18 29 54 88124152165159136105 74 55 51 61 8411414717218217214225 312KA 91116621 118299999999999999 246 171446 5099999999999999
101 59 27 13 18 40 74113148170172153119 81 51 37 42 62 9312916318418616525 313KA 935174213518899999999999999 313 131514 3799999999999999
127 81 40 16 13 29 60100140169180168136 94 56 32 28 42 7110814617619018025 314KA 95918022 619099999999999999 339 121542 2799999999999999
150105 60 27 14 24 50 88129164182178152111 68 35 21 27 51 8612516118318625 315KA1020183223618799999999999999 4 4 1416 9 2099999999999999
165128 83 44 23 24 44 78118155179183164128 83 44 21 19 36 6610414116918125 316KA104018423 518199999999999999 428 201636 1799999999999999
172144104 64 37 30 43 71108145173183172142100 59 29 18 26 50 8311915116925 317KA1059183233317299999999999999 451 2917 3 1899999999999999
170152121 85 55 41 46 68100135164179175152116 77 43 25 24 40 67 9913015225 318KA1118180999999999999999999999 513 401731 2299999999999999
160152131101 73 56 54 69 94125153171173159130 95 61 37 29 37 56 8210913125 319KA 0 1160113817499999999999999 535 5318 0 2999999999999999
144145133112 90 72 66 74 92116141159166159140111 81 56 42 41 52 70 9111025 320KA 03214612 116699999999999999 557 661833 4099999999999999
124130127116102 88 80 82 93111129146155155144124101 77 60 52 54 64 77 9125 321KA 1 8130122815699999999999999 618 801916 5299999999999999
103112115113108101 95 94 99109120132140144141132117100 83 70 64 64 69 7625 322KA 2 711513 514499999999999999 640 942027 6399999999999999
 83 91 98103107109109108109111115119124129132132128120108 94 82 72 67 6525 323KA143413299999999999999999999923 8 65999999999999999999999
 66 70 77 87 99110119123122118114109108110115123130134132123108 90 74 6125 324KA 7211231710134999999999999991158108999999999999999999999
 53 51 56 68 86106124136138132119104 93 89 93105121138149150139119 93 6725 325KA 746139183615199999999999999 045 5113 0 8999999999999999
 47 36 36 47 67 94122145155150133108 85 70 68 79100127153169170154124 8825 326KA 811155193417299999999999999 130 341339 6799999999999999
 54 29 20 26 46 77113146168171154123 86 57 44 48 6910213917219018716312225 327KA 839172202319299999999999999 2 6 201415 4399999999999999
 76 37 14 11 26 56 96139173188179147102 58 28 20 34 6610915419020719816325 328KA 9 818821 920799999999999999 241 101452 2099999999999999
114 62 24  6 12 37 76123166195199175130 76 30  4  4 27 6811916820421619825 329KA 939201215321699999999999999 315  51530  199999999999999
155101 50 17  9 24 58103151190208198161106 49  6-11 -3 29 7512917820921325 330KA1010208223721599999999999999 349  916 9-1299999999999999
188141 87 43 21 23 47 85131174203208186140 82 29 -6-15  1 37 8513718020325 331KA1041210232220599999999999999 423 191650-1599999999999999
199170124 78 45 35 47 76114154187204197166117 64 19 -6 -7 13 49 9313817225 4 1KA1113204999999999999999999999 456 351732 -999999999999999
186177149110 76 56 57 75103136167188193177144100 55 21  6 10 29 61 9713225 4 2KA 0 7186114419399999999999999 528 541818  599999999999999
156163153130102 81 74 81100124148168177174157128 92 58 34 25 29 45 69 9525 4 3KA 055163121617899999999999999 558 7419 9 2599999999999999
119135140133119103 93 93103118134148157160154141120 94 70 53 45 47 56 7125 4 4KA 154140125116099999999999999 628 922019 4599999999999999
 87104116122122116110107109116123131136140142140133121104 86 71 61 58 6025 4 5KA 32612314 314299999999999999 7 410722 9 5899999999999999
 67 77 91104115121123121119118117117118119123129134135130118102 84 70 6025 4 6KA 5541231644135999999999999991045117999999999999999999999
 56 60 69 84102118129134132125116107101 99103112124137144142130111 89 6925 4 7KA 7 8134181914599999999999999 0 1 561254 9999999999999999
 55 50 54 68 88111131143145136121104 89 81 82 91108128147156153138112 8425 4 8KA 739146191815799999999999999 1 2 501326 8199999999999999
 60 46 44 54 74101128148157151133108 84 68 63 70 8811313916016816013710525 4 9KA 8 515720 116899999999999999 139 441353 6399999999999999
 72 49 39 44 62 90121149165165148119 87 61 48 51 67 9312415317317515912825 410KA 830167203917799999999999999 2 9 391420 4899999999999999
 91 58 40 38 52 79112145169176164135 98 63 40 35 46 7110514016818217615125 411KA 853176211318299999999999999 236 361448 3599999999999999
113 75 47 36 45 68102138167182177152113 72 40 26 30 51 8312115617918416925 412KA 915183214518599999999999999 3 2 361516 2599999999999999
135 95 60 41 41 60 91128162184186167131 87 48 24 19 33 62 9913816918417925 413KA 937188221518599999999999999 328 391544 1899999999999999
154117 79 52 43 55 82118154181190179148105 62 30 16 22 44 7811715217618125 414KA 958190224618199999999999999 354 431611 1599999999999999
166136 99 67 51 54 75107143173189186162124 80 43 20 17 32 60 9613216017425 415KA1020190231617599999999999999 420 501640 1699999999999999
170148117 85 64 59 72 98131162183187172141100 61 33 21 27 47 7711014016025 416KA1043188234716599999999999999 445 5817 9 2199999999999999
165154130102 79 68 73 92120149172182175153120 82 51 32 29 41 63 9111914125 417KA11 8182999999999999999999999 510 681740 2899999999999999
152150137116 95 81 80 91111136158171172160135104 73 50 39 42 56 76 9911925 418KA 022153113517499999999999999 536 791816 3999999999999999
134139135124109 96 90 94107124143157163159145123 97 73 56 50 55 66 82 9925 419KA 1 413912 716399999999999999 6 5 9019 2 5099999999999999
113123127125119110103102107117128140148151147136119 98 79 66 61 63 70 8125 420KA 211127125515199999999999999 6431022011 6199999999999999
 92103113120123122118114112113116122129135140140135124107 90 76 67 64 6725 421KA 413123143714099999999999999 81211222 1 6499999999999999
 73 83 96109122130133129122114108105107114123134142143136121102 82 67 5925 422KA 55413316411439999999999999911 51052338 5799999999999999
 58 64 77 94114133145147139124107 92 85 88 98115135151158152135110 83 6225 423KA 64214718 5158999999999999991216 85999999999999999999999
 49 48 58 76101129151163160143116 89 68 61 67 86113142165176169147114 7925 424KA 71816419 817699999999999999 036 4713 2 6199999999999999
 53 40 42 58 84117150173180167137 99 63 40 36 50 7811515318219318315311225 425KA 75218020 219399999999999999 121 391344 3599999999999999
 72 44 34 42 66101139174194192166123 75 35 15 16 38 7612216619720618915225 426KA 825196205120699999999999999 2 1 341425 1299999999999999
106 64 39 35 51 82122164195208194157104 50 11 -5  4 34 7913017620621018825 427KA 9 0208213921299999999999999 241 3415 8 -599999999999999
146 98 60 41 45 67103146185210212188140 82 29 -5-14  1 37 8513818220720625 428KA 935215222721099999999999999 319 401551-1499999999999999
179136 91 60 49 61 88126166199215206173122 65 17-10-12  8 45 9314318120025 429KA1011215231420099999999999999 357 491636-1499999999999999
193164124 87 65 64 80110145179203209193156106 55 15 -4 -1 21 5710014317325 430KA1048209999999999999999999999 434 621722 -699999999999999
185175148115 88 76 81100127157182196195175140 96 53 23 10 16 37 6810413725 5 1KA 0 2185112519899999999999999 511 751811 1099999999999999
160167157135111 93 89 98116138159175182177158129 93 60 38 29 35 52 7710425 5 2KA 05316712 618299999999999999 547 8919 4 2999999999999999
129145149142127111102102111124139152161165160146124 97 72 55 48 52 64 8125 5 3KA 152149125916599999999999999 62810120 8 4899999999999999
101119132138135126116111111116123131139145149148140125105 85 70 63 63 7025 5 4KA 3 6138142315099999999999999 7271102129 6299999999999999
 82 97113127134135130123117113112114117123131139143141130114 96 81 71 6825 5 5KA 435135161114399999999999999 9501122255 6899999999999999
 72 82 97113129138141136127116107101 99102110123135145146138122102 84 7225 5 6KA 5491411738146999999999999991154 992359 6899999999999999
 68 72 84102121138148149141126109 94 84 83 89103121139151153144125102 8225 5 7KA 6361501842154999999999999991242 83999999999999999999999
 70 67 75 91112134152160155140117 94 76 67 70 82102126147160160146123 9725 5 8KA 7 9160193116299999999999999 044 671317 6799999999999999
 76 66 68 82103129152166168155131101 74 57 53 62 8110813615816916414511725 5 9KA 737169201216999999999999999 120 651349 5399999999999999
 89 70 65 73 94121148169178171148115 81 54 42 44 61 8811914916917516313825 510KA 8 3178204917599999999999999 152 651419 4199999999999999
107 80 66 68 84111141168183183165133 94 60 37 32 43 67 9913416217817615725 511KA 829185212418099999999999999 223 651450 3299999999999999
127 95 73 66 76 99130161184191180151112 72 41 26 29 48 7811414817318217225 512KA 855191215818299999999999999 254 661521 2599999999999999
146114 85 69 71 89118150178194191169133 91 53 29 22 33 58 9312916017817925 513KA 921195223218199999999999999 325 681552 2299999999999999
162133102 79 71 81105137168190196183153112 71 40 24 26 43 7310814216717725 514KA 94919623 617799999999999999 355 711623 2299999999999999
170148119 93 78 79 96123154180193190169134 94 58 33 26 35 57 8712014916725 515KA1019194234217199999999999999 425 761656 2699999999999999
170158135109 89 82 91111138165184189179153118 81 50 34 33 47 70 9912815025 516KA1051190999999999999999999999 456 821732 3299999999999999
161159145124103 91 91104124148169181180166139106 74 50 40 44 59 8110612925 517KA 021162112718299999999999999 529 891812 4099999999999999
146153149136119104 97101114132151166173169154130100 73 55 49 54 68 8810825 518KA 1 8153121117399999999999999 6 7 9719 0 4999999999999999
127140146143132119108104108118132146157163160147126101 78 62 57 62 74 9025 519KA 2 8146131116399999999999999 7 010420 0 5799999999999999
108124137144143135123112107107113124136147155156147130108 86 70 63 66 7525 520KA 321144143615699999999999999 8251062113 6399999999999999
 90107124139148149141128114103 98100109122137150157153139117 95 76 67 6725 521KA 43415016 9157999999999999991010 982230 6699999999999999
 75 90109130148159159148130108 90 81 81 91109131151163163150128102 80 6825 522KA 5321601731165999999999999991127 802336 6599999999999999
 66 75 93116141162173170153126 96 71 59 60 74 99128155173176163137107 8225 523KA 6191741841176999999999999991224 57999999999999999999999
 67 67 78100128157179188179153116 78 49 36 40 60 9212916218418817314310925 524KA 7 2188194218999999999999999 032 651314 3599999999999999
 81 67 69 85111144174196200183148102 58 27 16 25 51 8913217019419717814525 525KA 743201203819899999999999999 123 6614 3 1699999999999999
109 80 69 74 95125160191209207182139 87 40 11  3 16 48 9113717720020117925 526KA 825211213120399999999999999 210 681451  299999999999999
143106 80 72 82107140175204217208176127 73 28  1 -3 15 50 9614318220219825 527KA 9 8217222120399999999999999 255 721539 -499999999999999
173137102 81 78 93120153186210217202166115 63 21 -1  0 21 5810314818219825 528KA 951218231019899999999999999 338 771628 -399999999999999
190163129 99 83 86104132163192210211192154106 58 22  6 10 33 6911115117925 529KA1035213235718899999999999999 421 821716  599999999999999
188178151121 97 88 95115141168191203200179143 99 57 29 18 26 48 8111815125 530KA1120204999999999999999999999 5 2 8818 4 1899999999999999
172176164140115 98 95104123145166183191186166133 95 62 40 35 44 64 9312325 531KA 04517712 819199999999999999 544 941852 3499999999999999
148163164152132113102102111126143159172177171154126 96 70 54 52 61 7910225 6 1KA 13316613 117799999999999999 6291001941 5199999999999999
126146156155144128114106106113124136149159163159145123 99 79 68 67 76 9125 6 2KA 22515714 416399999999999999 7261052034 6699999999999999
110129144152150141128116108107110117126137147152151141124104 88 80 79 8625 6 3KA 320152151915399999999999999 8471062133 7899999999999999
 99116132146152150142129116106101101106115126138146147140127110 96 88 8725 6 4KA 41815216391489999999999999910291012234 8699999999999999
 94107122139151157154144129112 99 91 90 95106120135146149144131115100 9225 6 5KA 5121571754149999999999999991143 892332 9199999999999999
 92 99113131147159164158144124104 87 78 77 8510011913715015514913511710125 6 6KA 5571641856155999999999999991234 77999999999999999999999
 93 94105122141159170171160140115 91 73 65 67 8010012314415816115313611525 6 7KA 635172194716299999999999999 022 921315 6499999999999999
 99 93 97111132154172180176158132102 75 58 53 61 7910513215416716715413325 6 8KA 711180203016999999999999999 1 7 921353 5399999999999999
111 96 92101120144168184187176152119 86 60 46 46 60 8411414316617617015225 6 9KA 74518821 917699999999999999 148 911429 4499999999999999
127104 92 92107131158181194191172140103 70 46 37 44 64 9312615617618016925 610KA 819194214718199999999999999 227 9015 4 3799999999999999
145118 97 89 96116144172193199189163126 87 55 36 34 47 7210513916718218025 611KA 855200222318399999999999999 3 3 891540 3399999999999999
162135109 91 89102128157184200201183151110 72 44 31 35 54 8411815117518325 612KA 93120323 018399999999999999 338 881615 3099999999999999
175152124100 89 93112140169193203197173137 95 60 37 31 41 65 9613016017825 613KA10 8204233718199999999999999 413 881651 3199999999999999
180166141114 95 90100123151178197201189161123 83 52 35 36 51 7710914016525 614KA1048202999999999999999999999 448 901728 3399999999999999
177174156131107 93 94109132158181195195179149111 75 49 39 44 63 8911914725 615KA 017178113119799999999999999 526 9218 7 3999999999999999
167174166147123103 95 99114136159179190187169139104 72 52 47 56 7510112825 616KA 058174121919099999999999999 6 9 941850 4699999999999999
151167170160141119102 96101116135155172181178161133102 75 59 57 68 8711025 617KA 144170131518299999999999999 7 1 961937 5699999999999999
134155167167157138117102 95 99111128146163173171157132105 82 69 69 80 9725 618KA 234169142217399999999999999 8 7 952030 6899999999999999
119140158169168157138116 99 90 90100116135153165167157137113 92 81 80 9025 619KA 329170153916899999999999999 926 892131 7999999999999999
106126146164174173161139114 92 79 77 85101122144161167161145123103 91 9025 620KA 42617517 1167999999999999991043 762239 8999999999999999
 98113133154172182180165140110 83 65 61 68 86111138160171169155134113 9925 621KA 5231831822172999999999999991152 602348 9699999999999999
 96103118139162181191188170139103 71 50 44 53 7410313516217817916514311925 622KA 6181921933181999999999999991254 44999999999999999999999
103 99106123146171192202196173137 95 59 35 29 40 65 9913616818718817314725 623KA 711202203519099999999999999 053 981351 2999999999999999
121103 98107127153180202211203175133 86 47 23 19 32 6110014117519519417625 624KA 8 3211212919799999999999999 150 981445 1899999999999999
147118100 96108131160189211218206173127 78 38 15 13 31 6410514918320019625 625KA 854218221720199999999999999 242 961535 1299999999999999
173141111 95 95110136167196217221204168119 69 31 13 15 37 7211615818920125 626KA 94322223 220199999999999999 329 931622 1199999999999999
191164131103 91 95115142173201218218197158109 62 29 16 24 49 8612816719225 627KA1031221234319899999999999999 412 9017 7 1699999999999999
197181151119 96 89 99120148177201214210186146 99 58 33 27 40 6710314117325 628KA1116215999999999999999999999 453 891747 2799999999999999
190188167138110 93 92105126152177197205196170132 91 59 42 43 60 8712015225 629KA 02219112 020599999999999999 533 901825 4099999999999999
176184175153126104 93 97111131153174188191179154120 88 64 56 63 8110713525 630KA 059184124319199999999999999 614 9319 1 5699999999999999
160175176163142119102 97102115132150166175175163140113 89 75 73 8310212425 7 1KA 134177132817699999999999999 658 971937 7299999999999999
147164171167153134115103100105115128143155162160150132112 96 88 9010111825 7 2KA 210171142116299999999999999 7521002016 8899999999999999
13715416516816214813111510410110311112113314415015014313011610510110411425 7 3KA 249168152915199999999999999 9 110121 310199999999999999
129144158166167160146130115103 98 9810311312413514414614313412411511111425 7 4KA 3351671657146999999999999991027 9722 511199999999999999
122135149161168168161147130112 99 91 89 9410411713114314914814113112211725 7 5KA 4311691824149999999999999991145 89232111799999999999999
118125138153165173173164148128107 91 81 79 85 9811513314815615614913712525 7 6KA 5291741931157999999999999991246 79999999999999999999999
118118126140157172180179167147123 99 80 69 69 78 9611714015716616515313725 7 7KA 623181202016799999999999999 0291171334 6899999999999999
123114115126144165181189185169144114 87 67 58 61 75 9812515016917617015325 7 8KA 71118921 117699999999999999 1241131416 5899999999999999
133116108112128151174191197189168136103 73 54 48 57 7710513616418118317025 7 9KA 757198213818499999999999999 2 91081455 4899999999999999
148124107102112133160186202205191163125 88 59 43 42 57 8411715117719018525 710KA 840206221419099999999999999 2491021531 4099999999999999
165137112 97 98115141172197212209189153111 73 45 35 41 63 9513216618919525 711KA 922213224819599999999999999 326 9616 6 3599999999999999
182155124100 91 98121151183207218209182140 96 58 36 32 46 7411014817919625 712KA10 4218232219899999999999999 4 2 911641 3199999999999999
194173141110 90 87102128161192214219204170126 81 48 33 37 58 9012716318925 713KA1046219235719899999999999999 439 861715 3299999999999999
198187161127 99 84 88107135168197215214194157112 71 45 38 49 7410814417625 714KA1130217999999999999999999999 518 831751 3899999999999999
194195177147115 91 82 90111140170196209204181143102 68 50 51 67 9412715925 715KA 032197121521099999999999999 6 0 821827 4899999999999999
183194188166136106 86 82 92113140167189199191168134 99 73 63 69 8811414325 716KA 1 819413 519999999999999999 647 8219 5 6299999999999999
169186191180157128102 85 82 92111134159177185178158130103 85 80 8910813025 717KA 14719114 218599999999999999 742 821947 8099999999999999
154174186186174152125101 85 81 88104124146163171168154133113101 9910812325 718KA 232188151317299999999999999 849 812037 9899999999999999
142160176184184172152126102 85 78 81 9311113114916116315614212711711512125 719KA 3261851643164999999999999991010 78214411599999999999999
132146162176184185175156130103 83 71 70 79 9611713915616516415414113012425 720KA 4351861822165999999999999991135 69231712499999999999999
126133146161176188191183163134104 78 62 57 65 8310813415817217516615113625 721KA 5501911942175999999999999991251 57999999999999999999999
126123129142160179195201193171138101 70 50 44 53 7410413716618418617515525 722KA 659201204018799999999999999 0461231353 4499999999999999
134119115122139162185204212203176137 95 60 38 33 46 7210814617819619517725 723KA 759212212719899999999999999 1501151445 3399999999999999
150124108105117138166194215222209177132 85 48 28 28 46 7911916019220519725 724KA 85222222 720599999999999999 2401041530 2699999999999999
171139110 95 97114141173203224227209170121 73 39 24 31 55 9313617620320825 725KA 940228224320999999999999999 322 941610 2499999999999999
191159123 96 86 95117148181211228225200157107 62 34 28 42 7311315619020825 726KA1023230231720999999999999999 4 1 861646 2799999999999999
203177141106 85 83 98124156189214225215184139 92 55 37 41 62 9613617319925 727KA11 2225234720699999999999999 437 811719 3699999999999999
205190159123 94 81 86105133163192211214197164121 81 55 49 62 8812215718625 728KA1139215999999999999999999999 512 801749 4999999999999999
200195173140108 87 82 93114141168190201197176143107 78 65 68 8711414517325 729KA 014200121420299999999999999 547 821816 6499999999999999
191193180155125100 87 88102122145167182186177156128101 84 80 9111213716225 730KA 039194125018699999999999999 622 861843 8099999999999999
181189183165140115 97 91 96109126145160169169159141121104 9610011313315425 731KA 1 3189132917099999999999999 7 2 911910 9699999999999999
172182182172153132112100 9710211212513915015515514713512211311111813014625 8 1KA 130183142215699999999999999 751 96194211199999999999999
16117317817516414813011410410110311011912913814414614313713012612613114025 8 2KA 2 6178155214699999999999999 9 1101202912599999999999999
15116217117417116214813211810710110010311011912913814414714514113713513625 8 3KA 3 217418 7147999999999999991048100221113599999999999999
141149159168172172165153137121107 97 92 92 9911012413815015615615114413825 8 4KA 4241731932157999999999999991223 91999999999999999999999
134136144156167176178172159140120101 87 80 81 9010612614616116816715714425 8 5KA 547178201716999999999999999 0 91341323 7999999999999999
132126129139156172184188181164140113 90 73 66 71 8610913515917618017215625 8 6KA 652188205218099999999999999 11412614 6 6699999999999999
136121115121138160182197200189166134101 74 57 55 66 8811815017619018817225 8 7KA 745200212319199999999999999 1591151442 5499999999999999
147122106105118142170195211211194162122 84 56 44 48 67 9713416919320118925 8 8KA 831213215320199999999999999 2361041515 4399999999999999
163131104 92 97118149183210224218193152106 66 41 35 48 7611415418920820525 8 9KA 914225222421099999999999999 312 921547 3599999999999999
183147111 87 81 95123160196224233220185137 88 50 32 35 57 9313517620621625 810KA 956233225421699999999999999 347 801620 3199999999999999
202168127 91 73 75 96130170207232235213171120 72 41 33 46 7511515819521625 811KA1038236232521999999999999999 423 711652 3399999999999999
214190150107 76 64 74101138178213232228200154105 64 43 45 6610014017920825 812KA1120233235621899999999999999 5 1 641724 4199999999999999
218205173131 91 67 63 78107143181211223213182139 96 66 56 67 9212616219325 813KA12 4223999999999999999999999 542 621757 5699999999999999
211211190156116 82 65 66 83111145177200207194165129 96 78 78 9311814817725 814KA 028214125020799999999999999 626 631831 7699999999999999
198206199176143108 82 69 73 88112140166183186175153127106 9710211914016325 815KA 1 2206134518799999999999999 716 6919 6 9799999999999999
182195197186165137109 87 77 79 9010812914916316816214913312111812513715225 816KA 140197145716899999999999999 821 77194711899999999999999
167179187187179163140116 97 85 82 87 9811413114515515715314513813613914525 817KA 233188164815799999999999999 952 82205413699999999999999
154163171179182179168150127106 89 80 79 85 9811613515116116315915214614225 818KA 4 61821849163999999999999991140 78233514299999999999999
142146153163174184186179162137111 88 72 66 71 8610813315617217717115914525 819KA 54918619561779999999999999913 1 66999999999999999999999
135130133143158176192199193173143109 79 60 53 61 8111014217018718917715625 820KA 7 5199203719099999999999999 1 81301356 5399999999999999
134119114120136159184205213204178141100 66 47 44 58 8512115818720119517325 821KA 8 1213211220199999999999999 1561141438 4399999999999999
144116100 99112136166196218224209175130 86 52 38 43 65 9914017920420919225 822KA 848225214321099999999999999 234 981514 3799999999999999
160124 96 84 90111142177209229228205163114 70 42 36 51 8112116419821520825 823KA 929231221321599999999999999 3 9 841546 3699999999999999
180141103 79 75 89117152189219232223191144 95 57 40 45 6910514718621221525 824KA10 7232224021799999999999999 342 741616 3999999999999999
196160118 84 69 74 95128164199222226208170123 80 53 48 64 9413317320321525 825KA104222723 421599999999999999 414 681643 4799999999999999
205176136 97 72 67 80107140175203218212186147105 73 59 66 9012416019221025 826KA1114218232621299999999999999 445 6617 8 5999999999999999
208187152113 83 68 72 92120152181201205191163127 95 75 75 9111915118120225 827KA1145205234520799999999999999 515 681732 7399999999999999
206193165130 98 77 72 83105131158180190187170143115 94 87 9611714417119225 828KA1215191999999999999999999999 546 721755 8799999999999999
201194174145115 91 79 82 9511513815817217516815113111210310511913916218125 829KA 0 5201124917599999999999999 619 79181810299999999999999
192192179158132109 93 87 9310512113715115815915214112811911712413715417025 830KA 027194133115999999999999999 658 87184111799999999999999
181185180167148128111100 9710110912013013914414614313913413113313914815825 831KA 056185145214699999999999999 751 9719 813199999999999999
16717417517016014613111810910410410711211912613314014414514514414514614925 9 1KA 142175181814599999999999999 934104202414499999999999999
153159164167167162152140126115106100 9810010711713014215215715815414914325 9 2KA 32316819341589999999999999912 0 98999999999999999999999
141143149158166171171163149132114 99 88 84 87 9811413415316617116715714325 9 3KA 52417220 217199999999999999 0 814113 5 8499999999999999
132127130142157172183184175156132106 85 72 69 78 9612114817018318217014925 9 4KA 638185202718499999999999999 1 61271345 6999999999999999
128114111121140164186199199185157124 91 67 56 59 7510313616819019718716225 9 5KA 731201205319799999999999999 1441111417 5599999999999999
132107 94 98116144176203217212189151109 72 49 44 56 8211915819120920518225 9 6KA 817218212121099999999999999 217 931448 4399999999999999
145109 83 76 88117154192221232220186139 91 54 36 40 63 9914218421322120425 9 7KA 859232214922199999999999999 251 761519 3599999999999999
167122 83 61 63 85122166207235240219176122 73 42 34 48 8012316920822822225 9 8KA 941241221822999999999999999 326 591550 3499999999999999
192145 96 60 46 57 87130178219242239209160106 62 41 43 6710515019322423225 9 9KA1024244224823299999999999999 4 2 461622 3999999999999999
213172121 73 44 40 58 93139186222238228193143 95 61 51 64 9413317521122925 910KA11 6238231923099999999999999 441 381655 5199999999999999
224196150100 59 39 42 65101145187216224208173130 92 71 72 9212215819221625 911KA1150224234922399999999999999 522 381727 6999999999999999
223209176132 88 57 44 52 75108145179200202186157124 99 90 9912014717519825 912KA1238204999999999999999999999 6 6 441758 9099999999999999
211208190159121 87 64 57 65 8411013916417817916714712611311312414216218025 913KA 021212133418099999999999999 656 57183011199999999999999
193197191175150121 96 78 72 77 8910712614415616015514513513113414215316425 914KA 056197145616099999999999999 8 3 7219 713199999999999999
174180182178168152131110 94 85 83 87 9711112613914915315214914714714915225 915KA 153182171515499999999999999 950 83203014799999999999999
155160165170173171161145126107 91 82 80 85 9711413315016116516215614914225 916KA 41117319 2165999999999999991148 80999999999999999999999
139139144153166177181176160137111 89 74 69 74 9011313816117517717015513925 917KA 559181194417899999999999999 0281381259 6999999999999999
126119121132149170187195189169139107 79 63 59 70 9212215317818918516814425 918KA 7 5195201419099999999999999 1171191343 5999999999999999
120104100108127153181202209197170132 94 66 53 56 7510514117419620018515625 919KA 754209204220199999999999999 1501001417 5299999999999999
123 97 83 86103130164195215216197161117 78 54 49 62 8912616419520920117425 920KA 83521821 920999999999999999 220 831447 4899999999999999
136 99 75 69 80106141177208223216187144 99 64 49 54 7711215218821121319225 921KA 912223213421599999999999999 250 681514 4899999999999999
154111 76 59 63 83116155191217223206170124 82 57 53 6910014017820721720525 922KA 947223215721799999999999999 319 581540 5299999999999999
172128 86 59 52 66 94130169201218214189148105 72 59 67 9312916719921621225 923KA1019220221921799999999999999 349 5216 6 5999999999999999
186146102 67 51 55 76109146181205212198167127 92 71 71 8912015718921121325 924KA1050212223821599999999999999 417 501630 6899999999999999
196162120 81 57 52 65 91124158186201197177145112 87 80 9011514717920221025 925KA1119201225821099999999999999 446 511654 8099999999999999
200174137 99 70 56 61 79106137165183188178156129105 92 9611313916819120325 926KA1150189231820499999999999999 515 561718 9299999999999999
200182152117 87 68 64 74 9411914316317317216014112110710511513415717819225 927KA1222174234119599999999999999 545 64174110499999999999999
195184163135107 85 75 77 8810512514215415915514613312211712113314916517825 928KA13 3159999999999999999999999 621 7418 311799999999999999
184181168149127106 92 86 89 9811012313414114414414013413013113614415416325 929KA 0 8184141714599999999999999 7 7 86182713099999999999999
170171167158144128113102 97 9710110711412112913514014314314214314414614925 930KA 048172999999999999999999999 829 96999999999999999999999
153157159160156148136124112103 97 95 971021111221351461531551531481421372510 1KA 23316018571559999999999999911 6 95235213699999999999999
136139145153160163159149133116101 89 83 84 911061251441601681671581441302510 2KA 4571631922169999999999999991224 82999999999999999999999
120118125138155170177174161139114 91 75 68 73 871101371621791831731521282510 3KA 615178194618399999999999999 04311813 6 6899999999999999
108 98100115138164185195190169138104 75 58 56 68 921241581851981921691362510 4KA 7 9195201219899999999999999 118 971339 5599999999999999
104 81 75 86111145179204213201171130 89 59 46 51 731071471832072111921552510 5KA 756213204021299999999999999 151 751411 4599999999999999
111 74 54 56 77113155195222226206166118 74 47 41 57 881291732082242151822510 6KA 84122821 922599999999999999 226 521445 4199999999999999
133 83 46 33 44 75119168210234232203156104 63 43 47 721111561992272312082510 7KA 925237214023399999999999999 3 2 331519 4299999999999999
163107 56 25 20 40 78127178219237228192142 93 59 50 64 951371812172352272510 8KA1010238221223699999999999999 341 191553 5099999999999999
192140 83 37 15 18 44 85135184219230214176129 88 66 66 871211611992252312510 9KA1055230224523299999999999999 422 131628 6399999999999999
212172119 67 30 16 25 53 94140182208213194160121 91 80 89113145179207221251010KA1141214231822299999999999999 5 5 1617 2 8099999999999999
217193153105 62 35 28 39 65101139172190191174147119101100113135161185202251011KA1232193235320799999999999999 552 281735 9899999999999999
207198174140101 69 49 45 55 76103132155169169158140124116119132148165179251012KA1332171999999999999999999999 645 45181111699999999999999
188188180162136107 83 68 64 69 82100120138150154150142134131134141150158251013KA 035189145915499999999999999 756 64185713199999999999999
165169171168158141120100 86 77 76 82 93108124138148151149145141139139140251014KA 15317117 115199999999999999 939 76214713999999999999999
142146153160164162151135115 97 84 77 77 85100119138152160159153143134126251015KA 4121641825160999999999999991125 76999999999999999999999
122123130142157168171163146123100 82 72 72 82100124147164171167153136118251016KA 54717119 617199999999999999 0191221230 7099999999999999
106102107120140162178182172151122 94 74 65 69 85110138164179181168145119251017KA 649182193618299999999999999 0591021311 6599999999999999
 97 85 85 97119146172189191176147113 84 66 62 74 97127158182192184160127251018KA 73719220 319299999999999999 130 831343 6299999999999999
 96 74 67 74 95125157184198194171137100 72 60 66 86116150180198197177143251019KA 817199202820099999999999999 159 671411 6099999999999999
104 72 55 56 73101137171195203190160121 86 65 62 77105140174198206192161251020KA 853203205220699999999999999 227 531438 6199999999999999
119 79 52 43 54 79114151184202201180144105 75 63 71 95129165194209203177251021KA 927204211520999999999999999 256 4315 6 6399999999999999
137 93 57 39 40 60 91129166193203192164126 92 71 70 87118154186207209190251022KA 959203213721099999999999999 325 371533 6899999999999999
155111 70 42 34 46 72107145177196196177145110 84 74 84108142175200209199251023KA1031198215920999999999999999 354 3416 0 7499999999999999
170130 87 54 37 39 57 88123157181191183159128100 84 85102130162189204202251024KA11 2191222220699999999999999 423 351627 8299999999999999
181147107 71 47 40 50 73103135162178179166142116 97 91100122149176194199251025KA1135180224719999999999999999 453 401653 9199999999999999
187161127 91 63 49 50 64 88115141160168164150130111101103117138161180189251026KA1210168231419099999999999999 525 48172010099999999999999
186169143112 84 65 58 63 78 99120139151155150138124114111117131148164175251027KA1254155234717899999999999999 6 2 58174911099999999999999
178171154131107 85 72 69 75 88103119132140143141134126121122127137148158251028KA14 2143999999999999999999999 647 69182712199999999999999
164164158145128108 92 81 78 82 90101112123132138140138134130129130134140251029KA 033165155814099999999999999 754 78195712999999999999999
146151153152145132116101 89 83 82 86 94105117130141147147143136128123122251030KA 211153173214899999999999999 937 82225212299999999999999
124131140149154152142126108 92 81 76 78 87101119138153160158148133117106251031KA 4161541818161999999999999991111 76999999999999999999999
102106118135152163165155136112 90 74 67 71 84104129153170175166146120 972511 1KA 539166185217599999999999999 0 010212 8 6799999999999999
 82 79 89109136161178181168143111 83 64 59 67 87116147174189187168135 992511 2KA 641182192419199999999999999 042 781252 5999999999999999
 69 54 57 76106142174194196178144106 74 56 55 70 991341701962051931601162511 3KA 734198195620699999999999999 121 531332 5399999999999999
 72 41 30 40 68108151188209206182141 99 66 52 58 811161561922152151901452511 4KA 824211203021899999999999999 2 0 301411 5299999999999999
 92 45 16 11 29 66113161200218210179135 91 62 55 68 981371782112262151792511 5KA 91221821 622699999999999999 242 101450 5499999999999999
126 69 23  0  2 27 69119169205219206171126 86 64 64 841181581962222272072511 6KA10 0219214322899999999999999 325 -21529 6199999999999999
163107 51 11 -5  3 31 75126172203211194159117 85 71 791031371732052222192511 7KA1048212222122499999999999999 410 -616 8 7199999999999999
192147 92 43 10  0 11 41 83129169194197178146112 89 83 961201511812042132511 8KA113819923 121399999999999999 457  01647 8399999999999999
204176133 85 43 18 13 26 53 90129161179179162136111 96 971111331571791942511 9KA1230182234519899999999999999 546 121727 9599999999999999
198187161124 85 52 33 31 42 65 94125149163163150131114106110122138154169251110KA1328165999999999999999999999 640 30181010699999999999999
178180171150122 91 66 51 49 57 74 96119138150151143131120115117124134143251111KA 039180143715299999999999999 743 4819 911599999999999999
153160163159146125101 81 67 63 67 78 95113131143147143135126120117118122251112KA 159164155914799999999999999 859 63211011799999999999999
128136145152154146131111 93 79 72 73 81 95112130144150148140128118109105251113KA 3401541715150999999999999991023 71232810599999999999999
105111122135148154150138119 99 84 75 75 83 98117137151158154142125108 95251114KA 51115418 7158999999999999991132 74999999999999999999999
 88 89 98113132149158156143122100 83 75 76 87106128149163166157138114 92251115KA 620159184516699999999999999 024 871221 7499999999999999
 76 71 76 90112136155165161144120 96 79 74 80 96119144164175171154126 96251116KA 713165191617599999999999999 1 2 711259 7499999999999999
 72 58 57 68 90117144164171163141114 89 75 74 87109136162179182170143109251117KA 757171194418399999999999999 134 561333 7399999999999999
 76 52 43 49 68 96128156173175160134104 81 72 79 98126155178189183161126251118KA 836176201118999999999999999 2 6 4314 5 7299999999999999
 87 55 37 35 49 75108141168180175153123 94 76 74 88114145173191193177145251119KA 912180203719499999999999999 236 331437 7399999999999999
104 66 38 27 33 55 86122155176181168142110 85 74 80101131163187197189163251120KA 94718221 419799999999999999 3 8 2715 9 7499999999999999
124 83 47 27 24 38 66101137165180177157128 99 80 77 90117149177195195178251121KA1020181213319799999999999999 339 231540 7699999999999999
145103 64 35 23 28 49 80115148170177167143114 90 79 84104133163186195187251122KA105417722 219599999999999999 411 231611 7999999999999999
162125 85 51 30 26 38 63 94127154169169154129104 87 84 96119147172188189251123KA1129171223419099999999999999 444 251642 8399999999999999
174145108 71 44 31 34 51 76106134154162157140118 99 89 93108131155174182251124KA12 616223 918399999999999999 518 301714 8999999999999999
177158129 95 64 43 37 45 63 88113135150153146130112 99 95102118138156169251125KA1249154234917399999999999999 555 371750 9599999999999999
172164145117 87 62 48 46 56 74 95116133144146139125111102101109122137150251126KA1341146999999999999999999999 637 46183610199999999999999
159161153136112 86 66 55 55 65 80 98116131140142137126114106104108117128251127KA 041161144614399999999999999 728 54194810499999999999999
140148152147133113 90 72 63 62 70 83 99116131141145140130117106 99 99105251128KA 156152155614599999999999999 832 612131 9999999999999999
115127139146146136119 98 80 68 66 72 84100118136148153148134116 99 86 82251129KA 329147165815399999999999999 946 662259 8299999999999999
 87 98115133147151145129107 86 72 67 72 85104125146160164155135109 84 67251130KA 4561521748164999999999999991058 67999999999999999999999
 60 66 83106131152161157140115 90 73 67 73 88111137161175176160131 96 642512 1KA 611161183317899999999999999 0 0 601159 6799999999999999
 43 37 47 70101134160173169149120 92 72 67 75 95122152177190185162123 792512 2KA 716174191519199999999999999 051 371253 6699999999999999
 42 20 17 32 61100139170184179155122 91 71 67 791041351681932021911581112512 3KA 814185195820299999999999999 140 161343 6699999999999999
 61 22  1  1 22 57102145179193184157120 88 69 69 861141491822052091911512512 4KA 9 7193204221099999999999999 228 -21431 6799999999999999
 98 46  6-12 -7 18 58106152185196183153115 84 69 73 941261611932122101862512 5KA 958196212721499999999999999 317-131516 6899999999999999
141 86 34 -2-16 -7 21 64112157186193177144107 80 71 801041361701982122052512 6KA1047194221321299999999999999 4 6-1616 0 7199999999999999
177130 76 28 -3-12  0 31 73119159183184165133100 78 75 881121431731962052512 7KA113518623 020599999999999999 454-121643 7499999999999999
195164119 70 28  3 -1 14 44 83124157175172151122 94 79 81 951191451701882512 8KA1221176234819399999999999999 542 -21725 7899999999999999
192180151110 67 33 15 16 32 60 94128153164158138113 92 83 871011211421612512 9KA13 8164999999999999999999999 629 131810 8399999999999999
174176164138103 69 43 32 35 50 75103129148154146129108 93 88 92103118134251210KA 040177135615499999999999999 715 3119 1 8899999999999999
148158159149128100 74 56 49 54 67 87109130143146139124108 96 91 93100110251211KA 137160144714699999999999999 8 4 492010 9199999999999999
121133142144138122101 82 69 64 69 81 97115130141142136123109 97 90 88 91251212KA 246145154214399999999999999 857 642150 8899999999999999
 98108120130134131121106 90 80 76 80 90104119133142143137124108 94 84 79251213KA 4 9134164014499999999999999 958 762324 7899999999999999
 79 85 96110122130131124111 98 87 83 87 96110125139147147139124105 87 73251214KA 53513217331489999999999999911 3 83999999999999999999999
 66 67 75 89106122133136129116102 91 86 90100116133147154152140120 96 74251215KA 647136181815599999999999999 025 6512 3 8699999999999999
 59 52 56 68 87108127140143134119102 89 85 91105124143157162156138112 83251216KA 743143185816299999999999999 110 521255 8599999999999999
 59 44 40 48 66 90116137150149137117 98 85 83 93112134155168169156131 99251217KA 828151193517099999999999999 149 401339 8399999999999999
 68 44 31 32 46 70 99128149158152134111 90 80 82 97121146167176171151119251218KA 9 7158201117699999999999999 225 301419 7999999999999999
 83 51 29 22 29 50 79112141160163151127101 82 75 84105133159177181169142251219KA 942164204618299999999999999 3 0 221456 7599999999999999
105 66 36 18 17 32 58 92126153166162143116 90 74 74 89115145171185182162251220KA1016167212218699999999999999 334 161531 7299999999999999
128 87 50 23 12 18 40 71107139162168156131102 79 70 77 98128157179187177251221KA1050168215818799999999999999 4 7 1216 4 7099999999999999
150112 70 35 15 12 25 52 86121150165163145117 90 72 70 84109139166183184251222KA1123166223518699999999999999 440 111637 6999999999999999
168135 94 55 25 12 17 37 67101133156163154132104 80 69 74 93119147170181251223KA1157163231318299999999999999 513 121711 6999999999999999
176154119 79 43 21 16 28 52 82114141157158143119 93 75 71 80101126150169251224KA1233159235517599999999999999 546 161748 7099999999999999
175165140105 68 38 24 26 42 67 96124145155150133109 87 74 73 85104127148251225KA1311155999999999999999999999 622 231832 7299999999999999
162165153128 95 63 40 32 39 57 82108131147151144126103 84 73 74 85102121251226KA 042165135215199999999999999 7 0 321925 7299999999999999
140152153142120 91 65 48 45 54 72 94116135147149140122101 82 72 71 79 93251227KA 138154144015099999999999999 745 442034 7099999999999999
111128140143135117 94 73 60 59 67 83103122138149150140122100 80 66 62 67251228KA 248144153615099999999999999 838 582156 6299999999999999
 79 96115130137134122103 85 74 71 78 91108126142152154144125100 76 57 49251229KA 414138163915499999999999999 944 712317 4899999999999999
 51 62 81102122136139131116 98 85 80 84 95111129147159162151129 99 69 45251230KA 54713917431629999999999999911 3 80999999999999999999999
 32 33 44 66 93119139148144129110 94 85 86 96113133154168171159133 97 60251231KA 711148184317299999999999999 029 311224 8499999999999999
