 10 -8-14 -5 15 43 80115137140132120106 94 92101112121129133126104 76 5025 1 1KB 84114019 013399999999999999 151-141340 9199999999999999
 26  2-13-12  2 24 55 93125139136125113 99 89 90101112120128131121 97 6925 1 2KB 914139195313299999999999999 227-141423 8899999999999999
 44 21  0-10 -3 14 37 68104130136129119107 94 86 90100108115123125113 8925 1 3KB 951136204312699999999999999 3 5-101510 8699999999999999
 64 43 22  6  2 12 29 51 81111129130122113102 90 84 87 94 9910611411610325 1 4KB1032132213711799999999999999 344  116 6 8499999999999999
 82 63 46 30 19 20 31 46 66 92115126123116107 96 85 79 80 83 87 9410310425 1 5KB1114126223810599999999999999 425 181717 7999999999999999
 94 80 66 55 44 39 42 52 65 81100116121117109100 89 78 70 68 69 73 81 9025 1 6KB11571212356 9499999999999999 5 6 3919 3 6899999999999999
 94 89 81 74 69 63 62 66 73 83 93106115116110102 92 80 67 58 53 53 58 6725 1 7KB1238117999999999999999999999 550 622028 5399999999999999
 78 87 89 88 87 86 84 84 87 92 97103109114112104 94 83 69 55 43 37 37 4325 1 8KB 155 89131811499999999999999 640 842127 3799999999999999
 54 70 84 93 97101103103102103106107109111113109100 87 74 58 41 27 21 2225 1 9KB 626104135811399999999999999 8 81022220 2199999999999999
 30 45 66 87101110115118117114112113113112113113109 97 82 66 47 28 12  625 110KB 71111814461149999999999999913 211223 8  699999999999999
 10 21 41 68 95113122126127123117114114114113115116111 96 78 59 37 15 -225 111KB 73912715491169999999999999912371132351 -699999999999999
 -6  1 16 42 76106125131132129121112110112114115118121114 96 75 52 28  325 112KB 7441321655121999999999999991153110999999999999999999999
-13-14 -3 18 50 88120134135132124112103103109113117123126117 95 71 46 1825 113KB 736136175112799999999999999 032-16122710299999999999999
 -8-20-16  1 26 63103131138133125114100 93 98107113119128130116 91 65 3925 114KB 756138184113199999999999999 111-2113 2 9399999999999999
 10-14-20 -9 10 39 79117137136127116102 89 87 96105111120130129110 83 5825 115KB 824139192513299999999999999 149-201339 8699999999999999
 32  5-12-11  4 25 57 96127136129117105 91 81 84 95103110120128120 99 7425 116KB 85613620 612899999999999999 225-141416 8199999999999999
 52 28  6 -3  5 21 44 75109129129119108 96 83 78 84 92 98106116119107 8725 117KB 929132204412099999999999999 259 -31456 7899999999999999
 67 48 28 14 14 25 42 64 92117126120110100 88 79 77 82 88 92100108106 9325 118KB10 1126212310899999999999999 330 121540 7799999999999999
 76 62 48 35 30 35 47 62 82104118119111102 93 83 76 75 78 80 84 91 96 9225 119KB103212022 4 9699999999999999 357 301635 7599999999999999
 82 71 62 53 48 49 57 68 81 97110115110103 95 86 78 72 70 70 71 75 81 8425 120KB10571152257 8499999999999999 418 471853 7099999999999999
 81 75 71 67 64 65 70 78 86 96105111109103 95 88 79 71 66 62 61 61 66 7225 121KB1115111999999999999999999999 427 642020 6099999999999999
 75 75 75 76 77 79 82 88 94100105109109103 96 88 81 72 64 57 53 50 51 5725 122KB11271109999999999999999999992117 50999999999999999999999
 64 70 75 81 86 90 93 97102105108109109105 97 89 82 74 64 55 48 42 40 4225 123KB113010999999999999999999999922 9 40999999999999999999999
 49 60 70 81 91 99104106108110111110110107101 93 85 77 67 56 46 38 31 2925 124KB 9511119999999999999999999992254 29999999999999999999999
 33 45 59 75 91104112114114113112111110109106100 92 83 73 61 48 36 26 1925 125KB 7171149999999999999999999992332 18999999999999999999999
 19 27 43 64 85104117121120116112109107108108106101 94 84 70 55 39 24 1225 126KB 7131219999999999999999999999999999999999999999999999999
  7 11 25 46 73 99118127126120112105102104107109110108100 85 66 47 28 1025 127KB 724127155311099999999999999 0 5  712 310299999999999999
 -2 -3  7 27 55 88116130131125115102 94 95101108113118118106 85 61 39 1625 128KB 736132173111999999999999999 034 -41225 9399999999999999
 -5-13 -7  9 34 69106130136130119104 89 83 89100110119129127109 82 55 2925 129KB 751136182613099999999999999 1 4-131255 8399999999999999
  3-16-17 -5 16 47 87124139135124109 90 75 74 86100111126138132107 77 4925 130KB 813140191413899999999999999 134-191331 7299999999999999
 21 -6-19-12  5 30 65107136140129114 96 76 64 69 84 97112131141129100 7125 131KB 841141195914199999999999999 2 7-191410 6499999999999999
 44 16 -6-10  2 22 48 85122139134119103 83 64 57 65 79 93111131136120 9325 2 1KB 912140204613799999999999999 242-111454 5699999999999999
 67 43 20  5  9 24 43 69102129135123107 91 72 55 52 60 72 8510512312510825 2 2KB 945136213512799999999999999 318  41543 5199999999999999
 87 67 49 32 27 34 49 65 88113128125111 96 80 63 49 47 53 62 76 9510910925 2 3KB1019129223011199999999999999 354 271641 4799999999999999
 98 84 72 61 53 54 62 74 86102117122114100 86 71 56 45 42 45 52 64 81 9325 2 4KB10501222344 9699999999999999 427 521755 4299999999999999
 95 90 85 82 79 77 81 88 95102110115113103 90 78 65 51 40 35 36 41 52 6525 2 5KB1116115999999999999999999999 450 771922 3599999999999999
 78 85 88 91 95 98100103107110111111110104 95 84 72 61 47 36 29 27 30 3925 2 6KB10351119999999999999999999992050 27999999999999999999999
 52 67 81 91100108114117118118117113109104 99 91 81 70 58 44 31 21 18 2025 2 7KB 84011899999999999999999999922 8 17999999999999999999999
 29 44 63 83 99111120125125123119115111105101 98 92 83 71 57 42 26 13  825 2 8KB 73812699999999999999999999923 3  8999999999999999999999
 12 23 41 66 91110121127128125118113110106103102102 98 87 72 56 38 18  425 2 9KB 7501289999999999999999999992345  0999999999999999999999
  1  7 21 45 76105121127127124115105102103102102107111106 91 72 54 31  825 210KB 74912817 6111999999999999991439102999999999999999999999
 -5 -3  8 26 56 92119128127122113 99 90 92 97100105116122112 92 71 49 2225 211KB 712129175612299999999999999 021 -61219 8999999999999999
 -1 -8 -1 14 38 74111130130122112 97 82 77 84 93 99111126129112 89 66 4125 212KB 726132183913099999999999999 055 -81248 7799999999999999
 13 -5 -4  8 26 55 95126134125113 99 80 67 69 80 90101118133128107 83 6025 213KB 750134191813499999999999999 127 -71321 6699999999999999
 33  8 -1  7 23 44 78114133130116101 84 66 58 66 78 89104124132120 97 7525 214KB 818134195513299999999999999 158 -11356 5899999999999999
 52 28 12 12 25 42 66 99126131120104 88 70 56 55 65 76 89107123124108 8725 215KB 845132203112699999999999999 227 101432 5499999999999999
 68 48 30 24 32 46 64 88114128122108 92 76 60 52 55 64 74 89106116111 9525 216KB 91012821 811799999999999999 253 241511 5299999999999999
 79 64 49 40 43 54 68 85105121121110 95 81 66 54 50 54 62 72 87101105 9825 217KB 932123214810699999999999999 315 401553 5099999999999999
 86 75 65 57 57 64 75 87101114118110 97 84 71 59 51 49 52 58 69 82 92 9425 218KB 9501182236 9499999999999999 334 561643 4999999999999999
 88 82 77 73 71 76 84 93102110115110 99 86 74 64 54 48 47 49 54 64 75 8325 219KB10 41152350 8599999999999999 348 711744 4799999999999999
 84 83 83 84 85 87 93100105109112110101 88 77 68 59 51 45 44 45 49 57 6725 220KB10 9112999999999999999999999 130 8319 0 4499999999999999
 75 80 84 90 95 98102106110111111108102 92 80 71 64 56 48 43 40 40 42 4925 221KB 9 21119999999999999999999992052 40999999999999999999999
 59 70 79 90100107111112114114111108103 96 86 77 70 63 54 45 39 35 32 3325 222KB 8251149999999999999999999992214 32999999999999999999999
 42 54 69 84100112118119118115111107103 99 93 86 79 72 63 52 42 33 26 2225 223KB 64711999999999999999999999923 4 22999999999999999999999
 25 36 53 73 94112122124121116109103101100 98 95 92 87 77 64 50 37 24 1425 224KB 6501249999999999999999999992340 12999999999999999999999
 12 19 34 56 84109124128125117106 97 93 95 98100104105 97 82 64 47 28 1025 225KB 6571281643105999999999999991158 93999999999999999999999
  2  6 18 38 68101125132128119105 89 81 84 92 99108119121107 84 62 40 1625 226KB 7 1132173912299999999999999 010  21211 8199999999999999
 -2 -5  5 22 49 87122137133122107 87 69 66 77 89102120136134112 85 59 3225 227KB 713137182413899999999999999 038 -61239 6599999999999999
  4 -9 -3 13 34 68110138140127110 89 64 50 55 70 86107133149139112 83 5525 228KB 73414219 815099999999999999 1 8 -91313 4999999999999999
 24  0 -4  8 27 53 92130146135116 95 69 43 35 47 65 85113143153137108 8125 3 1KB 8 1146195215499999999999999 141 -51352 3599999999999999
 52 23  7 12 28 48 77114142142123101 77 50 28 27 41 59 8311514314712810225 3 2KB 830145203814999999999999999 215  61434 2599999999999999
 79 54 32 26 36 52 72 99128141130108 85 61 36 21 23 36 54 8011213413311625 3 3KB 9 0141212613699999999999999 249 261521 2099999999999999
 98 81 63 51 53 64 78 94114131131114 92 72 50 30 19 22 33 50 7510211711625 3 4KB 929133222311899999999999999 323 501614 1999999999999999
106 96 87 78 75 81 90 99109120124116 98 80 63 45 29 22 23 31 46 66 86 9925 3 5KB 951124234710199999999999999 351 751719 2199999999999999
101 99 98 97 97 99105110114116117112101 87 72 59 45 33 25 25 30 40 55 7125 3 6KB 944117999999999999999999999 344 971838 2499999999999999
 83 91 97103109114118120121119114109101 91 80 70 60 49 38 29 26 27 34 4525 3 7KB 7461219999999999999999999992013 26999999999999999999999
 59 74 87100111120125127126122116108100 93 87 80 73 64 54 43 32 25 24 2825 3 8KB 7 81279999999999999999999992144 24999999999999999999999
 38 53 71 91107118126129127121114107100 93 90 89 86 79 69 58 46 32 22 2025 3 9KB 7 91299999999999999999999992245 20999999999999999999999
 25 36 53 77100115123126125118109102 98 93 90 93 97 95 85 74 61 45 28 1825 310KB 7211271616 989999999999999914 2 902326 1799999999999999
 19 25 38 61 90112122123122115102 91 89 89 88 92102109104 90 76 61 41 2225 311KB 65412317 6109999999999999991258 882358 1699999999999999
 16 20 30 47 76107123124119112 98 82 75 78 83 87 99115121109 92 77 57 3325 312KB 63012517481219999999999999912 3 75999999999999999999999
 18 18 26 39 62 96123129121110 97 78 63 63 71 79 90110128127110 91 73 5025 313KB 648129182713099999999999999 028 161230 6199999999999999
 27 19 26 37 54 83116132127113 98 79 58 49 55 67 79 98123135126107 88 6725 314KB 71113219 413599999999999999 057 1913 1 4999999999999999
 43 27 28 39 53 75105130132118100 82 60 43 41 52 66 83108131135120101 8225 315KB 735134194013699999999999999 125 251334 4099999999999999
 60 41 35 43 56 72 97123133123104 86 65 44 34 39 52 67 90117132128111 9425 316KB 758133201513399999999999999 151 3514 8 3499999999999999
 76 57 46 50 61 75 93115130126109 90 71 50 35 32 40 53 71 9611912611710325 317KB 819131205312699999999999999 215 461442 3199999999999999
 88 73 61 59 68 80 93109124126113 93 75 57 40 31 33 41 55 75 9911511610825 318KB 837127213311899999999999999 238 591519 3099999999999999
 97 87 76 72 76 86 96107118123114 97 79 64 48 36 31 35 44 58 77 9710710625 319KB 853123222310899999999999999 3 1 7216 0 3199999999999999
101 95 90 85 86 93101108114118114100 83 68 56 44 36 34 38 46 59 75 90 9825 320KB 9 41182344 9999999999999999 324 851648 3499999999999999
 99 98 98 97 97100106111114114111102 88 73 62 53 44 38 37 40 46 57 70 8225 321KB 846114999999999999999999999 334 971744 3799999999999999
 90 95100105108109112114115113108102 92 79 68 60 53 46 41 39 40 44 52 6325 322KB 7411159999999999999999999991857 39999999999999999999999
 75 85 95105114118118118117113107101 94 86 76 69 63 56 49 43 39 38 39 4525 323KB 6 211899999999999999999999921 9 38999999999999999999999
 57 70 85101114122124122118112105 99 95 90 85 81 76 69 60 51 43 36 32 3325 324KB 5541249999999999999999999992220 32999999999999999999999
 40 53 71 92111123127125119110100 95 92 91 91 92 92 87 76 64 52 40 29 2525 325KB 6 71271534 93999999999999991335 9123 1 2599999999999999
 28 38 55 78105123129127120108 93 84 83 86 90 98107109 99 83 68 52 33 2125 326KB 6 81291641110999999999999991135 832333 1999999999999999
 20 28 41 63 94121133130121107 88 70 66 72 81 93111127126110 89 70 48 2525 327KB 6111331729129999999999999991148 66999999999999999999999
 16 21 33 51 80115137136123108 87 61 46 50 63 78100128146139117 93 70 4325 328KB 627139181314799999999999999 0 5 161217 4599999999999999
 21 18 30 45 68102135145132111 89 61 34 26 37 55 77110145158145120 96 6925 329KB 651145185715899999999999999 037 171252 2599999999999999
 40 25 30 46 63 90125148143120 95 68 36 12 12 28 49 79120154161143119 9625 330KB 718149194216299999999999999 112 251331  999999999999999
 69 45 39 50 66 84112140149132104 78 48 17  0  5 23 47 8212415215313611725 331KB 748149203015699999999999999 147 391414 -199999999999999
 97 74 59 61 74 88105128144138115 88 62 33  7 -3  5 22 47 8412114113912725 4 1KB 817145212214399999999999999 222 5815 1 -399999999999999
114 99 85 79 86 97107119132136122 98 74 51 27  8  2  9 24 49 8111012412425 4 2KB 842136222612699999999999999 255 791555  299999999999999
118112105100101107114119124127120104 85 66 48 29 16 11 16 29 49 74 9610825 4 3KB 854127999999999999999999999 3231001657 1199999999999999
112113114114115118122124123120114105 91 77 63 50 37 26 22 24 33 48 66 8325 4 4KB 7 612499999999999999999999918 9 22999999999999999999999
 95104111118123126127127124117109101 92 84 75 67 57 47 37 32 31 36 46 5925 4 5KB 6221289999999999999999999991933 31999999999999999999999
 74 89102113122128130128123116107 98 91 86 83 79 73 65 56 47 39 36 39 4525 4 6KB 6 113099999999999999999999921 5 36999999999999999999999
 57 72 90106118125128127120111103 95 88 85 86 88 87 80 73 64 54 44 39 4125 4 7KB 6161281511 88999999999999991310 852210 3999999999999999
 47 59 76 97113121123123117105 95 89 85 82 84 92 98 95 87 79 70 56 45 4225 4 8KB 6191241612 98999999999999991310 822252 4299999999999999
 45 52 65 87109120121119113101 86 78 77 77 79 89103109103 93 84 71 56 4625 4 9KB 5361221656109999999999999991150 772325 4599999999999999
 46 52 60 77101120124118110 98 81 67 63 67 72 82100116118108 97 86 70 5425 410KB 5441241736119999999999999991147 632354 4899999999999999
 48 53 61 72 93117128122110 97 79 60 50 53 61 72 90114128124111 99 84 6625 411KB 6 41281814128999999999999991211 50999999999999999999999
 54 55 63 72 88112129128114 98 80 59 41 38 47 59 76103128135125111 97 8025 412KB 626131185113599999999999999 023 531241 3799999999999999
 63 58 65 75 87106127133121102 83 61 39 28 32 44 61 87117136136123109 9325 413KB 648133192713899999999999999 049 581312 2899999999999999
 75 65 68 78 89104123134127108 87 66 43 25 22 30 45 68 9912713813211910525 414KB 7 813420 413899999999999999 115 651344 2199999999999999
 88 75 72 81 92104119132131114 92 71 50 30 19 21 33 51 7810913113512611525 415KB 727133204313599999999999999 140 721417 1899999999999999
101 87 80 84 94105116127131119 99 77 58 38 23 19 24 37 58 8611312812712025 416KB 745131212712999999999999999 2 7 801453 1999999999999999
111100 91 90 97106114122127121104 84 65 48 33 23 23 30 44 65 9011112112025 417KB 8 2127222312199999999999999 236 891533 2299999999999999
116110103 99102108114119122119108 90 72 57 44 33 27 29 36 50 68 8910511325 418KB 8 8122999999999999999999999 3 9 991619 2799999999999999
114114113110110112116118118115108 95 80 66 55 45 37 33 35 42 53 68 84 9825 419KB 0 3114 72111899999999999999 3471101713 3399999999999999
107112116118119118118118116111105 97 86 75 65 57 50 43 39 40 45 53 65 8025 420KB 5 51199999999999999999999991816 39999999999999999999999
 93105114121125125122119115109102 96 90 84 76 69 63 55 49 44 44 46 52 6325 421KB 4281259999999999999999999991945 43999999999999999999999
 77 92107119126128126120112105 98 93 90 89 88 85 79 71 62 54 48 44 46 5225 422KB 4551289999999999999999999992116 44999999999999999999999
 62 78 96114125129127120109 97 89 86 86 88 93 99 98 90 80 70 59 49 44 4625 423KB 5 51291527 99999999999999991139 8522 9 4499999999999999
 54 66 84106124130127119107 90 76 71 74 79 89104115114103 90 77 62 49 4525 424KB 5 213016261179999999999999911 2 712250 4599999999999999
 51 60 74 96121134131119105 86 64 52 53 62 75 95120134130115100 83 64 4925 425KB 5141341715135999999999999991121 512328 4899999999999999
 50 59 70 87114136139125107 86 60 36 28 37 52 73105137151142124108 87 6525 426KB 53814118 2151999999999999991154 28999999999999999999999
 54 60 71 84105132147137114 91 64 33 11 10 24 45 76117152161148131112 8925 427KB 6 6147184916199999999999999 0 5 541232  899999999999999
 68 64 74 86101124146149129101 73 42 10 -7 -1 17 43 8112715816214913311425 428KB 636151193716499999999999999 043 631314 -799999999999999
 91 77 79 91102117138151142115 86 57 25 -3-14 -5 15 45 8813115615614513125 429KB 7 8151202915899999999999999 121 751359-1499999999999999
114 97 90 96107117129143145128101 73 46 16 -6-12 -2 19 50 9112814614613825 430KB 737147212714799999999999999 159 901449-1299999999999999
128116106105112120126134138132113 88 65 41 17  1 -3  7 27 56 9011913313425 5 1KB 8 2138223813599999999999999 2361041543 -399999999999999
131126120116118123127128129126116 99 80 62 43 25 13 11 19 36 60 8610812125 5 2KB 751129999999999999999999999 3131161641 1099999999999999
125125126125124125127126122117111102 90 77 64 50 37 27 26 32 44 62 8210025 5 3KB 142126 61412799999999999999 3541241742 2599999999999999
112119124127128128127124118111104 98 93 86 78 69 60 50 42 40 43 52 65 8025 5 4KB 4 91299999999999999999999991851 40999999999999999999999
 96109118124128128126121114106 97 92 89 88 87 83 77 69 61 55 52 53 59 6925 5 5KB 44012999999999999999999999920 9 52999999999999999999999
 82 97111120124126124117109 99 92 86 83 85 89 92 89 84 79 72 65 61 62 6825 5 6KB 4551261459 929999999999999912 4 832116 6199999999999999
 76 87102116122123120114104 92 83 79 77 79 86 95 99 97 92 87 80 73 69 7125 5 7KB 43512316 1 999999999999999912 8 7722 4 6999999999999999
 76 83 95111121122117111101 87 74 69 69 71 79 93105108104 99 94 86 78 7625 5 8KB 4351231648108999999999999991133 682242 7699999999999999
 80 85 93106120124118109 98 83 67 57 57 61 69 85104116116111106 99 88 8225 5 9KB 4521241730117999999999999991132 562314 8299999999999999
 84 89 94104117126122110 97 82 64 49 44 48 57 73 96117126124117110 99 8925 510KB 5121261810127999999999999991155 442344 8699999999999999
 87 92 98105116127128116 99 83 64 44 33 34 43 58 82110130134129121110 9725 511KB 5331291848135999999999999991223 32999999999999999999999
 90 92 99107116127132124106 86 67 45 28 23 29 43 65 9612413913813112010625 512KB 553132192514099999999999999 013 901254 2399999999999999
 95 93 99108116127135131114 93 72 51 30 18 19 29 48 7611013414313912911625 513KB 61413520 314399999999999999 042 921326 1799999999999999
102 95 98107116125134136123102 80 59 37 20 14 19 33 57 8912013914213612525 514KB 637137204414299999999999999 112 9414 1 1499999999999999
112101 98105114123131136130112 89 68 48 29 17 15 24 41 67 9812413713813125 515KB 7 1136213013999999999999999 145 981438 1599999999999999
121111104105112120127131130119 99 78 59 42 27 19 21 31 49 7510212413313325 516KB 722132222513499999999999999 2211031519 1899999999999999
127120113110112118123126126120107 89 70 55 41 30 25 28 39 57 7910212012825 517KB 728126233512999999999999999 3 511016 5 2599999999999999
129126123119116118121122120116110 97 82 67 55 44 35 32 37 47 62 8110111725 518KB 650122999999999999999999999 4 71161655 3299999999999999
124127128127123120119118115111107101 92 80 69 60 51 43 41 45 54 66 8210025 519KB 1581289999999999999999999991749 41999999999999999999999
115124128130129124118113109104100 99 97 92 84 75 67 59 52 50 53 60 71 8525 520KB 3101309999999999999999999991854 50999999999999999999999
102116125130130126118109101 96 92 91 94 97 97 92 85 77 69 63 59 61 68 7725 521KB 3341301331 98999999999999991043 9120 8 5999999999999999
 90106121129130125118106 93 83 79 80 84 92103108105 97 89 81 73 68 70 7725 522KB 33513015 6108999999999999991021 792113 6899999999999999
 86 98114128132126116104 87 71 61 62 68 78 95113122119110102 93 82 76 7925 523KB 3501321612122999999999999991026 6122 6 7699999999999999
 87 95108124135132119103 85 64 45 39 45 57 75101126137133124115102 89 8425 524KB 41613617 7137999999999999991055 392253 8499999999999999
 90 98106120136141129109 88 65 39 21 20 31 48 75111140150145135124108 9425 525KB 44714118 0150999999999999991134 192337 9299999999999999
 93100108117132146143122 97 73 45 17  2  5 20 44 8012215215915214212911125 526KB 5221471852159999999999999991217  1999999999999999999999
 99101110118129143151140114 86 59 28  1-10 -3 16 45 8713115716215514412925 527KB 558151194416299999999999999 020 9813 3-1099999999999999
112105110119127138149150133105 77 48 17 -7-14 -4 18 51 9413515715915114025 528KB 634152203616099999999999999 1 21051352-1499999999999999
126114111118126133142148143123 96 69 42 14 -6 -9  3 25 5910013515215214525 529KB 711148212815399999999999999 1441101441-1099999999999999
136125116117124130135139141132113 89 65 41 18  3  2 15 37 6810313114314325 530KB 747141222414499999999999999 2281151531  099999999999999
138131124120121126129130130129120103 84 65 46 27 16 18 30 49 7510412613525 531KB 816130232713599999999999999 3151191621 1699999999999999
135132129125122123124123120118116108 96 82 68 54 40 33 36 46 62 8210512125 6 1KB 6 7124999999999999999999999 4171221711 3399999999999999
128130129128124121119116112107106104100 92 83 74 64 54 51 54 61 73 9010725 6 2KB 12913099999999999999999999918 2 51999999999999999999999
119125127128126121116110104 98 95 95 96 95 92 87 81 75 69 67 70 76 85 9725 6 3KB 2411281210 96999999999999991028 941856 6799999999999999
110119124126124120114106 97 90 86 85 87 92 95 95 93 90 86 83 82 84 89 9625 6 4KB 2561261437 96999999999999991047 851955 8299999999999999
105114121124123118112102 92 82 77 75 77 84 93 99102101100 98 95 94 9610125 6 5KB 3 812416 8102999999999999991056 752054 9499999999999999
106112119123123117109100 88 76 68 65 67 74 85 9810711011011010810510410725 6 6KB 32412417261119999999999999911 1 65214510499999999999999
110114118123124119109 98 86 72 60 54 56 62 75 9210811812012011811411111125 6 7KB 3421241816120999999999999991117 54222911099999999999999
114117120124126123112 99 85 70 55 45 44 49 61 8110312012913012812311711325 6 8KB 3591261844130999999999999991143 4323 911399999999999999
115119123126130128119104 88 72 54 40 33 36 47 65 9111613213813713112311625 6 9KB 4191301912138999999999999991212 33234511499999999999999
114118123128132134128113 95 77 58 40 28 25 32 49 7410412914214413913011925 610KB 4471341941145999999999999991244 25999999999999999999999
113114120127133138136125106 86 65 45 28 19 21 33 55 8611814014814613712525 611KB 520138201114899999999999999 0201121318 1899999999999999
114110115123131138141135119 98 76 55 34 19 15 22 39 65 9812814614914313225 612KB 557141204514999999999999999 0561101352 1599999999999999
120111110117127134140140131112 89 67 46 28 16 16 27 47 7610813514714613925 613KB 636141212314899999999999999 1341091429 1599999999999999
128117110112121129135138136124104 81 61 42 25 18 22 36 57 8511513814514225 614KB 71813822 514599999999999999 21611015 8 1899999999999999
135126117112115123128131133130116 96 75 58 41 28 24 32 46 67 9312013814225 615KB 8 4133225214299999999999999 3 41121549 2499999999999999
138133125118114116121123124126122109 91 74 59 46 36 35 44 58 7610012313625 616KB 9 2126234513999999999999999 4 31141633 3499999999999999
138135131125117112113114114115117115104 90 77 65 54 47 49 57 70 8610612525 617KB1012117999999999999999999999 5231121719 4799999999999999
135136133129121112106103102102105110110104 93 84 75 67 63 65 72 82 9611225 618KB 039136113511199999999999999 8351021811 6299999999999999
127134134129123113102 93 89 87 89 96104109107101 95 89 83 79 81 87 9610625 619KB 124135131410999999999999999 854 871911 7999999999999999
119130134131123113101 87 76 71 72 77 88101112115112108104 99 95 9610210825 620KB 2 1134145411599999999999999 919 712019 9599999999999999
115125133134126114101 86 69 56 53 57 66 8110211912612512312011410910911425 621KB 237135162212699999999999999 955 53212710899999999999999
119123131137134121105 88 69 50 37 35 43 56 7810612813813913713312511811825 622KB 3151371739139999999999999991037 35222811799999999999999
123126130137141134116 96 76 53 31 19 20 31 50 7911313915015014714012912225 623KB 3561411832151999999999999991124 18232212199999999999999
123128132136143145134112 89 65 39 16  5  9 24 49 8412315015915715114112825 624KB 4421461913159999999999999991212  5999999999999999999999
122124131136142149149134109 83 57 28  5 -4  4 23 53 9313315816315814913725 625KB 531150195016399999999999999 0101211259 -499999999999999
124119125133139145152150132105 78 50 21 -1 -5  6 28 6110314116116115314325 626KB 621153202916399999999999999 0531191344 -699999999999999
130118117125134139146153147127100 74 47 19  1  1 16 39 7311414615815414625 627KB 71015321 815999999999999999 1351161429 -199999999999999
135123114116125132137144149140119 95 71 46 22 10 15 30 54 8612214715214625 628KB 758149214815299999999999999 2171141511 1099999999999999
138128118112116123127131137140129110 90 71 50 32 26 34 48 70 9912814414425 629KB 844140223014599999999999999 3 21121553 2699999999999999
138132123115112115118119122128128118102 88 73 57 46 46 54 67 8611013013925 630KB 931129231313999999999999999 3541121632 4599999999999999
137132127119112109110109109112116115108 98 89 79 69 64 67 74 8610111813125 7 1KB1023117235613499999999999999 74310917 7 6499999999999999
134132128122115108104101 98 98101105105102 97 93 87 83 83 87 9310211312425 7 2KB1130106999999999999999999999 834 981735 8399999999999999
130130127123116108101 94 89 87 88 92 97100101101100 99 9910010410911512225 7 3KB 032131143210199999999999999 914 871744 9999999999999999
127129127122116108 99 90 83 78 76 79 86 9410010610911111211311511812112525 7 4KB 053129999999999999999999999 948 76999999999999999999999
128129127123117108 99 88 78 70 66 67 73 83 9510611411912212312412512712925 7 5KB 0531299999999999999999999991020 66999999999999999999999
130131129125119110100 88 76 66 59 56 60 70 8510111512513013213213113113125 7 6KB 04613119 8132999999999999991054 56215113199999999999999
132133133129123115104 91 77 65 54 47 48 56 71 9011012713714013813513213125 7 7KB 11013319 6140999999999999991129 4723 913199999999999999
132134135134130123112 98 82 67 53 42 37 42 55 7510012313914614514013412925 7 8KB 2 913519211479999999999999912 3 37234512899999999999999
128131135137136132123109 92 74 57 41 31 30 39 58 8411213614915114613712825 7 9KB 3211371940152999999999999991236 29999999999999999999999
123124130136140140136124105 85 65 46 30 22 27 41 65 9512614815515114213025 710KB 44414120 215599999999999999 01712313 8 2299999999999999
120117122131138143145140123100 78 56 35 21 18 28 47 7510914015615614713625 711KB 554145202715899999999999999 0511171340 1899999999999999
122112113122133140147150141119 94 70 48 27 16 21 35 57 8812415015815214125 712KB 650150205615899999999999999 1271111413 1699999999999999
129115107112123132140149151137112 87 65 43 24 20 29 46 7010213615515614625 713KB 741151212915799999999999999 2 71071447 1999999999999999
135122109104111121129138148147131106 83 63 42 29 30 43 61 8511614415515025 714KB 83014922 515599999999999999 2511041524 2899999999999999
140129116104102108116123133143140123101 83 65 49 42 47 60 7710012714715025 715KB 921143224415199999999999999 34210116 3 4299999999999999
143134123110 99 97101106114125134131117101 87 74 63 61 68 80 9411313414625 716KB1017135232314699999999999999 444 971644 6199999999999999
144136127116102 92 88 90 94103115124123114105 96 89 83 83 90 9911012413725 717KB1126125999999999999999999999 6 3 881727 8299999999999999
142138129119107 93 82 77 77 81 9110411511811611211010610410511011712413125 718KB 0 214213 011899999999999999 726 76181510499999999999999
138139132122110 97 83 70 64 63 68 78 9310811812212412512512312412713013225 719KB 038139172212599999999999999 833 63192412399999999999999
135137136127115102 88 72 58 50 50 56 68 8610612113113614014013813613613725 720KB 112137183314099999999999999 934 49211113699999999999999
137137138135125112 96 80 62 46 37 37 45 60 8210812914214815114914414013925 721KB 03113819 9151999999999999991031 36999999999999999999999
139139139139137127111 93 74 53 35 25 26 37 56 8411514015315715615114313725 722KB19211579999999999999999999991123 24233213699999999999999
136138139140143142131111 90 69 45 24 14 19 34 57 9112715216115915514613425 723KB 42514419161619999999999999912 8 14999999999999999999999
128131136139143150149135112 88 64 37 15  9 18 36 6410314116116315714813525 724KB 531151193516499999999999999 0 71281250  999999999999999
122119126134139147157155136110 85 58 29 10 10 24 45 7711915316515914913825 725KB 62415820 216599999999999999 0431181329  899999999999999
122110112123131139151161155132106 81 53 26 14 20 36 60 9513516016215214025 726KB 711162203416499999999999999 12010914 6 1499999999999999
126110102109120128138153160148124100 77 51 30 26 37 54 7811314616015414225 727KB 75416021 716099999999999999 1591021442 2599999999999999
130115102 99108117124136150151136115 95 75 54 42 45 57 74 9812915115414425 728KB 836153213915599999999999999 240 981516 4199999999999999
133121107 98 98105111119132141138123107 93 77 64 61 68 79 9511713914914525 729KB 917142221014999999999999999 324 971545 6099999999999999
135124113102 95 97100104113124129124114103 94 85 79 82 9010011413014214325 730KB10 1129223514499999999999999 417 9516 9 7999999999999999
135126117107 97 93 92 93 97105114117114109105100 97 9810311011812813714025 731KB1055117225314099999999999999 541 921623 9799999999999999
135127119110100 92 87 85 85 89 9710510910911011111111211512012613113613825 8 1KB23 1138999999999999999999999 729 85999999999999999999999
135128120112103 94 86 80 77 77 82 90 9810511011612112312612913313613713825 8 2KB2259138999999999999999999999 831 77999999999999999999999
136130122114106 97 87 79 73 69 69 75 85 9510611612613213513713914014013925 8 3KB21 9140999999999999999999999 929 68999999999999999999999
138133126117110101 91 80 72 65 60 61 69 82 9611112613714214414314314113925 8 4KB19 21449999999999999999999991023 60999999999999999999999
138136131123116108 98 85 74 64 56 52 55 66 8210112013814715014814414013725 8 5KB185115099999999999999999999911 8 51999999999999999999999
136136135131125118108 95 80 67 55 46 43 50 65 8611013314915415214613913325 8 6KB19 51549999999999999999999991146 43235613199999999999999
131133135136134131123108 91 75 59 44 35 37 49 68 9512414815815614914012925 8 7KB 2341361919158999999999999991218 35999999999999999999999
123125131136140142140127107 87 67 47 32 28 36 52 7711014115916115314212825 8 8KB 514143193416299999999999999 0131231247 2799999999999999
115113121131138147154148128104 81 58 35 23 26 40 61 9112915716515814613125 8 9KB 610154195416599999999999999 0401131316 2299999999999999
113102106119131142156163152126 99 74 49 27 22 33 51 7511014816716415013525 810KB 656163201816899999999999999 1131021346 2299999999999999
117 98 92102117129146164168149120 94 69 44 28 31 46 66 9413016116815614025 811KB 741169204716999999999999999 150 921419 2799999999999999
123103 86 86 98112127148166164142115 92 68 47 39 49 65 8511414616516214625 812KB 826168211916699999999999999 231 841454 3999999999999999
129111 91 78 81 93105123146160154133112 93 74 60 60 72 8710613115416115125 813KB 913161215116199999999999999 318 781529 5899999999999999
134118100 82 73 76 85 97116137148142127113100 88 82 86 9710912314115315225 814KB10 7148222315599999999999999 412 7316 5 8299999999999999
139123108 92 76 69 70 77 8810612413413112411811210710611212012713614414825 815KB1114134225114899999999999999 519 68163910699999999999999
141128114100 86 72 64 63 68 78 9411012112412512612812812913313714014114225 816KB23 0142999999999999999999999 638 63999999999999999999999
140132120108 96 82 69 59 56 59 67 81 9811212213013714314514614714614414125 817KB2026147999999999999999999999 8 0 56999999999999999999999
138134127117106 94 80 66 55 49 50 58 71 9010912513914815415515415114714325 818KB1855155999999999999999999999 922 49999999999999999999999
139135131126119107 94 79 63 49 42 42 50 65 8711213414815615915815214614125 819KB19131599999999999999999999991027 41999999999999999999999
139136133133132124111 95 78 60 42 34 36 47 65 9112214515615915815214213425 820KB19141599999999999999999999991116 33999999999999999999999
133133133135140142132114 96 76 54 34 28 35 48 7010313715616015715113912525 821KB 441142184816099999999999999 0561321155 2823581209999999
120124129132140151152137115 95 72 46 28 28 39 55 8312015216315815013812125 822KB 53415419 2163999999999999991231 26999999999999999999999
108108117125133148162158137114 92 65 39 28 34 48 6810114016416315113912225 823KB 619163192716699999999999999 02810613 4 2899999999999999
103 94101113122136157168157133110 87 59 38 36 47 64 8712315616715714112625 824KB 7 0168195416799999999999999 1 1 941336 3499999999999999
106 88 86 97110122141162166149125104 81 57 46 52 66 8311014216316114512925 825KB 740167202216599999999999999 137 8514 7 4699999999999999
111 92 80 84 95107123145160156137118 99 79 63 62 73 8710513015416014913225 826KB 818161204816199999999999999 215 801434 6199999999999999
116 99 83 77 83 93105123143151142126112 97 83 77 83 9510812414415515013525 827KB 857151211115599999999999999 254 771458 7799999999999999
120105 89 78 77 83 91104122137139130119110101 94 9610511512513814914813725 828KB 938140212815099999999999999 337 761518 9499999999999999
122109 96 83 76 77 81 8810211712712712211711311011011512313013714414513725 829KB1029128213814699999999999999 428 76153110999999999999999
124112101 90 80 75 75 78 85 9711011711911912112112212513113614014214313725 830KB2137143999999999999999999999 534 75999999999999999999999
127114104 95 86 78 74 73 75 81 9110211011612212813213513814114314214113725 831KB2011143999999999999999999999 653 73999999999999999999999
129118108100 93 84 76 72 69 70 75 85 9610711712913814314514614614414013625 9 1KB1935146999999999999999999999 823 69999999999999999999999
131123113106100 92 83 75 69 65 64 69 79 9310712313814815115014814413913425 9 2KB1811151999999999999999999999 944 64999999999999999999999
131126120114108102 92 81 72 64 58 57 63 76 9311313314915515515114413713125 9 3KB18211569999999999999999999991039 56999999999999999999999
129128125122120114104 92 79 67 56 49 51 61 77 9912414615715815314413312525 9 4KB18341589999999999999999999991119 49235012399999999999999
123125127129131131122106 90 75 59 46 42 48 62 8311214115816015514513111725 9 5KB 4271321842161999999999999991149 42235811299999999999999
112116123129138146143127107 88 68 48 36 39 51 69 9613115716515814613011125 9 6KB 5201471853165999999999999991216 36999999999999999999999
 98100111122134152162153130106 83 58 38 33 44 60 8211715216916414913211025 9 7KB 6 4162191117099999999999999 021 971244 3399999999999999
 89 81 91106122143167174157129104 78 51 35 40 56 7510214016917215613611425 9 8KB 647174193617499999999999999 053 811315 3599999999999999
 88 68 68 84102123153177177154126101 74 50 44 56 73 9412515917516514212025 9 9KB 73018120 417599999999999999 129 661348 4399999999999999
 95 68 54 61 78 97125158179172148124101 77 61 63 78 9511614516917015112725 910KB 815179203317399999999999999 210 541422 5999999999999999
104 79 55 47 56 72 94124156170160141123105 88 81 8810311713515616615713525 911KB 9 317021 216699999999999999 255 471457 8199999999999999
112 91 68 50 45 54 68 9011914515414713512511410610611512513414615615514025 912KB 958154212715799999999999999 346 45152910599999999999999
120101 83 64 50 47 52 65 8410912913713613313012812713013614114514814814125 913KB1114138213414999999999999999 449 46155012799999999999999
126110 95 80 65 54 49 52 61 77 9611312312913413914314514815014914714213725 914KB1924150999999999999999999999 6 6 49999999999999999999999
128117106 95 83 70 59 52 52 57 69 8410111512813914815415615615314814113425 915KB1822157999999999999999999999 734 51999999999999999999999
127121115107 98 88 75 63 54 50 53 62 76 9511413214615515915915414714013325 916KB1827160999999999999999999999 9 5 50999999999999999999999
126122120119113104 93 80 66 54 48 50 59 74 9612014015215715815314413412825 917KB18421589999999999999999999991012 48999999999999999999999
124120121125128122110 97 82 65 51 46 50 61 7810413214915415415013912611825 918KB 350128182115599999999999999 1261201057 4699999999999999
116117118125136139129114 99 82 62 48 47 55 67 8912014615615214613612010525 919KB 44313918 615699999999999999 0281161132 4623441029999999
102107112119134148148133116 99 78 57 48 53 63 79106139158156146134118 9825 920KB 52715018231599999999999999912 3 48999999999999999999999
 87 91100109124146159152133115 96 72 54 53 63 76 96127155162150135119 9725 921KB 6 7159184716299999999999999 010 871233 5299999999999999
 78 74 84 96110133157164150130112 91 68 59 65 78 9311714716315713912110125 922KB 646164191216499999999999999 042 7413 2 5999999999999999
 78 64 68 81 95116144163161144125107 86 70 71 82 9511213715916114512410525 923KB 723165193616399999999999999 115 641329 6899999999999999
 83 63 57 66 80 98123150162153136120102 86 80 8810011413215116015012910925 924KB 8 1162195716099999999999999 150 571354 8099999999999999
 89 69 56 56 67 81102129150153143129116102 93 9610611813014515515113311325 925KB 839154201415699999999999999 226 541417 9399999999999999
 95 76 61 54 58 69 8410713114414313412511510710611312313214215014913611725 926KB 922145202715199999999999999 3 3 54143810599999999999999
100 84 69 58 56 61 71 8710812713513312912411911712012813514114514513612025 927KB1015135203214699999999999999 345 56145811799999999999999
104 90 78 67 60 60 64 73 8810611912512712812812812913313814114214113512325 928KB1956142999999999999999999999 436 59999999999999999999999
108 95 85 76 68 63 63 66 73 8610011111912513113613814014214314113813212425 929KB1856143999999999999999999999 538 62999999999999999999999
112101 92 85 78 71 66 65 66 71 81 9310511612713814414714714514213612912325 930KB1720147999999999999999999999 657 65999999999999999999999
115107 99 94 88 81 74 68 65 64 67 76 891031191341461511511481421351271202510 1KB1726152999999999999999999999 849 64999999999999999999999
116111107104 99 93 84 75 68 62 60 63 73 881061261431521541501421321221162510 2KB1743154999999999999999999999 958 60999999999999999999999
114113113114114108 97 86 76 65 57 56 62 74 921151381521551511421281151072510 3KB 321114175015599999999999999 1181131039 5523341069999999
107109114121128127116102 88 73 59 51 55 64 80103131151157151141126107 932510 4KB 4231291752157999999999999991110 512335 9199999999999999
 92 98107119136146140123105 88 68 52 50 59 72 91120149161155141125102 802510 5KB 5 914618 5162999999999999991139 492359 7299999999999999
 72 79 92107130154163150128108 86 62 50 55 69 85109142165164146126103 752510 6KB 5521631826168999999999999991210 50999999999999999999999
 54 53 68 86110143171174154131109 83 61 56 68 84103131162172157132107 782510 7KB 635176185217399999999999999 031 511244 5599999999999999
 48 33 41 59 83116156180176154132109 83 67 71 86102123151172168143115 872510 8KB 719182192117499999999999999 1 8 331319 6699999999999999
 56 29 21 33 54 82122161179170151131110 90 82 92107122141163170155126 982510 9KB 8 6179195017199999999999999 150 211354 8299999999999999
 70 41 20 18 31 52 83123157168160145131115103103114126138152163158137110251010KB 857169201716399999999999999 235 16142910199999999999999
 85 60 35 21 21 33 53 84119145153148141133125121125133141146152152141120251011KB 959153203415399999999999999 327 1915 112199999999999999
 98 78 58 39 28 28 38 56 81109129137138138138137137141146147146143137124251012KB1150138185614799999999999999 429 27151413799999999999999
108 92 78 63 48 39 37 44 57 76 97114126133139144147149150149144137130122251013KB18 6150999999999999999999999 541 37999999999999999999999
113103 93 83 71 59 50 46 49 58 71 88105120132142149153152149142134124116251014KB1721153999999999999999999999 7 3 46999999999999999999999
111108104 98 90 81 70 60 54 53 59 69 85103121135145151151147139129120112251015KB1738152999999999999999999999 834 53999999999999999999999
107106109109106 98 89 78 67 59 57 62 71 87108128141146147144134122112105251016KB 242110174614899999999999999 033106 943 5799999999999999
101101107115118113105 95 83 70 62 62 68 78 95118137144143139130115101 95251017KB 350118171714599999999999999 0331011027 6199999999999999
 93 94100114126127119110100 86 71 66 70 77 88109132145144136126112 93 81251018KB 436128172114699999999999999 0 4 9311 0 662333 809999999
 81 85 91105124137134124113101 85 73 72 79 88102125145148138125110 90 71251019KB 5171381740149999999999999991130 712355 6599999999999999
 65 71 79 92114137146138126115 99 83 76 82 91101119141152144127110 90 68251020KB 55714618 3152999999999999991159 76999999999999999999999
 53 54 64 78 99127149151139127113 96 83 84 94104117136151150133112 92 69251021KB 635152182515399999999999999 024 521226 8299999999999999
 49 42 49 62 82110140155150138124109 94 88 95106118132148153140118 96 74251022KB 713155184615499999999999999 056 421253 8899999999999999
 51 37 37 48 65 90122148155147134120105 95 98108119131144152145125102 80251023KB 75115519 415299999999999999 129 351319 9599999999999999
 58 39 32 37 50 71101131149150141129116105102109120131141149147131108 87251024KB 832151192015099999999999999 2 3 32134510299999999999999
 66 47 35 33 41 56 80109133144142135126116110112121130138144144134114 93251025KB 917145193314699999999999999 238 32141211099999999999999
 75 58 43 36 38 47 63 86112130137135131125120118123130136139140133118100251026KB1015137193414099999999999999 318 36144111899999999999999
 82 68 55 45 41 44 54 69 89109123129131130129127128132135136134129119105251027KB12 5131185113699999999999999 4 3 41151312799999999999999
 89 77 66 57 50 48 51 59 72 88104117125129133135135135136134131124117107251028KB1648136999999999999999999999 456 48999999999999999999999
 96 85 76 69 62 56 54 56 62 72 85100113123132138141140137133128120113106251029KB1610141999999999999999999999 558 54999999999999999999999
100 93 86 80 74 68 62 59 60 63 71 83 98113127137143144140133125116108103251030KB1637144999999999999999999999 718 59999999999999999999999
100 98 96 93 87 81 73 67 62 61 64 72 85101119133142144140132120109101 96251031KB1651144999999999999999999999 848 612345 9599999999999999
 96 98103106104 97 88 80 71 64 62 67 76 90109128141143139130116100 88 842511 1KB 3 7106164814499999999999999 943 6223 6 8499999999999999
 86 91101114121117107 96 85 73 64 65 73 84 99121140146140128113 93 74 652511 2KB 4 71211654146999999999999991023 642310 6599999999999999
 68 77 90110131138130117104 89 73 67 72 82 94113137151146130112 90 65 462511 3KB 45513817131519999999999999911 1 672336 4399999999999999
 44 54 69 92123149153141126111 91 75 72 82 94108131152156140116 92 64 362511 4KB 5421541740158999999999999991138 71999999999999999999999
 21 26 43 65 99138163163149133114 92 79 83 95108125147162154128100 71 392511 5KB 628166181016399999999999999 011 211216 7899999999999999
 12  3 14 35 65108150171166152135115 95 88 97110123140159163144114 83 522511 6KB 716172184216499999999999999 052  31254 8899999999999999
 20 -3 -6  9 33 69115154169163150135116102101112124136150161155130 99 702511 7KB 8 7169191316199999999999999 136 -71333 9999999999999999
 39 10 -7 -6 10 36 74117150161155145133120112115126135143151153140115 882511 8KB 9 2161194115499999999999999 224 -9141111299999999999999
 61 35 11 -2  2 17 42 771141401481461401331261231281351401421431391241032511 9KB10 7148195314399999999999999 317 -2145012399999999999999
 80 59 38 20 10 14 27 49 78107128136137136134132132135138137133129123110251110KB1139137181613899999999999999 414 10153513299999999999999
 94 78 63 47 33 26 28 39 55 77100118127132135137137136135132126119113108251111KB1521137999999999999999999999 515 25999999999999999999999
101 91 81 71 59 48 42 42 49 61 78 96112123130135138137133127120111103 99251112KB16 8138999999999999999999999 621 41999999999999999999999
 98 96 92 87 80 71 62 56 55 59 68 81 97112124131135135131123113103 95 90251113KB1632135999999999999999999999 739 552333 8999999999999999
 90 93 96 97 93 88 82 74 68 66 69 76 87102117127131131127119107 95 86 81251114KB 232 97162513299999999999999 851 662345 8099999999999999
 80 85 94102103101 97 91 84 78 77 80 86 95109123130129123115103 87 76 71251115KB 347104161613099999999999999 942 762341 7099999999999999
 70 74 85100110111108105 99 91 85 86 91 96105119130130122112100 83 67 59251116KB 4391111630131999999999999991020 852328 5899999999999999
 59 63 73 91110119119115111104 95 92 95100106116129133125112 98 81 62 48251117KB 5221201650133999999999999991053 922346 4599999999999999
 45 50 60 78102122129126121114105 97 98104109116127135131116 99 81 61 42251118KB 6 31291712135999999999999991125 96999999999999999999999
 33 36 46 63 89116133136131124114103 99104111118127136136124104 84 63 42251119KB 642136173313899999999999999 013 331155 9999999999999999
 27 24 31 47 71103129141140133122110102102110118127136140132113 91 69 46251120KB 720142175314099999999999999 044 23122510199999999999999
 27 17 19 32 53 84116138145140130118106102107116126134140137122 99 77 54251121KB 758145181414199999999999999 117 16125510299999999999999
 33 17 13 20 37 63 96126142143136125113104105113123132138139129109 86 64251122KB 838144183614099999999999999 151 13132710399999999999999
 43 25 14 15 26 46 74105129140139131121111106110119127134136131117 96 74251123KB 920141185613699999999999999 226 1314 210699999999999999
 54 36 23 17 21 34 55 83110129135133127119113112116123128130128120104 84251124KB10 913519 313099999999999999 3 4 17144211199999999999999
 65 49 35 25 23 30 44 63 87110125130129125121117117120124124122117108 93251125KB1110130183812599999999999999 345 23153611799999999999999
 76 61 49 39 32 32 39 52 69 90109122127127127125121120120119115111105 97251126KB13 8127999999999999999999999 429 31999999999999999999999
 85 72 62 53 45 40 42 49 59 74 91108120125128129127122117113109103 99 96251127KB1449129999999999999999999999 516 40999999999999999999999
 91 83 74 67 60 53 50 51 57 66 78 94110121127129128124116107100 94 90 89251128KB1521129999999999999999999999 611 502248 8999999999999999
 90 91 87 81 75 69 64 60 61 66 74 85 99113124128127123114102 90 82 78 78251129KB 037 91151912899999999999999 720 602239 7799999999999999
 81 89 96 97 92 87 81 75 71 70 75 83 92105120128128121112 99 82 68 61 62251130KB 238 97152712999999999999999 833 702228 6199999999999999
 66 77 93106110106100 94 87 80 79 85 92101114127132124111 96 78 57 43 402512 1KB 353110155013299999999999999 933 792245 4099999999999999
 46 57 76101120125121114106 95 87 88 95102111125136133118 98 78 54 31 192512 2KB 4531251620137999999999999991025 862319 1899999999999999
 21 32 51 80113135139134126115101 93 96104112122136142132109 85 59 31  72512 3KB 5471391655142999999999999991112 922359 -299999999999999
 -2  5 22 49 87125147150143133119103 97103112121133145145127100 71 42 112512 4KB 6381511732147999999999999991157 97999999999999999999999
-12-17 -5 17 51 96136155155147135118104102110120129141150144120 90 60 282512 5KB 727157181115099999999999999 044-17124010199999999999999
 -3-23-23 -8 19 58104141157154145132116105107117126135144149138111 81 512512 6KB 816157185114999999999999999 131-25132310499999999999999
 20 -8-24-21 -3 26 66109141152148138127114107111121129135142142127102 742512 7KB 9 5152193214399999999999999 219-2514 610799999999999999
 47 19 -6-16-10  8 36 73111137143138131122113110115123127130133130115 922512 8KB 955143201413399999999999999 3 7-17145111099999999999999
 69 47 24  4 -2  6 23 48 801111301331301251201141121161191191181191151022512 9KB1048133181811999999999999999 355 -2154511299999999999999
 85 68 51 33 20 17 25 39 59 85109123125124122118113111111110106104104101251210KB1152125999999999999999999999 443 17999999999999999999999
 92 80 70 58 46 38 38 44 55 71 91108118120120119115110105101 96 91 89 90251211KB13421202320 9099999999999999 530 372153 8999999999999999
 89 85 80 74 68 61 57 58 63 71 82 96109115118117115110103 95 87 80 76 76251212KB1423118999999999999999999999 618 562227 7699999999999999
 79 83 84 83 81 79 76 74 75 79 85 93102110115115113108101 91 80 71 65 64251213KB 2 0 84143911699999999999999 710 742252 6499999999999999
 67 74 82 87 89 90 91 90 89 90 92 96101107112115112106 98 88 75 63 55 53251214KB 549 91145811599999999999999 814 8923 6 5299999999999999
 55 62 74 86 94 99101102101100100103105108111114113106 97 86 73 58 47 42251215KB 7 7102151711599999999999999 9201002319 4199999999999999
 43 49 63 80 95105109111111108106107109111113115115110 99 86 72 56 41 32251216KB 72711115351169999999999999910161062342 3099999999999999
 30 36 49 69 91108116119118115111109110113115117119115105 90 74 57 40 26251217KB 71811915541199999999999999911 2109999999999999999999999
 19 22 34 54 80104120126126121115109108111116119122121113 99 81 62 43 25251218KB 721127162212299999999999999 010 19114110899999999999999
 13 11 19 37 64 93118130132127119110105106112119123126122110 91 70 49 29251219KB 741133165912699999999999999 041 10121510599999999999999
 12  4  7 21 45 76107129136133124113103101106114122127128121104 82 60 38251220KB 8 8136173912899999999999999 113  3124910199999999999999
 17  3  0  9 28 56 90119135137129118106 98 99107117124129127116 96 72 49251221KB 837137182112999999999999999 145 -11324 9799999999999999
 28  9 -1  2 16 38 69102127136133123112101 96100110119124127123108 86 62251222KB 9 913619 412799999999999999 218 -214 1 9699999999999999
 41 21  6  1  9 26 50 80111130133127118108 99 96103111117121122116 98 75251223KB 945134195012299999999999999 251  11444 9699999999999999
 54 36 19  8  9 20 38 62 90116129128122114106 98 98103109111114114106 88251224KB1024130204011599999999999999 326  71534 9799999999999999
 68 50 35 22 16 21 34 51 73 98118126123118112104 97 96 99101102104105 97251225KB11 8126213810599999999999999 4 2 161638 9699999999999999
 81 65 52 40 31 29 36 49 64 83104119123119115109101 93 90 90 89 90 94 96251226KB11531232249 9699999999999999 441 292012 8999999999999999
 90 78 67 58 50 45 46 53 64 77 92108118119115110103 93 84 78 76 75 78 84251227KB1238120999999999999999999999 523 442047 7599999999999999
 89 87 81 74 69 65 62 64 70 79 88100111117116110103 93 81 69 62 59 60 65251228KB 019 89131911899999999999999 612 622113 5999999999999999
 75 85 90 89 86 84 82 80 81 86 92 99106114117113104 93 80 65 51 43 41 45251229KB 214 90135711799999999999999 718 802145 4199999999999999
 54 69 86 97100101101 99 96 95 98103106111117118110 97 82 66 48 31 23 23251230KB 540101143811899999999999999 841 952226 2299999999999999
 30 45 68 91108115117117114108105107110112116120119107 89 71 51 29 11  3251231KB 63311815201219999999999999910 11052310  399999999999999
