-13-15  1 32 72112144161162148125101 84 79 88107131154166163144110 68 2825 1 1KC 732164182016799999999999999 038-161253 7999999999999999
 -2-17-12 10 46 88126153163157138113 90 77 76 90112138159167159135 98 5725 1 2KC 8 716419 316799999999999999 116-181331 7599999999999999
 19 -6-14 -3 25 63103137158161149127101 81 72 76 92116140158163151124 8725 1 3KC 842162194716399999999999999 155-141412 7199999999999999
 49 17 -2 -3 13 43 81118145159156139115 91 74 68 74 9211513815215414011425 1 4KC 919160203615599999999999999 234 -41458 6899999999999999
 80 48 22 11 15 34 64 98129150156148129105 83 68 63 71 8811013014214213025 1 5KC 956156213114499999999999999 315 101551 6399999999999999
107 79 53 35 29 37 56 84113137151152140120 97 76 62 58 65 80 9911812913125 1 6KC1035153223913299999999999999 357 291651 5899999999999999
122105 85 66 53 51 59 77 99122140149146134114 91 70 55 50 54 67 8510311625 1 7KC1117149999999999999999999999 444 5118 1 5099999999999999
122119109 96 83 74 73 79 93110127140146143130110 87 64 47 39 41 52 69 8925 1 8KC 01012212 814699999999999999 541 721918 3999999999999999
106118122119111101 93 90 93102114128139145142129109 84 58 38 26 25 36 5425 1 9KC 2 4122131014599999999999999 7 2 902033 2499999999999999
 77100119129132127117108101 99104114127139146144131109 80 51 27 12 10 2125 110KC 346132141814699999999999999 844 992139  999999999999999
 43 72101125140144139128114103 99102112127141150148134109 76 42 14 -2 -325 111KC 45514415221519999999999999910 6 992234 -599999999999999
 11 38 72107135151154146130112 99 93 98111129146156153136106 69 32  2-1325 112KC 54515516181579999999999999911 3 932323-1599999999999999
-11  8 41 80117145159158145125104 90 87 95113134153162156134100 59 20 -825 113KC 62516117 8162999999999999991147 87999999999999999999999
-20-12 13 51 93130155163156137113 92 81 82 95117141160166155128 89 47 1025 114KC 7 1163175316699999999999999 0 6-201225 8099999999999999
-14-19 -5 27 67109142160161147123 99 80 73 80 99124148163164148117 76 3525 115KC 733163183416699999999999999 045-201259 7399999999999999
  3-14-11 11 46 88125151161153133107 84 70 70 82105130152162157136102 6225 116KC 8 2161191216399999999999999 121-151332 6899999999999999
 26  2 -6  6 33 70109139156156140116 91 72 64 70 87110134151156145120 8625 117KC 828158194915699999999999999 153 -614 5 6499999999999999
 51 23  8 10 28 59 94127148155146125100 78 64 62 72 9111413414614513010425 118KC 854155202514799999999999999 223  61440 6199999999999999
 74 46 27 21 31 54 84115139151148133111 87 69 60 62 75 9311312913613111525 119KC 91915221 513699999999999999 251 211518 6099999999999999
 92 68 48 38 40 55 78106129145148138120 98 78 64 59 63 76 9210912012311725 120KC 944148215112399999999999999 319 3716 1 5999999999999999
104 86 69 57 54 61 77 98120136143140128110 90 72 61 58 63 73 8710010911225 121KC1012144225411299999999999999 349 541653 5899999999999999
108 99 87 77 72 73 81 95111126136138132119102 85 69 59 56 59 67 78 90 9925 122KC1046138999999999999999999999 422 7118 0 5699999999999999
104104101 95 90 88 89 95105116126132132126114 99 82 67 56 51 51 57 68 8025 123KC 037104113213399999999999999 511 871923 5099999999999999
 92101107109108104101100102108115122127128124114 99 81 64 50 41 40 45 5725 124KC 258109124212999999999999999 6491002042 3999999999999999
 73 90106116121120115109104102105111119126130127116 99 78 57 39 27 25 3325 125KC 42012114 413099999999999999 8561022142 2599999999999999
 50 72 95115129134130121110101 97 99108119130136133120 99 72 45 23 11 1125 126KC 5 313415111369999999999999910 8 962229 1099999999999999
 24 47 77106129142144135120104 92 88 94108125139146141123 95 62 30  6 -425 127KC 53814516 6146999999999999991053 882311 -599999999999999
  1 21 52 87120144154149133112 92 81 81 92112134151157147122 87 48 13-1025 128KC 6101541653157999999999999991130 792350-1699999999999999
-16 -4 24 63103137157160148124 98 78 70 76 94120146163165149117 76 33 -225 129KC 64116117371669999999999999912 5 70999999999999999999999
-21-20  0 36 80122153166160139110 82 64 61 74 99130157172169146108 62 1925 130KC 711166182017399999999999999 027-231241 6099999999999999
-12-24-15 14 55101140164168153125 92 65 52 55 74105138164175166138 96 5125 131KC 74216919 417599999999999999 1 4-241318 5199999999999999
 12-13-16  1 35 79122155169163140107 74 51 43 52 77110142165171157126 8525 2 1KC 812170194817199999999999999 140-171357 4399999999999999
 44 12 -3  2 25 62104140163167152123 89 59 40 38 52 7811114115916014411425 2 2KC 842168203516299999999999999 216 -41439 3799999999999999
 78 45 22 16 28 54 89124151164158137106 74 48 34 36 52 7810813314714613025 2 3KC 911164212614899999999999999 251 161524 3399999999999999
105 77 54 41 42 57 82111138155157146122 93 64 43 32 36 51 74 9912013113025 2 4KC 941158222713299999999999999 326 391615 3299999999999999
119101 83 69 64 69 83104125142150147133111 85 61 42 33 36 47 66 8610311425 2 5KC1014151235411799999999999999 4 2 641718 3399999999999999
117113105 95 89 87 92102116129138142137125106 85 63 45 35 33 40 53 70 8725 2 6KC1057142999999999999999999999 445 871841 3399999999999999
101111115114111108106107111117124130133131123108 89 68 49 34 27 29 39 5525 2 7KC 22211512 813399999999999999 6101062018 2799999999999999
 75 95111122127126122116111109110115122129131127116 97 73 49 29 17 16 2625 2 8KC 420127135713199999999999999 9 71092137 1599999999999999
 45 70 96119134140137128116105 99100107118130137136125103 74 45 20  5  525 2 9KC 5 91401524138999999999999991026 982234  399999999999999
 18 42 74105131146149140125107 92 86 90102120137147146131104 70 35  8 -525 210KC 54314916241489999999999999911 9 862319 -699999999999999
 -2 17 49 86120145156151135113 91 77 74 84104127147157152132 98 59 23 -225 211KC 6121561712158999999999999991142 742356-1199999999999999
-11  0 27 64104137156159146122 95 74 64 68 85111138158164153125 86 45 1125 212KC 6381601752164999999999999991212 63999999999999999999999
 -8 -8 11 45 86125152162154132103 75 58 55 67 92121149165164145112 70 3125 213KC 7 2162182816799999999999999 029-111241 5499999999999999
  4 -6  4 32 71111144161160141112 82 58 47 53 73102132156165157131 95 5525 214KC 72516319 216599999999999999 059 -61310 4799999999999999
 22  5  6 26 59 98134157162149123 91 62 45 43 56 81112140158159144114 7825 215KC 746163193616199999999999999 126  31338 4299999999999999
 44 21 15 26 53 88124150161154132102 71 48 38 44 63 91120143153147127 9825 216KC 8 716120 915399999999999999 152 1514 8 3899999999999999
 66 41 29 33 52 81114142157157140113 82 55 40 38 49 71 9812313914313211125 217KC 827159204414399999999999999 216 281439 3799999999999999
 85 62 47 44 56 78106133151155145123 94 67 47 38 41 56 7810212113113011825 218KC 847155212313299999999999999 240 441513 3899999999999999
100 80 65 59 64 79101123141149145129106 81 59 45 41 47 62 8110011311911725 219KC 9 9149221211999999999999999 3 4 591552 4199999999999999
107 95 83 76 76 84 98115131140141132116 95 74 57 47 45 51 63 78 9210210825 220KC 934142232810899999999999999 330 751642 4599999999999999
107103 97 92 90 93100110121129133130121107 90 74 60 51 48 51 59 70 81 9125 221KC10 6133999999999999999999999 4 0 901758 4899999999999999
 99105107107105105105108113118122124122116106 93 78 64 53 46 44 48 57 6925 222KC 22510711 412499999999999999 5 61051946 4499999999999999
 84 98109116119118115111108107109113118120119112100 84 66 49 37 31 33 4425 223KC 413120131312099999999999999 8441072113 3199999999999999
 61 82103120130133128118108 99 96 99108118126129123109 88 63 40 22 14 1925 224KC 44713314521299999999999999910 0 9622 8 1499999999999999
 35 60 89116136145142130113 96 85 84 92107125139144136116 87 55 25  5 -125 225KC 5151451556144999999999999991039 832252 -199999999999999
  9 34 67103134153156145123 99 78 69 73 89113137155159146119 81 42  9-1025 226KC 5431561646159999999999999991113 682331-1299999999999999
-10  9 42 83123153166160138108 78 58 53 65 90122152170170151116 72 29 -325 227KC 6101661731173999999999999991147 53999999999999999999999
-17 -9 19 60106145169172154123 86 55 39 41 62 96134165181176149108 61 1925 228KC 638173181518299999999999999 0 8-171222 3799999999999999
 -8-13  4 40 85130164177168140101 62 34 24 35 64103143173184173141 97 5225 3 1KC 7 6177185918499999999999999 043-141258 2499999999999999
 17 -1  3 28 68113152175176155119 77 40 18 16 34 68110148173179162129 8825 3 2KC 733178194417999999999999999 118 -21336 1499999999999999
 50 24 16 29 58 97136165176166137 97 56 24  9 14 37 7311314616616614811825 3 3KC 8 0176203116899999999999999 153 161416  999999999999999
 84 55 40 41 59 88122152169168149116 78 42 18  9 18 43 7611013715114913325 3 4KC 827171212115299999999999999 226 381459  999999999999999
109 85 68 61 69 87113138156162153131100 67 38 20 16 26 48 7510212313313125 3 5KC 855162222213499999999999999 258 611547 1699999999999999
121106 93 85 85 93109126142151149138117 91 65 43 29 26 33 49 69 9010611625 3 6KC 923151235611999999999999999 330 831647 2599999999999999
119116110105102104110119128136138135125110 91 71 53 40 35 37 45 59 75 9125 3 7KC10 0138999999999999999999999 4 71021814 3499999999999999
104113118119119117116116118120123125124120112 99 83 66 50 39 34 37 47 6325 3 8KC 3 7119112612599999999999999 62511620 6 3499999999999999
 82100115126131130125118111106106109114120124121111 95 75 54 37 27 28 3825 3 9KC 42013114 612499999999999999 9431052128 2699999999999999
 57 81105125138141136124110 97 90 91 99111125133133123103 77 50 29 18 2025 310KC 4511411531135999999999999991026 902222 1799999999999999
 35 60 90118139149146133113 93 79 74 80 96116135146145130104 72 41 19 1125 311KC 5161491625147999999999999991056 7423 1 1199999999999999
 18 40 72106135153155143121 95 73 61 63 77101127148157151130 97 61 30 1125 312KC 53915617 7158999999999999991124 602334  899999999999999
 10 26 56 92127152161153131102 73 54 48 59 82112140160164150121 84 48 2125 313KC 6 11611744165999999999999991150 48999999999999999999999
 10 18 43 79117147163161141111 78 52 39 42 62 92126153167164142108 69 3725 314KC 622165181716899999999999999 0 4 101217 3899999999999999
 18 18 36 68106140162166151122 87 55 34 30 44 71106139162168156128 92 5725 315KC 642167185016899999999999999 031 161243 3099999999999999
 32 24 35 61 96132158168159133 98 62 35 24 30 52 85120149164162143112 7825 316KC 7 1168192216699999999999999 056 2413 9 2499999999999999
 50 36 39 58 88123151166163143110 73 42 24 22 36 64 98130153160150127 9725 317KC 720167195516099999999999999 121 351336 2099999999999999
 70 51 48 59 83114143161164149121 87 53 30 20 27 48 7710913515014913511325 318KC 740165202815199999999999999 145 4714 5 2099999999999999
 88 68 60 65 82107133153160152131100 68 41 26 24 37 60 8811513414113612225 319KC 8 016021 514199999999999999 2 9 601436 2399999999999999
102 85 74 73 83102124142153151136112 83 57 37 29 33 48 69 9311312612912425 320KC 821154215012999999999999999 234 721511 2999999999999999
112 99 89 85 89100116132142145137121 98 74 54 41 37 42 55 73 9110611511825 321KC 845145225711899999999999999 3 0 851555 3799999999999999
115109103 98 98103111122130135133124110 92 74 58 48 44 48 57 69 83 9510525 322KC 914135999999999999999999999 332 9817 2 4499999999999999
111114114112110110111114118122124123117108 95 81 67 55 48 47 50 59 71 8625 323KC 12311410 712499999999999999 4511101849 4699999999999999
100112120124124120115111108108111114118118115106 92 76 59 46 38 38 46 6125 324KC 325125124011999999999999999 8301082031 3799999999999999
 81102120133138134125112101 94 93 99110120128128120104 81 58 38 26 25 3625 325KC 4 4138143412999999999999999 935 932134 2499999999999999
 57 85113136148149138120 99 83 75 79 92111130144146135112 82 51 26 13 1525 326KC 4331501541147999999999999991012 752221 1299999999999999
 33 63 98131154162154133105 78 60 55 66 89118145162163147116 78 42 16  625 327KC 5 01621633165999999999999991046 5523 2  699999999999999
 14 40 78118151170169150118 82 52 36 39 59 92130161178175152115 72 35 1125 328KC 5281721721179999999999999991121 352340  699999999999999
  7 24 58100141170180167136 95 54 25 16 27 58 99141174188179151110 67 3225 329KC 55618018 7188999999999999991157 16999999999999999999999
 15 20 44 83126162182180155115 68 28  4  3 23 61107151181189176144103 6425 330KC 624184185319099999999999999 018 151235  199999999999999
 37 29 41 71110149176184170136 90 44  9 -7 -1 26 67114154179183166135 9825 331KC 652185194018499999999999999 054 291314 -899999999999999
 67 50 50 68 98133164180177153114 69 28  0 -9  3 33 7411715116916915212525 4 1KC 720181202817299999999999999 129 481355 -999999999999999
 97 76 67 74 93121149169174162134 95 55 21  1 -2 13 43 7911514215515313925 4 2KC 749174212115599999999999999 2 4 671439 -399999999999999
119100 88 87 96113135153163160144117 84 51 25 11 12 26 51 8010812813813725 4 3KC 818164222613999999999999999 239 861528 1099999999999999
129117107102103111124137147150144129107 81 56 37 27 27 37 55 77 9711412425 4 4KC 851150999999999999999999999 3181021629 2699999999999999
127125121116114114118124130134134130119104 87 68 53 42 39 44 55 70 8710325 4 5KC 0 4127 93613599999999999999 4201141754 3999999999999999
116124128128125121117115114116118121121118110 98 83 67 54 46 45 51 64 8125 4 6KC 226128114112199999999999999 7451141938 4499999999999999
100116129135135130121111103 99 99105113120124121111 95 76 58 46 41 47 6125 4 7KC 33013614 612499999999999999 921 982057 4199999999999999
 81104124138144140128112 97 85 81 86 97112126134133121101 78 56 42 38 4625 4 8KC 4 3144152213599999999999999 958 812150 3899999999999999
 65 90116138149149138119 96 77 67 67 78 98119138146142126102 74 50 37 3725 4 9KC 4301511613147999999999999991028 652229 3599999999999999
 51 76105133152157149128101 75 57 51 59 79105132151156147125 96 66 44 3625 410KC 4531571654157999999999999991056 5123 2 3699999999999999
 43 64 94126150162158139110 79 53 39 41 59 86118146162162146118 86 58 4225 411KC 5151631730164999999999999991122 382332 3999999999999999
 41 56 84117146164165150121 86 54 33 28 40 66100133159169161139107 76 5325 412KC 53516718 5169999999999999991148 28999999999999999999999
 45 53 76107139162170159133 97 61 33 20 24 45 78115147167169154127 96 6925 413KC 556170183817099999999999999 0 0 451214 1999999999999999
 54 55 71 99130157170166144110 72 38 18 14 29 57 94130157169163143115 8725 414KC 616171191116999999999999999 027 521241 1399999999999999
 67 61 70 92121149167169153123 86 49 23 11 17 39 7310914116016415313010425 415KC 637170194416599999999999999 053 6113 9 1199999999999999
 82 70 73 88113139160167159135101 65 34 16 13 27 54 8712114615715514011825 416KC 659167201815899999999999999 120 701338 1299999999999999
 97 82 79 87106129150162160143115 82 50 27 17 22 40 68 9912614414914312825 417KC 722163205714999999999999999 147 781410 1799999999999999
110 95 88 90102120139152156147127 99 69 43 28 24 33 52 7810412513713913325 418KC 748156214314099999999999999 216 871447 2499999999999999
121108 99 97102113128140147145133113 88 64 45 34 34 43 60 8210311912913125 419KC 817148224913199999999999999 250 961533 3299999999999999
127119112106106110118127135138134123106 86 67 52 43 42 49 62 79 9711212325 420KC 856138999999999999999999999 3391051636 4199999999999999
128128124119114111112115120125127126119107 92 76 61 50 46 49 59 73 9110825 421KC 030128101012799999999999999 52311118 5 4699999999999999
122131135133126118110105104107113120124123116104 87 70 55 46 45 52 67 8825 422KC 2 6135122412499999999999999 7431041938 4499999999999999
109128141145141129114 99 89 87 92103117129134131119 99 77 56 42 39 47 6625 423KC 259145141013599999999999999 850 872048 3999999999999999
 91118141154156145125101 80 67 66 77 97120140150148133109 80 55 38 35 4725 424KC 336157152115199999999999999 934 652141 3599999999999999
 71102133157167161141111 79 54 42 47 67 96128154167164145115 81 53 37 3825 425KC 4 81671618168999999999999991013 422228 3599999999999999
 55 85120152172175159128 89 52 27 20 32 61 99138168181175151117 81 54 4125 426KC 4391771710182999999999999991052 192310 4199999999999999
 47 70104140170183176149108 64 25  3  3 24 61106149179189179152116 82 5825 427KC 51018318 0189999999999999991132  02352 5199999999999999
 52 63 90125159182186169133 86 39  4-12 -5 22 65113156183190176148114 8525 428KC 5421871849190999999999999991213-13999999999999999999999
 67 67 83111144172186181155113 65 22 -8-17 -5 28 7211915818018316814211225 429KC 614187193918499999999999999 032 651255-1899999999999999
 89 79 84102129157177183169138 96 51 13-10-13  4 37 7912115417217215713525 430KC 647183203017499999999999999 111 791339-1499999999999999
112 96 92100118141162174172154122 83 45 14 -2 -1 17 48 8512114716015814625 5 1KC 722175212416199999999999999 152 921426 -499999999999999
129113104103112127144158164158139111 78 47 23 12 15 32 58 8911713714714725 5 2KC 8 0164222614899999999999999 2351021517 1299999999999999
138127116110111117128140148150143127105 80 56 38 29 32 45 66 8911212913825 5 3KC 845150234114099999999999999 3271101616 2999999999999999
139135127120114113116122128134136132121105 87 68 53 45 45 54 70 8910812425 5 4KC 950136999999999999999999999 4491131726 4499999999999999
134138136130122114109108110114120125125121111 96 80 66 57 54 60 73 9010925 5 5KC 1 6138114012699999999999999 6561081846 5499999999999999
125136141139131120108 99 94 95100109119125126119107 91 75 64 59 64 76 9425 5 6KC 211141133512699999999999999 824 9420 0 5999999999999999
114131143146141129113 96 84 78 80 90105120131134129115 97 80 67 62 67 8225 5 7KC 255146145413499999999999999 913 782058 6299999999999999
102124141151151140122100 79 66 63 70 86107126140144137120100 80 67 64 7325 5 8KC 328153155014499999999999999 949 622144 6499999999999999
 91114137153158151133107 81 60 49 51 65 88115138151153141121 98 78 68 6925 5 9KC 3561581636154999999999999991021 482223 6799999999999999
 83105130151162160145118 87 59 41 36 45 68 97127150161158142118 94 76 7025 510KC 4221631715162999999999999991050 352258 7099999999999999
 77 96121146163167156131 98 65 39 25 29 47 76111141162168158138112 89 7625 511KC 4461671752168999999999999991119 252330 7499999999999999
 76 89112138159170164144112 75 43 22 17 29 55 90125154169169154130105 8625 512KC 5111701827171999999999999991148 17999999999999999999999
 79 86104129153168170155127 90 54 26 12 16 36 68105139162171164145121 9925 513KC 53617119 217199999999999999 0 1 791217 1199999999999999
 86 85 98119144163171163141107 69 36 15 10 22 48 8311914916616715513511225 514KC 6 2171193716899999999999999 032 841248 1099999999999999
 95 88 94110133154167167152124 88 53 26 12 14 32 62 9712915316316014512525 515KC 630169201416499999999999999 1 2 881321 1199999999999999
106 95 94104122143159166158138107 73 43 22 15 23 45 7510713515215815113625 516KC 7 0166205415899999999999999 134 931357 1599999999999999
118104 98101113130147158159147124 95 64 39 24 23 34 57 8511313614915114325 517KC 733160214115299999999999999 210 981437 2299999999999999
130116106103107119133146153150136114 87 61 41 31 32 44 65 9111613514514625 518KC 813153223714799999999999999 2541021524 3099999999999999
140128117109106110119130140145141129110 87 65 48 39 40 52 71 9411613314425 519KC 9 6145234314699999999999999 3541061621 3899999999999999
145140130119110105106113122131136135127112 93 73 57 48 48 57 74 9511713525 520KC1023137999999999999999999999 5181051729 4799999999999999
146148143132119106 97 95100109121130135131120103 84 67 56 54 61 77 9812125 521KC 04914912 513599999999999999 648 951844 5399999999999999
140152155147132113 95 82 78 83 95112128139141133117 97 77 63 59 65 8110425 522KC 145155134214199999999999999 758 781955 5999999999999999
129149161161149128102 77 61 56 64 83107131148154148131109 86 70 64 71 8925 523KC 23116315 015499999999999999 852 562058 6499999999999999
114140161170166146117 84 55 37 34 47 73105136159168162143118 93 76 70 7925 524KC 31117116 516899999999999999 940 332153 7099999999999999
 99126153172178166139102 63 31 14 16 35 68107144170179172151124 99 82 7825 525KC 34917817 3179999999999999991025 132244 7899999999999999
 89112140166182181162127 84 42 11 -3  3 29 68112151178186177155127102 8825 526KC 4281831757186999999999999991111 -42331 8599999999999999
 87101125153176187179153113 67 25 -3-13 -1 29 7211815718118717615312610425 527KC 5 71871849187999999999999991157-13999999999999999999999
 93 96112137163182186173142100 54 15 -9-14  2 35 7912315918018317014812425 528KC 547187193918499999999999999 017 931243-1599999999999999
106 99105122145168182181164131 89 47 12 -7 -7 12 46 8712815917517416114025 529KC 628184202817799999999999999 1 2 991330-1099999999999999
120106103111128149168177172152120 82 45 16  2  6 26 58 9613115616716415125 530KC 712177211716899999999999999 1471031418  199999999999999
133117107106115131148162168161141112 79 48 25 16 22 42 7210413315215915525 531KC 75816822 515999999999999999 23410515 6 1699999999999999
143128114107107115128142153156149131107 79 55 38 32 40 59 8411213414915325 6 1KC 849156225415399999999999999 3271061554 3299999999999999
148137124112106105112122133141144138125105 84 64 52 49 57 74 9511813614725 6 2KC 950144234615099999999999999 4301051645 4999999999999999
149144133121109102100104112122130134131122108 91 75 66 64 71 8610512413925 6 3KC11 8134999999999999999999999 5481001741 6499999999999999
148149142131117104 95 91 93101111121128129124113100 87 78 77 83 9611212925 6 4KC 037149124113099999999999999 7 7 911842 7699999999999999
143150150142128111 95 84 79 81 90103117128132130122109 96 88 86 9110311925 6 5KC 126151141113399999999999999 811 791947 8599999999999999
136148154151140122102 83 70 65 70 82100118132140139130117103 94 92 9711025 6 6KC 210154152214199999999999999 9 0 652048 9199999999999999
127143155158151135112 88 67 54 52 61 79102125142150148137122107 97 9510325 6 7KC 250158161715099999999999999 941 522141 9599999999999999
117135151161160148125 98 71 50 40 43 58 82110135153159154140123107 98 9925 6 8KC 32516217 3159999999999999991017 402226 9799999999999999
109126145160165159140112 81 53 35 29 38 60 90121147163166157139120105 9825 6 9KC 3591651743166999999999999991052 2923 6 9899999999999999
102116136155167167154129 96 63 36 22 23 40 6710113415817016815413411410125 610KC 4321691820171999999999999991126 212342 9899999999999999
 99108125146164171165145114 79 46 23 15 23 46 7911514616717316514712610825 611KC 5 517118561739999999999999912 0 15999999999999999999999
 99102115135156170172160134 99 63 33 15 13 28 56 9212715517117115913911825 612KC 539173193117399999999999999 017 991236 1299999999999999
103 99106123145164173170151121 84 50 24 12 17 37 6910513816217116615012925 613KC 61517420 817199999999999999 052 991312 1299999999999999
111100100112131152168173164141108 72 41 20 14 25 49 8211714716516815914225 614KC 653173204616999999999999999 128 991351 1499999999999999
122106 99103117136155168168155130 97 64 37 21 21 36 62 9512715216516415225 615KC 733170212716699999999999999 2 8 991431 1999999999999999
134116103 99105119138155164162147121 90 61 38 28 32 49 7610713615616416025 616KC 82016422 916499999999999999 253 991514 2899999999999999
147129111100 97104118135150157154140116 89 64 46 39 45 63 8911814215816325 617KC 914158225516399999999999999 347 9716 1 3999999999999999
157142124107 95 92 98111127142150148136117 94 72 57 53 60 7710112614816125 618KC1021150234316399999999999999 450 921653 5399999999999999
163155139119100 87 83 87100116132143145138123104 85 72 68 75 9011113415225 619KC1143145999999999999999999999 559 831753 6899999999999999
163164154135113 91 75 68 72 85104123138146144133117101 88 83 8810112014025 620KC 033165131714699999999999999 7 8 6819 2 8399999999999999
157167165153132105 79 60 51 55 69 91116137150153146132116102 96 9810912625 621KC 124167144715499999999999999 813 512015 9599999999999999
146162171168152127 95 65 43 33 37 55 8211213915816516014612811310410411525 622KC 21617116 316599999999999999 912 32212610399999999999999
132152168176171151121 85 51 26 16 22 44 7611214416717517015513611810810825 623KC 3 717617 71759999999999999910 7 16222910799999999999999
119137158175181173149114 74 38 12  3 12 38 7511515117418317615913711810825 624KC 35818118 1183999999999999991059  3232310799999999999999
109122142164180185173146107 65 27  2 -4  9 39 7912215818018617615613311525 625KC 4471851850186999999999999991149 -4999999999999999999999
106110125147170185186171140 99 56 20 -2 -4 13 46 8813116418218417014812625 626KC 536187193418599999999999999 0121061237 -699999999999999
109104111128152173186184165132 91 50 17  0  3 24 5910114016818117716013825 627KC 624187201518199999999999999 0561041322 -199999999999999
117103102112131154174183178157123 83 46 20  9 17 41 7711514917017616714925 628KC 710183205217699999999999999 13810114 5  999999999999999
127108 99101113133155171177168145113 78 47 27 23 36 62 9613015617016915625 629KC 755177212617199999999999999 220 981444 2299999999999999
137116101 96100114133151164166156134105 75 52 39 42 58 8411414216116716125 630KC 84016722 016799999999999999 3 3 961521 3899999999999999
146127109 97 93 99113130145154154143124100 77 61 56 62 8010412915016216325 7 1KC 929156223316499999999999999 350 931558 5699999999999999
153137119103 93 91 97109123136144143134119101 85 75 74 83 9912014015516125 7 2KC102614423 916199999999999999 444 901636 7399999999999999
158146130113 98 89 87 92102115127134135130119107 96 90 9110011413114615625 7 3KC1140135235015999999999999999 546 861721 8999999999999999
159153141125108 93 83 80 84 9410611912813213112511710910410511212313614825 7 4KC1316133999999999999999999999 654 80182010499999999999999
156157150138121102 86 75 71 75 85 9911412713613813512812011511411812713825 7 5KC 039157145413899999999999999 8 1 71194011499999999999999
149156156149135116 95 77 64 60 65 77 9511513214414814513712812011712012825 7 6KC 13415716 514899999999999999 859 6021 111799999999999999
140151158158149132109 86 65 52 49 56 73 9612014115415815314313012011611925 7 7KC 229159165515899999999999999 948 4922 411699999999999999
129142155162160148127100 73 52 39 39 51 7410213015216416615714212711611325 7 8KC 3201621736167999999999999991031 37225111399999999999999
119132148162168163146120 89 59 37 28 32 51 7911214216317316915513712011025 7 9KC 4 51681812173999999999999991111 27233010899999999999999
110120137156170174164141110 75 44 24 19 30 55 8912515517317716714912711125 710KC 4481741846177999999999999991149 19999999999999999999999
104109124145165178178162134 97 60 31 15 16 34 6510313916718017716113811625 711KC 529180191918099999999999999 0 51041226 1399999999999999
102100110130154174184178157123 84 47 21 11 19 44 8011915417618217215112625 712KC 610184195118299999999999999 041 9913 3 1199999999999999
105 95 98113137162180186175148111 71 38 17 14 29 59 9813616618218016413925 713KC 651186202418399999999999999 117 941340 1399999999999999
114 96 90 97117142166182183167138100 63 34 20 24 45 7811715117518317415325 714KC 734185205718399999999999999 156 901417 2099999999999999
127103 88 86 97119144167179176158128 93 60 38 32 42 6610013516317917916525 715KC 820180213018199999999999999 238 851454 3299999999999999
141115 93 81 82 96118143162172167149121 91 65 50 50 63 8912014917017917325 716KC 91017222 517999999999999999 325 801533 4899999999999999
155130105 85 75 78 92113136154162157142120 96 77 68 71 8610913515817317525 717KC10 9162224217699999999999999 417 751615 6899999999999999
165146121 97 78 69 72 85104125142151150140124108 95 89 9310612514516217125 718KC1124152232617299999999999999 517 6917 5 8999999999999999
171159140116 92 73 63 63 74 9111213014314714413512311410911112013414916225 719KC13 2147999999999999999999999 627 61181010999999999999999
169167157138113 88 67 54 52 60 77 9812013814915214814013012412312713614825 720KC 021169145315299999999999999 744 51194512299999999999999
160167167158139114 86 61 44 39 45 63 8711413815516316115314213112612613425 721KC 130168161916399999999999999 858 39212412599999999999999
146159169171163143115 83 54 33 25 32 52 8111414316517417216114513112212125 722KC 24317217181759999999999999910 2 25223412099999999999999
129144161174178169146114 78 45 22 14 23 48 8212015317518317716114112311325 723KC 34917818 3183999999999999991057 14232411299999999999999
114126145166181185174147111 71 35 13  8 22 51 9013116418318617515313011225 724KC 4461851841187999999999999991145  7999999999999999999999
104109126149173188190175144103 61 27  8  9 29 6310514517518818416614011625 725KC 536191191518899999999999999 0 61041228  699999999999999
100 97107129155179193190170135 93 52 23 11 18 44 8212416018218717515112425 726KC 621194194518899999999999999 043 9613 7 1099999999999999
102 90 93109134161183192184159122 82 46 24 21 36 6710614417218518116113525 727KC 7 3192201318699999999999999 119 901341 2099999999999999
108 90 85 93113139165182186172145109 73 46 34 39 60 9313016118018216914525 728KC 742186203918399999999999999 154 851413 3399999999999999
118 95 83 83 96118143165176174158130 99 71 53 50 62 8711915017218017415525 729KC 82117721 318099999999999999 229 811442 4999999999999999
129105 86 79 84 99121143160166160143119 94 75 66 71 8711314016317517516225 730KC 9 1166212717799999999999999 3 6 791510 6699999999999999
140116 95 82 79 86102121139151154147132113 96 85 84 9311113315416817216625 731KC 947154215317299999999999999 347 781538 8399999999999999
150129107 90 80 79 8710111713214114313812711510510010311312814515916616525 8 1KC1045143222416799999999999999 435 79161110099999999999999
156140121103 88 80 79 86 9711012313113513412912311811611912713714815716025 8 2KC121513523 516099999999999999 535 79165511699999999999999
158149134118101 87 79 77 80 8910111412513313713713413112912913313914615225 8 3KC1430137999999999999999999999 651 77182212899999999999999
155153146134118101 86 75 70 71 79 9210812413714514814614113613213213514125 8 4KC 0 915516 314899999999999999 815 70203713199999999999999
148153153148136119100 81 66 59 60 70 8710812914615715915514613612812612925 8 5KC 138154165015999999999999999 923 58215512699999999999999
137148156159154140119 94 71 54 45 49 63 8611313915916816715814312911911825 8 6KC 2531591724169999999999999991013 45224011799999999999999
125138153164168160142115 85 57 38 32 41 62 9212515317217817015413411710825 8 7KC 3511681754178999999999999991056 32231610899999999999999
111124143163176178166140106 71 41 24 23 39 6810514116918418216714311910325 8 8KC 4381791823185999999999999991134 212350 9899999999999999
 98107127152175188185166134 94 56 27 15 21 45 8212316018419118015612810325 8 9KC 52218918521919999999999999912 9 14999999999999999999999
 89 91107134163187196188162123 80 42 18 13 29 6010214417719419117114010925 810KC 6 3196192019599999999999999 023 881245 1399999999999999
 87 78 87110142173195200185153111 69 35 18 22 45 8312616519019718315612225 811KC 645200194919799999999999999 059 781319 1799999999999999
 91 73 71 86115149179197196176142100 62 36 29 41 6910914918119619217013725 812KC 728199201719799999999999999 136 701353 2999999999999999
103 76 63 67 88119152179192187165131 95 64 47 48 66 9713416718919418115425 813KC 813193204519499999999999999 215 631428 4599999999999999
120 88 65 58 67 89120150173182174153124 96 74 66 73 9412315317818918516625 814KC 9 2182211519099999999999999 258 5815 2 6699999999999999
138106 78 60 57 67 89117143161168161144123104 92 9010011914216417918317325 815KC 959168214618399999999999999 345 561538 8999999999999999
153126 98 75 60 58 67 8510813014615315114112911811211312213615216617417325 816KC1114153222517599999999999999 442 57162011199999999999999
163145122 98 77 63 59 64 78 9611513114214614514013413113113514315216016525 817KC1313146232616699999999999999 556 59172813099999999999999
165157144125103 82 66 57 57 66 8110012013614815315315014514013814014415125 818KC1530154999999999999999999999 729 5620 413899999999999999
157161159149133111 87 66 52 47 53 68 9011513815616516616015013913213013425 819KC 110161163516799999999999999 858 47215013099999999999999
143154164166159142117 88 62 43 35 41 60 8811914716817717416214512911911725 820KC 24916617151779999999999999910 3 35224011699999999999999
125140157172177170149119 84 53 32 26 36 60 9413016118018417415513211310425 821KC 3571771747184999999999999991053 25231810399999999999999
106120142165182187176150114 75 43 23 22 39 71110147176189185167140114 9625 822KC 4491881815189999999999999991134 202351 9199999999999999
 91100122149176192193176144104 64 34 21 27 52 89131166188191177151121 9525 823KC 5331951841192999999999999991210 20999999999999999999999
 82 84101128159185198192169132 90 54 31 27 43 7411415318219318516213110025 824KC 61319819 519399999999999999 022 801241 2699999999999999
 79 72 83106138169191197184155117 78 49 36 43 6610214117319119017214210925 825KC 650197192719399999999999999 053 721310 3699999999999999
 82 68 70 87115147175190189170139103 71 52 50 66 9513016418619117915312025 826KC 725192194819299999999999999 123 661337 4999999999999999
 90 69 63 72 95125154176184176154124 94 72 63 71 9212315417818918316213225 827KC 8 018420 818999999999999999 153 6314 2 6399999999999999
101 76 63 64 79104132156171173161139114 92 80 81 9511814616918318316814325 828KC 836174202918599999999999999 225 621426 7999999999999999
114 88 69 63 70 87111134153162159147129111 98 9410111713916017417917115225 829KC 916162205017999999999999999 259 631451 9499999999999999
127102 81 69 68 77 9311313214515014713712511510911112013415116417016815725 830KC10 6150211417199999999999999 338 67151810999999999999999
138117 97 81 73 74 82 9511012413413913913412912412312613314315316016115625 831KC1124139214516199999999999999 427 73154912399999999999999
146131114 98 86 78 77 82 9110211412413213713813813713613713914314815115125 9 1KC1413138224115199999999999999 541 7717 513699999999999999
148141130117103 90 81 76 76 81 9110411813114214814914814413913713613814225 9 2KC1556149999999999999999999999 727 75204013699999999999999
145147144137124109 92 77 67 64 69 81 9911913815316016015414413412712512925 9 3KC 055147162916199999999999999 854 64214812599999999999999
137146153154147132111 88 67 54 50 58 7610112815216717216615313612111211325 9 4KC 237154165617299999999999999 950 50222411299999999999999
123138154166167157136108 78 53 38 38 52 78111144169181180165143120103 9725 9 5KC 3391681722182999999999999991032 362255 9799999999999999
105123146168181180164135 99 64 37 26 32 55 90129164186191179155125 98 8425 9 6KC 42718317481929999999999999911 9 262327 8299999999999999
 84101128158184196190166129 87 50 26 21 37 68110152184198193170136101 7625 9 7KC 5111961814199999999999999991144 21999999999999999999999
 67 76101136172197205193162119 75 41 24 28 52 91135174199203185152112 7725 9 8KC 554205184020499999999999999 0 0 671219 2399999999999999
 56 54 73106146182205208189153109 68 40 32 45 76118160192206197169129 8825 9 9KC 63720919 720699999999999999 034 531253 3299999999999999
 56 42 48 74112154188206202179142101 68 49 50 7010514418020120318314810625 910KC 720207193420599999999999999 111 411327 4799999999999999
 67 42 35 48 78118157186198190166133100 76 67 75 9913216519120019116512725 911KC 8 619820 120099999999999999 150 3514 0 6799999999999999
 88 55 37 36 53 83120154177184175154128105 91 9010212515317719119117514625 912KC 856184202919399999999999999 232 341433 8899999999999999
111 78 52 40 42 59 8711714416216716014612911511011312614416317718217615925 913KC 955167205918299999999999999 319 3915 810999999999999999
133104 78 58 48 51 64 8510913014515115014413613012813214015116116816916225 914KC1118152213616999999999999999 417 48155012899999999999999
148129107 86 69 59 58 65 79 9711513014114614814614414214214414715115415525 915KC1354148225215599999999999999 537 57173714299999999999999
153145133117 98 81 67 60 61 69 8410212113815015715815414814113613413614125 916KC1539158999999999999999999999 724 6021 013499999999999999
147151151144130110 89 70 57 53 59 75 9712214416016816615714413012111712225 917KC 126152161916899999999999999 854 53215511799999999999999
132146157162157141118 91 66 49 44 53 7310113115717317616815113111310210225 918KC 3 1162164817799999999999999 952 44223010199999999999999
113131152168175168148118 86 58 41 40 54 81114147172183179162137111 92 8525 919KC 4 01751713183999999999999991036 3823 0 8599999999999999
 92111137163181185173146111 76 49 37 42 64 98135166185187173146115 89 7325 920KC 4461851737189999999999999991112 372329 7199999999999999
 74 89116148175191189170138100 66 44 40 54 84121157183192183158124 91 6825 921KC 5251921759192999999999999991143 392357 6099999999999999
 60 70 94127161186196186161125 88 59 46 52 75110147177193190168135 99 6925 922KC 6 11961820194999999999999991211 46999999999999999999999
 53 55 73104140172192193177147111 79 59 57 72101137169190193178147110 7525 923KC 635195184019499999999999999 025 511238 5599999999999999
 52 46 57 83118153179191185163131100 76 67 74 97128160184193184158123 8625 924KC 7 9191185919399999999999999 052 4513 3 6799999999999999
 58 43 46 65 96131161180184172147119 94 80 81 9612215117618918616613510025 925KC 742185191919099999999999999 120 421327 7999999999999999
 68 48 43 54 77109140164175172157134111 96 91 9911814216618218417114611425 926KC 817176193918599999999999999 149 431352 9199999999999999
 83 59 47 50 65 9011814316016515914412611110310511713615617117717115312725 927KC 85516520 017799999999999999 220 46141710399999999999999
 99 74 58 53 60 76 9912214015115314713512411611412013214616016716615613725 928KC 941153202316899999999999999 255 53144411499999999999999
115 92 74 64 62 69 8410111913214014213913412812512613114014815515715314325 929KC1051142205115799999999999999 340 62151712599999999999999
128110 93 80 72 70 75 85 9711012213113713913913713613513713914214514514225 930KC1322139213914599999999999999 446 70165013599999999999999
136126114101 88 79 73 73 78 881011151281391461491481431381331311311331362510 1KC15 9149999999999999999999999 631 73203113099999999999999
138138133124110 95 81 70 65 68 78 941131331491581601551441321211161161232510 2KC 023139154416099999999999999 811 65212311599999999999999
133142148146136119 98 77 61 53 57 71 93120145164172168155135116102 981042510 3KC 218148161117299999999999999 912 532156 9899999999999999
118137154163162148124 95 68 49 42 50 72102135163180182169145117 93 80 802510 4KC 322164163718399999999999999 958 422227 7899999999999999
 95120147170181176156124 89 58 39 37 52 82119156182193184159125 91 66 582510 5KC 41218117 2193999999999999991037 362259 5899999999999999
 67 92126161186196185158120 81 50 36 41 65101142178198197176141 99 63 412510 6KC 4581961729200999999999999991114 352333 3899999999999999
 40 59 94136175200205188155113 75 49 41 55 86126166195205192160116 71 372510 7KC 5432051756205999999999999991150 41999999999999999999999
 22 30 58100146185206206184148108 74 55 56 77111151185205202178137 90 472510 8KC 628209182420699999999999999 0 9 221226 5399999999999999
 18 12 28 62108153188204199175140105 79 69 78102136171196204191158114 682510 9KC 714205185320499999999999999 047 1113 2 6999999999999999
 31 10 11 33 69114155184195186163134107 90 88102126156182196194173138 96251010KC 8 3195192219799999999999999 128  81338 8799999999999999
 56 26 13 19 42 77116150173180171153131114105108122143165182187178155123251011KC 855180195318799999999999999 212 13141410599999999999999
 86 54 32 24 31 52 82113140158163158146133123120125136151164173172161141251012KC 959163202717499999999999999 3 1 24145512099999999999999
115 87 62 45 39 44 60 82106128143150150145139134132134140147154158156148251013KC1128150211415899999999999999 4 2 39155713299999999999999
134115 95 76 61 53 55 64 79 98116132143148149146142137134134135138141143251014KC134014923 514399999999999999 523 53184913499999999999999
141135123108 91 75 64 60 63 74 90110128143153156152144134125119118121128251015KC1456156999999999999999999999 7 4 59204911899999999999999
136142142135122103 84 68 59 60 70 88111133151161162154140123109100100108251016KC 133143153516399999999999999 827 582133 9999999999999999
122137149153147132110 86 67 57 58 71 94120145163170165149127105 88 81 86251017KC 25715316 317099999999999999 923 5622 6 8199999999999999
101123144160165156136110 83 63 55 60 79106136161175174160136107 82 67 66251018KC 35216516281769999999999999910 6 552235 6599999999999999
 79102130156172173159134104 77 60 57 69 94125155176181171147115 83 60 51251019KC 4361741651182999999999999991041 5623 3 5199999999999999
 58 80111143169181176157127 96 71 60 65 85115147173185180158126 89 59 42251020KC 5141811713185999999999999991112 602331 4099999999999999
 42 59 88124157179185174148117 88 70 67 80106137166184185169138100 64 39251021KC 5501851734187999999999999991141 662357 3199999999999999
 31 41 66102139169185183165137107 84 73 79 99128158180187177150113 74 43251022KC 62418617551879999999999999912 9 73999999999999999999999
 27 29 48 80117152176184175153125100 84 82 96120148173185181160127 88 53251023KC 657184181618699999999999999 025 251235 8199999999999999
 30 23 34 60 95131161177177163140115 96 89 95114139163179181168140104 68251024KC 731179183818299999999999999 053 2313 2 8999999999999999
 40 26 28 46 75109141163172166150129110 98 99110130152170177170150119 85251025KC 8 617219 217799999999999999 122 251329 9799999999999999
 55 35 30 38 60 89119144159162154139122109105110123141158168168155132103251026KC 844163192717099999999999999 154 30135810599999999999999
 74 51 39 39 51 72 98123142152152144132120113113120132146157160155140118251027KC 929153195516099999999999999 229 37143111299999999999999
 93 70 54 46 49 61 80102121136143143138131124120121126135143149149142129251028KC1032144203014999999999999999 313 46152012099999999999999
111 91 74 61 55 58 67 82100116129138141139135130126125126130134137137133251029KC12 9141213413899999999999999 412 5517 412599999999999999
124112 97 82 70 63 62 68 79 95111126138145146142136128121117117121125130251030KC1344146235213199999999999999 536 61193011799999999999999
131128120107 92 77 66 61 64 74 91110130145154155148136121108101100106117251031KC1436156999999999999999999999 7 8 61203610099999999999999
128137139133120101 81 65 57 59 71 91116140158166162148127105 87 79 81 942511 1KC 147139151216699999999999999 820 572116 7899999999999999
113134149155149131107 82 62 53 56 73 99129155172176164140109 81 61 55 642511 2KC 259155154317699999999999999 914 532153 5599999999999999
 87116144165171163141111 81 60 52 60 82113146173185180157123 84 52 34 342511 3KC 35617116131859999999999999910 1 522230 3199999999999999
 52 84122157180185172145112 80 60 56 70 97132165187192176142 99 56 24 112511 4KC 4471861643193999999999999991043 5623 8 1099999999999999
 19 46 87132169192194176146111 81 65 67 86117152182197191164122 74 31  22511 5KC 5361951715197999999999999991124 632348 -599999999999999
 -5 11 47 93140177196195174143109 84 74 82104136169192198182148101 52 122511 6KC 62419817471989999999999999912 5 74999999999999999999999
-10-10 12 52100145179194189167138109 91 87 98122152179194191169130 83 382511 7KC 714194182119599999999999999 030-131245 8699999999999999
  4-12 -6 20 60105146175185178158133111 99100114136161181188178153115 722511 8KC 8 4185185718899999999999999 114-121326 9899999999999999
 33  6 -4  5 31 681081431651721651491301151081111251431621741761631381042511 9KC 858172193717799999999999999 2 1 -414 910899999999999999
 68 37 16 10 20 44 75108136154160154142129119115119129142154162160149128251110KC 958160202216299999999999999 252 1015 111599999999999999
100 72 48 32 28 36 55 80107129144150147140130122119120125133141146145137251111KC11 9150212414799999999999999 350 27161711899999999999999
122103 81 62 48 44 49 63 83105124138145145140132124117114115119125131134251112KC123014623 513499999999999999 457 44181611499999999999999
131123109 93 76 63 57 59 69 86105123138146147142132120109102 99102110119251113KC1340148999999999999999999999 615 571957 9999999999999999
127131128119104 88 74 66 66 74 89109128143151151143128111 95 85 82 87 99251114KC 1 6131142815299999999999999 731 652053 8299999999999999
113127136136128114 96 80 71 70 79 96117137152158153139118 96 77 66 66 76251115KC 23413715 415899999999999999 834 692132 6599999999999999
 94115133145146136119 99 82 73 74 86106128149161162150129102 76 57 49 54251116KC 336147153416399999999999999 924 7222 6 4999999999999999
 71 96122144155154141121 99 82 75 80 96119142161168161141112 81 54 38 36251117KC 42415616 21689999999999999910 5 752236 3599999999999999
 49 74105134156164158141118 96 81 79 89109134156169169153125 91 58 34 24251118KC 5 51641628171999999999999991042 7823 6 2499999999999999
 31 52 84118148166169158137112 92 82 85101124149167173163138104 67 36 18251119KC 5421701653173999999999999991116 822335 1599999999999999
 17 32 61 98133159172169152129105 89 85 95115139161173170151119 81 46 20251120KC 6171731719174999999999999991147 85999999999999999999999
 10 18 41 75113146167173163143119 99 89 92106129152169173161134 98 60 29251121KC 651173174517399999999999999 0 4 101218 8899999999999999
 11 10 25 54 91126154168167153132110 95 92100119141161171166147116 79 44251122KC 725170181317199999999999999 035  81248 9199999999999999
 19  9 16 37 69105136157165158142121104 95 97110129149164166155131 98 63251123KC 8 0165184216799999999999999 1 7  91319 9599999999999999
 34 17 14 26 51 83115141156158148132114102 98104118136152161157142115 84251124KC 838158191416199999999999999 141 131352 9899999999999999
 54 31 20 23 38 64 94121142151150139125111103102110123138150153146129103251125KC 920152195115399999999999999 218 19143310299999999999999
 75 50 33 27 33 50 74101124140147144134122111105105112123134142143135119251126KC1010147203714499999999999999 3 0 27152610499999999999999
 97 73 53 40 36 43 59 81105125139144142133122112106104108116125132133128251127KC11 9144214313499999999999999 350 36164410499999999999999
115 97 78 60 49 46 52 66 86107126140145143135123111101 96 98104113122127251128KC1213146232112799999999999999 450 461816 9699999999999999
126118104 87 71 59 54 59 71 89110130144150147137121104 89 81 81 88100114251129KC1312150999999999999999999999 6 2 541933 8099999999999999
125130127116100 83 69 62 64 75 94116137151157151136114 90 70 59 60 70 89251130KC 1 713014 015799999999999999 716 612030 5899999999999999
110129140140131114 94 77 68 69 80100124146161164153130101 70 47 35 38 552512 1KC 234141144216499999999999999 824 672118 3499999999999999
 81111136152155145126103 83 73 74 87110136158171169151120 82 47 21 11 192512 2KC 343156152217299999999999999 924 7222 3 1199999999999999
 43 78115146165168157134109 88 77 80 96121148170178170144106 62 24 -1 -82512 3KC 44116916 2178999999999999991017 772248 -899999999999999
  6 37 79121156175177163138112 91 82 88106133160179182167134 90 44  5-182512 4KC 53617916421839999999999999911 6 822334-2199999999999999
-19  0 37 83128163181180163137111 92 87 96117144169183181160122 75 29 -72512 5KC 6271821723185999999999999991153 87999999999999999999999
-26-22  2 42 89133166180176158133109 94 92103125151173183176150111 64 202512 6KC 71618118 618399999999999999 021-271238 9199999999999999
-12-25-17 10 51 96137165175168149126105 94 96110131155172178166139100 572512 7KC 8 5175185117899999999999999 1 8-251323 9399999999999999
 18 -8-16 -5 23 62104139161166158139119102 95 99113133153166167154128 922512 8KC 852167193716899999999999999 155-1614 9 9599999999999999
 54 22  2 -1 12 40 75110139155157147130113100 951001131291451551541411172512 9KC 938158202715699999999999999 242 -21459 9599999999999999
 87 56 31 17 17 32 57 87116138149148138123108 98 94 98108121134141140129251210KC1025150212314299999999999999 329 161559 9499999999999999
110 86 62 44 35 37 51 73 98121137144142132119105 95 90 92 99110120127127251211KC1113145223412899999999999999 417 341712 9099999999999999
120107 89 72 58 52 56 68 86107125137142139129115101 90 83 82 87 96107115251212KC12 3142999999999999999999999 5 9 521836 8299999999999999
119117109 97 83 73 68 71 81 96113129139142137127111 95 81 72 70 74 84 96251213KC 0 9119125514299999999999999 6 8 681951 7099999999999999
108116119115106 95 86 81 82 90103119132141143137124105 86 69 58 55 61 74251214KC 153119134414499999999999999 717 802048 5599999999999999
 91108120126124116105 95 88 89 96109124137145145136118 95 72 53 43 42 52251215KC 316126142914699999999999999 827 882132 4199999999999999
 70 92113129136134125111 99 92 92100114130143149146131108 81 56 37 28 32251216KC 41613715 915099999999999999 928 912210 2899999999999999
 48 72 99124140146141129113 99 92 93104120137150153144123 95 64 38 21 17251217KC 5 11461546153999999999999991018 912246 1799999999999999
 28 50 80111136151153144127109 95 90 95110128145155153138111 79 46 21  8251218KC 54015416211569999999999999911 0 902319  799999999999999
 11 29 58 92124148159155141121102 91 90100117138153159151129 96 61 29  7251219KC 6151591655159999999999999991135 892353  199999999999999
  1 11 36 70106137156161152133112 94 87 91106127147160159144116 80 43 14251220KC 64816117291619999999999999912 8 87999999999999999999999
 -2  0 17 48 85120147160158143122101 88 86 96114136154162155134101 63 28251221KC 72116118 316299999999999999 026 -31241 8599999999999999
  4 -4  4 28 63100132154160151133111 93 84 87102123144158160147121 85 48251222KC 754160183916199999999999999 1 0 -41313 8499999999999999
 18  0 -1 14 43 79114142156155142121101 87 83 91108129148158154136107 71251223KC 827157191615899999999999999 134 -31349 8399999999999999
 38 13  2  8 28 59 94126147155149132112 93 83 83 94112132147153145124 94251224KC 9 2155195615399999999999999 210  21429 8299999999999999
 61 33 14 10 21 44 76108134150152142124104 88 80 83 94112130142144135114251225KC 939153204314599999999999999 247 101516 8099999999999999
 86 58 35 22 23 37 61 91119140150148135117 98 83 77 80 91107123133135126251226KC1018151213913699999999999999 327 211611 7699999999999999
108 84 61 43 35 39 54 77103127143149144130111 92 77 70 72 82 97112123127251227KC11 1149225312799999999999999 411 351717 7099999999999999
121107 89 71 57 52 56 70 90112132145148141126106 85 68 59 59 68 83 99114251228KC1149148999999999999999999999 5 4 521829 5899999999999999
122121114100 86 74 69 72 83100118135146148140123101 77 56 44 42 50 67 87251229KC 029123124214999999999999999 6 9 691941 4199999999999999
106121127125116103 91 84 84 91105122138149150141122 95 67 42 26 23 32 51251230KC 213127133915199999999999999 730 832046 2299999999999999
 77103124137139132119106 95 92 97109125141152153142119 88 54 25  7  3 15251231KC 342139143615499999999999999 855 922145  399999999999999
