 17 31 45 57 65 70 72 73 74 76 81 88 95102107107101 87 68 44 22  5 -3 -225 1 1KE14321089999999999999999999992220 -4999999999999999999999
  8 21 36 50 60 66 69 70 70 71 74 80 88 96103107105 97 82 61 37 16  2 -225 1 2KE15181079999999999999999999992254 -2999999999999999999999
  3 15 29 43 55 63 67 69 68 67 68 72 78 86 94100103100 90 74 53 31 13  425 1 3KE 7 9 6916 410399999999999999 915 672326  399999999999999
  4 13 26 40 52 62 67 69 68 65 63 63 67 74 81 88 93 95 92 82 66 46 28 1525 1 4KE 7 3 691655 95999999999999991027 632356 1199999999999999
 11 16 26 39 52 62 69 71 69 66 61 58 57 61 66 73 79 84 86 82 72 58 43 3025 1 5KE 7 2 711752 86999999999999991136 57999999999999999999999
 23 24 31 42 54 64 72 75 74 69 63 56 52 50 52 56 62 68 73 75 72 64 54 4425 1 6KE 710 751855 7599999999999999 023 231253 5099999999999999
 37 36 40 48 58 68 76 80 80 75 68 59 51 45 42 42 45 50 56 62 64 63 59 5425 1 7KE 725 812010 6499999999999999 047 361428 4299999999999999
 50 48 50 55 63 72 80 86 87 83 76 67 57 47 39 34 32 34 38 45 51 55 57 5725 1 8KE 746 87999999999999999999999 1 2 4816 2 3299999999999999
 58 58 60 63 68 75 83 90 93 92 86 77 67 56 44 34 26 22 24 29 35 42 48 5425 1 9KE 815 939999999999999999999991714 22999999999999999999999
 59 63 66 69 72 77 84 91 96 98 95 89 80 69 56 42 29 19 14 15 21 28 36 4525 110KE 855 989999999999999999999991818 14999999999999999999999
 53 62 68 72 74 77 82 88 95100101 99 93 84 72 58 41 25 13  8  9 14 23 3325 111KE 9511019999999999999999999991920  8999999999999999999999
 44 55 65 71 75 76 78 83 90 97102104103 98 89 76 58 39 21  9  3  4 11 2125 112KE11101049999999999999999999992017  3999999999999999999999
 34 47 59 67 72 74 75 77 82 89 96102106107102 92 77 57 36 17  4  0  2 1125 113KE123610799999999999999999999921 7  0999999999999999999999
 23 37 51 62 69 72 72 72 74 79 87 95103108109104 93 76 54 32 13  1 -2  325 114KE13431099999999999999999999992149 -2999999999999999999999
 14 29 44 56 65 70 71 69 68 70 75 84 93102108109103 89 71 48 26  9  0  125 115KE 548 71143810999999999999999 8 4 682224  099999999999999
  9 22 37 52 62 68 70 69 66 64 65 71 81 91100105104 97 82 62 41 21  8  425 116KE 6 1 70152610699999999999999 910 642255  499999999999999
  9 20 34 48 60 68 71 70 66 62 59 61 68 77 87 95 99 96 87 72 53 34 19 1125 117KE 610 711610 999999999999999910 7 592321 1199999999999999
 12 21 33 47 60 69 73 72 68 62 57 55 57 64 73 82 88 90 86 75 61 45 31 2125 118KE 618 731651 909999999999999911 0 552342 1999999999999999
 20 25 36 48 60 70 75 75 71 64 57 52 50 53 60 68 75 80 80 74 64 52 40 3225 119KE 627 761732 81999999999999991150 502357 2999999999999999
 29 33 41 51 62 72 78 78 74 68 59 52 47 46 49 55 62 68 71 70 64 55 47 4125 120KE 639 791814 71999999999999991242 46999999999999999999999
 38 41 47 56 65 74 80 82 79 72 63 54 47 43 42 45 50 56 61 63 61 56 51 4725 121KE 653 8219 0 6399999999999999 0 1 381341 422346 469999999
 46 48 53 60 68 75 82 85 83 77 69 59 50 43 39 37 40 44 50 54 56 55 52 5125 122KE 711 851958 56999999999999991449 3723 7 5199999999999999
 52 55 59 64 70 76 82 86 86 82 75 66 57 47 40 34 33 34 39 44 48 50 51 5225 123KE 735 8799999999999999999999916 0 33999999999999999999999
 55 59 63 68 72 77 82 86 88 87 82 75 66 56 46 36 30 27 29 33 38 43 47 5125 124KE 8 7 8899999999999999999999917 8 27999999999999999999999
 55 61 66 70 74 77 81 85 88 89 87 83 76 67 56 44 32 24 21 22 27 32 39 4525 125KE 854 899999999999999999999991812 21999999999999999999999
 52 59 66 70 74 76 79 83 87 90 91 90 86 80 69 56 41 27 18 14 15 20 28 3725 126KE10 7 919999999999999999999991913 14999999999999999999999
 46 55 63 69 73 75 77 80 84 88 92 94 94 91 84 71 54 36 21 10  6  8 15 2525 127KE1137 9499999999999999999999920 6  6999999999999999999999
 37 48 58 66 70 72 74 76 79 84 89 94 98 99 96 86 70 50 30 13  3  0  4 1425 128KE1249 999999999999999999999992051  0999999999999999999999
 27 40 52 62 67 70 70 71 73 77 83 89 96101103 98 86 67 45 23  6 -3 -3  525 129KE13471039999999999999999999992129 -4999999999999999999999
 17 32 46 57 65 68 68 67 66 68 73 80 89 97103103 97 82 61 38 16  1 -4  025 130KE 531 68143910499999999999999 744 6622 2 -499999999999999
 11 26 41 54 63 67 67 64 61 59 61 67 76 86 95101101 92 76 54 32 12  2  125 131KE 522 67153010299999999999999 858 592232  099999999999999
 10 23 39 53 64 68 68 64 58 53 51 53 60 70 81 90 96 95 85 68 48 28 14  825 2 1KE 523 691620 9799999999999999 959 5123 0  899999999999999
 13 25 39 54 66 72 72 67 59 51 44 42 45 53 63 74 83 88 86 76 61 44 29 2125 2 2KE 530 731712 88999999999999991056 422325 2099999999999999
 21 30 43 57 69 77 78 73 64 54 43 36 33 37 45 55 66 74 78 75 67 55 43 3525 2 3KE 542 7818 4 78999999999999991151 332347 3299999999999999
 32 38 49 61 73 82 85 81 72 61 48 37 29 27 31 38 47 57 64 67 65 59 52 4725 2 4KE 558 8519 0 67999999999999991250 27999999999999999999999
 44 47 55 66 76 85 90 89 81 70 57 45 34 26 24 26 32 40 48 54 56 56 54 5325 2 5KE 618 902016 5699999999999999 0 0 441358 242337 539999999
 53 55 60 69 78 87 93 94 90 81 69 56 44 33 25 22 22 26 32 39 44 47 50 5325 2 6KE 643 959999999999999999999991520 22999999999999999999999
 56 60 64 71 78 86 93 97 95 90 81 70 59 47 35 26 21 19 21 26 31 36 41 4725 2 7KE 717 979999999999999999999991652 19999999999999999999999
 54 60 66 71 76 82 89 94 96 95 90 82 74 63 51 38 27 19 16 16 19 24 31 3925 2 8KE 8 6 969999999999999999999991823 15999999999999999999999
 48 57 64 69 73 77 82 88 92 95 94 92 86 79 68 55 40 26 16 11 11 14 21 3025 2 9KE 922 959999999999999999999991935 10999999999999999999999
 41 52 61 67 70 71 74 78 84 89 93 95 94 91 84 72 56 39 23 12  6  7 12 2225 210KE1124 959999999999999999999992024  6999999999999999999999
 34 46 57 64 68 68 68 69 73 79 85 91 96 97 95 86 72 54 35 18  7  3  6 1525 211KE1256 9799999999999999999999921 1  3999999999999999999999
 27 41 54 63 67 67 65 62 63 66 73 82 90 96 99 95 85 69 49 29 13  4  4 1025 212KE 431 671357 9999999999999999 726 622132  399999999999999
 22 37 51 62 67 67 64 59 56 55 60 69 79 88 95 97 92 79 62 42 23 10  5  925 213KE 435 681447 9799999999999999 832 5522 0  599999999999999
 20 34 49 61 68 69 66 60 53 48 49 55 64 76 86 92 92 85 71 54 35 20 11 1225 214KE 442 701531 9399999999999999 925 482225 1199999999999999
 20 34 48 61 70 72 69 62 53 45 41 43 50 61 73 82 87 85 75 61 46 31 21 1825 215KE 451 721611 87999999999999991011 412246 1899999999999999
 24 35 49 62 72 76 73 65 55 45 37 35 39 48 59 70 78 80 75 65 53 41 31 2725 216KE 5 2 761649 80999999999999991053 3523 4 2799999999999999
 30 39 51 64 74 79 77 70 59 48 37 31 31 37 46 57 67 73 72 66 57 47 40 3625 217KE 515 791725 73999999999999991132 302314 3699999999999999
 37 44 55 66 75 81 81 75 64 52 40 31 27 29 36 46 56 64 66 64 58 51 45 4325 218KE 529 8218 0 66999999999999991210 272313 4399999999999999
 44 50 58 68 77 83 84 79 70 58 45 35 28 26 29 36 45 54 59 59 56 52 49 4825 219KE 544 841837 60999999999999991252 262250 4899999999999999
 50 54 61 69 77 83 85 83 76 65 53 42 32 27 26 29 36 43 50 53 53 51 50 5025 220KE 6 2 851923 53999999999999991341 2622 9 4999999999999999
 53 58 64 70 77 82 85 85 80 72 62 51 41 32 27 26 29 34 39 44 46 47 48 5025 221KE 623 869999999999999999999991447 26999999999999999999999
 54 59 65 71 76 81 84 85 83 78 71 62 52 42 33 27 25 25 29 33 36 39 43 4725 222KE 651 859999999999999999999991614 24999999999999999999999
 53 59 65 70 75 79 82 84 85 82 78 72 65 55 44 34 25 21 19 21 25 29 35 4225 223KE 733 859999999999999999999991749 19999999999999999999999
 49 57 64 69 73 76 79 82 83 84 83 81 77 69 58 45 32 21 14 12 13 18 25 3425 224KE 9 4 8499999999999999999999919 3 12999999999999999999999
 44 53 61 66 70 72 74 76 79 82 84 86 85 82 73 60 44 28 15  7  5  8 15 2625 225KE1121 869999999999999999999991952  5999999999999999999999
 37 48 57 63 66 67 67 69 71 75 80 85 89 90 86 76 60 41 23  8  1  1  7 1825 226KE1245 909999999999999999999992030  0999999999999999999999
 31 44 54 61 64 63 61 60 60 64 69 77 85 91 93 88 76 57 37 18  5  0  3 1325 227KE 415 641349 9399999999999999 717 6021 2  099999999999999
 27 41 53 61 64 62 57 52 49 49 54 63 73 84 91 93 87 73 53 33 15  5  5 1325 228KE 4 1 641446 9499999999999999 822 482132  499999999999999
 26 40 54 63 67 64 57 48 40 36 37 45 56 69 81 90 91 83 68 49 31 17 12 1625 3 1KE 4 0 671539 9199999999999999 916 3622 1 1299999999999999
 28 42 56 67 72 70 61 50 38 28 24 27 36 49 63 77 85 85 77 63 47 32 23 2425 3 2KE 4 9 721631 869999999999999910 6 242227 2299999999999999
 32 46 60 72 79 78 70 57 42 28 17 14 18 29 43 58 71 78 77 69 58 46 36 3425 3 3KE 423 791721 78999999999999991055 142250 3499999999999999
 39 50 64 76 84 86 79 67 51 35 20 10  9 14 25 39 53 63 68 67 61 54 47 4425 3 4KE 442 861813 68999999999999991144  823 8 4499999999999999
 46 55 67 79 88 92 88 78 63 47 31 17  9  8 14 24 35 47 54 57 57 55 53 5125 3 5KE 5 3 921917 58999999999999991235  72310 5199999999999999
 52 58 68 79 89 94 94 87 75 60 45 30 18 11 11 16 23 32 40 45 48 49 51 5325 3 6KE 528 959999999999999999999991334 10999999999999999999999
 56 60 68 77 86 93 95 92 84 73 60 47 34 23 17 15 18 22 28 33 37 41 45 5025 3 7KE 558 959999999999999999999991449 15999999999999999999999
 55 60 66 73 81 87 92 92 89 81 72 62 51 39 29 22 19 18 20 23 26 31 38 4525 3 8KE 637 939999999999999999999991641 18999999999999999999999
 52 59 64 68 74 79 84 87 87 85 80 74 66 56 45 34 25 19 16 16 18 23 30 3925 3 9KE 736 879999999999999999999991836 16999999999999999999999
 48 56 62 65 67 70 74 77 80 82 82 81 77 71 61 49 36 25 17 13 13 17 24 3425 310KE 938 829999999999999999999991932 12999999999999999999999
 44 54 60 63 64 63 64 66 70 74 78 81 82 80 74 63 50 35 22 13 10 12 19 3025 311KE1152 8299999999999999999999920 6 10999999999999999999999
 41 52 60 63 62 59 56 55 57 62 68 75 81 83 82 75 63 47 31 18 11 10 16 2725 312KE 319 6313 9 8399999999999999 654 552034 1099999999999999
 39 51 60 64 64 59 52 47 45 48 55 64 73 80 84 81 72 59 43 27 16 12 16 2525 313KE 318 6514 5 8499999999999999 753 4521 0 1299999999999999
 38 51 62 67 66 61 52 43 37 36 41 50 61 72 80 82 78 68 54 38 25 17 18 2625 314KE 323 671452 8299999999999999 840 352125 1799999999999999
 38 51 63 70 70 64 54 43 33 27 28 35 47 60 71 78 79 73 62 48 35 26 23 2825 315KE 332 711534 7999999999999999 921 272148 2399999999999999
 39 52 64 73 74 69 59 46 33 23 19 23 33 46 60 71 76 74 66 56 44 35 31 3325 316KE 344 751612 7699999999999999 958 1922 9 3199999999999999
 42 53 65 75 78 74 64 50 36 23 15 15 22 34 48 61 69 71 67 59 51 43 38 3925 317KE 359 781647 71999999999999991033 142225 3899999999999999
 45 55 66 76 81 79 70 57 41 27 16 11 14 24 37 50 61 66 65 60 54 48 45 4525 318KE 415 811719 679999999999999911 7 112233 4499999999999999
 49 57 67 76 82 82 76 64 49 34 21 12 11 17 28 40 52 59 61 59 55 51 49 4925 319KE 432 831751 61999999999999991141 112226 4999999999999999
 53 59 68 76 82 84 80 70 57 42 29 18 12 14 21 32 43 51 55 55 53 51 50 5225 320KE 449 841826 55999999999999991218 122146 5099999999999999
 55 61 68 76 82 84 82 75 65 52 39 27 18 15 17 24 33 41 47 49 48 48 49 5225 321KE 5 7 8499999999999999999999913 2 15999999999999999999999
 56 62 69 75 80 83 83 79 71 61 50 38 27 20 18 20 25 31 37 40 42 44 47 5125 322KE 524 849999999999999999999991359 18999999999999999999999
 56 62 68 74 79 82 82 80 76 69 60 50 39 30 23 19 20 23 26 30 33 37 42 4725 323KE 544 829999999999999999999991521 19999999999999999999999
 54 60 66 71 75 78 80 79 77 74 69 62 53 42 32 24 19 17 17 20 24 29 36 4325 324KE 614 809999999999999999999991715 17999999999999999999999
 51 57 63 67 71 73 74 75 75 75 74 71 65 57 46 34 24 16 12 12 15 21 29 3925 325KE 819 759999999999999999999991832 12999999999999999999999
 47 55 60 63 65 65 65 66 68 71 73 75 74 70 61 48 35 22 13  9 10 16 25 3525 326KE1114 759999999999999999999991917  8999999999999999999999
 45 53 59 60 59 57 55 54 56 60 66 72 77 78 74 64 50 34 21 12  9 13 22 3325 327KE 3 5 601244 7899999999999999 648 541951  999999999999999
 45 54 60 60 57 51 45 40 40 44 51 61 71 78 81 76 66 51 34 21 14 15 23 3425 328KE 240 611354 8199999999999999 738 392023 1499999999999999
 46 57 64 64 59 50 40 30 24 25 32 43 56 69 79 82 77 66 51 35 25 21 26 3725 329KE 237 651454 8299999999999999 824 242053 2199999999999999
 49 61 70 72 66 55 41 27 15 10 12 22 36 52 67 77 80 75 64 51 38 31 33 4125 330KE 246 721550 8099999999999999 910  92121 3199999999999999
 53 66 76 80 76 65 50 32 15  3 -2  3 15 31 49 64 74 75 71 62 51 43 41 4625 331KE 3 4 801643 7699999999999999 957 -22148 4099999999999999
 57 69 80 87 87 78 62 44 24  6 -5 -7 -1 13 29 46 60 67 68 65 59 52 48 5125 4 1KE 327 881739 69999999999999991044 -82210 4899999999999999
 59 71 82 91 94 89 76 59 39 19  3 -7 -7  1 14 29 43 54 59 60 59 56 54 5425 4 2KE 353 941850 60999999999999991132 -82225 5399999999999999
 60 70 81 91 96 95 87 73 55 37 19  4 -3 -2  5 16 29 39 47 51 53 54 55 5625 4 3KE 422 979999999999999999999991222 -4999999999999999999999
 59 67 77 87 94 96 92 83 69 54 38 22 10  4  5 11 19 27 34 40 44 48 52 5525 4 4KE 454 969999999999999999999991317  4999999999999999999999
 58 64 71 80 87 92 92 87 78 67 54 40 27 17 13 13 16 20 25 30 35 41 47 5225 4 5KE 530 929999999999999999999991426 12999999999999999999999
 57 61 66 72 78 83 85 84 81 74 66 56 44 33 25 20 18 18 20 23 28 35 42 4925 4 6KE 616 859999999999999999999991619 18999999999999999999999
 55 59 62 65 68 72 75 76 77 75 72 66 58 49 39 30 24 20 18 20 24 30 39 4725 4 7KE 740 7799999999999999999999918 5 18999999999999999999999
 54 58 60 61 61 61 62 65 67 70 71 70 66 60 52 43 33 25 20 19 21 28 37 4625 4 8KE10 6 719999999999999999999991851 19999999999999999999999
 54 59 61 60 56 53 51 51 54 59 64 68 69 67 62 54 44 33 25 20 21 27 36 4625 4 9KE 2 2 611156 6999999999999999 618 511922 2099999999999999
 55 61 63 61 55 48 42 39 40 46 53 61 67 69 68 63 55 44 33 25 23 27 36 4625 410KE 158 631315 7099999999999999 710 391950 2399999999999999
 57 64 67 64 57 47 37 30 28 32 40 50 59 67 70 69 63 54 43 33 28 29 37 4725 411KE 2 1 671414 7099999999999999 750 282016 2899999999999999
 58 67 71 69 61 50 37 25 18 19 26 36 49 60 68 71 68 62 52 42 35 34 39 4825 412KE 211 7115 2 7199999999999999 826 182042 3499999999999999
 59 69 74 74 66 54 39 25 14  9 13 23 36 50 62 69 70 66 59 51 43 40 42 5025 413KE 225 751542 7099999999999999 9 1  921 6 4099999999999999
 60 70 77 79 73 61 45 29 14  5  4 12 24 39 53 64 69 68 63 57 50 46 46 5225 414KE 244 791617 6999999999999999 935  42127 4599999999999999
 61 70 78 82 79 68 53 36 19  6  1  4 14 28 44 57 64 66 64 59 55 51 50 5425 415KE 3 4 821650 669999999999999910 9  12142 5099999999999999
 61 70 79 84 83 76 62 45 28 12  2  0  7 19 34 48 58 62 62 59 56 54 53 5625 416KE 326 841723 62999999999999991044  02147 5399999999999999
 62 70 78 84 86 81 70 55 38 22  9  2  3 12 25 38 49 56 58 57 55 55 55 5725 417KE 348 8618 0 58999999999999991120  12118 5599999999999999
 62 69 77 83 86 84 76 64 49 33 19  8  4  8 18 29 40 48 51 52 52 53 55 5825 418KE 4 8 869999999999999999999991158  4999999999999999999999
 62 69 76 82 85 85 80 71 59 45 30 17  9  8 13 22 31 39 43 46 48 50 54 5725 419KE 426 859999999999999999999991240  8999999999999999999999
 62 68 74 80 83 84 81 75 67 55 42 29 18 12 12 16 23 29 35 39 42 46 51 5525 420KE 441 849999999999999999999991330 11999999999999999999999
 60 66 71 76 80 81 79 76 71 64 54 42 30 20 15 15 18 22 27 31 36 42 47 5325 421KE 457 819999999999999999999991435 15999999999999999999999
 58 63 67 71 74 75 75 74 72 68 62 54 43 33 24 19 17 18 21 25 31 38 45 5125 422KE 518 7599999999999999999999916 7 17999999999999999999999
 56 60 62 64 65 65 66 66 67 68 67 63 56 47 37 28 22 19 19 22 28 36 44 5125 423KE 9 4 689999999999999999999991729 18999999999999999999999
 56 58 59 58 56 54 52 53 56 60 64 66 65 60 52 43 33 25 22 22 28 36 45 5325 424KE 148 5911 9 6699999999999999 6 9 521819 2199999999999999
 58 60 59 55 49 42 38 36 40 46 54 62 67 68 65 58 48 38 30 27 30 38 48 5725 425KE 1 6 601249 6999999999999999 646 361858 2799999999999999
 63 66 63 57 47 36 26 20 20 27 37 49 60 68 72 70 63 53 43 36 36 42 51 6125 426KE 1 1 6614 7 7299999999999999 726 191932 3599999999999999
 70 74 72 64 52 37 21  9  4  7 16 30 45 59 69 74 72 65 56 48 44 47 55 6625 427KE 114 741511 7499999999999999 810  420 3 4499999999999999
 75 82 82 76 63 46 27  9 -4 -8 -3  9 25 42 58 69 73 71 66 58 52 52 58 6825 428KE 137 831610 7399999999999999 856 -82033 5199999999999999
 79 87 91 88 78 61 41 19  0-12-14 -7  6 23 41 56 66 70 68 64 59 57 60 6825 429KE 2 7 911712 7099999999999999 944-1521 0 5799999999999999
 79 89 96 98 91 77 58 37 15 -4-14-15 -7  7 24 40 53 61 64 64 62 60 60 6625 430KE 241 981831 64999999999999991033-162123 6099999999999999
 76 87 96101100 91 75 56 35 14 -3-12-11 -2 11 26 39 49 55 58 60 60 60 6325 5 1KE 3181019999999999999999999991123-13999999999999999999999
 71 81 91 99101 98 87 72 54 35 15  1 -5 -3  5 16 27 37 45 50 54 57 59 6025 5 2KE 3571019999999999999999999991212 -6999999999999999999999
 65 73 83 91 96 97 92 82 69 53 35 19  7  3  6 12 21 29 36 43 48 53 57 5925 5 3KE 438 9799999999999999999999913 2  3999999999999999999999
 61 66 73 80 86 89 89 85 77 65 51 37 23 15 13 15 19 24 30 37 44 50 55 5825 5 4KE 524 909999999999999999999991358 13999999999999999999999
 59 61 65 70 74 78 80 79 76 70 61 50 39 29 23 21 21 24 28 34 41 48 54 5825 5 5KE 626 809999999999999999999991512 21999999999999999999999
 60 60 60 61 63 65 67 69 70 69 65 58 50 42 35 30 27 27 29 33 40 48 55 5925 5 6KE 8 5 709999999999999999999991643 27999999999999999999999
 62 61 59 56 54 52 53 55 59 62 63 61 57 52 46 40 35 32 31 34 41 49 56 6225 5 7KE 022 62 950 6399999999999999 512 521740 3199999999999999
 65 64 61 55 48 43 40 41 45 51 56 59 60 58 55 51 45 40 36 37 42 50 58 6525 5 8KE 020 651148 6099999999999999 612 401819 3699999999999999
 68 68 64 56 47 37 30 28 31 38 46 53 58 61 61 59 54 48 43 42 45 51 60 6725 5 9KE 025 691337 6199999999999999 651 281852 4199999999999999
 72 73 69 60 48 35 24 18 19 25 34 44 53 60 64 65 62 57 51 47 48 53 61 6925 510KE 037 731440 6599999999999999 726 181922 4799999999999999
 75 78 75 66 53 38 24 13  9 13 22 34 46 56 64 67 67 63 58 53 52 55 62 7025 511KE 057 781523 6799999999999999 8 0  91950 5299999999999999
 77 82 81 74 61 45 28 13  4  4 10 22 36 49 60 66 68 67 63 59 56 57 62 7025 512KE 122 8216 0 6899999999999999 835  32015 5699999999999999
 78 84 86 81 70 54 36 19  5 -1  2 11 25 40 53 63 67 67 65 62 60 59 63 6925 513KE 150 861635 6899999999999999 911 -12035 5999999999999999
 77 84 89 87 80 66 48 29 12  1 -2  3 15 30 45 56 63 65 65 63 61 61 63 6825 514KE 220 891715 6599999999999999 949 -22046 6199999999999999
 76 83 89 91 87 76 60 41 23  7 -1 -1  7 20 35 48 56 61 62 62 62 62 63 6725 515KE 250 919999999999999999999991028 -2999999999999999999999
 74 81 88 92 90 83 71 54 36 18  5 -1  2 12 25 38 48 54 57 59 60 61 63 6625 516KE 319 9299999999999999999999911 7 -1999999999999999999999
 72 79 86 90 91 88 79 65 49 31 14  4  2  7 18 29 40 47 52 55 57 60 62 6525 517KE 345 919999999999999999999991145  1999999999999999999999
 70 77 83 87 89 88 83 73 60 43 26 13  5  6 13 22 32 40 46 51 54 57 60 6325 518KE 4 8 909999999999999999999991225  5999999999999999999999
 67 73 79 83 85 85 83 77 68 55 39 24 13  9 11 18 26 34 41 47 51 55 59 6125 519KE 430 8699999999999999999999913 6  9999999999999999999999
 64 68 72 76 78 79 79 76 71 63 51 38 25 17 15 18 24 30 37 44 50 55 58 6025 520KE 5 5 799999999999999999999991353 15999999999999999999999
 61 63 65 67 68 69 70 71 70 67 60 50 39 30 25 23 25 30 36 43 50 56 59 6125 521KE 714 712318 61999999999999991451 23999999999999999999999
 60 59 58 57 56 55 57 59 62 64 63 59 52 45 38 33 32 33 38 44 52 59 63 6425 522KE 913 642253 6499999999999999 443 5516 2 3299999999999999
 63 59 54 49 44 40 40 43 48 55 60 62 61 58 53 47 43 41 42 48 55 63 69 7125 523KE1110 6223 0 7199999999999999 538 4017 5 4199999999999999
 69 64 56 47 36 28 23 24 30 39 48 57 62 65 64 61 56 51 50 53 60 68 75 7925 524KE1316 652323 7999999999999999 621 231751 5099999999999999
 78 73 64 52 37 23 12  8 11 19 31 44 55 64 69 69 67 62 58 58 63 72 80 8625 525KE1442 692356 8899999999999999 7 6  81829 5799999999999999
 88 85 77 64 47 28 11  0 -3  1 12 26 41 55 65 71 72 70 66 63 66 73 82 9025 526KE1547 72999999999999999999999 753 -419 3 6399999999999999
 95 96 91 80 63 43 22  3 -8-10 -4  8 23 40 54 65 70 72 70 67 67 72 80 9025 527KE 038 971650 7299999999999999 844-111934 6799999999999999
 98103102 95 81 62 40 18 -1-12-13 -6  7 23 40 53 63 68 69 68 67 69 75 8525 528KE 12510318 2 6999999999999999 936-1420 3 6799999999999999
 95103107105 97 81 61 39 16 -2-12-11 -3 10 25 40 52 60 64 66 66 66 70 7725 529KE 2151079999999999999999999991028-13999999999999999999999
 87 97105108105 95 80 60 38 16 -1 -8 -6  3 15 29 42 51 58 62 64 64 65 6925 530KE 3 41089999999999999999999991116 -8999999999999999999999
 77 87 97103105101 91 76 57 36 16  3 -2  2 11 22 34 44 52 58 61 63 63 6425 531KE 35210599999999999999999999912 0 -2999999999999999999999
 68 76 85 92 97 98 94 84 70 53 34 18  9  7 12 20 30 39 48 55 59 62 63 6225 6 1KE 442 989999999999999999999991241  7999999999999999999999
 63 66 73 79 85 88 89 85 76 63 49 34 22 17 18 23 30 38 46 54 59 63 64 6325 6 2KE 536 892154 64999999999999991319 17999999999999999999999
 61 61 63 67 71 74 77 78 74 67 57 46 36 29 27 29 33 39 46 54 61 65 66 6525 6 3KE 640 7822 0 6699999999999999 037 611357 2799999999999999
 62 59 57 56 57 60 63 66 67 65 60 53 46 41 37 37 39 43 49 56 63 68 70 6825 6 4KE 752 6722 5 7099999999999999 245 561440 3799999999999999
 65 60 55 50 47 47 49 53 57 59 59 56 53 50 48 46 46 48 52 58 65 71 74 7325 6 5KE 915 592218 7499999999999999 440 461539 4699999999999999
 69 63 56 48 40 36 36 39 45 51 54 56 56 56 56 55 54 54 56 60 67 73 77 7825 6 6KE1310 562238 7899999999999999 534 351646 5499999999999999
 75 69 60 49 38 30 25 27 33 40 47 53 57 60 62 63 62 60 60 63 68 75 80 8225 6 7KE1450 6323 7 8299999999999999 614 251735 5999999999999999
 81 75 66 54 41 28 19 17 21 29 38 47 55 61 65 67 67 65 64 65 69 75 81 8525 6 8KE1528 672343 8699999999999999 651 171814 6499999999999999
 86 83 75 63 48 32 19 11 11 18 27 39 49 58 65 69 70 69 67 67 69 74 81 8625 6 9KE16 0 70999999999999999999999 730 101844 6799999999999999
 90 89 84 73 58 41 24 11  6  8 17 28 41 52 62 68 70 71 69 68 69 73 79 8625 610KE 026 901634 7199999999999999 811  619 8 6899999999999999
 91 94 92 84 71 53 34 17  6  3  7 17 30 44 55 64 68 70 70 69 69 72 77 8425 611KE 110 941718 7099999999999999 854  31921 6999999999999999
 90 95 97 93 83 67 48 28 12  2  1  8 20 34 47 57 64 67 68 68 69 70 74 8125 612KE 152 97999999999999999999999 937  1999999999999999999999
 88 94 99 99 93 80 63 42 22  7  0  2 11 23 37 49 58 63 65 67 67 69 72 7725 613KE 231 999999999999999999999991018  0999999999999999999999
 84 91 97100 98 90 75 57 36 17  4  0  5 15 28 41 51 58 62 65 66 67 69 7325 614KE 3 81009999999999999999999991056  0999999999999999999999
 79 86 93 97 98 94 84 69 50 29 13  3  3 10 22 34 45 54 59 63 65 66 67 6925 615KE 344 989999999999999999999991131  2999999999999999999999
 74 80 86 91 94 93 88 77 62 43 25 11  6  9 18 30 41 50 57 62 64 65 65 6525 616KE 423 9499999999999999999999912 5  6999999999999999999999
 67 72 77 82 86 87 86 81 70 55 38 24 15 14 19 29 39 48 57 62 65 65 64 6225 617KE 513 872037 65999999999999991238 132348 6299999999999999
 62 63 67 70 74 77 79 78 73 64 51 38 28 23 25 31 40 49 57 64 68 68 65 6225 618KE 622 792031 68999999999999991311 23999999999999999999999
 58 56 56 57 59 62 66 70 70 67 60 51 42 37 35 38 44 52 60 68 72 73 70 6525 619KE 741 712040 7399999999999999 139 561347 3599999999999999
 59 53 48 45 44 46 50 56 61 64 63 59 54 50 48 48 51 57 64 72 78 80 77 7225 620KE 912 642058 8099999999999999 350 441427 4899999999999999
 64 55 46 38 33 30 33 38 46 53 58 61 61 61 60 59 59 62 68 76 83 87 86 8225 621KE12 4 612126 8799999999999999 5 0 301518 5999999999999999
 74 64 52 39 28 20 18 21 28 38 47 55 61 65 67 68 67 68 71 78 86 92 95 9325 622KE22 5 95999999999999999999999 555 18999999999999999999999
 86 77 64 49 33 19 10  8 12 21 31 43 53 62 68 72 73 72 73 78 85 93 9910125 623KE2257101999999999999999999999 649  8999999999999999999999
 99 92 81 66 48 29 12  3  1  6 15 27 40 53 63 70 74 74 74 76 82 90 9810425 624KE9999999999999999999999999999 744  0999999999999999999999
106104 97 84 67 46 25  8 -2 -3  2 13 26 40 54 64 70 73 73 73 76 83 9210125 625KE 0 2106999999999999999999999 841 -4999999999999999999999
108111109101 87 68 45 23  6 -4 -5  2 13 28 43 55 64 69 71 71 71 75 83 9225 626KE 110111999999999999999999999 935 -6999999999999999999999
102109113111102 87 67 44 21  4 -4 -3  5 18 32 46 57 64 68 69 68 69 73 8125 627KE 2121139999999999999999999991022 -5999999999999999999999
 91100108111109 99 84 63 40 19  5 -1  3 13 26 39 52 60 66 68 67 66 66 7025 628KE 3 71121917 689999999999999911 3 -12132 6599999999999999
 78 87 97104106103 93 77 57 36 18  8  6 13 23 36 48 58 65 68 68 66 63 6225 629KE 3591061931 68999999999999991138  62238 6299999999999999
 66 74 83 91 96 98 94 84 68 51 33 20 15 17 25 36 47 58 65 69 70 67 63 6025 630KE 449 981938 709999999999999912 9 152342 5999999999999999
 59 62 68 76 82 87 88 83 73 60 45 33 26 26 31 39 49 59 67 72 73 71 66 6125 7 1KE 539 881945 73999999999999991234 25999999999999999999999
 56 55 57 62 67 73 76 76 72 63 53 44 38 36 39 45 53 61 69 75 77 75 70 6325 7 2KE 630 771955 7799999999999999 051 551253 3699999999999999
 57 52 50 51 54 58 64 67 67 63 57 51 47 46 48 52 57 64 72 78 81 79 75 6825 7 3KE 726 672011 8199999999999999 213 501259 4699999999999999
 60 53 47 43 43 46 51 56 59 59 57 55 54 54 56 59 62 67 74 80 83 84 80 7325 7 4KE 834 602033 8499999999999999 336 431216 5499999999999999
 65 57 48 41 36 35 39 44 50 54 56 57 58 60 63 65 67 70 75 80 85 87 85 8025 7 5KE21 3 87999999999999999999999 438 35999999999999999999999
 73 63 53 42 34 29 29 33 40 46 51 55 59 63 67 70 71 73 76 80 85 89 89 8725 7 6KE2144 90999999999999999999999 529 28999999999999999999999
 81 73 62 49 37 27 22 23 29 37 44 51 58 64 69 72 74 74 76 79 84 89 92 9225 7 7KE2240 92999999999999999999999 617 22999999999999999999999
 89 83 73 60 45 31 21 17 19 26 34 44 53 61 67 72 74 75 76 78 82 87 91 9525 7 8KE2346 96999999999999999999999 7 6 17999999999999999999999
 96 93 85 73 57 40 25 15 12 15 23 34 45 55 64 70 73 74 75 76 79 84 89 9525 7 9KE9999999999999999999999999999 756 12999999999999999999999
 99100 96 87 72 54 35 19  9  8 13 22 34 47 58 66 70 72 73 74 76 80 85 9225 710KE 047100999999999999999999999 844  7999999999999999999999
 98102103 98 86 69 48 28 13  5  5 12 24 37 50 60 67 70 71 72 73 75 80 8725 711KE 139103999999999999999999999 927  4999999999999999999999
 94101105104 97 83 63 41 21  7  2  5 15 29 43 55 63 68 70 70 70 71 74 8025 712KE 22510599999999999999999999910 5  2999999999999999999999
 87 95101105102 93 77 56 34 16  5  3 10 22 36 50 60 66 69 69 68 67 68 7125 713KE 3101051828 69999999999999991039  32110 6799999999999999
 78 86 93 99101 98 87 69 49 28 13  7 10 20 33 47 58 66 70 70 67 64 62 6325 714KE 3551011827 709999999999999911 9  62217 6299999999999999
 67 74 82 89 94 95 90 79 62 43 26 16 14 21 33 46 58 67 72 72 69 64 59 5625 715KE 445 961831 73999999999999991137 142320 5699999999999999
 57 61 68 75 82 87 87 82 71 56 41 29 24 28 37 48 60 70 76 77 73 67 59 5325 716KE 538 881841 779999999999999912 4 24999999999999999999999
 49 50 53 59 66 73 78 78 73 64 53 43 37 37 43 53 63 73 80 82 79 72 64 5525 717KE 636 791856 8299999999999999 026 491229 3799999999999999
 47 42 42 44 49 56 63 68 69 66 61 55 50 49 52 59 68 77 84 88 87 81 71 6125 718KE 743 701917 8899999999999999 141 421247 4999999999999999
 51 42 36 34 35 40 47 54 59 62 61 60 60 60 61 66 72 80 87 93 94 90 82 7225 719KE 926 621944 9499999999999999 3 8 341232 5999999999999999
 60 49 39 31 26 27 31 38 45 51 56 59 63 66 68 71 75 81 88 95 99 98 93 8425 720KE2022 99999999999999999999999 427 26999999999999999999999
 74 62 49 37 26 20 19 23 30 37 45 52 59 66 71 74 77 80 86 93 99102101 9725 721KE2115103999999999999999999999 538 19999999999999999999999
 89 78 66 51 35 22 15 13 17 23 32 41 52 61 69 74 76 78 82 88 9510110510525 722KE2231105999999999999999999999 647 13999999999999999999999
101 95 84 69 52 34 19 10  8 12 19 29 41 53 63 71 74 75 77 80 87 9510210625 723KE9999999999999999999999999999 751  8999999999999999999999
108106100 88 72 52 32 16  6  5  9 18 31 44 57 66 71 73 73 73 77 84 9210025 724KE 0 3108999999999999999999999 845  4999999999999999999999
107111110103 90 71 50 28 12  4  4 11 22 36 50 61 68 71 71 69 69 72 79 8925 725KE 1211111720 7199999999999999 930  31937 6999999999999999
 98106111110102 87 68 45 25 10  4  7 17 30 45 58 67 71 71 68 65 64 67 7525 726KE 2221111730 719999999999999910 7  42049 6499999999999999
 85 95104108106 97 81 61 40 22 11  9 16 28 42 56 66 72 72 70 65 60 58 6225 727KE 3151081739 73999999999999991039  92152 5899999999999999
 70 80 90 99102 99 88 72 54 35 22 16 19 29 42 55 67 74 75 73 67 60 54 5325 728KE 4 31021748 769999999999999911 6 162247 5399999999999999
 57 65 75 85 92 94 89 78 63 48 34 26 26 34 45 57 68 76 79 77 71 63 55 4925 729KE 447 941759 79999999999999991129 252338 4899999999999999
 48 53 60 70 78 84 84 78 67 56 45 38 36 40 49 60 71 79 83 81 75 67 57 4925 730KE 530 841812 83999999999999991146 36999999999999999999999
 44 44 49 56 64 72 75 74 68 60 53 47 46 48 55 64 73 81 86 86 80 72 62 5225 731KE 613 751828 8699999999999999 029 441154 4699999999999999
 45 41 41 46 52 60 65 67 65 61 57 54 54 56 61 68 76 83 88 89 85 78 68 5825 8 1KE 658 671846 8999999999999999 123 401138 5499999999999999
 49 42 38 38 42 49 55 60 61 60 58 58 59 62 66 72 77 83 88 91 89 84 75 6625 8 2KE 754 611910 9199999999999999 223 381040 5899999999999999
 56 47 40 36 36 39 45 50 54 56 57 59 62 66 70 74 78 83 87 91 91 88 83 7525 8 3KE1943 91999999999999999999999 331 35999999999999999999999
 65 55 46 38 33 32 35 40 45 50 53 57 62 67 72 76 79 82 86 89 91 91 89 8425 8 4KE2032 92999999999999999999999 440 32999999999999999999999
 76 67 56 45 35 29 27 30 35 41 47 53 59 66 72 76 78 80 83 86 90 92 93 9125 8 5KE2150 93999999999999999999999 549 27999999999999999999999
 87 80 69 56 42 31 24 22 24 30 37 46 54 63 69 74 77 78 80 83 86 90 93 9525 8 6KE2326 96999999999999999999999 654 22999999999999999999999
 95 91 83 70 54 38 25 17 15 19 26 36 47 57 66 72 75 76 77 79 82 86 91 9625 8 7KE9999999999999999999999999999 748 15999999999999999999999
 99100 95 85 69 50 32 18 11 10 16 26 38 51 61 69 72 74 73 74 76 79 85 9225 8 8KE 037100999999999999999999999 832 10999999999999999999999
 98102103 97 84 65 44 25 12  6  9 18 31 45 57 66 71 72 71 69 69 71 76 8325 8 9KE 1341031650 7299999999999999 9 9  61939 6999999999999999
 91 99104103 95 80 59 37 19  8  7 13 25 40 54 64 71 72 70 66 63 62 65 7125 810KE 2251041647 7299999999999999 941  62045 6299999999999999
 80 90 98103101 91 73 52 32 17 10 13 23 37 52 64 72 74 71 65 59 54 53 5725 811KE 3151031651 74999999999999991011 102142 5399999999999999
 65 76 86 95 99 96 84 67 47 30 19 18 25 38 52 65 75 78 75 68 59 51 45 4525 812KE 4 4 9917 0 78999999999999991038 172235 4499999999999999
 50 59 70 81 90 93 88 76 61 45 33 27 31 42 55 68 78 83 81 74 63 52 42 3725 813KE 454 931713 839999999999999911 4 272327 3699999999999999
 37 43 53 64 75 82 84 79 69 58 47 40 40 48 59 72 82 88 88 82 71 58 46 3625 814KE 545 841730 89999999999999991127 39999999999999999999999
 31 31 37 47 57 67 73 74 71 64 57 52 51 55 65 75 85 93 95 90 80 68 54 4225 815KE 640 751750 9599999999999999 021 301144 5199999999999999
 32 27 28 33 41 50 59 64 65 64 62 60 60 63 69 78 87 95 99 97 90 79 66 5425 816KE 752 651815 9999999999999999 121 271137 6099999999999999
 41 32 27 26 30 36 43 50 54 57 59 62 64 68 72 79 87 95100101 98 90 79 6825 817KE1848101999999999999999999999 235 26999999999999999999999
 56 44 34 28 25 27 31 36 41 46 52 58 64 69 73 78 84 91 97101101 98 91 8225 818KE1936102999999999999999999999 4 6 25999999999999999999999
 72 61 49 37 28 23 23 25 29 35 42 50 59 66 72 76 80 85 90 96 99100 98 9425 819KE2051100999999999999999999999 543 22999999999999999999999
 87 78 66 52 39 27 20 18 20 24 32 42 52 62 69 74 76 78 81 86 92 96 9910025 820KE2250100999999999999999999999 7 4 18999999999999999999999
 98 93 84 70 54 38 25 16 14 16 23 34 46 57 66 71 73 73 73 75 80 86 93 9825 821KE9999999999999999999999999999 758 14999999999999999999999
102102 97 87 71 53 35 21 13 12 17 27 40 53 64 70 72 70 67 66 68 73 81 9025 822KE 0301021559 7299999999999999 838 1119 2 6699999999999999
 98103103 98 86 69 49 30 17 12 14 23 36 50 62 70 73 71 66 61 58 60 66 7625 823KE 13710416 2 7399999999999999 910 1220 9 5899999999999999
 86 96102102 95 81 63 44 27 17 16 22 34 48 62 72 75 74 68 60 53 50 52 6025 824KE 23110316 9 7699999999999999 938 1521 5 5099999999999999
 71 83 93 99 97 88 74 57 39 26 21 25 35 48 62 73 79 78 72 63 53 45 42 4625 825KE 319 991620 799999999999999910 4 212153 4299999999999999
 56 68 80 89 93 90 80 66 51 38 30 30 38 50 63 75 82 82 77 67 55 45 37 3625 826KE 4 2 931633 83999999999999991028 292237 3699999999999999
 42 53 65 77 85 86 81 71 60 49 41 39 44 53 65 77 85 87 82 72 60 48 37 3225 827KE 442 861648 87999999999999991047 382317 3299999999999999
 33 41 52 64 74 79 78 72 64 56 50 47 50 58 68 78 86 90 87 78 66 53 41 3225 828KE 519 7917 3 909999999999999911 0 472356 3099999999999999
 30 33 42 52 63 70 73 70 65 60 56 55 57 62 71 80 87 92 90 83 72 60 47 3725 829KE 555 731719 92999999999999991058 55999999999999999999999
 31 30 35 43 53 61 66 66 63 60 59 59 62 66 73 81 87 92 92 88 79 68 56 4525 830KE 633 661737 9399999999999999 037 291020 5999999999999999
 36 31 32 36 44 52 57 60 60 59 59 61 65 69 75 81 87 91 92 90 84 76 65 5525 831KE 722 601758 9299999999999999 125 31 922 5999999999999999
 45 37 33 33 37 42 48 52 54 55 57 61 65 70 76 81 85 89 91 91 88 82 75 6625 9 1KE1826 91999999999999999999999 227 33999999999999999999999
 56 47 39 34 33 35 38 42 46 49 53 58 64 70 75 80 83 86 88 89 89 87 82 7725 9 2KE1910 89999999999999999999999 352 33999999999999999999999
 69 59 49 39 33 29 29 32 36 41 47 54 61 68 74 78 81 83 85 86 87 88 87 8525 9 3KE21 4 88999999999999999999999 529 29999999999999999999999
 80 72 61 49 38 29 24 23 26 31 39 48 57 65 71 75 78 79 80 81 83 86 88 9025 9 4KE2314 90999999999999999999999 643 23999999999999999999999
 89 84 75 62 47 33 23 17 17 22 30 41 52 62 69 73 74 74 73 74 76 80 84 9025 9 5KE16 8 74999999999999999999999 731 171810 7399999999999999
 93 93 88 77 61 44 28 17 13 15 23 35 47 59 67 71 72 70 67 65 65 69 75 8325 9 6KE 031 941535 7299999999999999 8 7 131917 6599999999999999
 91 96 96 89 76 58 39 23 14 13 20 31 44 57 67 72 72 68 62 56 54 55 61 7125 9 7KE 132 961526 7399999999999999 838 1320 8 5499999999999999
 81 91 97 96 88 73 54 36 22 17 20 30 43 57 69 75 75 69 60 51 44 42 45 5425 9 8KE 227 971528 7699999999999999 9 7 162056 4299999999999999
 65 78 90 96 94 85 69 51 35 25 25 32 45 59 72 79 80 75 64 51 40 32 30 3625 9 9KE 320 961538 8199999999999999 935 242142 3099999999999999
 47 61 75 87 92 90 80 65 50 38 34 38 48 62 75 84 88 83 72 57 42 29 21 2125 910KE 410 921554 889999999999999910 1 342229 2099999999999999
 29 41 56 71 82 86 83 74 63 52 45 46 54 66 78 89 94 92 82 67 50 34 21 1525 911KE 5 1 861613 94999999999999991026 442317 1599999999999999
 17 25 38 53 66 75 78 75 69 61 56 54 59 69 81 92 98 99 92 79 63 46 30 1825 912KE 553 781635100999999999999991045 54999999999999999999999
 13 16 25 37 49 60 66 68 67 65 62 61 64 72 82 92100103100 90 76 60 45 3025 913KE 658 6817 010399999999999999 0 7 131051 6199999999999999
 20 16 19 26 35 45 52 57 59 61 63 64 67 72 81 90 98103103 97 87 74 61 4725 914KE1730104999999999999999999999 1 3 16999999999999999999999
 34 25 22 23 27 33 39 44 48 53 58 63 67 72 78 86 93 99101100 94 86 76 6425 915KE18 8101999999999999999999999 213 21999999999999999999999
 52 41 32 27 25 27 29 33 38 43 50 58 65 70 75 80 85 91 94 96 95 92 86 7925 916KE19 7 96999999999999999999999 357 25999999999999999999999
 69 58 47 37 30 26 24 26 29 35 43 52 61 68 72 75 77 81 84 87 90 91 90 8825 917KE2112 91999999999999999999999 6 3 24999999999999999999999
 82 74 64 51 40 30 24 22 23 29 38 48 58 66 71 72 72 71 72 75 79 83 87 9025 918KE2326 90999999999999999999999 7 4 22999999999999999999999
 90 86 78 66 53 39 28 22 21 25 34 45 56 65 71 72 69 65 62 62 65 71 78 8525 919KE1446 72999999999999999999999 740 201834 6299999999999999
 90 91 88 79 66 51 36 26 21 24 31 43 55 66 72 74 70 63 56 51 51 56 64 7425 920KE 047 911445 7499999999999999 8 9 211932 5199999999999999
 83 90 91 87 77 63 48 34 26 25 31 42 55 67 75 77 73 65 55 45 40 42 49 5925 921KE 148 911450 7799999999999999 835 242018 4099999999999999
 71 82 89 90 84 73 59 45 34 30 33 43 55 68 78 81 78 69 57 44 35 31 34 4425 922KE 238 9015 1 8199999999999999 9 1 3021 0 3199999999999999
 57 70 81 87 86 79 69 56 44 37 38 45 57 69 80 85 83 75 62 47 34 25 24 3125 923KE 323 881515 8599999999999999 925 372139 2399999999999999
 42 57 70 80 84 81 74 64 54 46 45 49 59 71 81 88 88 81 68 53 38 25 19 2125 924KE 4 3 841531 8999999999999999 947 442215 1999999999999999
 30 44 58 71 78 79 75 68 61 55 52 54 62 72 82 90 92 87 75 60 44 30 20 1725 925KE 439 801549 929999999999999910 5 522251 1799999999999999
 22 33 47 61 71 75 73 69 64 60 58 59 65 73 83 90 94 91 82 68 53 38 25 1825 926KE 512 7516 7 94999999999999991013 582326 1799999999999999
 19 26 38 51 62 68 69 67 64 62 61 63 67 74 82 90 94 93 87 76 62 47 34 2425 927KE 544 701625 9499999999999999 957 61999999999999999999999
 20 23 32 43 53 60 64 63 62 62 62 65 69 75 82 88 93 94 90 82 70 57 44 3325 928KE 620 641642 9499999999999999 0 3 20 848 6299999999999999
 26 24 28 36 44 52 56 58 58 59 61 65 70 75 81 87 91 92 91 85 77 67 56 4425 929KE1658 92999999999999999999999 047 24999999999999999999999
 35 29 28 31 37 43 47 50 52 55 59 64 69 75 80 85 89 90 89 86 81 75 66 5625 930KE1712 90999999999999999999999 141 28999999999999999999999
 46 37 32 30 31 34 38 41 45 49 55 61 67 73 78 82 85 86 86 85 83 79 75 672510 1KE1723 87999999999999999999999 259 30999999999999999999999
 58 48 39 33 29 28 30 33 37 43 50 58 65 71 75 79 80 81 81 81 81 81 79 762510 2KE1848 81999999999999999999999 451 28999999999999999999999
 70 61 51 41 32 27 24 26 30 37 46 55 63 69 73 74 74 74 73 73 74 77 80 812510 3KE1531 7523 1 8199999999999999 6 9 241830 7399999999999999
 79 74 64 53 41 30 24 22 25 32 42 52 61 68 71 71 69 65 62 61 63 67 74 802510 4KE1428 71999999999999999999999 651 221853 6199999999999999
 83 83 77 67 54 40 29 23 24 30 40 52 62 69 72 71 65 58 52 48 48 53 61 712510 5KE 025 8414 8 7299999999999999 725 231926 4799999999999999
 80 86 86 80 69 54 40 30 27 31 41 53 64 73 76 74 66 56 45 36 32 35 43 552510 6KE 134 8714 6 7699999999999999 755 2720 5 3299999999999999
 68 80 87 88 81 69 55 42 35 36 43 55 67 77 83 81 72 59 44 30 20 18 24 362510 7KE 234 881416 8399999999999999 825 342046 1899999999999999
 51 66 80 87 87 80 69 56 46 43 48 59 71 82 89 90 82 69 51 33 17  8  8 162510 8KE 328 881434 9199999999999999 853 432131  799999999999999
 30 48 65 78 85 84 77 68 58 53 54 62 74 86 95 98 94 81 63 43 24  9  1  32510 9KE 421 851457 9899999999999999 919 522217  199999999999999
 13 28 46 62 74 79 78 73 67 61 60 65 76 88 98104103 94 78 59 39 20  5  0251010KE 516 79152410499999999999999 943 6023 5  099999999999999
  3 14 29 45 58 67 71 71 69 66 65 67 75 86 97105108103 91 75 56 37 19  7251011KE 627 71155410899999999999999 958 652355  399999999999999
  3  8 18 30 43 53 59 62 64 66 66 68 73 83 93102107107100 88 73 56 39 23251012KE16261089999999999999999999999999999999999999999999999999
 13 11 15 22 31 40 47 52 56 61 64 67 71 78 86 95101104101 95 84 72 57 43251013KE17 3104999999999999999999999 050 11999999999999999999999
 30 21 19 21 26 31 37 42 48 54 60 65 69 73 79 86 92 95 96 94 89 81 72 60251014KE1749 96999999999999999999999 155 19999999999999999999999
 48 37 30 26 26 28 31 35 41 48 55 62 67 70 73 77 81 84 86 87 87 84 79 72251015KE1914 87999999999999999999999 336 26999999999999999999999
 63 53 43 36 31 29 28 31 37 44 53 61 66 70 71 71 71 71 73 75 78 80 80 78251016KE2143 80999999999999999999999 534 28999999999999999999999
 73 66 57 48 40 33 30 30 35 42 52 61 67 71 71 68 64 60 59 60 64 69 74 78251017KE1330 712335 7899999999999999 625 3018 1 5999999999999999
 78 75 69 60 51 41 34 32 35 42 52 62 70 74 73 69 62 54 48 46 49 56 64 71251018KE1327 74999999999999999999999 657 321851 4699999999999999
 76 78 76 71 62 51 42 37 37 43 53 63 72 77 78 72 63 52 41 35 35 40 50 60251019KE 1 1 781331 7899999999999999 725 361931 3499999999999999
 70 77 79 77 71 62 52 44 41 45 54 65 75 81 82 77 67 54 39 28 23 26 35 47251020KE 2 5 791342 8399999999999999 751 4120 7 2399999999999999
 60 71 78 80 77 70 61 52 48 49 56 66 76 84 87 83 73 59 42 27 18 16 22 34251021KE 254 801358 8799999999999999 817 472042 1599999999999999
 48 62 73 79 79 76 69 61 55 54 58 67 77 86 91 89 81 66 49 32 18 11 12 22251022KE 336 801417 9199999999999999 842 532117 1099999999999999
 36 51 65 75 78 77 73 67 61 59 61 68 77 86 93 94 88 75 58 39 23 11  8 13251023KE 412 781439 9499999999999999 9 4 592152  899999999999999
 25 40 56 68 74 76 73 70 66 63 64 69 77 86 93 96 93 83 67 50 32 17  9  9251024KE 445 7615 3 9699999999999999 920 632228  899999999999999
 18 31 46 59 68 72 71 69 67 66 66 70 77 85 92 97 96 89 77 61 43 27 15 10251025KE 518 721526 9799999999999999 922 6623 5 1099999999999999
 14 24 37 50 60 66 67 66 66 66 67 70 76 83 90 95 97 93 84 70 55 39 24 15251026KE 6 0 671548 9799999999999999 812 662342 1399999999999999
 14 19 30 42 52 58 61 62 63 65 67 70 75 82 88 93 95 94 88 78 65 50 36 24251027KE16 5 959999999999999999999999999999999999999999999999999
 18 18 25 34 43 50 54 57 59 62 66 70 74 80 86 91 93 92 89 82 73 61 48 35251028KE1617 93999999999999999999999 023 17999999999999999999999
 25 21 23 29 36 42 47 51 55 59 63 68 73 78 83 87 89 89 87 83 77 69 58 46251029KE1623 89999999999999999999999 1 9 21999999999999999999999
 35 28 25 27 31 35 40 45 50 56 61 66 71 75 79 82 83 83 82 80 78 73 67 58251030KE1619 83999999999999999999999 2 5 25999999999999999999999
 47 38 32 29 29 31 35 40 46 53 60 65 69 72 74 75 75 74 73 73 74 74 72 67251031KE1529 75999999999999999999999 325 28999999999999999999999
 60 51 43 36 32 31 33 37 44 52 59 65 69 70 70 68 65 63 61 61 64 68 71 722511 1KE1316 702245 7299999999999999 453 311819 6199999999999999
 69 64 56 48 40 35 34 37 44 52 61 68 71 72 69 64 57 50 46 46 49 56 64 702511 2KE1236 72999999999999999999999 549 341838 4599999999999999
 74 74 69 62 53 45 40 40 46 54 64 72 76 76 72 64 53 42 33 29 31 38 49 602511 3KE 027 741231 7799999999999999 629 401910 2999999999999999
 70 77 78 75 67 58 50 47 50 58 68 77 83 84 80 70 56 40 26 16 14 19 30 442511 4KE 148 781244 8599999999999999 7 3 471948 1399999999999999
 59 71 79 81 78 71 62 56 56 62 71 82 90 93 91 81 66 48 28 12  3  2 10 242511 5KE 252 8113 8 9399999999999999 734 552032  199999999999999
 41 58 71 80 82 79 72 66 62 65 74 84 94101101 95 81 62 40 19  3 -6 -4  62511 6KE 350 82133810299999999999999 8 4 622119 -699999999999999
 21 39 57 70 77 79 77 72 68 68 74 84 95104109107 97 80 58 36 14 -2 -9 -52511 7KE 450 79141410999999999999999 830 6722 8 -999999999999999
  6 22 39 55 66 72 74 73 71 70 73 81 92103110113108 96 78 56 34 13 -2 -62511 8KE 6 5 74145211399999999999999 852 702258 -699999999999999
 -2 10 24 40 53 61 66 69 70 70 71 76 86 97106112113106 93 75 55 34 15  32511 9KE15331139999999999999999999992348  0999999999999999999999
  0  5 16 28 40 50 57 62 65 67 69 72 78 88 98105109108101 88 73 54 35 19251110KE16151099999999999999999999999999999999999999999999999999
 10  9 14 22 31 40 48 54 60 64 67 69 72 78 87 94100101 99 93 83 69 54 38251111KE17 1101999999999999999999999 038  8999999999999999999999
 25 19 19 23 28 35 42 49 55 61 65 67 69 72 76 82 86 89 91 89 85 77 66 53251112KE18 2 91999999999999999999999 130 18999999999999999999999
 41 32 28 28 30 34 40 46 54 60 65 68 69 69 69 70 73 75 77 79 79 77 71 63251113KE1938 79999999999999999999999 231 28999999999999999999999
 55 46 40 37 36 37 40 46 54 61 67 70 71 69 66 63 61 60 62 64 68 70 70 67251114KE1146 712125 7099999999999999 356 361652 6099999999999999
 63 58 52 47 44 42 43 48 55 63 69 73 74 72 67 60 53 49 47 49 54 59 64 66251115KE1147 742336 6699999999999999 5 6 421756 4799999999999999
 66 65 62 58 53 49 48 51 57 65 72 77 79 77 71 61 51 41 35 35 39 46 54 61251116KE1154 79999999999999999999999 551 481835 3499999999999999
 66 68 69 67 63 58 54 55 59 67 75 81 84 82 76 66 52 39 28 23 26 33 43 53251117KE 145 6912 8 8499999999999999 626 541910 2399999999999999
 62 68 72 73 71 66 61 59 62 68 76 83 88 88 82 72 58 42 27 17 15 20 31 43251118KE 247 731230 8899999999999999 658 591944 1599999999999999
 55 65 72 75 75 72 68 64 64 69 76 84 90 93 89 80 66 48 31 17  9 11 19 32251119KE 329 761258 9399999999999999 728 642020  999999999999999
 46 59 69 75 77 76 72 69 67 70 76 84 91 96 95 89 76 59 39 22 10  5 10 21251120KE 4 5 771329 9699999999999999 754 672057  599999999999999
 35 50 63 71 75 76 74 71 70 70 75 82 90 96 99 96 86 70 51 32 15  6  5 12251121KE 440 7614 1 9999999999999999 815 692135  499999999999999
 25 40 54 65 71 74 73 72 71 71 74 80 88 95100100 94 82 64 45 26 11  5  7251122KE 520 74143410199999999999999 827 712214  499999999999999
 17 31 45 57 65 69 71 71 71 71 73 78 85 93 99101 99 90 76 58 39 21  9  6251123KE15 41019999999999999999999992252  6999999999999999999999
 11 22 36 49 58 64 66 68 69 70 72 76 83 90 96100100 95 84 69 51 33 18  9251124KE15311009999999999999999999992329  8999999999999999999999
  9 17 28 40 51 58 62 65 67 69 71 75 80 86 92 96 98 95 88 77 62 45 28 16251125KE1553 989999999999999999999999999999999999999999999999999
 11 14 23 34 44 52 57 61 64 67 70 73 77 82 87 91 93 92 88 81 70 56 40 26251126KE1611 93999999999999999999999 0 5 11999999999999999999999
 17 16 21 29 38 46 53 59 63 66 68 70 73 77 81 84 86 86 85 81 74 64 51 38251127KE1630 86999999999999999999999 041 16999999999999999999999
 27 22 23 28 35 43 50 57 62 66 68 69 70 71 73 75 76 77 77 76 74 69 60 50251128KE18 2 77999999999999999999999 119 22999999999999999999999
 40 33 30 32 36 42 49 56 63 67 69 69 68 67 66 65 64 64 64 66 68 68 65 60251129KE1032 692032 6999999999999999 2 4 301653 6499999999999999
 52 46 41 40 41 45 50 58 65 70 73 72 70 65 61 56 51 49 49 52 57 62 65 65251130KE1017 732232 6599999999999999 3 4 401729 4899999999999999
 63 59 55 51 49 50 54 61 68 75 79 78 75 69 60 51 42 35 32 34 40 49 57 632512 1KE1027 79999999999999999999999 416 4918 6 3299999999999999
 67 68 67 64 60 58 59 64 72 80 85 87 84 77 67 54 40 27 19 17 21 31 42 532512 2KE 1 0 681050 8799999999999999 513 581847 1799999999999999
 63 70 73 74 71 67 66 68 75 84 91 95 95 89 79 64 47 29 14  5  5 12 23 372512 3KE 232 741125 9599999999999999 556 661932  499999999999999
 51 64 72 77 77 75 72 72 77 85 94101104102 94 80 62 41 20  4 -4 -3  6 192512 4KE 336 7812 810499999999999999 632 712022 -499999999999999
 35 51 64 73 77 78 76 74 76 83 92102108111108 98 81 60 37 15 -1 -9 -6  32512 5KE 435 78125811199999999999999 7 3 742115 -999999999999999
 18 34 50 63 71 75 76 75 75 79 87 97107114116111 99 81 59 35 12 -3-10 -62512 6KE 542 76135111699999999999999 730 7422 6-1099999999999999
  5 19 36 50 62 68 72 73 73 74 79 89100110116117112 99 80 57 33 12 -2 -72512 7KE14421189999999999999999999992254 -7999999999999999999999
 -2 10 24 39 51 60 66 69 70 70 72 79 89 99109114114108 95 76 55 32 13  12512 8KE15331159999999999999999999992338  0999999999999999999999
  0  7 18 30 43 53 61 66 68 68 68 70 77 86 96103108107100 88 71 51 31 162512 9KE16231089999999999999999999999999999999999999999999999999
  9 10 17 27 38 49 57 63 67 68 67 66 68 74 81 89 94 97 96 90 79 64 47 32251210KE 858 681717 9899999999999999 018  81057 6699999999999999
 22 19 22 29 38 47 56 63 68 69 68 66 64 65 69 73 78 83 85 84 79 69 57 45251211KE 9 9 691817 8599999999999999 053 191216 6499999999999999
 36 31 31 35 41 49 57 65 70 72 71 69 65 61 60 61 63 66 70 73 72 68 62 54251212KE 916 721925 7399999999999999 125 3014 4 6099999999999999
 47 43 41 43 47 53 60 67 73 76 76 73 68 62 56 52 51 51 54 59 62 63 61 58251213KE 924 762045 6399999999999999 154 411612 5199999999999999
 55 53 52 52 54 57 63 69 76 80 80 78 73 66 57 49 43 40 40 44 50 54 57 58251214KE 940 81999999999999999999999 218 521717 3999999999999999
 59 60 61 61 61 63 66 71 78 83 85 83 78 71 61 50 40 32 29 32 37 44 50 55251215KE10 3 8599999999999999999999918 1 29999999999999999999999
 59 63 66 68 68 68 69 73 79 84 88 88 85 78 68 56 42 30 22 21 26 34 42 50251216KE1035 899999999999999999999991840 21999999999999999999999
 58 64 69 72 73 72 72 74 78 84 89 92 91 86 77 64 49 33 21 15 16 23 32 43251217KE 349 731117 9299999999999999 545 721920 1599999999999999
 53 62 69 74 76 75 74 74 77 83 89 93 96 94 87 76 60 42 25 14 10 13 22 33251218KE 416 7612 6 9699999999999999 624 7420 2 1099999999999999
 45 56 66 72 75 76 75 75 76 80 87 93 97 99 96 87 73 54 35 19  9  6 12 22251219KE 447 761255 9999999999999999 652 752045  699999999999999
 35 49 60 68 73 75 75 74 75 78 83 90 96101102 97 86 69 48 29 13  5  5 13251220KE13411029999999999999999999992127  4999999999999999999999
 25 39 52 62 69 72 73 73 74 75 80 86 93100104103 96 82 63 41 22  8  2  6251221KE142210499999999999999999999922 6  2999999999999999999999
 16 29 43 55 64 69 71 72 72 73 76 82 89 96102104101 91 75 55 34 16  4  3251222KE14591049999999999999999999992242  2999999999999999999999
  9 21 35 48 58 65 68 70 71 71 73 77 84 91 97101101 96 84 67 46 26 11  4251223KE15341029999999999999999999992314  4999999999999999999999
  6 16 29 42 53 62 67 69 69 69 70 73 78 84 90 95 97 96 89 75 58 38 21 10251224KE16 9 979999999999999999999992343  8999999999999999999999
  8 14 25 38 50 59 65 69 69 68 68 68 71 76 81 86 89 91 88 80 66 50 33 20251225KE 750 691652 91999999999999991018 67999999999999999999999
 14 17 25 36 48 58 66 70 70 69 66 64 64 67 71 75 78 81 82 79 71 59 45 33251226KE 745 701748 8299999999999999 011 141133 6499999999999999
 25 24 29 38 48 58 67 72 73 71 67 63 60 58 59 62 65 68 71 73 71 64 55 45251227KE 750 731859 7399999999999999 039 2313 0 5899999999999999
 38 35 37 43 51 60 69 75 78 76 71 65 58 53 50 49 50 52 57 61 64 64 60 55251228KE 8 3 782022 6499999999999999 1 6 3515 3 4999999999999999
 50 48 48 51 57 64 72 79 83 82 78 70 62 54 46 40 37 37 40 46 52 57 59 59251229KE 822 832250 5999999999999999 131 471631 3699999999999999
 59 59 59 60 63 68 75 83 88 90 87 80 71 60 49 38 29 24 24 28 36 44 51 56251230KE 850 90999999999999999999999 120 591732 2399999999999999
 61 65 68 69 71 74 79 86 93 96 96 91 83 72 59 45 30 19 13 13 18 26 36 46251231KE 924 979999999999999999999991829 12999999999999999999999
