233139 59 11  7 4812321330137040639935328420814611612918125432738139836925 1 1KU1020408215339899999999999999 335  3161211599999999999999
297202107 34 -1 11 6915424933439341238632625017512310913920328035039439625 1 2KU1055412223340199999999999999 415 -3164910899999999999999
350268170 81 19  0 3110119328536140540536329221414710911215622630236439425 1 3KU1130410231339599999999999999 453  0172610599999999999999
381323236143 65 19 19 6414223431838040438532925518212610412217524531536525 1 4KU12 3404235538399999999999999 531 1318 410499999999999999
382357294210127 65 36 5110618527034138539035629422215711510613218725331425 1 5KU1238393999999999999999999999 610 36184510499999999999999
355362332272198129 82 68 9214822129435037736832726519914311010813718824825 1 6KU 042364131637899999999999999 652 68193410599999999999999
30133634131426420314911410713218124330334536134630424718813810910613117525 1 7KU 13934214 136199999999999999 742106203610499999999999999
230280314325309272225180151144161200249297332344331295243187138105 9611325 1 8KU 253325145934499999999999999 8471432151 9699999999999999
152204257298319317293256216185170176202242284317333327297249192138 97 7925 1 9KU 424321161433499999999999999101316923 9 7999999999999999
 89125179238290324335322289247209182176193227269308332334309260198135 8425 110KU 5563351734336999999999999991146176999999999999999999999
 58 63 9915822629033835935031726922018116517621125930734034832427120012825 111KU 712359184634999999999999999 021 5613 616599999999999999
 68 36 39 7914622529935638237333427621716914715920025831435436433727619725 112KU 814383194736599999999999999 124 3314 914799999999999999
116 50 16 23 7014623431637640038533626920114912914820026633037237834327225 113KU 9 6401204038199999999999999 220 1415 012999999999999999
184 98 32  3 19 7716125533939541138332224717512611614921228535038738333525 114KU 951411212539199999999999999 3 9  2154411599999999999999
254161 76 17 -1 3010019228736540940736329121214410811516323631137039537525 115KU102841422 439599999999999999 352 -1162010599999999999999
312224131 53  9 12 6014223632538841038632624717111710112919126733838338925 116KU1059410223839299999999999999 427  4165210199999999999999
350275184 99 38 17 4310919628636039939434827619813510211015722629935738225 117KU112440323 838399999999999999 457 17171810099999999999999
366310229145 76 39 44 9216825433138139236029822215511110313219026032236125 118KU1145393233636899999999999999 523 36174310199999999999999
365330265188117 71 60 8915022730335938236531524617712610511816122128232925 119KU12 5382999999999999999999999 546 5918 810499999999999999
349335291227162111 87 9814120427433136436232726920514911611313818423928825 120KU 0 6349122736899999999999999 612 87183711199999999999999
31932530325920515712612014318824429833734933229023518114012112715419624125 121KU 042326125535099999999999999 642119191512099999999999999
27829929927824420517315615918121926330132432530326521817414313013615919225 122KU 129302133332899999999999999 722154201113099999999999999
22825927828127024822320118919020523126128830430428725621718015013413314925 123KU 242281142930699999999999999 826188213113299999999999999
17620924026427727826825023021420620922424727128929528626222718815212711825 124KU 4332791556295999999999999991013206225811899999999999999
12815419022926428829929427725222520519920723025828530130027823919114410925 125KU 6112991726303999999999999991156198999999999999999999999
 9410213217722827531032732129726022119017818721725729632132229624718612725 126KU 715327183432599999999999999 0 9 9413 417899999999999999
 83 64 7611617423829733935534330625620416615317121326731734734731224817225 127KU 8 4355192935299999999999999 1 6 64135615399999999999999
101 52 35 5510818125832636938035630423917813713116121928734537636831924025 128KU 848381201937899999999999999 157 35144112999999999999999
151 72 20 10 4411320028735939939835628821114510811416223531337540238231625 129KU 92840421 640299999999999999 244  8152210599999999999999
222123 41 -6 -4 47132231323392421402342259175110 8510917425934240241838225 130KU10 6421214941999999999999999 328-1116 1 8499999999999999
300195 92 14-20  0 69167272362420429388310218133 79 7211619628836941942025 131KU1040432223142799999999999999 4 8-201638 6899999999999999
366272163 65  0-15 27111215317396433417353264170 95 59 7413622431538842225 2 1KU1112434231042399999999999999 446-161713 5899999999999999
404336237134 50  6 14 74166268357414424383305212127 69 55 9016225133439225 2 2KU1141427234940999999999999999 521  21747 5499999999999999
408374299205117 54 34 63133224313381411394335252166 97 60 6611318726833725 2 3KU12 9412999999999999999999999 555 341822 5799999999999999
379379337266187119 80 80121190269338382387352287209137 86 68 8513420126925 2 4KU 031384123839099999999999999 630 7419 1 6899999999999999
324352344306248188142121133173232293340362352312252187131 94 8410214419825 2 5KU 118353131236299999999999999 7 91211951 8499999999999999
25429731931528925020917916817820824929032033131928624018914411210010913725 2 6KU 221321135833199999999999999 8 216821 510099999999999999
17922526529130029127024422120720621824126829030229928125020916713010710125 2 7KU 359300152030399999999999999 935204224610199999999999999
11714919323827630231130328225522921020521523626228529929727623818914010225 2 8KU 6 03111723300999999999999991151205999999999999999999999
 82 8711816622327731934033731227223019517718120724628631632530726320213825 2 9KU 721342185132599999999999999 018 81131817699999999999999
 85 56 58 9415422529434637136232527021216514315319224730334435633127520025 210KU 815372195135699999999999999 125 53141114299999999999999
123 61 30 39 8616024432237639437331924918013011413919526533137437934126925 211KU 857394203838299999999999999 218 28145311499999999999999
181 97 36 12 36 99186278356402404363293212141 9910014421629536239738733125 212KU 932409211739999999999999999 3 0 121528 9499999999999999
245150 67 16 11 54134229321389415393331248165103 8010516825133138940737525 213KU10 2415215140799999999999999 336  71559 8099999999999999
301206112 41 11 31 96187284365411408360281193118 76 8012820729236540439725 214KU1027416222240899999999999999 4 6 101626 7299999999999999
343256160 78 28 27 74156251338397412378307220138 82 68 9916725133038640025 215KU1048413224940199999999999999 432 211649 6799999999999999
368296205119 58 38 66134223312379408389328244160 95 66 8113521229235638825 216KU11 7408231538999999999999999 455 371710 6599999999999999
377324245162 95 61 70122200285356395391344267184114 73 7311117725231936225 217KU1125399234137299999999999999 517 591731 6899999999999999
370338276203137 94 88121183259328374383352288211139 91 76 9714821427832625 218KU1144385999999999999999999999 540 861754 7699999999999999
348337296238180136118132175235297344364349303238171119 92 9612817923528325 219KU 01034912 636499999999999999 6 41181822 9099999999999999
31432130126321918015715617921926630833433430826220615612211012115219323625 220KU 044322123133899999999999999 63215319 011099999999999999
27129029127525022220019019521424227229730830127724020016313913013715818825 221KU 13329313 830899999999999999 71119020 213099999999999999
22024726527126725724323122322222824125727228027926624321418415914213714525 222KU 3 6271142128199999999999999 839221215213799999999999999
16519322224826827928127426124523022022023024626327627826724220817113811925 223KU 5422811642279999999999999991131219233711599999999999999
11713316420524628230731530628225021719418820022826229330830327322517012025 224KU 6583151815309999999999999991251188999999999999999999999
 87 8010014320026031134335033028823718915715317722427832434834029823115725 225KU 745351191634999999999999999 047 79134015199999999999999
 91 50 43 7413521128734838237934027920915011712216623330536238837131222625 226KU 82538520 738899999999999999 141 41142211499999999999999
135 58 15 16 64144237324388414394334253170105 8010316725333740042138931125 227KU 9 4414205542199999999999999 228 1015 2 8099999999999999
209107 28-10  7 74171275365424433389308212123 63 53 9818228137143143939025 228KU 940436213944399999999999999 312-111541 5099999999999999
296184 80  6-16 22106214320405445429362264161 76 31 4411020831240044843825 3 1KU1014447222145299999999999999 352-161617 2999999999999999
372268156 59  2  2 61157266365431445401314208109 39 18 5513724034141744625 3 2KU104444723 044699999999999999 430 -61651 1799999999999999
417338234131 53 21 45119218318397435418351254152 68 21 26 8217127135941525 3 3KU1112436233942699999999999999 5 4 201724 1799999999999999
423379298204120 67 61105184275355407413371291197110 48 28 5311820329035925 3 4KU1138417999999999999999999999 537 581757 2799999999999999
394384335262187128102117168240312367390371316238158 92 55 53 8815022229025 3 5KU 01839612 439099999999999999 6 91021832 4999999999999999
339357341298242191156149172218273322351353324271207148103 82 8711816622125 3 6KU 1 1357123335699999999999999 6441481917 8099999999999999
27030531730627924521519719621324227530331631028624920616513311611513216225 3 7KU 2 1317131331799999999999999 733194203211399999999999999
20023826828629128426825023622722823725126627627927225623120117014312712525 3 8KU 351291144827999999999999999 927226223712499999999999999
13916720424227529830730228526123621620721122624726928328527023919715412025 3 9KU 6 73071737286999999999999991212207999999999999999999999
10210813618223428532334033330526422018416617219923928231432430726520614625 310KU 713340185432599999999999999 016102131616599999999999999
 97 73 8111918024931235637035130524518514212714619325431235236033127119525 311KU 755370194336199999999999999 116 72135612799999999999999
122 68 48 6812420028134838738634728220714210210314220928535038638133325625 312KU 829392202339099999999999999 2 0 481430 9799999999999999
169 92 43 38 77151239323384406382321240159 98 75 9916024232438540738131425 313KU 858406205840899999999999999 237 3415 0 7599999999999999
224133 62 30 48110197289367409405355275186110 65 6711619628536341041036125 314KU 925414213041799999999999999 3 9 301528 6099999999999999
278182 97 44 37 81161255342401416381307216130 69 50 8115124132939441939325 315KU 94841722 041999999999999999 338 341552 5099999999999999
324232141 72 43 66132222314385417399336246154 81 45 5711419828836440940725 316KU10 9418222741499999999999999 4 4 431615 4399999999999999
357277186109 64 65114194284362408407358274181101 51 45 8615924632738540325 317KU1029414225440399999999999999 428 581637 4299999999999999
375311229150 95 79108173256334389403371299210126 67 46 6912920828735138425 318KU1049404232038699999999999999 452 781658 4699999999999999
377332263191133104115162232305362388372317238156 92 59 6610917524831235425 319KU11 8389234636499999999999999 5151031720 5799999999999999
363338287226172138133162215277331363363326261188124 83 74 9915021227131625 320KU1129368999999999999999999999 5381311745 7399999999999999
337330299254209175161173207253299332342324279221163118 9710313217822827125 321KU 016338115234299999999999999 6 31611818 9699999999999999
30131029927324121319619420923626829631231028825020616513512212915118422125 322KU 056310122431499999999999999 636193191012299999999999999
25327528428026725123522522322824125727328228227024821918916314614114916825 323KU 210284132828499999999999999 748222205414199999999999999
19522525127128228427826625023622522222724025627027627125322419015713412625 324KU 44528416 5276999999999999991053221225912699999999999999
13516119823927630431731329326222819918418820924327830431229725920715411225 325KU 6163181752312999999999999991219183999999999999999999999
 91 9713018324329934035734530825620115813814918924630334535933828521213925 326KU 7 6357185635999999999999999 017 8913 913899999999999999
 81 54 65112185264334380392364305231160109 9412118326233738940236929720625 327KU 748393194840399999999999999 114 531352 9399999999999999
117 52 25 48114204296373417414365284192111 61 5910719128737342843338529625 328KU 827422203643899999999999999 2 3 251433 5399999999999999
191 96 30 13 52135237335410440416344246144 62 23 4011021031740545544738325 329KU 9 4441212245999999999999999 248 121512 2199999999999999
283173 78 22 22 79173279374436445396305196 94 22  1 4112823834542846444025 330KU 94044822 646599999999999999 330 141550  099999999999999
364260154 70 32 52124223324405444426355252143 51 -1  2 6115826836843745425 331KU1012445224845599999999999999 410 311627 -799999999999999
414332233140 76 61100179274360418429386300197 98 26 -1 25 9619329437842625 4 1KU1042431232843299999999999999 446 6017 1 -199999999999999
424375296210137 98106156233314379409393333245152 74 26 22 6213522330737125 4 2KU1110410999999999999999999999 521 951735 1899999999999999
398383333265199150134156208273334373378345281204130 75 50 6110416823930325 4 3KU 0 8398113838199999999999999 5551341812 4999999999999999
346359340299249205178176200242289327344335299246187136101 8810113518423625 4 4KU 053359121034599999999999999 6341731859 8899999999999999
28231232131028425322621121022525027729830529527123719916413912713014918025 4 5KU 155321125630599999999999999 730208201812699999999999999
21725328129729929027325423722722523224525926927326825423120317515213914225 4 6KU 342300145927399999999999999 940224222013899999999999999
16019122826529431131229927524621920119620522525127428928827023719615712925 4 7KU 5353131728291999999999999991150196235012199999999999999
12213717221926931133633831727823219016215617421025629832532630125319614325 4 8KU 6343401834329999999999999991244155999999999999999999999
107 9912217023229434236435531726019914812112616221928133436235531424917825 4 9KU 713365191936499999999999999 046 98132111899999999999999
118 84 86124189263330374383354296223154104 8911417224631937239036630622825 410KU 744384195639099999999999999 127 801353 8999999999999999
151 93 70 90147225305368398385332256174106 69 7612420028535840240235828325 411KU 812399203140899999999999999 2 2 701422 6699999999999999
197121 74 71113187272349398405366292204122 66 50 8215124032639241839733525 412KU 83940821 441899999999999999 234 671449 5099999999999999
250164 98 70 90151236321386413393329240149 76 40 5210719128336341341737525 413KU 9 5414213642199999999999999 3 5 701516 3999999999999999
300213135 86 82125200287363408408360277183 99 45 35 7314623632338941839925 414KU 93041422 741899999999999999 335 781542 3399999999999999
341261179116 90111171252332390410381310219129 62 34 5211019328035440040525 415KU 955410223640899999999999999 4 4 9016 7 3399999999999999
367300222154113112153222298363398389336253164 89 46 45 8615723831537039325 416KU101940023 439399999999999999 4311071632 4099999999999999
375325259193144126148200268332375383350282199122 69 52 7412920227533436925 417KU1042385233137499999999999999 4571261656 5299999999999999
370338285227178151155189243301347367352303232160101 71 7411116923529433625 418KU11 6367999999999999999999999 5231481724 6899999999999999
352339303256212180171188225271314341342315263201143103 8910414219524929425 419KU 0 2352113334599999999999999 5521711759 8999999999999999
32332831228124621519719621324327730632031428624319515212311412715819924325 420KU 044329121332199999999999999 632194185411499999999999999
27930330930028025523321721322123826128229429427824921417814913413515318425 421KU 153310132629699999999999999 750213202613299999999999999
22225928830530829827825423021220621122925327629129327925021217214112613125 422KU 34330915382949999999999999910 3206221612699999999999999
15719724428731833332830426722619117017019222927230832732229224218613710625 423KU 5153341719328999999999999991130167233710199999999999999
10312917924130134536635832126520415212312516021828333836936732926318912425 424KU 6133671826373999999999999991226120999999999999999999999
 83 78112176254326378398378322246167105 75 8714022030437341040435427418525 425KU 7 0398192241499999999999999 038 751314 7499999999999999
110 66 65110188277357409419382306213123 58 35 6313523232840544242836527425 426KU 743421201444399999999999999 131 591358 3599999999999999
179100 59 68125213307386430425368276172 80 19  9 5514325035242945943536325 427KU 82443421 346099999999999999 220 561441  699999999999999
267171 96 64 85154246338408438414340237131 43 -5  2 6316127137244146142625 428KU 9 4438215146299999999999999 3 6 631523 -999999999999999
349254163 99 81116190281364420430387300195 95 19-11 13 8618629338444144725 429KU 941433223745199999999999999 350 8016 4-1199999999999999
403326237158110109154230312381418407348257158 71 14  3 4111821431038742725 430KU1017420232142999999999999999 4321031643  199999999999999
419371298221159130144194264333384399371305219133 64 28 33 7915323831937725 5 1KU1052399999999999999999999999 5111291722 2499999999999999
400383336273212169157179227286339370367331267194125 77 57 7211818225331625 5 2KU 0 4400112737399999999999999 55115618 4 5799999999999999
357367348307258213186184207246291326342331296244187138105 9511014820025525 5 3KU 05036812 734299999999999999 6351821853 9599999999999999
30233133832329225622420520321924627630030930127724120016413812913716420325 5 4KU 14733913 330999999999999999 73520220 212999999999999999
24728531132131329226423721620721222824927028428727825622719416715014816525 5 5KU 3 3321144728899999999999999 910207213414799999999999999
19723627430432131930227424221219218719822124927629429728425521818115414525 5 6KU 4263221642298999999999999991048187225614599999999999999
15718923227731433533431327523119016215517020324628831832731127522617914525 5 7KU 5293371753327999999999999991150154235513399999999999999
13314918924129533635634731326120315412512515320326131534935533028022016525 5 8KU 6133561841357999999999999991232121999999999999999999999
129123150202265324363374350297230163113 9210615322029134938037533527220325 5 9KU 648374192238299999999999999 04112213 6 9299999999999999
146116122163227298356387380336266188120 77 7110517025032538040138032625325 510KU 72038920 040199999999999999 1211131338 6899999999999999
181129110132188261333384399372308225143 80 52 6612019928535840440937330725 511KU 752399203741299999999999999 1581101410 5199999999999999
229160118115153221298364402397349269180102 51 43 7814823431938541640435425 512KU 824405211341799999999999999 2341111442 4099999999999999
281205144116130183257332387406380313225137 69 37 5010418327134940141538625 513KU 856406214941599999999999999 3101151513 3699999999999999
327252182134124156219293359399396349270180101 49 39 7213922230437140640025 514KU 927403222240899999999999999 3441231544 3799999999999999
359294224165134144189256325377396372309224140 75 44 5510517926033238239725 515KU 957396225439899999999999999 4161331614 4399999999999999
376325261200157146172225290347382379337265182110 63 53 8314321729134938125 516KU1027386232638499999999999999 4471451645 5299999999999999
379345292234186160166203257314357372352299226153 95 67 7411517824731035425 517KU1057373999999999999999999999 5191581718 6599999999999999
370356317267218183172189228278323352353324269202140 97 82 9914220226431625 518KU 0 1370113335799999999999999 5541721758 8299999999999999
34935533629925421418918520423928131733733330325519814711210211915821126625 519KU 044356122133899999999999999 640184185210299999999999999
31234034532729525522019619020323126729932032130026221416813311912916120725 520KU 142346133332399999999999999 74919020 611999999999999999
25930533534433330326422519417918320624127930932331628724419515312912815225 521KU 256344151032399999999999999 918178213212599999999999999
19625030233935634931827322217815214817021326431034034532327822116813112125 522KU 4113571642347999999999999991038147225112099999999999999
14018624630735337636833127220714911310713519125932236738135930824117612925 523KU 5153771754381999999999999991140105235911299999999999999
112131182251320373396383334261181113 71 6910817926334039441238833025418025 524KU 6103971856412999999999999991234 65999999999999999999999
127108130188264338392412390327240150 76 36 41 9217627235841743540734226025 525KU 7 0412195343599999999999999 0591081324 3299999999999999
183127110137200280355407420386311215121 47 11 26 8918228337243244641334525 526KU 747421204844799999999999999 1541101413 1099999999999999
262184130117150218298370416419373290190 96 27  0 25 9619329538343844740925 527KU 834423214145099999999999999 24711615 1  099999999999999
339256181133128168238316382418409354265167 78 18  3 3711320930839043743725 528KU 919420223044399999999999999 3361251548  299999999999999
395324245176138144189259332389412391328240146 68 21 18 6113823132239342725 529KU10 3412231642999999999999999 4231351633 1399999999999999
418370301228171147163212279343388397365299215132 68 36 46 9417025633439025 530KU1044399235940999999999999999 5 61471716 3499999999999999
409390340275213170160184234294347377374335271196127 79 62 8113220327734125 531KU1125380999999999999999999999 5481591758 6299999999999999
379385358309252203175175203250300340357345306249186133100 9512016823029225 6 1KU 04038712 735799999999999999 6301711840 9399999999999999
34036436033028523820118218821425429432333332028623919015012712815319624925 6 2KU 121366125733399999999999999 717182192912599999999999999
29833434934031127223220118719121324527830331330528024420517215315417521225 6 3KU 2 734914 431399999999999999 816186202915199999999999999
25729932934033030326722919818118219922826128930630629026022419217116818525 6 4KU 3 2340153230899999999999999 929179214016799999999999999
21926030032934033130326322118516416117821125028731332130928024120417817125 6 5KU 4 23401654321999999999999991037160224917199999999999999
18722126530733834933730325520416113713616020225330033334433029625020617525 6 6KU 4583491756344999999999999991132133234816799999999999999
16718522527532235436234129623717713010811515020526732335936734630324819825 6 7KU 5473621847368999999999999991216106999999999999999999999
166162187234291342372371339280210145 99 8310315222029034938338435330023925 6 8KU 630376193238899999999999999 0391601256 8399999999999999
187157160194250312362386374327256178112 73 6910316624231737340039135028925 6 9KU 711387201440199999999999999 1251541335 6699999999999999
224173150163208272335381394368306226146 84 55 6711518826934239340938833825 610KU 750395205640999999999999999 2 91501413 5499999999999999
272207161148173228296357395394353280194116 63 48 7413521429636440640937725 611KU 830400213641399999999999999 2501481452 4799999999999999
319250189152153190252321377402386330248162 90 49 50 9116224432338341240125 612KU 9 8402221441399999999999999 3291471529 4499999999999999
358294226172149164213279345391401368300214131 70 45 6211719427634939741025 613KU 945402224941099999999999999 4 714816 6 4499999999999999
385331265202160153182239306364397390343266181106 59 50 8414922930737040325 614KU1021399232440699999999999999 4421511642 4899999999999999
399361302237183156164205265328375393371313234154 90 59 6711218326233338325 615KU1058393235840099999999999999 5171541718 5799999999999999
400381334273214171158178225285340376380349287210139 89 71 9114321528935025 616KU1138383999999999999999999999 5541581758 7199999999999999
387390361310250198166162188236292340367365330270201140100 9211717123930625 617KU 036393122537099999999999999 6371601845 9199999999999999
35738337834429223618916316218923428532935535232227020915612211614119025225 618KU 120385132635799999999999999 731159194111599999999999999
31335837837033528422918315515217521726831534535032828523118114713815720025 619KU 212379144135199999999999999 836150205013799999999999999
25631335637536833428222417314013115019324830234235834731126020817015316525 620KU 31337616 535899999999999999 94913122 615399999999999999
20225531135537837233828321815911710312016623029534737437234028923318716325 621KU 4193791725377999999999999991057102232216199999999999999
167199252310358384380345283209141 91 73 9214421729235539339736731425319925 622KU 52338718363999999999999999912 0 73999999999999999999999
167165196250311364393389349281199123 68 48 7012820929436541041738733126525 623KU 624396194141999999999999999 0331621259 4899999999999999
205167162193249315371402397352276188107 50 31 5612020829837542343139933925 624KU 723405204143399999999999999 1381591356 3099999999999999
268204162158191252321380411402351269177 94 37 21 5212221330738643343840125 625KU 818412213644299999999999999 2371551451 2199999999999999
337262195155155195260332390417402344258164 82 30 21 5913422832239843943525 626KU 910417222544399999999999999 3301491541 1999999999999999
391321244180147157205275346399418393328240148 73 30 33 8116125434341043725 627KU 95741823 743799999999999999 4171461627 2699999999999999
420366293219164145167223294360404411374303216131 68 41 5911619928836641525 628KU1040413234242699999999999999 45814517 7 4199999999999999
424392331258193154151186246314370400392345271190119 74 66 9816324332238225 629KU1118402999999999999999999999 5341471741 6499999999999999
410399354290224174152166209269328371384363310241171118 9210314621228534825 630KU 013411115438499999999999999 6 71521813 9299999999999999
38739336631425319916516018423028433136036033128022016613112314519325431425 7 1KU 040395123236499999999999999 641158184612299999999999999
36037936933228022718516517019724028632334133630726421617715615818422928125 7 2KU 1 9380131734299999999999999 719164192415399999999999999
32835836434530725921418116717520123827730832332029826422819918418821124925 7 3KU 144365141832499999999999999 8 9167201718399999999999999
29232834935032929325020917916517019222626329531431830528025022320720622325 7 4KU 231352154231899999999999999 914165213120499999999999999
25429032234134332529124820517215415517621125229031833032330227124121821125 7 5KU 33434417 9330999999999999991025152225421199999999999999
22224928431834134532929324619715713513615920024929733335034532228624721825 7 6KU 4443461818351999999999999991128132999999999999999999999
20521424228232134935633629423918113611211614719825731235437236433429024325 7 7KU 546356191237399999999999999 0 5205122111099999999999999
207193205240287333364369343291225160111 9010214320427233337639137633628325 7 8KU 63937120 039199999999999999 1 319313 9 9099999999999999
230192181200244301352382381344280205135 87 73 9414721829335739740537932925 7 9KU 727386204440699999999999999 1521801354 7299999999999999
268211175171202257320373400388339263180109 65 60 9516024031838141541237425 710KU 813400212541899999999999999 2361681437 5799999999999999
313245188159167211276344395413388325239152 83 48 5610518226834840542841025 711KU 85641322 342899999999999999 3171571519 4699999999999999
358288218165147171228301369414419379303210123 61 39 6312721330237842543225 712KU 938422223943599999999999999 3561471559 3999999999999999
397332256188146144184252328391425415360273178 97 47 42 8416125233940643725 713KU1017427231243799999999999999 4331391636 3999999999999999
423371297221161134150204278351406426399332241151 81 48 6212020429537342425 714KU1057426234343599999999999999 5 81331712 4799999999999999
434400335258188141132164226300367410414375301213134 80 66 9716424933239625 715KU1136418999999999999999999999 5431301749 6599999999999999
427416368296222162131137179244314371402395349277199134 97 9914020828735825 716KU 015428121940499999999999999 6211281827 9399999999999999
40441639033326319614812914418925131436338637333026720215112813818124331125 717KU 04841713 938699999999999999 7 3128191212799999999999999
36739839636330624118214212914618824430234636735932427422218216517521126225 718KU 128401141336899999999999999 75612920 816599999999999999
31736138337734529323418014212713817422628132735335533329625321819820122525 719KU 218384153435799999999999999 9 4127212419799999999999999
26430934736736534029523918414111812215120025731034736335432628724922121125 720KU 32536917 8363999999999999991023116225821199999999999999
223253293331358365348307251190138104 9912417423730035037938135731627023125 721KU 4483651834383999999999999991141 98999999999999999999999
208209234275321358375365325264194130 87 75 9815222429836140040738333527925 722KU 6 9376194340899999999999999 0282051251 7499999999999999
227194189215264320367393385343273193119 69 53 7914022130537742142839734025 723KU 718394204043099999999999999 1391871353 5399999999999999
273212173169203262328383412403352273184105 51 39 7214223232339743943839725 724KU 816414212944499999999999999 2351661447 3899999999999999
329253188151157202271344403429410349262168 87 39 36 8116225734941945043525 725KU 9 642922 945199999999999999 3231481533 3199999999999999
379302223161136156214292367421436404331237144 71 37 5111119929638143744825 726KU 950436224445099999999999999 4 31361613 3599999999999999
413344262187138132171240319389430428380298204120 63 50 8615925034041044225 727KU1027435231144399999999999999 4381291646 4999999999999999
427373295216155128144198273348404426403341256171104 71 8413821930638042525 728KU11 0426233443299999999999999 5 81271714 7099999999999999
428389320243176135133169233305368406406366297218148105 9913319927835240425 729KU1130411235442099999999999999 5331291739 9699999999999999
42039633926719815013315220126532837439137332425819314512614218925632437925 730KU12 0391999999999999999999999 55813318 312699999999999999
40539635329022417114314517722828533436336533829123719016216219023929634825 731KU 015406123436899999999999999 625140183115999999999999999
38138636131225420116415116319724228832434233731327623720719420223027031325 8 1KU 039388131834399999999999999 7 015119 719499999999999999
34836535832828523719617016417620424027630531931830328025623722923425328025 8 2KU 113365142532199999999999999 75016320 622899999999999999
30933234133431027623920518117117719622525728630631531230028326625324925525 8 3KU 2 4341161631599999999999999 9 8171215524999999999999999
27129231232432431028425021518516716417720423927530632733432730928526124525 8 4KU 33132618 0334999999999999991040163234524199999999999999
24125227329932133232630126321917814914015418523027832035036135132528925225 8 5KU 5 933219 2361999999999999991154140999999999999999999999
22621923226230033535334931927021115812311313117423229334537838636832827825 8 6KU 619355194838799999999999999 052219125111399999999999999
231200196219263316360382372330266193131 92 8711617424631837540740637331825 8 7KU 713382202841199999999999999 1401941339 8599999999999999
255201172177216277341390410389332251167100 63 6811318627135040843241636625 8 8KU 8 041021 643299999999999999 2211701424 6099999999999999
295223168147168224299371420432397322228137 69 41 6112421230538643844841325 8 9KU 845433214245099999999999999 3 114715 6 4199999999999999
344262186137130170243327401445443390301199107 46 33 7215125034642246044825 810KU 928450221646299999999999999 3391271545 3199999999999999
392309221148112125184269357426459439370271168 83 37 4410319529738845046525 811KU10 9459224846699999999999999 4151101623 3399999999999999
429354263177116100134208298383442458420339238142 72 48 7715124834542146025 812KU1048459231746299999999999999 449 991658 4899999999999999
449391304213138 97103155237325399443440388303210129 82 8012820930138343725 813KU1127448234545199999999999999 523 931731 7599999999999999
449413340253171114 9412018126234140142841035327419513611112918526334140225 814KU12 6428999999999999999999999 556 9418 511199999999999999
43141936729221214610810614120327534138740037632426020116315518223530035925 815KU 013432125140099999999999999 633102184315499999999999999
39840638032625819214211812415821127132536036935031226622620220222526531225 816KU 044407134836999999999999999 719116193119999999999999999
35237537334730224819615613613816120225129633034534032029126324323724727025 817KU 127377151534599999999999999 825134205223799999999999999
29932734434733230226221817915114014917821926530633534834432630027425424625 818KU 23834817153489999999999999910 314023 524699999999999999
25227029531933533832329124719915612912414518624029534237037736032728724925 819KU 4403391846377999999999999991141123999999999999999999999
224219236269308343362356324271208149107 9411416323030136240040838433728025 820KU 618363194440999999999999999 0432181254 9499999999999999
226190184209257315365394390349282203131 81 67 9515723832239143042939132725 821KU 723397202943499999999999999 1421821350 6799999999999999
255192155157198263335395425412358276185107 58 53 9517226435442145043337725 822KU 81442621 745099999999999999 2271511436 4999999999999999
299218155128147206285365424445417347253158 83 45 5811820730539144645441525 823KU 856445214045799999999999999 3 51281515 4499999999999999
342255175123116157231318396445448401317219128 66 50 8616325935342545743825 824KU 93445322 845799999999999999 3391131548 4999999999999999
377291204136105123184269354421451431366275180104 65 7713522331739844644725 825KU10 7451223145399999999999999 4 81051617 6399999999999999
400321233156109106149224310386434439396319229148 95 8612419828837142844425 826KU1036443225044599999999999999 4331011642 8399999999999999
41334425817712010212718926834640542840835027119113210712718426434440643425 827KU11 342823 843599999999999999 45510217 410799999999999999
41836128220113810711616323230636840440436730323217313914118124631838041525 828KU1130409232741999999999999999 516106172613599999999999999
41337230422716212211714720126732737038536832426821417716718823529434938825 829KU1158385234739899999999999999 539115174916799999999999999
39737332125519314913114318023228532835335433229425322020320823527531835325 830KU1232357999999999999999999999 6 5131181620299999999999999
37036233028122818415815417120424428231232632430728426024323824626629231725 831KU 012371132032799999999999999 641153185423899999999999999
33533932629926322719718017718820923626328630130630329428427526926927428425 9 1KU 04534015 430699999999999999 742176203326899999999999999
29630631030629227124622120018718519421223726428830731832131430128526925925 9 2KU 159310174632199999999999999 943184233525899999999999999
25926728129730830929827424220817916316418221325329332734835334031428024925 9 3KU 4373101846354999999999999991128161999999999999999999999
22822524127030333134333330025219915412812815520225931636138538235430825725 9 4KU 6 4343192538799999999999999 040224123012599999999999999
213189194226276328368383365316247176119 90 9713920628135140041840135228625 9 5KU 65838320 041899999999999999 1211881319 8999999999999999
220170152173226296363410420387318230145 83 58 7914122631639143844240333325 9 6KU 745421203644699999999999999 15915214 3 5899999999999999
250175128123165240326401446446395306205114 53 41 8016126135743146544938725 9 7KU 829452211146699999999999999 2361191445 3999999999999999
298205129 92107171263358435472456386284177 87 37 4310319930540046247643425 9 8KU 913474214547899999999999999 313 911525 3399999999999999
351250155 89 70109191293389460483448364256151 73 41 6914624935343547746425 9 9KU 954483221647999999999999999 349 7016 2 4199999999999999
398300197110 62 67127220323413470474422331227134 75 6811520330339445546925 910KU1035479224547199999999999999 424 571638 6499999999999999
428344243147 79 54 84157253349424462447385296205132 9811417526235041945225 911KU1114463231245399999999999999 457 541712 9799999999999999
437376286192114 68 6811419128036141843540834526819714913917023430937742025 912KU1153435233942899999999999999 530 62174513899999999999999
426390321237160104 81 9714721829235539339736731525720918318922327733337725 913KU1236400999999999999999999999 6 5 81182018299999999999999
39638434228021315612011013017222728433135735933830426723822523325829332825 914KU 0 8397133436199999999999999 64911019 822599999999999999
35235834330926521817815214215217821625829632233332931429427526225826528025 915KU 048359151333399999999999999 759142205025899999999999999
29831332031730327924821518616415616518922426330032834334232930628125924525 916KU 21232017293449999999999999910 0156233324399999999999999
24525627529731532231429025220816814213615519424529934437237635732127623425 917KU 5 13221841377999999999999991144135999999999999999999999
20720121825329633535935732727421215411510512918024831837540540336931324925 918KU 626361192540999999999999999 045200124810499999999999999
194162163196253317371399391346276197128 86 8312119027335241043241235728325 919KU 71840120 143299999999999999 1291581334 7999999999999999
207149124143198274351409431408344258169100 66 8013722231339243944139832325 920KU 8 0431203344699999999999999 2 41241413 6599999999999999
237159109104145221309388439445401321226138 78 6410017526936042745242836225 921KU 83744921 145299999999999999 2371001447 6299999999999999
273184115 85105170258349421455438375284189111 72 8214123032440444944539225 922KU 911456212645399999999999999 3 6 851518 6999999999999999
308214133 84 81128209302386442452412334241155 97 8412219829037543444941425 923KU 942454214845099999999999999 333 761545 8299999999999999
338245157 94 72 9916725634441344643037228820113310111717626034641344342625 924KU101144722 944499999999999999 357 72161110099999999999999
363275184112 75 8413521530137642443039332424417312912516523531638642742625 925KU1039433222943399999999999999 419 73163512199999999999999
380302213136 88 8111518226133639141439834828021316414616722028935640341525 926KU11 5414224941699999999999999 440 78165814699999999999999
387323242166111 9110815922729635338638735630524820117618021526932637239325 927KU113239123 939499999999999999 5 2 90172117499999999999999
38133526819814211211414719925931234936335131827523621020422125730033936325 928KU12 1363233136799999999999999 526109174520399999999999999
36433728923118014513314718122527030732933331929426724523423725428030732825 929KU1241334999999999999999999999 557133181723399999999999999
33632730026222218816616217419822926028630330830329228026926226226827829025 930KU 0 0336135830899999999999999 646161193226199999999999999
3003052992852632382141941831821922102342602833003103123072962822682572532510 1KU 058305164931399999999999999 835182225825399999999999999
2572682822922962902732462161881701651772042402793133373463383152832502232510 2KU 35629618 2346999999999999991046165999999999999999999999
2122202442773093303333132732231741401281431822372953453763833613182632122510 3KU 537335184338499999999999999 0 6212115712899999999999999
176167189235291343376379346287215148103 921181762513263854164103673002262510 4KU 634382192041999999999999999 0481671249 9199999999999999
162126129171242320386422416367286196118 71 681111892813664264474203542652510 5KU 723425195744799999999999999 1261221334 6399999999999999
177110 82104170262354426459439371274174 93 51 621242183194054584604103222510 6KU 8 9459203346699999999999999 2 4 821418 4999999999999999
219126 64 52 96183289387458480445362256154 78 49 781562593604384744533792510 7KU 85448121 847499999999999999 243 4915 0 4999999999999999
275168 79 31 40106207317414476483433341235139 77 661132023043964584694232510 8KU 938488214247299999999999999 321 271541 6399999999999999
332223119 44 17 49130236343431477468406314216134 911011622523454204584432510 9KU1020480221446099999999999999 358 171619 8899999999999999
377278173 83 29 26 76163265361432460436371285202142121149215297374426437251010KU11 2460224543999999999999999 434 21165612199999999999999
400323228137 68 38 54112196287366417427396335264201163162198260327382410251011KU1144429231541199999999999999 510 37173215899999999999999
399351276194123 77 66 92149221294353387387357309257215195204238286334367251012KU1230391234837699999999999999 548 65181219599999999999999
376355308247185136107105129174229283327351351332300266240229235257287315251013KU1331354999999999999999999999 63510319 822999999999999999
333335317285244203168146141153180219260296321331326310288267252245250263251014KU 03433615 933199999999999999 74914021 524599999999999999
279293301300288267238208180161156169196233273308332340333312284254231219251015KU 22330217 134099999999999999 947156231721999999999999999
222238262287307314304278239197162143146173216267316352366357326281234196251016KU 45731418 6367999999999999991121141999999999999999999999
176181208251297335352343307253194146120125161218283343382391368319256195251017KU 610353184739299999999999999 018175122011899999999999999
150134153200263326373389369316246175122100117169241317378410403359290213251018KU 657389192041299999999999999 05813413 410099999999999999
146107106146214293364408413375305223148100 92128197280358411425395329244251019KU 736416194942699999999999999 1311011341 9099999999999999
162100 77 99161246332400432418361279193123 90102158240326396432421365281251020KU 812433201743499999999999999 2 1 771414 8899999999999999
189112 66 67114194287371427440405333245163107 95130202289370424434396319251021KU 846441204343699999999999999 230 601446 9399999999999999
225136 72 50 77145236328402440430377296210140105116170252336403434416353251022KU 91844221 943599999999999999 257 50151610399999999999999
263168 92 50 55106188280363420435405340258181129117151218300374420424379251023KU 950436213442899999999999999 324 46154611699999999999999
299205120 64 49 80148234319387422415369299224163133145195266340396417393251024KU1020424215941799999999999999 349 48161413299999999999999
329242155 88 57 69119195276347395407381327261200160153183240307365398393251025KU1049408222340199999999999999 414 56164115199999999999999
348274191121 77 71104164237307360386378342288233190172184224279333371380251026KU1117387224738199999999999999 439 6917 717299999999999999
355298226157107 86100143204267321356364345307262222197195218257302339358251027KU1147364231335899999999999999 5 6 86173519399999999999999
350313258197145114110133176229279318339338317286253227215221242272303326251028KU1226341234933299999999999999 539108181221599999999999999
332317283238192155135136157192233273303319319306285262244234235246264284251029KU1330321999999999999999999999 627133192423399999999999999
300305296275244210180160154163187219254286308318315302282260241229227236251030KU 054305151831899999999999999 752154214122799999999999999
253273289297291273243209177156152165195235277312335341329302266229201188251031KU 3 6297165034199999999999999 946151231018899999999999999
1952202552923193283142792311821441271371722252833333663733533092531971562511 1KU 45532817463749999999999999911 9127999999999999999999999
1391531952533123553723563092431761241011131602293033644004013652992221512511 2KU 6 2373183140699999999999999 0 3139121010099999999999999
103 91121185265342396415389326244164104 811031642483323984294163592731802511 3KU 656415191343099999999999999 047 9013 1 8199999999999999
101 54 55104189286374432445408332238152 91 751091832763644264464143372352511 4KU 746447195444699999999999999 130 481350 7499999999999999
134 55 17 34103203310401456461412327230143 88 821292123083914434463953022511 5KU 835466203445199999999999999 212 161437 7899999999999999
193 92 20 -3 32114222331419467460403315219139 951021592463374104474313632511 6KU 923471211344899999999999999 254 -31522 9199999999999999
262153 59  1 -4 451362443484274634453832972091401111321952793604184364022511 7KU1010463215143699999999999999 336 -916 511199999999999999
324222121 41  1 12 711632653584234454183562772011481351662303063734134112511 8KU1056445222841899999999999999 418 -1164713499999999999999
364283189103 41 19 421051902813594084163853262581981631641992583203703922511 9KU114241823 639299999999999999 459 19172915999999999999999
376325250170102 59 51 80139213288349383383352302248204183191224271319352251110KU1229387234836199999999999999 542 49181518299999999999999
360339292231168118 89 89116166226286332355353328289248217202208233267300251111KU1324357999999999999999999999 631 85191220299999999999999
322326310275230185147125123143180227275312334335318289256229212210223245251112KU 042327143333799999999999999 735121203720999999999999999
271291300296277247212179155145155182221263300325332322297264231206193196251113KU 213301155433399999999999999 9 1145221719299999999999999
214241269292302297275241204171152153175214259302332344333304262218181161251114KU 41030217 1344999999999999991027150232615999999999999999
162185222264302325325302261214171145145170215268318352361342300245188144251115KU 5313281750361999999999999991132142999999999999999999999
124132168221279328355352320267209160133138173229291344375374339280211147251116KU 624358182837899999999999999 013123122213199999999999999
104 92116169239308360383369323258193143123139188255322373392374320245167251117KU 7 738319 239399999999999999 050 9113 312399999999999999
103 69 74117188269342390401372312240172128120152214288354395398359287201251118KU 746402193440299999999999999 123 66134211899999999999999
122 66 48 73136219304373410405361292216153120128175247322381407389330245251119KU 82341320 640799999999999999 155 48141911899999999999999
156 82 41 44 89166254337396417396340266192139122147206282353399405366291251120KU 9 0417203840899999999999999 227 37145412199999999999999
199114 53 32 56118202290364408412376312237171132133173241315375404389331251121KU 935415211040599999999999999 258 32152912799999999999999
246156 81 38 39 82155240321382408394346279209156135154206276342388395359251122KU10 9408214139899999999999999 329 3316 213599999999999999
288200118 59 38 60117195276345388396367312246187151149183241306360386373251123KU1041397221138799999999999999 4 0 38163314599999999999999
321243160 91 52 52 91157233305359384373334277219175157171214272327365371251124KU1112384224137399999999999999 430 4717 315799999999999999
341279203130 79 59 77127194264324362369347302250203174171196241292335356251125KU1144370231435799999999999999 5 1 59173616899999999999999
347307245176117 82 78106158222283331354351323280235198180186213254296327251126KU1222356235533899999999999999 537 75181617999999999999999
338322281226168121 97100130179236289328344337309271232201187192215248283251127KU1311344999999999999999999999 623 95191418699999999999999
309318306273227179139117119144186237286321338333310274236204184182197226251128KU 056318141633999999999999999 726115203718199999999999999
260290308306285248204163136129145181230279319341342321284239197166154164251129KU 226309153134499999999999999 84812922 315499999999999999
194236279310323313280234185147130137171221278326355359337291233177133114251130KU 4 43231640361999999999999991012129231011399999999999999
124162218278326353349316261202152124127161218283340374379349290216145 922512 1KU 5233551738381999999999999991125121999999999999999999999
 70 861372102873493853833452822121521181191582232963583943933522791911102512 2KU 628389182939999999999999999 0 6 70122811499999999999999
 52 32 571232113003734124093652942171511141181622343113754094003472601632512 3KU 726416191941199999999999999 057 32132511099999999999999
 76 18  5 411192173143914314253752992171501141221722483273894173993342392512 4KU 82243420 741899999999999999 146  3142011199999999999999
137 49 -4 -9 371232263264034404293752962141471161301862643423994183893152512 5KU 916442205541999999999999999 236-14151111599999999999999
216114 31-14-10 451352393374104404223642852051441201432032813544034123722512 6KU10 7441214141499999999999999 325-1916 012099999999999999
293193 97 22-12  3 641552563484114314053442661921411291602232973624003962512 7KU1055431222540499999999999999 412-13164612899999999999999
348266172 85 24  3 29 941832763564054123783152421791411421802423093623862512 8KU113941523 838799999999999999 457  3172913799999999999999
371318240155 83 37 31 651312132953593913853442842201701471591992563123522512 9KU1220393235036499999999999999 540 28181114799999999999999
363340287218147 92 62 68106169241307354370354312257205169157173212260304251210KU13 0370999999999999999999999 621 60185515799999999999999
332335311264206152112 95107145201260312343348327287240198171164180212251251211KU 037337134135099999999999999 7 5 95194716499999999999999
286308309290254210168139128141174221270309331331310274232195171163174200251212KU 135311143033499999999999999 757128205416399999999999999
233265288295285259225191165154163190230271306324324304269228190161149156251213KU 255295152832799999999999999 9 415422 814999999999999999
180214250280296295277247212183168172195231272306326326305267221176141126251214KU 4262981630329999999999999991019167231212599999999999999
132160201247287312316299266226190169170193231276314336334307261205152113251215KU 5413181726338999999999999991129167999999999999999999999
 98111148201258307336340317276228186162164191237287329350342305246180121251216KU 638342181435199999999999999 0 3 98122615999999999999999
 83 74 98148213279332360358326276220174151159195248305347363344293223150251217KU 725363185836399999999999999 046 73131615099999999999999
 90 57 59 96159234305357379366324265204159142159205267326365370338274194251218KU 8 8379193937399999999999999 126 5314 014299999999999999
118 62 39 56107180260331377389365312247185144137166223290348378370323247251219KU 849390201938099999999999999 2 5 39144113599999999999999
162 87 40 31 63127208289355391389352291222164133139182247315367385361299251220KU 927395205738599999999999999 242 29152013199999999999999
214128 60 26 33 81155240318375397380331263195145128151205275340381383342251221KU10 4397213338799999999999999 319 23155512899999999999999
267178 96 39 21 47109190274345388393360301231169132132171234303360385369251222KU103739622 838699999999999999 354 21162912799999999999999
312229141 68 28 29 72145230309367392379331265199148128146197263327370379251223KU11 8393224338099999999999999 428 2317 112899999999999999
345277191110 51 29 50107186268338380386355297231172136133165222287341369251224KU1139388231837199999999999999 5 1 29173413099999999999999
361315242160 90 48 44 80146226300356381369326265202154132143183241298342251225KU1211382235835899999999999999 536 41181013299999999999999
358339287216144 88 61 71115182256321362372349299239183144132150192245297251226KU1247373999999999999999999999 615 60185413299999999999999
332341319270207146102 85101146209275329359359330280223172139130147186235251227KU 048342133036399999999999999 7 1 85195012999999999999999
283317327310270217165127113128167223280327351349320272217166131119131166251228KU 153327142435499999999999999 8 011321 011999999999999999
214264303321315285241194157139146177224277320345345319273216160118 98104251229KU 315322153034899999999999999 9141382216 9799999999999999
137188245295325331312273226184158155176218269315344349326279216152100 71251230KU 44433216413509999999999999910381532327 6899999999999999
 74107164230292336354342306256207171157170209260310346357336285216142 80251231KU 6 635417523579999999999999912 1157999999999999999999999
