  2 20 51 89127157174175164144124111107116135157175182173148112 72 35  925 1 1KZ 6361761658182999999999999991145107999999999999999999999
 -1  6 30 65105141166176171155134115104105119141164179181167139101 62 2925 1 2KZ 7 9177173918299999999999999 0 1 -1122310399999999999999
  9  4 18 46 83121152172175165145124106 99105123145166178176158129 93 5825 1 3KZ 744176182217999999999999999 044  413 3 9999999999999999
 30 16 18 36 67102136161173170155134113 98 95104123145162171166148120 8925 1 4KZ 818174191017199999999999999 123 141345 9599999999999999
 60 39 31 39 60 89121149167171163145123103 91 9110211913815315915513911525 1 5KZ 85117220 515999999999999999 2 1 311432 8999999999999999
 90 68 54 53 64 85111137158169167154134113 94 84 84 9411012614014614413225 1 6KZ 923170211414799999999999999 238 521527 8399999999999999
115 97 82 75 77 89107129149163168162146126104 87 76 75 82 9511112513413525 1 7KZ 956168224213699999999999999 317 751638 7599999999999999
130120109101 98101110125141156165166157141120 98 80 67 62 66 78 9411112425 1 8KZ1034166999999999999999999999 4 1 9818 3 6299999999999999
131133130125121118119125135147158164163154138117 94 73 55 47 49 61 7910025 1 9KZ 046133112116599999999999999 5141181919 4699999999999999
118132140143141138133130132139149158164163155139117 90 64 42 30 32 46 6825 110KZ 3 7143122716499999999999999 7111302022 3099999999999999
 93117137150156155149140133132138147157164166159142116 85 53 28 16 19 3725 111KZ 418156134416699999999999999 8381322116 1599999999999999
 63 93123147162167162152139130128134145158168171164143113 77 42 16  5 1225 112KZ 5 0167145017299999999999999 94212722 6  599999999999999
 33 64100133158171172163147132122121130145162174177166141106 66 31  7  025 113KZ 53417315441789999999999999910321202252  099999999999999
 12 38 74112146168176171156137121113116129149168180180164134 95 56 22  325 114KZ 6 417616281829999999999999911131132333  099999999999999
  2 20 52 91129159174175163144124109105114132155174183177156122 83 46 1825 115KZ 63117617 8183999999999999991149105999999999999999999999
  6 12 37 73112147169176168150129110 99101116138161178181169143109 72 4025 116KZ 656176174418199999999999999 010  51222 9899999999999999
 20 16 31 61 98134161174171156135114 98 93101120144165175173156129 96 6525 117KZ 719174181917699999999999999 043 151253 9399999999999999
 40 29 34 56 88124153170173162142120100 89 90104125147162168160141115 8725 118KZ 740174185516899999999999999 112 281325 8899999999999999
 63 47 45 58 83115144165173167150128106 91 85 9110612614415515514612810625 119KZ 8 2173193515699999999999999 140 4414 0 8599999999999999
 84 68 61 66 84109136158170169157137115 97 86 84 9210612213614314213311925 120KZ 826171202314499999999999999 2 5 611440 8499999999999999
102 88 80 80 89107128149164168161146126107 92 84 84 9010111312413013012425 121KZ 853168212613199999999999999 230 791531 8399999999999999
115106 99 96100110124140155163162152136119102 90 82 81 84 9210211211912125 122KZ 924164231112199999999999999 255 961649 8199999999999999
120118115113113117123133145154158155144130115100 87 78 73 73 79 9010111125 123KZ10 1158999999999999999999999 3221121828 7399999999999999
118123126127127127127130136144151153149141128114 98 82 69 61 60 67 79 9425 124KZ10521539999999999999999999991939 59999999999999999999999
108121132138140138134131130134141147150148141130113 93 73 56 46 45 55 7125 125KZ 359140121015099999999999999 7391302031 4499999999999999
 91112130144151151144135128126130138146152153146132110 84 59 39 29 32 4625 126KZ 426152133915399999999999999 8511262116 2999999999999999
 68 95121144158162156144130121120126137150159161152132104 72 42 21 14 2225 127KZ 452162144316199999999999999 9401192158 1499999999999999
 42 72105136159170167155137121112113124141158170170157130 94 57 26  7  425 128KZ 51917015331729999999999999910211112239  399999999999999
 18 46 82120153173177167147125108102109126148169181177157123 83 43 13 -225 129KZ 54617716171829999999999999910591022318 -399999999999999
  2 23 58100139169182177159134110 95 94107131158180189179153114 72 33  725 130KZ 61418217 0189999999999999991135 922356 -299999999999999
 -2  9 38 78121158180184171146117 94 83 88108137166186190176145105 64 2925 131KZ 6421851744191999999999999991212 82999999999999999999999
  9  8 27 62103143173185179158128 99 78 73 85111142170186185167135 97 6125 2 1KZ 710185182818899999999999999 032  61248 7399999999999999
 33 22 30 55 91129162181183167140109 82 66 67 85113143167179174155125 9325 2 2KZ 735184191517999999999999999 1 6 221326 6499999999999999
 64 46 44 59 86120151174182174152122 92 69 59 65 8511213815816616014211825 2 3KZ 8 018220 616699999999999999 138 4314 7 5999999999999999
 94 75 67 72 90116144166178177161136107 80 62 57 65 8310612714315014513225 2 4KZ 82418021 415099999999999999 2 7 661454 5799999999999999
116101 92 91101118139158172175167149124 98 76 61 57 63 77 9511312613313325 2 5KZ 849176222413499999999999999 233 901554 5799999999999999
127119114112115125137151163170168157140118 97 78 64 57 58 67 80 9611012025 2 6KZ 918170999999999999999999999 2511121721 5699999999999999
125128129130131134139146153160162159150137121102 83 66 54 49 53 65 81 9725 2 7KZ 95716299999999999999999999919 0 49999999999999999999999
112126136142146146144143144147151153153150142128109 87 65 47 38 40 52 7025 2 8KZ 436146113215399999999999999 7121432018 3799999999999999
 91113133148156157152144137134136141147153156151137115 87 59 36 26 29 4325 2 9KZ 440158135515699999999999999 9 51342117 2599999999999999
 66 94123146161166161149135125121125135147159165160143115 81 49 25 16 2325 210KZ 45816615 516599999999999999 95712122 5 1699999999999999
 42 72106138161171169157138121110109118135154170175165142108 71 38 16 1225 211KZ 51817215531759999999999999910341082245 1199999999999999
 25 52 88125156173175164144121103 96101118141164179180164134 97 59 28 1325 212KZ 53817616321829999999999999911 5 962320 1299999999999999
 16 37 72111147171178170150125102 88 87100124152175185178156122 83 48 2425 213KZ 55717817 8185999999999999991134 852351 1799999999999999
 17 30 60 99137166179176158132105 84 76 84105135162181184170142107 71 4325 214KZ 61618017411859999999999999912 2 76999999999999999999999
 28 31 54 89127160178180165139110 85 71 71 87114145169180176157127 94 6425 215KZ 634181181418199999999999999 019 271229 6999999999999999
 44 40 54 83119153175182171148118 90 71 64 72 94123151169173163142113 8525 216KZ 652182184917499999999999999 045 401257 6499999999999999
 64 54 60 81112144170181176157129 99 76 63 64 7810212915116216114912710425 217KZ 712181192616499999999999999 1 9 541326 6199999999999999
 84 72 72 85108136161176177163139111 85 68 62 68 8510712914515114713411725 218KZ 73317920 615199999999999999 131 701358 6299999999999999
101 89 86 93108130152168174166147122 97 78 67 66 74 8910712313413813412425 219KZ 756174205513899999999999999 151 861435 6599999999999999
113105101103113127144158166164152132110 91 76 69 70 77 8710011312212512425 220KZ 82016722 712599999999999999 2 81011526 6999999999999999
120116115116120128138148156158152139122105 90 79 73 71 73 80 9010111011625 221KZ 848158999999999999999999999 2101151654 7199999999999999
120123126128130133136141146149149143133120107 94 82 72 65 64 68 77 8910125 222KZ 9251509999999999999999999991850 64999999999999999999999
113124133139141141138136136138141141139134125113 98 82 66 54 49 53 64 8025 223KZ 411142104514299999999999999 73213620 4 4999999999999999
 99118136148153151144135129127129134140143143135121100 76 54 38 33 39 5525 224KZ 413153132314499999999999999 8551272058 3399999999999999
 78105131152163163153139125116115121133145155156147126 98 67 39 22 19 3025 225KZ 430164143915799999999999999 9371142143 1999999999999999
 54 85119149168173165147126108100104117137157170170155127 91 55 26 10 1225 226KZ 45217415311729999999999999910111002224  999999999999999
 30 62101139168181177159132106 88 84 96118147172185181159124 83 45 17  625 227KZ 5151821617186999999999999991045 8423 2  699999999999999
 15 42 81124161183186171143110 82 68 72 92124158185195185158118 76 39 1625 228KZ 53918717 1195999999999999991118 672339 1299999999999999
 13 30 65108149179190181155120 85 59 52 65 94132168192197182151111 71 4025 3 1KZ 6 31911745198999999999999991152 52999999999999999999999
 25 31 57 95136171190188168133 94 61 41 42 64 99139172191192173141105 7125 3 2KZ 626192183019499999999999999 013 251227 3999999999999999
 49 44 59 89126161185191177148109 71 43 32 41 6810514116918317916013110225 3 3KZ 649191191618399999999999999 045 4413 4 3299999999999999
 78 66 71 91122153177189183160126 89 56 35 31 45 7310713715916816214612425 3 4KZ 71118920 516899999999999999 114 661343 3099999999999999
104 91 89100121147169182183169142109 77 51 37 38 53 7710412814415014513425 3 5KZ 73218421 215099999999999999 139 881427 3599999999999999
122112108113125143161173177170153128101 75 56 46 47 58 76 9511312613213225 3 6KZ 753177223113399999999999999 2 01081525 4599999999999999
129126125127133142153162167165156141122102 83 68 58 55 59 69 83 9811012025 3 7KZ 815167999999999999999999999 2 01251654 5599999999999999
127132136139141144147151153153150144136125111 96 80 66 57 55 60 70 8410025 3 8KZ 8361549999999999999999999991849 55999999999999999999999
115130141148151149145141139138138139140139135124108 89 69 53 47 49 61 7825 3 9KZ 4 7151121814099999999999999 9101382012 4699999999999999
 99121140153159156148137127122122126134143149148136116 90 65 46 38 42 5725 310KZ 410159141915099999999999999 92912121 8 3899999999999999
 80108135155165164154137120108104109122138154162158142116 85 56 37 32 4125 311KZ 424166151316299999999999999 9541042150 3299999999999999
 63 93125152168171161141119100 90 92105126149167173164141109 75 47 31 3225 312KZ 4401711554173999999999999991020 892226 3099999999999999
 50 79114147169176168148122 96 79 75 86108137163179178162133 98 64 40 3225 313KZ 4561761630181999999999999991046 752257 3299999999999999
 42 68103139167179175156128 98 74 63 68 89119151175185177154121 86 57 4025 314KZ 51318017 3185999999999999991111 622326 3899999999999999
 41 61 94131162180181164136103 74 56 54 69 98133164182184169142108 77 5525 315KZ 5311831736186999999999999991137 522353 4899999999999999
 48 59 86122156178184172145111 78 54 45 53 77112146172183177157128 98 7325 316KZ 54818518 91839999999999999912 3 45999999999999999999999
 60 63 83114148174185178155122 87 59 43 43 60 90124154173176165143116 9125 317KZ 6 7185184317799999999999999 019 591229 4199999999999999
 75 72 84109139166181180163133 99 68 47 40 49 7210213315616716515012910825 318KZ 626183191816899999999999999 043 721256 4099999999999999
 92 85 90107132157174179167143111 80 56 44 45 60 8311113515115715113712025 319KZ 647179195715799999999999999 1 5 851324 4399999999999999
106 98 99109127148165173168150123 94 70 54 48 55 70 9111313114214313712725 320KZ 7 8173204214499999999999999 125 971357 4899999999999999
117111109115126141155164164153132108 85 67 58 56 63 76 9210812213013112925 321KZ 729165214913299999999999999 1431091439 5699999999999999
125122121123129138147154156151138120101 85 72 65 63 67 75 86 9811011912425 322KZ 752156999999999999999999999 1511211548 6399999999999999
128130132133135137140143146145139129117104 91 80 71 65 63 67 75 8710011325 323KZ 8181469999999999999999999991750 63999999999999999999999
125134141144144141137134133134134133129123114102 88 73 61 54 54 62 77 9525 324KZ 3181449999999999999999999991928 53999999999999999999999
115133147155154148138128121119122128134138136128113 92 71 53 42 42 53 7325 325KZ 328155131913899999999999999 8491192029 4199999999999999
 99125148163166158143125109102103113128143153154143121 93 65 43 32 35 5125 326KZ 346166143315599999999999999 9191012117 3199999999999999
 79111143166175170152127102 85 81 90110135158171170154126 91 59 35 27 3625 327KZ 4 7175152617399999999999999 949 812159 2799999999999999
 60 94132163181180164135102 74 60 63 82113147174187182160126 88 55 34 3125 328KZ 4291831613188999999999999991020 592238 3099999999999999
 47 79118155181188176147110 73 46 38 50 81120159187197187160123 85 55 4125 329KZ 4521881659197999999999999991053 382315 4099999999999999
 46 69105144176191186162124 81 44 23 23 46 85130169194199184155119 85 6225 330KZ 5161921744199999999999999991128 202349 5699999999999999
 56 69 98134168189193175141 97 54 22  9 19 50 93137172192192175147116 9025 331KZ 53919418311949999999999999912 4  9999999999999999999999
 75 78 97127159183193184157118 74 36 11  7 24 5810013916818217916213911525 4 1KZ 6 3193191818399999999999999 022 741242  699999999999999
 98 93102124151175188187169137 98 59 29 13 15 35 6810413615816716315013325 4 2KZ 626190201016799999999999999 052 931323 1199999999999999
118110112124144165179183174152121 87 56 34 24 29 48 7410312714315014814025 4 3KZ 649183211315099999999999999 12110914 9 2499999999999999
132125123129140155167172169157136111 86 63 47 40 44 58 77 9711512813613825 4 4KZ 711172231013899999999999999 14712315 8 4099999999999999
137136134135139146153158158152142127111 94 77 64 56 56 62 74 8910411712825 4 5KZ 731158999999999999999999999 2111341634 5599999999999999
136141143143142142142142142140137133127118107 93 79 67 61 62 70 82 9811425 4 6KZ 2351439999999999999999999991822 61999999999999999999999
129141149151148142135128125124125128132134131121106 88 72 61 59 66 80 9825 4 7KZ 254151125613499999999999999 8521241943 5999999999999999
119138151157155146133119109105108116127139146143132113 91 70 58 56 66 8425 4 8KZ 312157141614699999999999999 9 51052038 5599999999999999
107132151162162152136116 98 89 89 99115135151158153137113 87 66 55 57 7225 4 9KZ 32916415 615899999999999999 928 882119 5499999999999999
 96123149165169160141117 93 76 71 79 98123147164168158136109 81 61 55 6425 410KZ 347169154616999999999999999 952 712155 5599999999999999
 85114143165174168149122 93 69 57 60 78106136162175173157131101 75 60 6125 411KZ 4 51741622176999999999999991018 562227 5999999999999999
 77105136162177175158130 98 68 48 44 57 85119151174181173151122 93 72 6525 412KZ 4241781657181999999999999991043 432258 6599999999999999
 73 97127157177180167140106 71 45 34 40 63 98134164181181167142113 88 7425 413KZ 44318117311839999999999999911 9 332327 7299999999999999
 75 91119149173182174151116 80 49 30 28 45 75113148172181175156131105 8725 414KZ 5 318218 5182999999999999991135 272354 8199999999999999
 81 90112140166180179160129 92 58 33 24 32 56 9112715617317616414412110125 415KZ 52418218391779999999999999912 2 24999999999999999999999
 91 93108132157175179167140106 70 42 27 27 43 7110413615916916515213311425 416KZ 546179191516999999999999999 020 901229 2599999999999999
102 99108126148167175170150119 86 56 36 29 37 57 8411413915515915314012625 417KZ 6 8175195315999999999999999 045 991259 2999999999999999
114108111123140157168168155131101 73 50 38 37 48 68 9311713614714914313325 418KZ 630169204114999999999999999 1101081333 3699999999999999
124118117123135148158162156139116 90 68 52 45 47 58 75 9511412913814013825 419KZ 654162215214099999999999999 1371171416 4599999999999999
133129126127132140148152151143127108 88 72 60 54 55 63 76 9110812213213725 420KZ 720153999999999999999999999 2161261519 5499999999999999
139138136134133135137140141139133122109 95 81 70 62 60 63 72 8510111713125 421KZ 015139 75914199999999999999 3531331655 6099999999999999
141146147144138132128126126128130129126118107 94 79 67 60 59 66 80 9911925 422KZ 140147102113099999999999999 7181251836 5899999999999999
137150156154146133121111107109117126134137134123106 87 70 58 55 63 8010325 423KZ 21515613 213799999999999999 8 81071947 5599999999999999
128149162165156139119100 87 85 94110129145154151138117 93 70 56 54 65 8725 424KZ 242165141815499999999999999 841 852040 5399999999999999
114142164173167149123 95 71 60 64 82108137160171167150125 96 72 58 59 7425 425KZ 3 8173151517199999999999999 915 602126 5699999999999999
101132160177178162134 99 65 41 35 48 76113148175185178158129 98 74 64 7025 426KZ 33318016 618599999999999999 949 3522 8 6499999999999999
 91121153177186176149111 70 35 15 17 40 77120159185193183160130101 80 7525 427KZ 3591861655193999999999999991025 132248 7599999999999999
 87112143172188187167131 86 43 11 -2  9 39 83128167189194182158129104 8925 428KZ 42719017441949999999999999911 3 -22325 8899999999999999
 91107134163185192181151110 64 23 -3 -8 10 46 9113416818718817415212810925 429KZ 4551921834189999999999999991143 -9999999999999999999999
101108127153176190188168134 91 49 14 -5 -3 19 56 9813616417817716414512725 430KZ 523191192417999999999999999 0 21011225 -799999999999999
115113124143165181186177153118 79 43 16  4 10 33 6710313415616616415414025 5 1KZ 553186201816699999999999999 0381121310  499999999999999
128122124136152168177175162138107 75 47 27 20 28 48 7610512914615415314625 5 2KZ 623177212115499999999999999 1161211359 2099999999999999
138131128131141153162165160147127103 79 58 43 38 45 61 8210512413814514625 5 3KZ 654165224514799999999999999 1591281456 3899999999999999
144139134132134139145149149144135122106 89 72 60 55 59 70 8610412113414225 5 4KZ 731150999999999999999999999 3 213216 5 5599999999999999
145145141135131129129131132133132129123114101 87 75 68 68 76 8910512113525 5 5KZ 018146 9 113399999999999999 5221291728 6799999999999999
145149148142133125118114113116121126130130124113 99 85 76 74 80 9310912725 5 6KZ 114149122913199999999999999 7341131846 7499999999999999
142151154149139125111100 95 97104115127137140135123107 91 80 77 84 9911825 5 7KZ 149154135214099999999999999 815 951947 7799999999999999
137152159157147130111 92 80 77 84 99117135147150143129110 93 81 80 9010825 5 8KZ 217159144715199999999999999 846 772035 7999999999999999
129149162164155138114 90 70 60 64 78101125147159160149131110 92 83 8610025 5 9KZ 243165153316199999999999999 916 602116 8299999999999999
121143161169164147122 93 67 49 46 57 80109138159169165151130108 91 86 9425 510KZ 3 7169161316999999999999999 944 452154 8699999999999999
112136157171171157132101 69 45 33 38 58 88122151170175166148125104 91 9125 511KZ 3321731651175999999999999991012 332229 9099999999999999
105126150169175166144112 77 47 28 24 38 66101136162176175162141118101 9425 512KZ 3571751726178999999999999991041 2423 2 9499999999999999
100118141163175173155125 89 55 29 18 24 46 7911614817017717115413211210025 513KZ 42117618 11779999999999999911 9 182332 9899999999999999
100112132155172176165139104 68 38 19 17 31 58 9312815617117316214412410925 514KZ 4471761836174999999999999991139 16999999999999999999999
103108124146165174170151120 85 51 28 17 22 42 7210613715916816515213511925 515KZ 513175191316999999999999999 0 21031210 1799999999999999
109109119136155169171160135103 69 42 25 21 32 55 8511514115816215614412925 516KZ 541172195416299999999999999 0321081244 2199999999999999
118113117129145160167163146120 89 61 39 28 30 44 66 9412014215415615013925 517KZ 610167204215699999999999999 1 51131323 2799999999999999
128120118124136149158160152134109 82 59 43 36 40 54 75 9912214015015114625 518KZ 643160214115299999999999999 14411814 8 3699999999999999
138129123122127136145151150141125104 83 64 51 46 50 63 8110212213914815125 519KZ 725151225015199999999999999 23812215 3 4699999999999999
147139131124122124129135140140134123107 90 74 62 57 59 69 8510412414015025 520KZ 835140235415399999999999999 3581221612 5799999999999999
153149140129120114112115121128133133128117103 88 75 67 67 74 8910812814525 521KZ1034134999999999999999999999 5501121733 6699999999999999
155157151138122108 97 92 96105118131138138131118102 87 77 74 80 9511513625 522KZ 043158123213999999999999999 7 5 921851 7499999999999999
153162161149130108 88 73 68 76 92113133147152146133116 98 85 81 8810412625 523KZ 122163135615299999999999999 753 681954 8199999999999999
147163169162143117 88 62 46 44 58 83112140159166160146127107 93 89 9811625 524KZ 15716915 316699999999999999 836 432048 8999999999999999
139160173173159133 99 64 35 21 25 46 79115147169177171155134113100 9810925 525KZ 23217516 217799999999999999 917 202137 9799999999999999
130153172181175153119 79 40 12  2 12 40 7912015517718417715913711710610725 526KZ 3 7181165718499999999999999 959  2222310599999999999999
121143165181184172143103 60 21 -4 -8  8 41 8312616018018517615813711911125 527KZ 3441851749185999999999999991043 -923 711199999999999999
116132154174186184165131 89 46 10-10 -9 12 48 9013116217918117115313412025 528KZ 4211871839182999999999999991128-12235011699999999999999
116124142162179186178155119 78 39  8 -6 -1 22 58 9813516117517416314713025 529KZ 5 01861927176999999999999991215 -7999999999999999999999
120119130148166179180168144109 72 38 14  4 13 37 7110713815916816515414025 530KZ 539181201316899999999999999 03311813 2  499999999999999
127120122133150164172170156133102 71 44 25 20 31 55 8511514015516015614625 531KZ 619173205916099999999999999 1161191349 2099999999999999
134123119123134147157161157144124100 75 53 40 39 50 72 9712214215315515025 6 1KZ 7 2161214515599999999999999 2 31191436 3899999999999999
140129120117121129139146148144134119101 82 66 56 57 69 8710912914415115225 6 2KZ 755148223115299999999999999 2571171524 5599999999999999
146136125117113115120126132135134129119106 91 79 73 74 8410011813514715225 6 3KZ 917135231615299999999999999 4101131619 7299999999999999
150143132121111105104106112119126129128123114102 92 87 88 9611012614015025 6 4KZ1123129999999999999999999999 5491031723 8699999999999999
154150141128114101 92 89 91 99110121129133131123114104 98 9710411713314625 6 5KZ 0 115413 813399999999999999 7 5 891835 9699999999999999
154156150138121104 88 76 72 78 9010612213514114013312311210410311012413925 6 6KZ 043156142314299999999999999 754 72193910299999999999999
151158157148131111 89 70 58 58 68 8610812814315115014112911610710711513025 6 7KZ 124159152115199999999999999 833 57203310699999999999999
145157162157143121 96 71 51 43 48 64 8811413815416015714513011610811012025 6 8KZ 2 216216 716099999999999999 9 8 43212010799999999999999
136152162164154134107 77 51 35 32 43 66 9512414816316615914412711310811325 6 9KZ 239164164716799999999999999 942 3122 110899999999999999
126144159167163147121 89 58 34 23 26 45 7310513615817016815713912211010925 610KZ 3131671723170999999999999991015 22223810899999999999999
118134152166169159137105 71 41 21 16 27 51 8311714716617216615013211610825 611KZ 3471691758172999999999999991049 16231310899999999999999
111124143160171169152124 89 54 27 14 15 32 61 9512915517017016014212411225 612KZ 4211721833172999999999999991123 12234810899999999999999
108116132152167173164142109 73 41 20 12 20 42 7310813916117016615213411825 613KZ 45517319 91709999999999999912 0 12999999999999999999999
109110122140159171171156129 96 62 34 18 15 28 54 8611914716416816014512825 614KZ 530172194716899999999999999 0231081238 1499999999999999
114109114128146162169164146118 86 55 32 21 24 41 68 9912915216416415413825 615KZ 6 8169202716699999999999999 1 21091318 2099999999999999
122111109116131148160164156137110 81 55 37 30 37 55 8211113715616416014825 616KZ 65116421 916499999999999999 14410814 0 3099999999999999
132117108107116129143153156148130107 82 60 46 43 53 71 9612214415916215625 617KZ 744156215016399999999999999 2331061445 4399999999999999
142126111102102110121134144147142128109 88 71 61 60 70 8710913115016116125 618KZ 854147223116299999999999999 3311011533 5999999999999999
152136118103 93 91 97108122134140139130116100 86 78 78 8610112014015516225 619KZ1021141231216399999999999999 442 911630 7799999999999999
159147129109 91 79 75 80 92108125136140136127114103 96 9510111313114816025 620KZ1159140235416499999999999999 559 751741 9499999999999999
164158143122 99 77 62 55 60 75 9711813514514614013012011110811212313915425 621KZ1338146999999999999999999999 7 5 5519 010899999999999999
164166158139115 87 61 42 34 42 61 8711413715115615314413312211712013014525 622KZ 04116715 415699999999999999 8 0 34201111799999999999999
160169169158136107 74 44 23 16 27 51 8211314115916716415414112812112413525 623KZ 132170161316799999999999999 852 16211312199999999999999
150164173172159133 99 62 29  8  4 18 45 8011614616717417115814212812212525 624KZ 22617417 817499999999999999 943  322 812199999999999999
137154169178175158129 91 51 18 -2 -3 15 46 8412215317217817115613912511925 625KZ 3191781755178999999999999991033 -5225911999999999999999
125139157173181176156123 83 43 12 -5 -2 19 53 9213015917517716614913111825 626KZ 4 91811836178999999999999991122 -6234511599999999999999
116124141161176182173150116 76 39 11 -1  6 30 6610514016417517115813912225 627KZ 45618219131759999999999999912 8 -1999999999999999999999
112112124144163177179167141107 71 38 16  9 21 48 8412014916717116214612825 628KZ 540179194617199999999999999 0271101251  999999999999999
112106110125145163173171156131100 68 41 25 25 42 7010413515716716415213425 629KZ 622174201616899999999999999 1 61061330 2399999999999999
117104101110126144159165160145122 95 69 49 40 46 66 9412314716216515614125 630KZ 7 5165204316599999999999999 14510114 6 4099999999999999
123107 98 99109124139150154148134115 93 74 61 59 69 8911413815616316014825 7 1KZ 753154211116399999999999999 227 971440 5899999999999999
131114100 94 96105118131140142138127112 96 83 76 79 9110913014916016215425 7 2KZ 852142214016299999999999999 314 941515 7699999999999999
140123107 95 90 91 98109120129132131124115104 96 93 9710812314015416015825 7 3KZ1011132221416099999999999999 416 891556 9399999999999999
148133117101 90 83 83 88 9810912012612912712211511010911111913214515515825 7 4KZ12 3129225515899999999999999 537 82165710999999999999999
154143128112 96 83 74 71 76 8710111412513113413212712311911912513514615325 7 5KZ14 1134234515599999999999999 652 71182911999999999999999
155150140124106 88 72 62 59 65 79 9611312813814314213713012412212613614525 7 6KZ1520143999999999999999999999 748 58195012299999999999999
152154149138120 99 78 59 48 47 57 75 9611713514815315014213212412112613525 7 7KZ 04615416 915399999999999999 834 46205012199999999999999
146153155149135114 89 64 44 35 38 52 7410012514515716015414212912011812525 7 8KZ 148155164616099999999999999 916 34213911899999999999999
136148157159150132105 76 49 30 24 32 51 7810813615616516315213612211411625 7 9KZ 241159171916699999999999999 956 24222111499999999999999
125140154164163150125 94 61 34 18 17 30 55 8712014816617016214612811410925 710KZ 3271651750170999999999999991035 1623 010999999999999999
114128146162170165146116 80 47 22 10 15 34 6410013416017217115713811910625 711KZ 4 91701822173999999999999991114 10233710499999999999999
105115134154170175164140105 68 36 14  8 18 43 7811614816917516714912710825 712KZ 4491751853175999999999999991153  8999999999999999999999
 99103118140162175175160131 94 58 29 13 12 29 59 9613216017517415913711525 713KZ 530177192517699999999999999 014 991231 1099999999999999
 99 94102122146166176172152122 86 53 29 18 25 47 7911514716917616814812425 714KZ 613176195617699999999999999 051 9413 8 1899999999999999
103 89 89103124148165172165144114 82 54 36 32 44 6910113415917317215813525 715KZ 7 0172202617599999999999999 130 881344 3299999999999999
111 91 82 86101123145160164156136110 83 61 50 53 69 9412214916717316514625 716KZ 752164205517399999999999999 212 811419 4999999999999999
122 98 81 75 81 97117137151155147131110 89 75 70 77 9311614015917016915625 717KZ 852155212417199999999999999 259 751455 7099999999999999
134109 87 72 68 74 88107125139145141129115101 93 9310011513315116516916325 718KZ10 3145215616999999999999999 355 681534 9299999999999999
147125101 80 65 59 63 75 9311212813613713212411711311311913014315716516625 719KZ1136138223516799999999999999 5 6 59162511299999999999999
158141120 97 75 58 49 50 61 79 9911713113813913713413012813013714715716325 720KZ1351139232816499999999999999 626 4818 212899999999999999
163155140120 96 71 50 37 35 46 65 8811012914314915114714213613413714515425 721KZ1543151999999999999999999999 738 35195313499999999999999
160162157144123 96 67 42 25 22 33 54 8110813315116116215614513513013314025 722KZ 050162163716299999999999999 842 21211213099999999999999
150160165163150126 95 62 32 14 12 25 49 8011314216117016715614112812212525 723KZ 215166171517099999999999999 938 11221112299999999999999
135149163172170154127 92 55 24  7  7 23 52 8812415317117416615013111711225 724KZ 3211721747175999999999999991030  5225711299999999999999
118132151169178174155123 85 47 18  4  8 30 6410213916417617315813811710425 725KZ 4141791815176999999999999991116  3233610299999999999999
103114134157175182174150116 77 41 16  8 19 46 8312215417317616514512210225 726KZ 4591821841176999999999999991156  8999999999999999999999
 93 98115139162178181168141106 69 39 20 20 38 7010814316717617015212810525 727KZ 54018219 417699999999999999 012 931232 1899999999999999
 89 86 96118144166177174157129 96 65 41 31 39 64 9813216017417315813511125 728KZ 619177192517699999999999999 045 8513 4 3199999999999999
 90 80 83 99123147164170163144117 89 65 50 49 65 9212415317117516414411925 729KZ 658170194617599999999999999 117 791332 4799999999999999
 96 80 75 84102125145158160150132109 87 71 65 72 9111814516517416915212925 730KZ 73916020 817499999999999999 151 751359 6599999999999999
105 85 74 75 86104123139148148138123106 92 83 84 9511413715716917015813925 731KZ 827149203217199999999999999 228 731425 8299999999999999
116 95 80 73 76 86101117130137136130120109101 9910411513114816116616114725 8 1KZ 92513721 016699999999999999 313 731452 9999999999999999
128107 90 78 73 75 83 9510812012612812612211711411512012813915115915915125 8 2KZ1051128213316099999999999999 413 73152211499999999999999
137121104 89 78 72 71 75 85 9811011912412812912812712712913414114815315125 8 3KZ14 7129221515399999999999999 540 70163312799999999999999
144132118103 88 75 66 62 65 75 8910311612713513913913713413213313714314625 8 4KZ1539140232314799999999999999 7 4 62191513299999999999999
146141132120103 86 69 56 51 54 66 8210111913414515014814113412812813213825 8 5KZ1611150999999999999999999999 8 6 51203712799999999999999
144146144136122102 79 58 43 38 44 59 8010412814615715815113912812112112725 8 6KZ 1 9146163715899999999999999 856 38213012099999999999999
136146152152142122 96 68 44 29 26 37 57 8511514116016616114813111711111425 8 7KZ 22615317 316699999999999999 941 26221111199999999999999
124139154162160145119 87 55 30 17 19 35 62 9613015717117115913911910510125 8 8KZ 3191631729173999999999999991022 16224810199999999999999
109126147165173166145113 76 42 18  9 17 41 75114148172179170150125103 9125 8 9KZ 4 517317561799999999999999911 2  92323 9099999999999999
 93108132157176181169141104 65 32 12 10 25 55 95135166181179162135107 8625 810KZ 4481811822182999999999999991139  92357 7999999999999999
 79 88110139167183183166134 96 58 29 15 20 43 78119155178184172147116 8825 811KZ 5311861848184999999999999991215 14999999999999999999999
 71 70 86115146172185180159126 89 55 33 27 40 68105142171184179158127 9525 812KZ 615185191418499999999999999 032 681249 2799999999999999
 70 59 66 88119149172180172150118 86 59 46 48 67 9813216118018216714010725 813KZ 7 1180193818399999999999999 1 8 591321 4499999999999999
 77 57 52 65 89120147166171161140113 88 71 66 75 9712515317318117315212225 814KZ 75017120 218199999999999999 147 521351 6599999999999999
 91 65 50 50 65 89116139154158149132113 97 88 9010312414616517617516113725 815KZ 845158202617799999999999999 229 481419 8799999999999999
108 81 59 49 51 64 8410712714014313812811811010811412614215716917216615025 816KZ 953143205317299999999999999 321 48144610899999999999999
127102 79 61 51 51 60 75 9411212513113313012812612713214014915816416415625 817KZ1145133212816599999999999999 431 5015 712699999999999999
143124104 84 66 53 48 52 63 80 9711312513313814114114114114314715215515525 818KZ2230155999999999999999999999 6 6 48999999999999999999999
151143129112 91 70 52 42 41 50 66 8610612514015015315214614013713714114525 819KZ1610153999999999999999999999 734 40202313699999999999999
150152149139122 98 72 48 33 30 39 58 8210913315216116215514313112412413025 820KZ 1 3152163316399999999999999 843 29213012399999999999999
139150159160150129100 68 40 24 22 34 57 8812014716416916314913111610911125 821KZ 236161165517099999999999999 937 21221210999999999999999
123139157169170156130 96 61 32 18 20 37 67102137162174171156135113 98 9525 822KZ 3331711717174999999999999991023 162247 9499999999999999
103122145167179175156125 88 52 27 17 26 51 86124156174176164142116 94 8225 823KZ 41817917381789999999999999911 1 172319 8299999999999999
 85102128155176184174150115 78 46 26 24 42 73112147172180171150122 95 7625 824KZ 4571841758180999999999999991135 232349 7199999999999999
 71 82107137165181182167139104 70 44 33 41 66102138167181177158130100 7525 825KZ 53418418161819999999999999912 6 33999999999999999999999
 63 66 86115146170181175155126 94 66 49 48 65 95130161179180165139108 8025 826KZ 610181183518299999999999999 018 621234 4699999999999999
 61 57 69 94124152170174164142114 88 68 61 69 92123153175181172149118 8925 827KZ 646174185418199999999999999 047 561259 6199999999999999
 66 54 58 75102130153164163150130107 88 78 79 9411814516817817515713010025 828KZ 724165191517999999999999999 116 541324 7799999999999999
 75 59 55 64 83108131147154150137121105 94 92 9911613815817217316214011325 829KZ 8 6154193717499999999999999 148 541346 9299999999999999
 88 69 59 60 71 8810812613814213712811810910610811813314916216716214612525 830KZ 85514220 116799999999999999 225 5814 610699999999999999
102 83 69 64 66 75 8810311712713012812512111911912313114115115815714913425 831KZ10 6130202915899999999999999 312 63142111899999999999999
116 98 84 73 68 68 73 83 9510711612212512812913013113413714214614914613825 9 1KZ21 4149999999999999999999999 428 68999999999999999999999
127114101 88 77 69 65 66 73 84 9710912012913614014113913713513613814013925 9 2KZ1540141221214099999999999999 618 65191413599999999999999
135128119107 92 77 65 56 55 62 74 9110812514014915114714013212712612913325 9 3KZ1551151999999999999999999999 739 55204212699999999999999
137139136127113 93 72 54 43 42 51 69 9111613815416115814713312111411512225 9 4KZ 057139161016199999999999999 836 42212311399999999999999
132143149148137116 90 63 41 30 32 46 70100130155168168157138119104 9910525 9 5KZ 222150163117099999999999999 922 292156 9999999999999999
119138155164160143115 83 52 29 20 27 49 81117150171178168148122 99 85 8625 9 6KZ 31516416531789999999999999910 3 202228 8499999999999999
 99123149169177169145111 74 42 21 18 32 62100139169183179159130 99 76 6725 9 7KZ 4 01771716184999999999999991041 1723 0 6799999999999999
 76 99130161183187173143105 67 37 22 26 48 84125161183187171141106 74 5425 9 8KZ 4441881740188999999999999991118 212333 5199999999999999
 53 71103140172191190171138 99 63 39 31 44 73112150179190181154118 80 5025 9 9KZ 52819318 3190999999999999991152 31999999999999999999999
 38 45 72110148178192186164131 95 65 49 51 71103140171188187167133 93 5725 910KZ 612192182619099999999999999 0 8 371225 4899999999999999
 34 29 45 77116152176185176153124 95 74 67 77101132162183188176148110 7325 911KZ 659185184918899999999999999 043 281255 6799999999999999
 42 26 29 50 82118148168172162143120100 89 90105129154175184180160129 9425 912KZ 748173191218599999999999999 122 251324 8899999999999999
 61 38 28 35 56 8511413915315614813412011010711312914816617717816614411625 913KZ 844156193517999999999999999 2 5 28135010799999999999999
 86 60 43 37 43 60 8310612513714013813212612312513214415616616916515313325 914KZ 95914020 016999999999999999 258 37141112399999999999999
111 88 68 54 47 50 60 76 9310912212913313513613713914214815315615615214325 915KZ2031157999999999999999999999 413 47999999999999999999999
130115 99 81 66 55 52 55 66 81 9711212613714414714714514214014014114214225 916KZ1528147222814299999999999999 6 0 52193014099999999999999
140136127112 94 75 58 48 48 57 72 9111213214615515615014113212512412613225 917KZ1539156999999999999999999999 732 47205412499999999999999
139146147140124102 77 55 42 41 51 70 9512114415916315814512911510710711525 918KZ 142147155716399999999999999 836 40212810699999999999999
128144156160151131104 74 49 36 38 53 77108137159169166152132110 94 89 9525 919KZ 248160161516999999999999999 924 352157 8999999999999999
111133154169170156131 99 67 44 34 42 63 94128156172173160138111 87 74 7525 920KZ 33417116331759999999999999910 3 342226 7399999999999999
 90115143167179174155125 91 60 41 39 54 83118150172179168146116 87 66 6025 921KZ 4141791652179999999999999991037 382254 5999999999999999
 70 94125156177183172148115 82 56 45 52 75108143170181176155124 91 64 5025 922KZ 45118317101829999999999999911 8 452321 4999999999999999
 52 72104138167183182165137105 76 58 56 71100135164181181163134 99 68 4725 923KZ 5261841728183999999999999991137 552348 4199999999999999
 41 54 81117150174182174153125 97 75 66 73 96127157178183171144110 76 5025 924KZ 6 118217471849999999999999912 5 66999999999999999999999
 37 41 62 94129157174175163141116 93 80 80 95120149172182176154122 88 5925 925KZ 63617618 718299999999999999 016 371231 7899999999999999
 40 37 49 74106136158168164149129110 95 91 98116140163177176161134101 7225 926KZ 712168182817899999999999999 044 361255 9099999999999999
 50 40 44 60 86114138153157151137122109102104116134153168172163143115 8725 927KZ 752157185017299999999999999 113 40131710299999999999999
 64 49 46 54 71 9311513314314513912912011411311913114515816416114712610225 928KZ 838145191316499999999999999 147 46133811399999999999999
 80 64 55 55 64 78 9511112513213413112712412312513113914815415514813311525 929KZ 946134193715599999999999999 229 54135712399999999999999
 96 81 69 63 63 68 78 9010311512312813113213313313413714014314414313612525 930KZ20 5145999999999999999999999 333 62999999999999999999999
112 99 87 77 69 65 66 71 81 941081201301381421431411381341321321331331302510 1KZ1444143999999999999999999999 522 65999999999999999999999
125118109 96 83 71 62 58 62 72 881061231391491531501421331241191191221282510 2KZ15 2153999999999999999999999 7 2 58203211899999999999999
132134130120105 86 68 54 48 53 67 871121351531621611511351181061011051162510 3KZ 053134152216399999999999999 8 5 4821 110199999999999999
130142148145132110 85 61 45 40 48 68 95126152168171161141117 96 84 84 962510 4KZ 212149154317299999999999999 853 402130 8299999999999999
116139157165159140112 82 55 39 37 52 78112145169179172151122 92 69 61 692510 5KZ 3 516516 517999999999999999 935 3622 0 6199999999999999
 91122152174180169145112 78 51 38 43 64 97134165183182164132 95 62 43 422510 6KZ 3521801628185999999999999991014 382232 4099999999999999
 61 93132166187190174145109 76 53 46 58 86122157182189176146106 66 35 222510 7KZ 4381911651189999999999999991051 4623 6 2199999999999999
 30 59100142177194192173142107 77 61 62 81112148177191186162123 79 39 142510 8KZ 5231961715192999999999999991126 592342  899999999999999
 10 28 64108150180193187166136106 84 75 84107139169188191175142100 56 222510 9KZ 61019317401929999999999999912 0 75999999999999999999999
  4  8 33 71114152176184176156131108 94 94108132160181190183159122 81 43251010KZ 65818418 519099999999999999 020  31232 9299999999999999
 16  6 16 42 79116147166171162146128114108113129151171183183169142107 72251011KZ 750171183018499999999999999 1 1  613 410899999999999999
 41 22 17 28 52 83113137151155150140130123122129144159171175169153129100251012KZ 851155185717599999999999999 148 16133512199999999999999
 73 50 35 32 42 60 83106125137142142138134132133139148156161161154141123251013KZ1023142192516299999999999999 244 32141313299999999999999
103 83 65 52 48 52 63 80 97114127135140142141140139140142144145144141134251014KZ13 914220 114599999999999999 4 1 48155713999999999999999
124112 97 81 67 59 57 63 75 91108124137145149147143137131128127128130133251015KZ1412149999999999999999999999 541 57195612799999999999999
135133125112 95 77 64 58 62 73 90109129145154155149139126115108108113123251016KZ 0 3135143915599999999999999 7 8 58203310899999999999999
134142145138123102 81 65 57 61 75 96119141156162157144126108 94 88 93105251017KZ 14514515 116299999999999999 8 9 5721 2 8899999999999999
123141154156147128104 80 63 58 65 84109135156167165152131107 85 72 72 84251018KZ 243157152116899999999999999 854 582130 7199999999999999
105130153166165151129102 77 62 62 75 99127153170172161139111 83 62 55 63251019KZ 327167154117399999999999999 933 602158 5599999999999999
 84113143165175169151124 96 74 65 71 90118147169177170149118 86 58 43 44251020KZ 4 717516 21779999999999999910 7 642225 4299999999999999
 62 92126156176179168145117 91 74 72 85110139165179177158129 94 61 38 32251021KZ 4441801622180999999999999991040 712253 3199999999999999
 43 70105140168181178162137110 89 78 84103131158177181167140105 69 41 26251022KZ 5201821643181999999999999991110 782320 2599999999999999
 29 49 82120152174180172152127104 89 87 99123150172181174151118 81 49 28251023KZ 55518017 5181999999999999991139 862348 2299999999999999
 23 35 62 97132160174174161141119102 94100117141164177177160131 95 62 36251024KZ 62917617271799999999999999912 7 94999999999999999999999
 24 28 47 76110140161168163149131114104103114133154170175165142110 77 50251025KZ 7 5168175017599999999999999 017 24123310299999999999999
 33 29 39 61 89119142156159152139125114110115127145161169166150124 94 67251026KZ 744159181417099999999999999 047 28125911099999999999999
 46 36 38 51 73 98121139149149142132123118118125138151160161153134110 84251027KZ 830150183916299999999999999 121 36132711799999999999999
 64 50 45 49 62 80101119133141141138132127125127133141149153150139122102251028KZ 93514219 715399999999999999 2 2 4514 712599999999999999
 83 67 57 54 58 68 82 99115128136139139137134132132134137140141138129117251029KZ1130139194414199999999999999 259 54153013199999999999999
103 89 76 66 61 62 69 80 95111125136143146144139134129126126127129129126251030KZ13 5146213812999999999999999 421 61184712699999999999999
120111 99 86 74 66 63 66 76 92111129143152154149139128117110109112119127251031KZ1346154999999999999999999999 6 1 63194810999999999999999
131131125113 97 81 68 61 64 75 94116138154162159148131112 96 88 901001152511 1KZ 028132141516299999999999999 716 612021 8899999999999999
131143147140126106 85 68 60 64 79102128152167169159138113 87 69 64 72 922511 2KZ 152147144117099999999999999 812 602053 6499999999999999
117142159163155136112 87 69 62 70 89117145167177171150120 86 57 41 42 602511 3KZ 25116315 717799999999999999 859 622127 3999999999999999
 90124155174177166144116 90 72 69 82106136163180181165134 95 57 28 16 262511 4KZ 343178153418399999999999999 942 6822 2 1699999999999999
 54 93134167185186172147118 93 79 81 99126155179188179152113 69 29  4  02511 5KZ 43318816 2188999999999999991022 782240 -199999999999999
 19 55 99142175191189172146118 97 89 97118146173189189171136 91 46  9 -92511 6KZ 52219216311929999999999999911 1 892320-1199999999999999
 -5 20 61106148177189184166142119103101114137163184192184158118 73 31  12511 7KZ 61218917 1192999999999999991139100999999999999999999999
-11 -1 28 69112148173181175158138120111114129152173187188173143104 63 272511 8KZ 7 2181173318999999999999999 0 3-11121611199999999999999
  3 -3 10 40 77114145164170164150135123119125141159175182177159130 95 612511 9KZ 75617018 618299999999999999 048 -3125511999999999999999
 32 15 12 26 52 84115139154158154144134127126133145159168170162145121 93251110KZ 855158184217099999999999999 138 11133912599999999999999
 67 44 31 31 43 64 89113133145150148142135130129134142150155154148135118251111KZ10 7150192415599999999999999 233 29143612999999999999999
 98 78 60 50 49 57 73 93113129141146146142136131128129132135138139136130251112KZ1130147204213999999999999999 336 48161312899999999999999
120107 91 77 66 63 69 81 97114130142148148143136127120116116118122127130251113KZ1234149234213199999999999999 452 63184511599999999999999
131127118104 90 79 74 77 87102119135147153151143132118106 99 97101110121251114KZ1316153999999999999999999999 611 741947 9799999999999999
131137137129115100 88 81 83 93110128144155158152139122103 87 79 79 89104251115KZ 125138134815899999999999999 718 802025 7899999999999999
122138147147138123106 92 85 88101120139155163161149129106 83 66 60 67 84251116KZ 229148141716499999999999999 811 852057 6099999999999999
106130148158156144127108 93 88 95111132152165168159139113 84 60 46 47 61251117KZ 319158144416899999999999999 855 882128 4599999999999999
 86115141160167161146126107 94 93104123145163172167150123 92 61 40 32 41251118KZ 4 2167151117299999999999999 935 922158 3299999999999999
 64 94127154170172162144122104 95 99114136158172174161136103 68 40 24 25251119KZ 4411731538175999999999999991012 952227 2399999999999999
 43 72107140164175173159138117102 99108127150168176170148117 80 47 25 17251120KZ 51817616 4176999999999999991046 982257 1799999999999999
 26 51 85121151171176168151130112102105119140161175175160131 96 60 32 16251121KZ 55217616311779999999999999911181022327 1599999999999999
 17 34 64 99133159172171159141122109105113131152169176168145113 77 45 23251122KZ 62617316581769999999999999911481052358 1699999999999999
 16 24 46 78112142162169163149132117109111123142161172171156129 95 62 36251123KZ 7 11691726174999999999999991217108999999999999999999999
 22 21 35 60 91122147160162154140126115112119133150164169162142113 81 53251124KZ 739163175516999999999999999 031 20124911299999999999999
 34 26 31 48 73102128148157156147135124117117126139153162161149128101 74251125KZ 822158182716399999999999999 1 7 26132611699999999999999
 52 38 34 42 60 84109131147153151143133124120122130140149154150138118 95251126KZ 91315319 515499999999999999 148 34141412099999999999999
 73 56 46 45 54 71 91113133146152150143134126121122127134140142139130114251127KZ101215220 214299999999999999 235 44152212199999999999999
 97 79 65 57 57 64 79 97117135148153151144134124117114116121126131132128251128KZ1113153214113299999999999999 332 5617 411499999999999999
118105 90 78 69 68 73 85102122139152156153144130116105 99 98103113123130251129KZ12 6156234613299999999999999 443 681837 9899999999999999
132128118104 92 82 78 81 92109129146158161154140121102 85 76 76 85102119251130KZ1248161999999999999999999999 6 6 781931 7599999999999999
134142141133120105 93 86 88 99118138156165165153132106 80 60 50 53 70 942512 1KZ 125143132716799999999999999 719 862014 4999999999999999
120142154156148134117102 94 96109129149166173167148120 86 55 32 25 35 592512 2KZ 23915714 317399999999999999 818 932055 2599999999999999
 92125151167169160144125108100105120141162176179166140104 64 30  8  5 222512 3KZ 341170144117999999999999999 9 91002138  499999999999999
 54 93131160177178168149129112106114131153173184182162129 87 44  9 -9 -62512 4KZ 437179152018599999999999999 9571062222-1199999999999999
 17 54 97137167182182170150129115112122142164182189181156117 72 29 -3-172512 5KZ 52918416 018999999999999999104211223 7-1799999999999999
 -9 19 59103142170183180166146127116117130151172187190176146106 61 21 -62512 6KZ 61818316401909999999999999911261152354-1599999999999999
-15 -2 28 68110146170179173159140124117121136157176187185167136 96 56 212512 7KZ 7 517917221889999999999999912 9116999999999999999999999
 -1 -5 11 41 80118148167172164150133121117124140159174181175156126 90 562512 8KZ 75017218 318199999999999999 041 -6125311799999999999999
 27 11 12 29 59 93125150163164155141127118116125140156167169161143117 882512 9KZ 834165184617099999999999999 128  9133811699999999999999
 60 39 28 33 51 77107132151159156147135122115115123135147154155148133113251210KZ 916159193515699999999999999 213 28142811499999999999999
 90 69 54 48 55 72 95119139152155151142129118112112117126134139140136126251211KZ 957155204214199999999999999 258 48153011199999999999999
112 96 81 71 69 76 90109129144153154148138125114107104106112119125129129251212KZ1039154223212999999999999999 345 6817 010499999999999999
125116106 95 88 87 92105120136148154153146135121108 98 92 91 96104114122251213KZ1122155999999999999999999999 441 861837 9199999999999999
128128125117109103100104114128142152156154145131115 99 85 76 75 82 94108251214KZ 04112912 915699999999999999 5551001937 7599999999999999
122132137135129121113109111120134146155158154142125105 85 68 59 61 72 89251215KZ 215137125615899999999999999 7121092021 5899999999999999
109127141147146139129118113115125138151159160153137116 91 67 50 44 50 67251216KZ 320147134116199999999999999 8141122059 4499999999999999
 90115137152157154144131119113117128143156163162150129102 73 49 34 33 45251217KZ 4 7157142316499999999999999 9 61132134 3199999999999999
 68 97125148162165157143128116112119133149162167161144117 85 54 31 22 27251218KZ 44516515 116799999999999999 94911222 8 2299999999999999
 47 75107137159169167155138122112112123139156168169157133101 66 37 19 16251219KZ 51916915371709999999999999910271112242 1599999999999999
 28 53 86120149167171164148130115109115129148165173169150119 83 49 23 11251220KZ 55117216101739999999999999911 21092315 1199999999999999
 15 34 65100134159171169157139121110109119137157172175163138103 66 35 15251221KZ 62317216431769999999999999911341082349 1099999999999999
 10 21 45 79115146165171164148129114107111126146165175172154123 87 53 26251222KZ 65417117171769999999999999912 7107999999999999999999999
 13 14 31 60 95129155168168156139121109107116133153168173164141109 75 45251223KZ 728170175217399999999999999 024 11124210699999999999999
 24 17 25 46 77111141161168163149131115106108120138155167166153129 98 68251224KZ 8 3168183016899999999999999 059 17132110699999999999999
 43 28 27 40 64 95125150164166157141124110104109122138152160157142119 92251225KZ 839167191516099999999999999 135 2614 410499999999999999
 67 48 39 43 58 83110136156165162150134117105101106118132143149146134114251226KZ 916165201215099999999999999 212 38145410199999999999999
 92 72 59 55 62 78100124145160164158144126110 98 94 98108120131139138130251227KZ 953164212814099999999999999 252 551557 9499999999999999
115 99 84 75 74 81 96115135152162162153137119101 88 82 84 92105118129134251228KZ103216423 513499999999999999 338 731717 8299999999999999
131122111101 94 94 99110126143157164161150132111 91 75 65 64 73 88107123251229KZ1114164999999999999999999999 438 931835 6399999999999999
133136133127119113110112121134149161165161148128103 79 58 44 43 53 73 97251230KZ 05913612 316599999999999999 6 61101938 4299999999999999
119136145147144137129123122129141154164167162147123 94 64 38 23 22 37 62251231KZ 249147125716799999999999999 7361222032 2199999999999999
