 -1 -1 16 48 86124154170170155133110 95 91100119142162172167146112 72 3325 1 1L7 728172181217399999999999999 031 -31248 9099999999999999
  6 -6  1 25 61101137162171163144119 98 86 87101124148166172162136 99 5825 1 2L7 8 1171185417299999999999999 1 8 -61325 8599999999999999
 23  1 -4 10 38 76115146165167153131106 87 80 85102126149164165151123 8625 1 3L7 836168193716799999999999999 146 -414 5 8099999999999999
 50 20  5  6 25 56 93127152163158141117 94 79 74 8310112414415615513911225 1 4L7 911163202515799999999999999 224  31450 7499999999999999
 79 48 25 16 23 44 75107136154158148129106 84 71 69 78 9611613414414212825 1 5L7 947158212114599999999999999 3 4 161541 6899999999999999
105 78 54 38 34 44 65 92119141152151139119 96 77 64 62 70 8610412113113125 1 6L71026153223013299999999999999 346 341642 6299999999999999
121104 84 67 56 56 65 83105126142149145132112 90 70 57 53 59 72 8910611825 1 7L711 9149999999999999999999999 434 551753 5399999999999999
123119109 96 84 77 76 83 97113130142146141128108 85 64 48 42 45 56 74 9325 1 8L7 0 2123115914699999999999999 534 751911 4299999999999999
109120123120112103 95 92 96105117131141145140127107 82 57 39 29 30 41 6125 1 9L7 159123125914599999999999999 657 922024 2899999999999999
 84106123132133128118108102102108118131142147143129106 78 50 28 16 16 2925 110L7 33913414 614799999999999999 8341012128 1499999999999999
 52 80108130143146140127115105102107118133145151147132105 73 41 16  3  525 111L7 44514615 915299999999999999 9521022222  299999999999999
 22 50 83115141155156146130114102 99105119137151158152133102 66 31  6 -625 112L7 53415716 5158999999999999991049 992311 -699999999999999
  0 21 54 92126152163160145125107 95 94104122142158164155131 96 57 21 -325 113L7 6151631655164999999999999991135 932354-1099999999999999
-10  1 28 65105139161167157137115 96 87 91106127149165167154125 86 46 1225 114L7 6501671741168999999999999991214 87999999999999999999999
 -7 -9  9 41 81121151166164148125101 85 81 90109134156168166147114 74 3625 115L7 722167182216999999999999999 034-111250 8199999999999999
  7 -6  0 24 60101136160166156135110 88 76 77 92114139159167159136101 6225 116L7 75216619 216799999999999999 110 -61324 7599999999999999
 28  7  2 17 46 83120149163160143119 94 76 70 77 95119142158160147121 8725 117L7 820164194016199999999999999 143  21358 7099999999999999
 53 26 14 18 39 70105136155160149128103 82 69 68 79 9912214115214913310625 118L7 846160201815299999999999999 214 131433 6799999999999999
 76 49 31 28 40 63 94123146156152136113 90 73 65 69 8210112113614113511825 119L7 912156205914199999999999999 243 271510 6599999999999999
 95 71 52 43 47 63 87113136149151141122100 81 68 64 70 8310011612712912225 120L7 938152214513099999999999999 312 431552 6499999999999999
108 90 73 62 60 68 85105126141147143129111 92 75 66 64 70 82 9510811711925 121L710 6147224611999999999999999 342 601642 6499999999999999
114104 92 82 77 78 87101117131140141134121104 87 73 64 62 67 76 87 9910725 122L71038142999999999999999999999 417 771747 6299999999999999
111111107101 95 93 94101111122131136136128116101 85 71 61 57 59 67 77 9025 123L7 021112112213799999999999999 5 6 9219 8 5799999999999999
101110115115113109106105108114121129133133127116101 83 67 55 48 48 55 6825 124L7 242115122613499999999999999 6391052028 4799999999999999
 84100114124127126120114109108112119126133134130119101 80 60 44 35 35 4425 125L7 4 7128134813499999999999999 8411082130 3499999999999999
 61 83105124136140135125115106104107116127137140136122100 74 49 29 19 2125 126L7 45414015 014099999999999999 9561042220 1899999999999999
 35 59 87115137149149140124109 99 96103116132145149143124 96 63 34 12  425 127L7 5311511557149999999999999991045 9623 3  499999999999999
 11 32 63 97129151159153137116 98 88 89101120140155158147122 87 49 17 -425 128L7 6 41591645159999999999999991124 872343 -899999999999999
 -7  7 36 73112144163164150127102 84 77 83102127151165165147115 74 33  125 129L7 63516617301679999999999999912 0 77999999999999999999999
-15-12 11 47 90129158169162140111 85 69 67 81106135160172166142103 59 1925 130L7 7 5169181217299999999999999 020-161236 6699999999999999
 -9-18 -6 24 66109146167169152124 92 67 56 61 81111142165173161131 90 4625 131L7 735171185517399999999999999 056-181312 5599999999999999
 10-10-11  9 45 88128158169161137104 73 52 46 57 83115145164167151118 7825 2 1L7 8 4169193916899999999999999 131-131350 4699999999999999
 39 10 -1  7 32 70110143163164147118 85 57 40 40 56 8411514215715513710625 2 2L7 833166202515899999999999999 2 6 -11430 3899999999999999
 71 40 20 17 32 59 94127151161153131100 69 45 34 38 56 8211013314414112425 2 3L7 9 3161211714499999999999999 240 161515 3499999999999999
 98 71 49 39 42 59 85113137152152139115 87 59 40 32 37 53 7610011912812625 2 4L7 933154221912999999999999999 316 3816 6 3299999999999999
114 97 79 66 62 68 83104124139146142127105 79 56 39 32 36 48 67 8610311325 2 5L710 7146234711599999999999999 354 621710 3299999999999999
115111102 93 86 85 90101114127135138132119100 79 58 42 33 32 40 54 71 8825 2 6L71049138999999999999999999999 441 851833 3199999999999999
102111114113109105103105109115123129131128118103 84 63 44 31 26 29 41 5825 2 7L7 214114115613199999999999999 6 910320 7 2699999999999999
 78 97113123126124119113109108110116123128129123110 90 67 44 26 16 18 3025 2 8L7 4 7126133912999999999999999 8491082124 1699999999999999
 50 75100121134139134125114104100102110121131136132118 95 67 39 18  6  825 2 9L7 45713915 71369999999999999910101002221  699999999999999
 24 49 80110133146147137121105 93 89 95108124138145141124 96 63 31  8 -225 210L7 5321481610146999999999999991055 8923 7 -299999999999999
  4 26 57 93125147154148131110 91 80 80 91110131148155147124 90 53 20 -125 211L7 6 21541658155999999999999991131 782345 -699999999999999
 -6  8 36 73111141157157142118 93 74 67 73 92117141158161147117 79 41 1025 212L7 62815917401629999999999999912 2 67999999999999999999999
 -5 -1 20 55 95131155162152128100 74 59 58 72 97126151164161140105 65 2825 213L7 652162181816599999999999999 019 -61233 5799999999999999
  4 -2 12 41 80119149164159139109 79 57 48 56 77106136158165154126 89 5125 214L7 715164185416599999999999999 049 -213 2 4899999999999999
 21  6 10 33 68107140161163148120 88 61 45 44 59 86116143159158141110 7425 215L7 738165192816199999999999999 117  51332 4299999999999999
 41 20 16 31 59 95130155163154131 99 69 47 39 46 67 95124145154146124 9425 216L7 75916320 215499999999999999 143 1614 1 3999999999999999
 63 39 29 35 56 87119146159157139111 80 55 40 40 53 7710312714214413210925 217L7 821160203714599999999999999 2 8 291431 3899999999999999
 83 60 46 45 58 82110135152154143120 92 66 47 40 46 62 8410712513313111825 218L7 842155211613499999999999999 233 4315 4 4099999999999999
 99 79 65 59 66 82103125142148143127103 79 58 46 44 52 68 8710411712211825 219L7 9 414822 412299999999999999 258 591541 4499999999999999
108 95 83 77 77 86100117131140139130113 92 72 57 49 49 56 69 83 9610611125 220L7 928141232011199999999999999 325 761630 4899999999999999
110105 99 94 92 94102112122130132129119105 88 73 60 53 51 55 63 73 85 9525 221L7 959132999999999999999999999 358 921747 5199999999999999
103108109109108106107110114119123124122115105 92 77 64 53 47 46 51 60 7325 222L7 216110105612499999999999999 5171061938 4699999999999999
 88102113120122120116112109109111115119121119111 99 83 65 48 37 33 36 4825 223L7 4 1122125812199999999999999 83510821 4 3299999999999999
 66 87107124133134128118108100 98102110120127128122107 85 60 38 22 16 2225 224L7 438135144312999999999999999 951 9822 0 1699999999999999
 39 65 93119138146142128111 95 86 86 95110126138141133112 83 51 23  5  125 225L7 5 81461548142999999999999991032 852244  199999999999999
 13 39 72107136153154142120 96 77 70 75 91114137152154140112 75 37  7 -925 226L7 53615616381559999999999999911 7 692323-1099999999999999
 -7 14 48 88126153163155133103 75 57 54 67 92123150165163142106 63 23 -525 227L7 6 41631724166999999999999991141 53999999999999999999999
-15 -5 24 65109145166166147116 80 52 38 42 64 97133161173165138 97 51 1325 228L7 63116918 817399999999999999 0 0-151216 3799999999999999
-10-12  8 45 89131161171160131 93 56 30 23 36 66104141167175161128 85 4325 3 1L7 658171185217599999999999999 035-131252 2399999999999999
 10 -4  4 31 71114150169168145109 68 34 15 15 35 70110145167169150116 7625 3 2L7 726171193617099999999999999 110 -41329 1299999999999999
 40 17 12 28 59 98135160168155125 86 47 19  6 14 39 7411214315915613710625 3 3L7 753168202216099999999999999 143 1214 7  699999999999999
 72 46 33 36 56 87120147161158138105 67 34 12  7 18 44 7710913414514112325 3 4L7 820162211314599999999999999 217 321449  699999999999999
 99 75 59 55 64 83109133149154143120 89 57 30 14 13 25 47 7410012012812525 3 5L7 848154221412899999999999999 250 541537 1299999999999999
114 99 85 77 78 88104121136143141128106 81 55 35 23 22 31 47 67 8710311225 3 6L7 917143234711499999999999999 324 771637 2199999999999999
114111105 99 97 98105114123130132128117101 82 62 45 34 29 32 42 57 73 8925 3 7L7 953132999999999999999999999 4 6 9718 4 2999999999999999
102110114115114112111111113116119120119113104 90 74 57 42 32 29 34 45 6225 3 8L7 24911511 712099999999999999 6161111954 2999999999999999
 81 99113123127125120113107103104107112117118113102 85 65 45 30 23 25 3725 3 9L7 4 9127134511899999999999999 9271032116 2299999999999999
 57 81104123134136130118105 94 89 91 99111122128126114 93 67 43 24 15 2025 310L7 4421361517128999999999999991014 892210 1599999999999999
 36 61 90117136144139126107 89 77 75 82 98116132140137120 93 63 35 16 1125 311L7 5 71441613141999999999999991045 752251 1099999999999999
 21 44 75107134148148135113 89 70 61 64 80102126145151142119 87 53 25 1025 312L7 5291501656151999999999999991114 602324  999999999999999
 12 30 61 96128150156145122 94 68 51 48 60 84113139156157141111 75 41 1825 313L7 5511561734159999999999999991141 472353 1199999999999999
 11 22 49 84121148161155134103 71 47 36 42 63 94126151163156132 98 61 3225 314L7 61116118 91639999999999999912 9 36999999999999999999999
 16 19 40 74111144163163146115 80 49 30 29 44 73107139159163148119 83 5025 315L7 632165184216499999999999999 020 151236 2799999999999999
 28 23 36 65101136160167155128 92 57 32 22 30 54 87121148161157135103 7025 316L7 653167191416299999999999999 046 2213 3 2299999999999999
 44 32 38 59 92126153166161139105 69 39 22 22 39 68101132152157145120 9025 317L7 714167194715799999999999999 111 321330 2099999999999999
 63 46 44 59 85116143160161146117 82 50 28 21 30 52 8211213614914713110725 318L7 734163202115099999999999999 136 431357 2199999999999999
 82 63 56 63 82107133151157148126 95 64 39 26 27 41 65 9211713414013411825 319L7 754157205814099999999999999 2 1 561426 2499999999999999
 98 81 71 72 83102123141149146131106 78 53 36 30 36 52 73 9611412612812225 320L7 815150214412899999999999999 227 7015 0 3099999999999999
110 97 87 84 89101116130140141132115 93 70 51 40 38 45 58 75 9210611411725 321L7 837141225511799999999999999 254 841545 3899999999999999
114108102 98 98103111121128132129120105 88 70 56 47 44 48 57 69 82 9410425 322L7 9 5132999999999999999999999 329 981655 4499999999999999
110113114112110109110113117120121120114104 91 77 64 53 46 45 48 57 70 8425 323L7 13411410 012199999999999999 5 31091847 4599999999999999
 99111120124123119113108106106108112115115111101 88 71 55 42 35 36 44 6025 324L7 321124122911699999999999999 8271052026 3499999999999999
 80101119132135131121108 97 91 91 98108118124124115 97 75 52 33 22 23 3525 325L7 357135142612599999999999999 927 902127 2199999999999999
 57 85112133145144132113 93 78 72 76 90109127138139127104 74 44 21 10 1525 326L7 42614615341409999999999999910 5 722214 1099999999999999
 34 63 97128149156146124 97 71 55 53 65 88115140154153136105 69 35 11  425 327L7 4541561627155999999999999991040 522254  499999999999999
 15 42 78116147163160140107 73 45 32 36 58 90125154167162139102 61 27  725 328L7 5211641715168999999999999991115 312333  499999999999999
  6 25 59100138163170156124 84 46 20 13 26 57 97136165176165136 96 55 2425 329L7 54917018 1176999999999999991151 13999999999999999999999
 11 18 44 82123156173168142102 58 21  0  1 23 61105145171177162129 90 5325 330L7 617174184617899999999999999 010 101228 -299999999999999
 29 23 38 69107144168174157123 78 35  3-11 -2 27 68112149171171153121 8525 331L7 645174193217499999999999999 046 2313 6-1199999999999999
 56 40 43 63 94129157171165140101 57 19 -6-12  3 35 7511614716316014111325 4 1L7 714171202016499999999999999 122 391346-1299999999999999
 85 65 58 67 88116142160164150121 83 44 12 -5 -4 13 44 8011313814914512925 4 2L7 742165211214999999999999999 157 581429 -799999999999999
109 90 78 78 89108129146155150133104 71 40 17  6  9 25 50 7910612513313125 4 3L7 811155221613499999999999999 232 771517  599999999999999
122109 99 94 96106119132141142135118 95 70 46 29 21 23 34 53 74 9511112025 4 4L7 843143235312299999999999999 311 941617 2099999999999999
122119115110108109113119125129128122110 94 76 59 44 35 34 39 51 67 8410025 4 5L7 924129999999999999999999999 4101081744 3399999999999999
112119123122119116112111111112114116115110101 89 74 58 46 39 39 47 60 7825 4 6L7 22112311 911699999999999999 7311101931 3899999999999999
 96112124130130124115106 99 96 97103110115117113102 86 68 51 40 37 43 5825 4 7L7 326131135111799999999999999 912 962050 3799999999999999
 79101120133137133121106 92 82 80 85 97110122128125113 93 70 50 37 35 4425 4 8L7 358137151212899999999999999 949 802141 3499999999999999
 64 88113133143142129110 89 73 64 66 79 97118134140135117 93 67 46 35 3725 4 9L7 42214416 3140999999999999991018 642220 3499999999999999
 52 77106131147150139118 92 68 52 49 59 79105130146150139116 87 60 41 3625 410L7 4431511645150999999999999991046 492252 3599999999999999
 45 68 97127149158151129100 70 47 36 40 59 87118143156154136108 78 53 4025 411L7 5 31581721158999999999999991113 352320 3999999999999999
 42 60 89121148162161142112 78 47 29 26 40 67101133155163153129 98 69 4925 412L7 5241641756163999999999999991140 252348 4499999999999999
 44 56 81112143163168155126 90 55 28 18 25 47 81116146163163146118 87 6325 413L7 54616818291659999999999999912 7 17999999999999999999999
 50 55 74103134159170163140105 67 35 16 15 31 61 97131156165157135107 7925 414L7 6 817019 216599999999999999 015 501234 1399999999999999
 62 58 70 95124151167167150119 81 46 22 13 21 45 78113142159161147123 9725 415L7 631169193616299999999999999 043 5813 1 1399999999999999
 76 67 71 89115141160166156131 97 61 33 17 17 32 60 9312314615615213511325 416L7 653166201115699999999999999 111 671330 1599999999999999
 92 79 77 88107130150160156139110 77 47 26 19 26 46 7310212714414814012525 417L7 716160205114899999999999999 139 7714 1 1999999999999999
107 93 87 91103121139151152142121 93 65 41 28 26 37 57 8110512513613813125 418L7 740153214013899999999999999 2 8 871437 2599999999999999
119107 99 97103115128140145141128107 83 60 43 34 35 45 62 8210211712712925 419L7 8 7145224912999999999999999 243 971524 3399999999999999
125118112107107111119127133135130118101 81 63 49 41 41 49 62 78 9510912025 420L7 845135999999999999999999999 3341061630 4099999999999999
125126123118114111111114119123124122114102 87 71 57 48 44 47 56 71 8810525 421L7 036126 95912499999999999999 52411118 2 4499999999999999
119128132130123115107102101105111117120118111 98 82 65 51 42 42 50 65 8525 422L7 2 7132121312099999999999999 7391011933 4199999999999999
107125137141136124108 94 85 83 89100113124128124112 92 70 51 38 36 45 6425 423L7 25514114 212899999999999999 844 832041 3699999999999999
 90116137149149137116 93 73 63 63 75 94116134142139124100 72 49 35 34 4725 424L7 330150151514399999999999999 928 612134 3299999999999999
 71101130151159152130101 71 48 39 45 64 93123146157153133104 72 47 34 3625 425L7 4 115916131589999999999999910 7 382220 3399999999999999
 55 84118147165165148117 79 45 22 17 31 60 97133159170162138105 72 48 3825 426L7 43216717 5170999999999999991046 1723 3 3899999999999999
 46 69103137163174165137 97 55 20  1  2 24 61104143170178166139104 72 5225 427L7 5 31741754178999999999999991126 -12344 4799999999999999
 47 61 88123154174176157121 75 32  0-13 -4 25 67112151176180165136103 7525 428L7 53517718421819999999999999912 6-13999999999999999999999
 60 61 79108140166178170143102 56 15-12-18 -2 31 7512015517517515813110225 429L7 6 8178193117799999999999999 024 581247-1899999999999999
 80 71 78 98126153171174159127 85 41  6-13-13  7 41 8312315316816514912525 430L7 641175202016999999999999999 1 4 711329-1699999999999999
103 88 85 95114138158168164144111 72 35  8 -5 -1 20 52 8912214615715314025 5 1L7 715168211315799999999999999 144 841415 -699999999999999
122106 97 98108124142155158150130100 67 38 17  9 15 33 60 9011713614514225 5 2L7 751159221514599999999999999 225 9615 5  999999999999999
133121111106108115127138145145136119 95 70 48 32 26 30 45 66 8911112713525 5 3L7 832146233413699999999999999 31510616 3 2699999999999999
135130123116112112115121127132132126114 97 79 61 48 41 43 53 68 8710612125 5 4L7 931133999999999999999999999 4331111717 4199999999999999
130133131126119112108107109114119122121115104 90 75 62 53 52 58 70 8710525 5 5L7 1 6133111812299999999999999 6471071842 5299999999999999
121132136134127116106 97 93 94100109117122121114102 86 71 61 57 62 74 9225 5 6L7 212136132512299999999999999 817 931957 5799999999999999
111127138141136123108 92 81 77 80 91105119128131124111 93 76 65 61 67 8225 5 7L7 251141144713199999999999999 9 3 772052 6199999999999999
102122138147145133114 93 75 63 62 71 87107126138140132115 95 77 66 66 7525 5 8L7 320147154314199999999999999 939 612135 6599999999999999
 94116137151154144125 99 74 55 47 51 67 91116137149148136116 94 76 68 7225 5 9L7 3451541627150999999999999991010 472211 6899999999999999
 87110133152161156138110 80 54 38 36 48 71100128149158152135112 90 75 7225 510L7 4 916117 7158999999999999991040 352244 7299999999999999
 82102127150164165151125 92 60 36 26 32 52 81114142160164152131107 86 7625 511L7 43416717431649999999999999911 9 262317 7699999999999999
 79 95119144163171163140107 72 41 23 21 35 62 95129155168165148125101 8525 512L7 5 11711819168999999999999991139 202349 8099999999999999
 80 89110135157171170153124 87 53 27 16 22 44 75111143164170161141117 9725 513L7 52817218541709999999999999912 9 16999999999999999999999
 86 88102124148166172163139105 68 38 19 16 30 56 9012515216716715413311125 514L7 555172193016999999999999999 021 851240 1599999999999999
 95 90 98115137157168167150121 86 53 28 17 21 40 7010313415616516014512525 515L7 62316920 816599999999999999 054 901313 1699999999999999
107 97 97109127146161165157135104 71 42 24 20 30 52 8111213815515915113625 516L7 652165205015999999999999999 128 961348 1999999999999999
120107101105118135150159158144121 91 61 38 26 26 39 62 8911613815015114425 517L7 724160213815299999999999999 2 41011428 2499999999999999
131117108106112123137148153148133110 83 58 40 31 34 48 69 9311713514514525 518L7 8 2153223414699999999999999 2471061515 3199999999999999
139128118110108113122132141143138125105 82 61 46 39 42 54 73 9511613214225 519L7 854143234014399999999999999 3471081612 3999999999999999
143138128118109105107113122130134132122107 88 69 55 47 48 58 75 9511613325 520L71011134999999999999999999999 5111051721 4699999999999999
143145139128115103 95 94 99108119127130126114 98 80 64 55 54 62 77 9811925 521L7 045145115413099999999999999 641 941837 5399999999999999
137148149141126108 90 79 76 81 94110124133134126111 92 73 61 58 65 8210425 522L7 139150133513599999999999999 752 751948 5899999999999999
127145155154141120 95 72 57 54 63 81104126141146140124102 82 67 63 71 8925 523L7 223156145614699999999999999 846 542051 6399999999999999
113138156163157138109 77 50 34 34 47 73104132152160153135111 88 73 69 7925 524L7 3 416316 216099999999999999 934 322146 6999999999999999
 99125150167170157130 93 57 28 14 17 37 70107140164171163143117 93 78 7725 525L7 3421701659171999999999999991019 132237 7599999999999999
 89112139162175172152118 77 37  9 -2  7 33 72113149173179169146119 96 8425 526L7 42117617511809999999999999911 4 -22324 8299999999999999
 85100125151172180171144105 61 22 -4-10  4 36 78121157179182169145119 9925 527L7 5 01801842183999999999999991148-10999999999999999999999
 89 94112136161178180165133 91 48 12 -9-10  8 43 8612816117917916414111725 528L7 539181193018299999999999999 010 891234-1299999999999999
101 95103122146167178176156122 81 40  9 -7 -3 18 54 9513316217517215713525 529L7 620179201817699999999999999 053 951319 -899999999999999
115103101111130150167174167145112 73 38 12  2  9 32 6610313615916816214825 530L7 7 217421 616899999999999999 13710014 6  299999999999999
129114105106117133150163166156134104 71 42 22 16 26 47 7710913615415915325 531L7 746166215515999999999999999 2231041453 1699999999999999
140125113107109118131145154155145126100 73 50 36 33 43 62 8811413514815125 6 1L7 835155224715199999999999999 3141061543 3399999999999999
145134122111106108115125135142143135120101 80 62 51 50 59 76 9711813514525 6 2L7 935144234114799999999999999 4171061636 5099999999999999
146141131119108102102106114124131134130120105 89 75 67 66 73 8710512313725 6 3L71054134999999999999999999999 5361011735 6599999999999999
144145139128114102 94 92 95103113123129129123113 99 87 79 78 85 9711312925 6 4L7 033146123213099999999999999 657 921838 7899999999999999
141147146137124108 93 83 79 83 93106119129133130121109 97 89 88 9410612225 6 5L7 11914814 513399999999999999 8 0 791941 8899999999999999
137148152147135117 97 80 69 66 72 86104121134141138129116104 96 9510211525 6 6L7 159152151514199999999999999 848 662037 9499999999999999
131146155156147130107 84 65 55 55 66 8510712814315014713512010710010010925 6 7L7 23615716 915099999999999999 928 542126 9999999999999999
124141155162159144121 94 69 51 44 49 65 8911613915415915213812110810110525 6 8L7 31116216531599999999999999910 5 44221110199999999999999
116134151164167158138109 79 54 38 36 47 69 9812715116516615513812010710325 6 9L7 3461671734167999999999999991041 35225210399999999999999
109124144161170168153127 95 64 40 29 32 50 7811014016317216815413411610525 610L7 4221711812173999999999999991117 28233210399999999999999
105115133153168174166145114 80 49 29 23 33 57 8912315217117616714912811225 611L7 4571741849176999999999999991152 23999999999999999999999
104108122142161173174160133 99 64 37 21 22 38 6710113516217617516214112125 612L7 532175192617799999999999999 0 91041228 2099999999999999
108105113130151168175170151120 84 51 27 18 25 47 7811314516717617015313325 613L7 6 817620 417699999999999999 04610413 5 1899999999999999
115105107119137157171174163139106 71 41 23 20 32 57 9012415216917216214425 614L7 644174204217299999999999999 1231041342 1999999999999999
125110104109123142159170168153127 94 61 36 24 26 42 7010213315616716615325 615L7 724171212116899999999999999 2 21041422 2399999999999999
135117105103110125143157164160143117 86 58 38 30 36 55 8211213915716415925 616L7 8 916522 216499999999999999 24610215 3 3099999999999999
145127111101100107122138151156151135111 84 61 45 41 49 68 9412114315816125 617L7 9 2156224616199999999999999 338 991550 4199999999999999
153138120104 94 93100113128141147144131111 89 69 57 55 64 8110412814715825 618L710 9147233315999999999999999 440 921642 5499999999999999
158149133114 97 85 82 88100116130139140132117 99 83 72 70 77 9311313415025 619L71133141999999999999999999999 550 821743 6999999999999999
159158147129107 87 72 67 72 85103121135141138128113 98 87 84 8910212013925 620L7 022160131114199999999999999 7 1 671854 8499999999999999
154161159146124 99 75 57 50 55 70 91115134146148141128113100 95 9810912625 621L7 114162144414999999999999999 8 6 5020 9 9599999999999999
145159166161145119 89 61 41 33 39 57 8311213815516015514112411010210411525 622L7 2 616616 016099999999999999 9 5 33212010299999999999999
132151165171164144114 79 47 26 18 26 48 8011414416517216615013111510610825 623L7 25817117 117299999999999999 959 18222110599999999999999
119138157172176166142107 69 35 13  7 19 45 8212015317418017215413311510725 624L7 3491761754180999999999999991050  7231510699999999999999
110123143164178180166138100 59 25  4  1 17 48 8812916218118417215212911225 625L7 4381811841185999999999999991139  0999999999999999999999
106111127149170182181164132 92 51 18  1  2 22 56 9813816918418316714512325 626L7 527184192418699999999999999 0 31061226 -199999999999999
108104113132154174184180159125 84 45 16  3  9 33 7011014817318317615813525 627L7 61318520 418399999999999999 0471041311  399999999999999
115103103115136158176182174150116 77 42 19 12 23 50 8612415517417716614625 628L7 659182204117899999999999999 1291021353 1299999999999999
124107 99103118138159173176165140107 73 44 27 26 41 6910313616017216915425 629L7 744177211717299999999999999 210 991433 2599999999999999
134115101 97103118138155167166153130101 72 51 41 45 63 8911914516216615925 630L7 830168215116799999999999999 253 971511 4099999999999999
143124107 96 95103117134149157155142122 98 77 62 58 66 8410813215116116025 7 1L7 919157222416299999999999999 339 941549 5899999999999999
150133116101 92 92100113127140146144134119101 86 77 77 8710312314115415925 7 2L71017147225815999999999999999 431 911628 7699999999999999
154142126109 96 88 88 95106119131137137131120108 98 93 9510411813314715625 7 3L71130138233715799999999999999 532 871713 9399999999999999
156150137121104 91 83 82 88 9811112313213513312711811110710911612714015025 7 4L713 5135999999999999999999999 639 82181110799999999999999
156155147134117 99 85 76 74 79 9110512013213914013612912211711812313214325 7 5L7 022157144314199999999999999 745 74192711799999999999999
152157156147132113 93 77 67 65 72 8510312213714715014613812912312112613525 7 6L7 116157155415099999999999999 844 65204512199999999999999
146155160158147130108 85 67 57 56 65 8310512814615816015414313212312112625 7 7L7 212160164616099999999999999 934 55215012199999999999999
136149159164161147126100 75 56 46 48 62 8411113815816916815814413012011925 7 8L7 3 71641727170999999999999991020 45224011899999999999999
126139154165170163146119 89 62 43 36 43 62 9012115017017717215813912411525 7 9L7 35617018 51779999999999999911 1 36232311499999999999999
116127143161173175164141110 76 48 31 28 41 6610013416217918217115213111525 710L7 4411751840183999999999999991141 27999999999999999999999
109115130150169180178161133 97 62 35 21 25 44 7611314817418518116414112025 711L7 523181191318699999999999999 0 11091219 2199999999999999
106105116136158177184177155121 82 48 24 17 27 53 8912816118218617515312825 712L7 6 3184194618799999999999999 0371041255 1799999999999999
108 99102118142165182185172145107 69 37 19 19 37 6810614317118518116413925 713L7 644186201718599999999999999 113 981331 1799999999999999
114 97 92101121146169182181163132 95 59 33 23 30 53 8712415617718217215025 714L7 725184204918399999999999999 150 9214 7 2299999999999999
124101 88 88101123148168178173152121 87 57 38 34 47 7310613916517817616025 715L7 810178212017999999999999999 230 861443 3399999999999999
135110 90 80 83 99121144162169162142114 85 62 50 52 68 9412415116917516725 716L7 9 1169215417599999999999999 314 801522 4999999999999999
147123 98 81 73 78 94115136152158152136114 91 75 68 73 8911213715716916925 717L710 0158223117099999999999999 4 6 7316 4 6899999999999999
157137113 91 74 67 72 85104124140147145135119104 93 89 9410712514415916625 718L71116148231416699999999999999 5 6 671655 8999999999999999
163151131108 85 68 60 62 74 9111112914014314013112011110811112013314715825 719L71257143999999999999999999999 617 6018 410899999999999999
163160148130106 82 63 52 51 60 78 9912013714714914513712812212012513414625 720L7 0 9163145014999999999999999 735 50194112099999999999999
157162161150131106 80 57 43 39 47 66 9011613915516115915013812812312513325 721L7 118163161216199999999999999 848 39211612399999999999999
145157165165155135107 77 50 32 27 36 58 8711814616517316915714112712012125 722L7 23216617 817399999999999999 951 27222411999999999999999
130144160171172161138106 72 42 23 18 30 56 9012615617618117315613712111325 723L7 3391731752181999999999999991046 18231511299999999999999
115128147166178179166139102 65 33 15 14 30 61 9913816818418517114912711025 724L7 4361811830186999999999999991134 12235710599999999999999
105111129152173186184167135 95 56 26 11 15 38 7311415217918918216213611325 725L7 52618719 4189999999999999991217 10999999999999999999999
 99 98110132158180191185163127 86 49 23 14 25 53 9213216618518717214812125 726L7 611191193518899999999999999 035 971256 1499999999999999
 99 90 94112138164184191180153116 77 44 25 25 43 7511415117718717915813125 727L7 65419120 318799999999999999 111 891331 2299999999999999
105 88 84 95116143168184185169140104 70 45 35 43 6610013616518218116614125 728L7 734187202918499999999999999 146 8414 3 3599999999999999
114 92 80 83 98121147168179174156127 96 69 53 52 66 9312415317418017115125 729L7 814179205418099999999999999 220 801433 5099999999999999
125100 83 78 85102125147163169161142117 93 74 67 73 9211714316417517215825 730L7 855169211817699999999999999 256 7815 2 6799999999999999
135111 91 79 78 88105125144155157149133113 96 86 86 9611413615516817016225 731L7 941158214417199999999999999 335 771531 8599999999999999
145124103 87 79 81 9110612213714614714012911610610210511613114715916516325 8 1L71037147221316699999999999999 420 7916 410299999999999999
152135117 99 87 81 82 9010311612913713913713112511911812112914015015816025 8 2L71159139225016099999999999999 516 80164811899999999999999
155145131114 99 87 81 81 86 9610812113113814014013613313113113514214815325 8 3L71413141235015599999999999999 631 80181313099999999999999
155152143131116100 87 78 75 78 8710111613114214915114814313713413513814425 8 4L71550151999999999999999999999 758 75202513499999999999999
150154153146134118 99 82 70 65 68 79 9611613615216116215614713713012913325 8 5L7 120154163916399999999999999 9 9 65214712999999999999999
141150157159153138118 95 73 58 52 57 72 9512214616417317015914413012212125 8 6L7 24315917151739999999999999910 3 52223412199999999999999
129141155165168159140114 85 60 43 39 49 7110113316017718117215513511911125 8 7L7 3441681747181999999999999991047 39231211199999999999999
115128146164176177164138105 71 44 29 30 47 7711314817518818416714312010525 8 8L7 4331781817188999999999999991126 28234610199999999999999
101111131155176187183163131 92 56 30 20 28 54 9013016518719218015512710325 8 9L7 51718718451939999999999999912 2 20999999999999999999999
 91 93110137165186194184157119 77 42 21 18 36 6911015018019418916813710725 810L7 558194191319599999999999999 020 901237 1799999999999999
 85 79 89113144174193196179147105 65 34 20 27 52 9013216819019417915011625 811L7 639197194119599999999999999 054 791311 2099999999999999
 87 71 71 88117151179194191170134 94 58 35 30 45 7611415218119318616212925 812L7 72119520 819399999999999999 129 691344 3099999999999999
 96 71 60 67 90121153178188181157123 88 60 46 49 7010113716718618717214425 813L7 8 6188203618999999999999999 2 6 601418 4599999999999999
110 80 60 55 67 91122151171177168146117 89 70 65 74 9612515317418317715625 814L7 85417821 418399999999999999 247 551453 6599999999999999
127 96 70 55 55 67 90118142159164156138117 99 88 88 9911914116117417516425 815L7 951164213617699999999999999 333 531530 8699999999999999
143116 89 68 56 56 67 8610913014515014713712511410811012013414916116716525 816L711 6150221516899999999999999 430 54161510899999999999999
154135112 89 70 59 57 64 78 9611513114114414213713112712813213914815515925 817L713 4144231315999999999999999 544 56172812799999999999999
157149135116 95 76 61 55 57 67 8310212113714715215114614013613413614114725 818L71518152999999999999999999999 717 54195913499999999999999
153155151141124103 80 61 49 47 55 71 9411814015616416315514513512812713225 819L7 053155162316499999999999999 845 47214012799999999999999
141151159159151133109 81 57 41 37 45 66 9312314916717416915614012511711625 820L7 23616017 417499999999999999 951 37223111599999999999999
125139155167170161140110 78 50 32 29 42 6810113516317918016914912811010325 821L7 3471711736182999999999999991042 2823 910399999999999999
107122143164178181168141106 70 41 26 27 47 79116152177187180160134110 9425 822L7 44018218 4187999999999999991124 242343 9099999999999999
 91102124151175189187168136 97 60 34 24 34 60 98137169188188172145115 9125 823L7 52519018311909999999999999912 0 24999999999999999999999
 80 84102131161184195187162125 85 51 32 31 49 82122159184192181156124 9525 824L7 6 5195185519299999999999999 015 791232 2999999999999999
 75 71 83108140171191195180150111 74 48 37 47 7310914717719218816713610325 825L7 643195191819399999999999999 045 7013 2 3799999999999999
 77 64 68 88118150177191188167135 99 69 51 52 7010013616818819117614811425 826L7 719192193919299999999999999 115 641329 4999999999999999
 84 65 61 73 97128158179186176152121 91 70 63 73 9612715818018918015812725 827L7 75418620 118999999999999999 145 601355 6399999999999999
 96 72 61 64 82108137161175175161138112 90 79 81 9712114817118318116413825 828L7 830177202118499999999999999 215 601420 7899999999999999
109 84 67 63 73 92116140158166162148129110 97 9410212014116117417616714725 829L7 9 9166204317799999999999999 247 631446 9499999999999999
122 98 79 69 71 8210012013815015415013912611511011212213615216416916515325 830L7 95715421 616999999999999999 323 69151411099999999999999
134113 94 81 75 78 8810211713114014414213713112612512813514515315915915425 831L711 9144213516099999999999999 4 9 75154812599999999999999
142127111 97 86 81 82 88 9810912113013714114214113913813814114414815115025 9 1L71352142222715199999999999999 521 81171413799999999999999
146139128116103 92 84 80 81 88 9811112513714615215214914514013713713914325 9 2L71540153999999999999999999999 713 80203813799999999999999
146146143135123108 93 80 71 69 75 8810612614415716416215514413412712613025 9 3L7 041146161816499999999999999 845 69214212699999999999999
138147153153146131110 88 69 57 55 64 8310813415617117416715213412011311525 9 4L7 232154164717499999999999999 942 55221811399999999999999
125140155165166155134106 78 54 42 43 59 85117149172183179163140118102 9825 9 5L7 3351671714183999999999999991025 412250 9899999999999999
106125147168179178161132 97 64 40 30 38 62 97134167187190176150121 96 8325 9 6L7 42318017401919999999999999911 3 302322 8299999999999999
 85102129159182192185161124 84 50 29 26 43 75116155184196188164130 97 7425 9 7L7 5 719218 6196999999999999991138 252354 6699999999999999
 66 77103138171194200186155114 72 41 26 32 58 97139175196197178144106 7325 9 8L7 5492001833200999999999999991212 26999999999999999999999
 54 54 74108147181201201181145103 64 39 34 49 81122161190200189160120 8125 9 9L7 631204185920099999999999999 028 521246 3399999999999999
 52 40 49 77115155186201196171134 95 63 47 51 73108146178196195173138 9725 910L7 714202192519899999999999999 1 4 401319 4699999999999999
 60 38 34 50 82121158184194184159125 93 71 64 7510013316418619318215411625 911L7 759194195219399999999999999 141 331353 6499999999999999
 78 49 33 36 56 87123155176181170148121 99 86 8710112415117318518216513525 912L7 848181202018699999999999999 221 321427 8499999999999999
101 69 46 37 43 62 9012014516116515714112411010510912314115917217516814925 913L7 946165205017699999999999999 3 7 3715 310599999999999999
123 95 70 53 46 51 66 8811113214515014814013212612412813614715716316215425 914L711 7151212716399999999999999 4 3 46154812499999999999999
139120 98 79 64 56 57 66 81 9911713114114614614414013813814014314715015125 915L71335146223615199999999999999 523 56173613899999999999999
147138125109 92 76 64 59 61 71 8710512313915015515515014413713313213413925 916L71526156999999999999999999999 711 59205013299999999999999
144146144137122104 84 67 56 54 62 7810012414515916516215313912711911712225 917L7 1 814616 916599999999999999 842 53214611799999999999999
132144153156150134111 86 63 49 47 57 7810513315717117216314612611010110325 918L7 251156163817399999999999999 942 46222110199999999999999
114132151165169161140112 82 57 43 44 59 86119149171179173155130107 90 8525 919L7 35216917 3179999999999999991027 412251 8599999999999999
 94113138162178180166139106 74 50 41 48 71104139168183182166139109 85 7225 920L7 43818117261859999999999999911 3 412320 7199999999999999
 75 92119150175188185164132 96 65 46 45 62 92128161184189177150117 86 6525 921L7 5181891748190999999999999991134 432349 5999999999999999
 59 71 97131163186194182156120 85 59 49 58 83117153181193187163129 93 6525 922L7 55419418 91939999999999999912 2 49999999999999999999999
 51 55 76109144175193192174142107 77 59 60 78108144174193193174142105 7125 923L7 629195183119599999999999999 017 501229 5799999999999999
 50 46 59 87123158183193184160128 97 74 67 77102134166188194182155119 8325 924L7 7 2193185219499999999999999 044 451255 6799999999999999
 56 44 49 71103137167185186172146117 92 79 82 99126156179191186165133 9725 925L7 736188191219199999999999999 112 431321 7999999999999999
 67 49 47 60 85117148170180175158134110 95 9110112114616918318417014411225 926L7 810180193318599999999999999 139 461346 9199999999999999
 82 60 51 56 74 9912715116717016214512711110410712013915917317717015112525 927L7 847170195417799999999999999 2 9 51141210499999999999999
 98 75 61 59 68 8610813014815715815013812611811712313514916216816515413525 928L7 933159201516899999999999999 242 58144111799999999999999
113 92 76 68 69 78 9311012613914614714413813212913013514315115615715214225 929L71042148204115899999999999999 324 67151712999999999999999
126110 94 83 77 77 82 9210411712813714214414314214013914014214414614614325 930L71314144212914699999999999999 431 7617 413999999999999999
136126114102 91 83 78 79 84 941061201331441511531511461401351321321351382510 1L715 0153999999999999999999999 624 78202913299999999999999
140139134125112 97 83 74 69 72 83 991191381531621621561441321221171181252510 2L7 014140153616399999999999999 8 5 69211611799999999999999
135144149147137120 99 78 64 57 62 76 99125149166173167153133115102 991062510 3L7 21314916 317399999999999999 9 6 572148 9999999999999999
121139155163161147123 95 69 52 47 56 78108139165180179165140113 91 80 822510 4L7 318164162918199999999999999 952 472220 7999999999999999
 98123149170179173153122 88 59 43 42 59 89124158182189179153120 88 66 592510 5L7 4 81791655189999999999999991031 402252 5999999999999999
 70 96129162185192181153116 80 52 40 47 71107146177194191169133 94 60 422510 6L7 45419217221959999999999999911 8 402327 4099999999999999
 43 64 99139174197200182149109 73 50 45 60 91130167192199184152109 67 362510 7L7 5392011749199999999999999991145 44999999999999999999999
 24 34 64106149184203200178142103 72 56 59 81115153184200195170129 84 442510 8L7 623204181720199999999999999 0 2 241221 5499999999999999
 19 16 34 69114157188202194169135101 77 69 79104138170193198183150107 632510 9L7 7 8202184619899999999999999 040 141256 6899999999999999
 29 12 16 40 77120159185193183159129103 87 87101127156180192188166130 89251010L7 756193191519399999999999999 119 111332 8599999999999999
 51 25 15 24 49 85123155175180170150127110102106121143164179183172148115251011L7 847180194618399999999999999 2 1 1514 910299999999999999
 80 50 31 26 36 59 89120145161165157144130120118123135150163170169156135251012L7 947165202017199999999999999 249 26145011799999999999999
108 81 58 44 41 49 66 88112133146152150144137132130133140147153156154144251013L7111315221 415699999999999999 347 40155013099999999999999
129110 90 73 60 55 58 68 84102120135144149148145141136134134136139141142251014L71327149224114299999999999999 5 9 55183413499999999999999
139131119104 88 74 65 62 66 78 94113131145153155151143134126120120123130251015L71449155999999999999999999999 654 62203911999999999999999
137141140132119101 83 69 61 63 74 92114135152161161152138122109102103112251016L7 121141152816299999999999999 820 61212310299999999999999
125139149152145130108 86 68 60 62 76 98124147163168161145124103 89 84 90251017L7 249152155616899999999999999 917 592156 8499999999999999
106127147161164154134109 84 66 59 67 86112140162173171155130103 81 69 70251018L7 345164161917499999999999999 959 592225 6899999999999999
 85108136159173172158133104 79 64 64 78103132159177179166141109 80 60 54251019L7 4291741640180999999999999991033 622253 5499999999999999
 64 87118148172182175155126 97 75 66 74 95124154177186178154120 86 58 44251020L7 5 718217 21869999999999999911 3 662321 4399999999999999
 47 66 96132163182186173147116 90 74 74 89116147174189187167135 97 63 41251021L7 5421871724190999999999999991131 722348 3599999999999999
 36 48 76111147175188184165136107 86 78 87109138167187191178150112 75 46251022L7 6161891746192999999999999991158 78999999999999999999999
 32 37 58 91128161183188177153125100 87 88103129157180191185162128 90 57251023L7 64918818 919199999999999999 016 321226 8599999999999999
 36 32 46 73108143170184182166141117 99 93101121147170185186170142106 72251024L7 723185183318799999999999999 044 321254 9399999999999999
 46 35 40 59 89123152172179172154132113103104117137159176181173152121 89251025L7 758179185618199999999999999 112 35132310299999999999999
 61 44 41 52 74103132155168170160144127114111117131149164173171157134105251026L7 836171192017499999999999999 143 40135311199999999999999
 78 58 48 50 64 86111134151160159150138127120121128140153162164158142120251027L7 923161194716499999999999999 218 47142812099999999999999
 96 75 61 56 60 73 92112130144151151145138131128129134142149154153145131251028L71028151202115499999999999999 3 2 56151812899999999999999
114 95 79 68 64 67 77 91108123136144147146142137133131132136139142142137251029L712 7147212714299999999999999 4 3 6417 513199999999999999
128115101 87 76 69 69 75 87101117132144150151147140132125122122126131135251030L71341151234413699999999999999 531 69192512299999999999999
136132123111 96 82 71 67 70 81 97116135150158158150137123111104105111122251031L71431159999999999999999999999 7 5 67202710499999999999999
134141142136122104 85 70 63 65 78 98122144160167162147126105 89 82 861002511 1L7 14014315 516799999999999999 815 6321 8 8299999999999999
119138152157150133109 85 67 59 64 80106134158173174161136107 81 63 60 702511 2L7 254157153517599999999999999 9 9 592145 5999999999999999
 93121148166171162140111 84 65 58 67 89120150173183176153119 83 53 38 402511 3L7 35117216 518399999999999999 955 582222 3799999999999999
 60 92128160180184170144111 83 65 63 77104137167186188171138 96 56 28 172511 4L7 4421851636190999999999999991038 6223 1 1799999999999999
 28 56 96137172191191174143110 83 69 72 92123156182194186159118 73 33  82511 5L7 53119417 8194999999999999991119 682340  399999999999999
  4 22 58103147180197193172140109 85 77 86109141171191195178143 98 52 162511 6L7 6191981741196999999999999991159 77999999999999999999999
 -3  1 25 64111153184196188166136108 91 89102127156180193188165126 81 392511 7L7 7 6196181519499999999999999 021 -41239 8899999999999999
  8 -4  5 33 73117155181188179157132110 99102117140164182188176149111 702511 8L7 755188185118899999999999999 1 4 -41319 9999999999999999
 34 10  4 16 44 811201521721771671491301151091141281481661771761621351012511 9L7 847177192817899999999999999 150  414 210999999999999999
 66 38 20 18 30 55 87119145161164157144130120117122134147159165162148126251110L7 946164201116599999999999999 239 17145111799999999999999
 98 71 49 35 34 45 65 90115137150154150142133125122125131139147150148138251111L7105715421 915099999999999999 336 3316 312299999999999999
122102 81 64 52 50 57 71 90111130142148148143135127121119121125131136137251112L71224149224613799999999999999 446 5018 311999999999999999
133124110 94 79 67 62 65 75 91110127141148149144134123113107106109117126251113L71338150999999999999999999999 6 9 62194710599999999999999
132135131122107 92 79 71 71 80 95113131145153152143129113 99 90 88 94107251114L7 055135142415399999999999999 729 702042 8899999999999999
121134141141132117100 85 77 76 86102122141154158153138117 97 80 71 73 85251115L7 228142145715899999999999999 831 752120 7199999999999999
103123141151150140123104 88 80 83 95114136154164162149127101 77 60 56 63251116L7 329152152316499999999999999 917 802153 5599999999999999
 82107132151161158144124104 89 84 91107130151166170161140110 81 57 44 45251117L7 416161154917199999999999999 955 842224 4399999999999999
 61 86116144163169161143121101 90 90102123146166176172154125 91 60 40 33251118L7 4561691615176999999999999991030 882254 3399999999999999
 43 66 97130157173173160139116 98 91 97115138161177180167141106 71 43 28251119L7 53317516411809999999999999911 2 912324 2799999999999999
 30 47 77112145169179173155132110 97 96107129153173182177156123 86 53 31251120L7 6 817917 9182999999999999991134 942355 2499999999999999
 24 34 58 92128158176179168147124105 98103119142164179181167140104 68 40251121L7 64218017381829999999999999912 7 97999999999999999999999
 24 25 43 72107141166178175160138117104102112131153171179173153122 86 54251122L7 71717918 617999999999999999 026 23123910199999999999999
 32 24 33 55 87121150169175167150130113105109122141160173174161137104 71251123L7 754175183617599999999999999 058 24131310599999999999999
 44 29 29 43 68 99130154167168158141124112109116131148162169164147121 90251124L7 83316919 716999999999999999 132 27134810999999999999999
 61 41 32 37 54 79108134153162160149134121114114122135149159160152134108251125L7 917162194216199999999999999 2 9 32142811399999999999999
 81 58 43 38 46 63 87112134150156152143131121115116123134144150150141124251126L710 7156202715199999999999999 251 38152211599999999999999
102 79 60 49 47 55 71 92114133146151148140130120114113118126134140140133251127L711 6151213414199999999999999 342 46163711399999999999999
120102 83 67 57 55 62 76 95115133145150148139128116107103105112121129133251128L712 8150231113399999999999999 443 5518 810399999999999999
131122109 92 77 66 63 68 80 98118136148153150139123107 93 86 87 95107121251129L713 4153999999999999999999999 555 631924 8699999999999999
131135131120104 88 75 69 72 84102123142155158152136114 92 74 65 66 78 96251130L7 059135135215899999999999999 710 692021 6499999999999999
117134143143134117 98 83 75 77 89108131151163164152129100 72 51 41 46 642512 1L7 229144143416599999999999999 818 742110 4199999999999999
 89118141155157147128106 88 79 82 95117142162172168149119 83 50 27 20 302512 2L7 339158151417299999999999999 918 792156 2099999999999999
 54 88122151168170157135111 92 83 88104128153172178168142105 64 29  7  42512 3L7 4371711554178999999999999991011 832241  399999999999999
 19 50 90130161178178163139113 94 87 95114140165181182165133 90 46 11 -72512 4L7 53018016351839999999999999911 0 872326 -999999999999999
 -6 15 52 96138169184182164138113 96 92102124150173185181159121 76 32  02512 5L7 6201851716186999999999999991146 92999999999999999999999
-15 -8 18 58104145174185179159134111 97 97110133158178185176149109 64 242512 6L7 7 8186175818599999999999999 012-151230 9599999999999999
 -4-14 -2 27 68111149174181172151128108 99102117140162178180167138 99 572512 7L7 754181184118199999999999999 057-141314 9899999999999999
 21 -1 -5  9 39 78118150170173162142122106101107122142161172171155127 912512 8L7 841173192617399999999999999 144 -614 010199999999999999
 55 25  9  9 25 54 881231491621621511341171051021091221391541611581431182512 9L7 928164201416299999999999999 230  7144910299999999999999
 87 58 35 24 27 43 68 98125146155152142127113104102107118131142148145132251210L71017155211014899999999999999 318 23154610199999999999999
112 88 66 49 42 46 60 82106127142148145135122110101 98101109119129135134251211L711 7148222213599999999999999 4 8 421659 9899999999999999
125111 94 77 65 60 64 76 93112130141145141131118105 95 90 90 96106116124251212L71158145235912799999999999999 5 4 601824 8999999999999999
127124115103 90 80 76 79 89103119133142144139128113 98 85 78 77 83 93106251213L71248144999999999999999999999 6 6 761938 7799999999999999
118125127123113102 93 89 91 99111126138146146139125106 88 73 64 64 71 85251214L7 146127133314799999999999999 714 892033 6399999999999999
102118130134132123112102 97 98106119133145151148137119 96 75 58 50 52 64251215L7 3 7134141415199999999999999 818 972117 5099999999999999
 83105124138144140130117106101103113127142153156150134110 84 60 44 39 46251216L7 4 5144145315699999999999999 9141012156 3999999999999999
 63 87113135149153146133118107102107119135150160160148126 98 69 45 32 31251217L7 45015315311619999999999999910 11022233 3099999999999999
 44 67 96124147159159148132116105103110125143158165161143116 84 54 32 23251218L7 52916116 816599999999999999104310223 8 2299999999999999
 28 47 76108138159167161146127110101103115133152165168158135102 68 39 21251219L7 6 516716451699999999999999911221012343 1799999999999999
 17 30 55 88122151167170159140120104 99105121141159170168151122 87 52 26251220L7 6401711721171999999999999991158 99999999999999999999999
 13 17 36 66102136161172168152131111 99 99109128149165171163140107 70 38251221L7 714172175617199999999999999 018 131234 9899999999999999
 17 10 21 46 80116147166171162143121104 96101115136155168168153126 90 55251222L7 748171183116999999999999999 052 1013 9 9699999999999999
 27 12 13 30 59 94128154167166152131111 98 95104121141158166160141111 76251223L7 82316919 716699999999999999 126 101345 9599999999999999
 44 21 13 21 42 74108138158164157141120103 94 95106124143156159150128 97251224L7 858164194716099999999999999 2 1 131424 9399999999999999
 65 38 22 20 33 57 88119144158158148130111 96 90 93106123139149150138116251225L7 933160203315199999999999999 238 1915 8 8999999999999999
 89 61 40 30 33 48 73101128147155151138120102 89 84 88100116130139139129251226L71011155213014199999999999999 317 2916 2 8499999999999999
110 87 65 49 43 48 64 87112133148152145131113 95 81 76 79 89104118128130251227L71053152224513199999999999999 4 2 4317 7 7699999999999999
124110 92 75 63 59 65 79 98119137148149141126106 87 71 64 65 74 89105118251228L71139150999999999999999999999 455 591821 6399999999999999
125124116103 90 79 75 79 90106124139149149140123101 78 59 48 48 57 73 93251229L7 022125123215099999999999999 6 2 751934 4799999999999999
111124130127118106 95 89 89 97111128142151151141121 95 68 45 31 29 39 59251230L7 2 9130132915299999999999999 724 882039 2899999999999999
 84109129140141134121108 99 96102115131146155154142118 88 56 29 13 11 24251231L7 339142142615699999999999999 848 962137 1099999999999999
