274235171101 45 12  4 28 8616223629433033630925720215512411814419524628025 1 1LG1241338235529099999999999999 546  3184311799999999999999
290270219148 78 28  2  5 4211219326431433933128923117613511211815721326325 1 2LG1316340999999999999999999999 626  0192011199999999999999
290290260200126 60 18  2 15 6514322428932934131826620515311810512216922725 1 3LG 031293135234199999999999999 7 5  1195910599999999999999
272292285247183110 52 18 11 36 96177253308336334298239179133104 9912617825 1 4LG 115293142734099999999999999 746 102040 9899999999999999
234273288277235171105 56 31 32 65130207273317333319274213156114 92 9512825 1 5LG 2 528915 333399999999999999 828 272125 8999999999999999
180233268282269229171115 74 55 62 99160227282314320297248190137 99 81 8925 1 6LG 3 2282154232199999999999999 916 542214 8199999999999999
124174224259274265232185138104 88 96128180235278301300274227173123 87 7225 1 7LG 4 82751628304999999999999991012 882310 7199999999999999
 80113160210249270269247211172140123126148187230265283280256213162113 7725 1 8LG 5282721722285999999999999991124122999999999999999999999
 61 67 9614319524027028027024320817515314515518221724926726624620615610625 1 9LG 7 0280182926999999999999999 015 60125614599999999999999
 68 48 50 7712518223627629729627423820117015215217120323625726024320515225 110LG 828300194126199999999999999 124 46143215099999999999999
 99 58 34 34 6111217623728631531929725721317514914216019523125626224520525 111LG 939321204726299999999999999 231 31154714299999999999999
148 91 47 22 21 5010717724429733033330726121116813913215519623626226824925 112LG1037336214526999999999999999 333 18164413199999999999999
204141 81 36 12 13 4711118725630933933730325119815412712715820624827327525 113LG1127342223627799999999999999 428  9173112399999999999999
250197130 69 27  6 13 5612720427131934232928522917713711712817022226328325 114LG1210343232128499999999999999 517  5181111699999999999999
278244183113 57 20  6 23 7715422928932833831125820015312111213718824127725 115LG1246339999999999999999999999 6 0  6184711199999999999999
289275230162 95 45 17 14 4611118925830833332528222416912910711315220925825 116LG 0 1289131733499999999999999 637 11191910599999999999999
286289263208138 77 37 21 33 80153228287322329302248188139108 9912117122725 117LG 038291134333199999999999999 7 8 201949 9899999999999999
270289282244183117 66 38 35 64124198264309327314270210154114 93 9813418825 118LG 11529014 632799999999999999 737 332019 9199999999999999
240274284267222162105 66 50 62104170237290318318288234176127 95 8610514825 119LG 153284143032299999999999999 8 7 502051 8699999999999999
201245271274250204151106 79 75 98146207262299311295255200147107 85 8711425 120LG 236276145731199999999999999 840 732126 8399999999999999
159206243263261236197154121104107135180229269291290265222173128 97 83 9125 121LG 325265152829399999999999999 92110222 8 8399999999999999
121162203236253252233202171147135140163198233259271263237198156118 93 8325 122LG 42625516 72719999999999999910131342259 8399999999999999
 94121158195227247251241220197176163163177199222240248241218185148115 9125 123LG 54725117 2248999999999999991130161999999999999999999999
 81 9011414818622124726025824422320018117217418720522223222921218314711225 124LG 721261182023399999999999999 0 2 81131617199999999999999
 86 73 7910213818022225627728026724221218416616117119121322923121718614725 125LG 841281193923399999999999999 113 73144716199999999999999
107 75 59 63 8812918023127229630028225021017415114515918721823924422719125 126LG 939301204324599999999999999 218 58154614599999999999999
143 94 58 40 46 7712818824629131531328724419615613313215619623425826023725 127LG1027317213526299999999999999 315 39163113099999999999999
190131 76 38 22 32 7213520526631032931827922617513611812716521525727927525 128LG11 9329222128099999999999999 4 7 21171211799999999999999
241182113 55 18  6 25 7715222728832733731326120215211710713018223928029625 129LG114833823 529699999999999999 456  6175010699999999999999
283237166 91 35  3 -3 28 9617925531134133729623417412810010214220526329925 130LG1224344234830899999999999999 540 -41828 9799999999999999
307284224144 70 20 -6  0 46127214285331348326269201145105 8610315822828325 131LG1258348999999999999999999999 622 -819 5 8699999999999999
311311276205123 55 13 -3 17 79168251311344343302234166115 83 7711117724625 2 1LG 031315132934999999999999999 7 1 -31941 7599999999999999
295316307261185108 51 18 14 49123211283329345324267195132 88 65 7412219225 2 2LG 114317135834599999999999999 738 122016 6499999999999999
257299314297244172105 59 37 46 93168246303332330293228158103 67 56 7813325 2 3LG 2 0314142733599999999999999 816 362053 5599999999999999
201259295305284233170116 82 70 87137204265306319302256193130 83 56 54 8325 2 4LG 250305145831999999999999999 857 702134 5199999999999999
138200251284292273232183142116110129170222266291293270225168115 75 55 5725 2 5LG 349293153529599999999999999 9461092224 5399999999999999
 86134189236268280270243208177155148159186219248264263242205160115 80 6025 2 6LG 5 328016252669999999999999910531482328 5899999999999999
 61 83122170215252273276264240213190175173183201222236239228202166125 9025 2 7LG 6422771743240999999999999991242172999999999999999999999
 67 60 7210314719624127329028927124321218516916517619721823022921318114025 2 8LG 826292192723299999999999999 051 60144416599999999999999
 99 68 53 57 8312818423828130731129225721617915214215518321423624323119825 2 9LG 941313205424399999999999999 219 52155614299999999999999
150101 63 42 41 6711918324529432332529925320416113012414518622625326324825 210LG1035328215626399999999999999 332 38164512399999999999999
207150 95 53 29 30 6312519626030833432628723318013711111515220324827528025 211LG1117336224328199999999999999 430 26172310999999999999999
257203138 81 40 19 29 75146219280322336312260202151114 9912117222927229425 212LG1153336232229699999999999999 515 181756 9999999999999999
289251186117 64 29 18 42104181251303332326284223166122 95 9813820125729325 213LG1222334235630599999999999999 552 171826 9199999999999999
305286232159 94 48 24 29 73147224284322331303245181130 95 8410816523028025 214LG1246332999999999999999999999 622 221852 8399999999999999
307305269203131 74 40 30 56119198267313332316266200140 98 76 8412819425625 215LG 02831013 633299999999999999 649 301917 7499999999999999
296311294243173108 63 42 52 98171246300328325286222156104 73 67 9615422125 216LG 1 0311132433199999999999999 714 411942 6699999999999999
274303305274215149 96 65 59 87147220281317325299244176117 77 60 7211718025 217LG 133308134432699999999999999 741 5820 7 6099999999999999
240282301290250193138 99 81 90131193254297314302260199137 90 63 61 8814025 218LG 21030114 631499999999999999 812 802035 5899999999999999
200250281290272231182141115108128171224267291291266218161111 76 62 7210725 219LG 250290143029599999999999999 84610821 7 6299999999999999
158210250273275256223186157141141162197234260269259229184138100 76 71 8725 220LG 337277145826999999999999999 9291382146 7099999999999999
122166208241260263250227202182169169182204226239241229203168132103 85 8225 221LG 44126415382429999999999999910321672242 8199999999999999
 95124161197228250259256243225207191183184193205214218213197171142115 9425 222LG 61426017 0218999999999999991222182999999999999999999999
 86 9211314518021624626527226524822520018117117218219621021620918915912625 223LG 757272185921699999999999999 0 5 86142317099999999999999
 97 79 77 9312416521125228129228626422919316414814916619422123623321217525 224LG 910293202223799999999999999 135 76152814799999999999999
130 88 62 54 6910515821726730131330126621917414112513316420824526426123325 225LG10 1313212326699999999999999 251 54161212499999999999999
183123 72 40 31 49 9716423328832232930425419714911510512717723327529428525 226LG1044330221329499999999999999 352 30165110599999999999999
244178107 52 19 13 41104185258311339334292229168121 92 9413420026230331725 227LG1122342225931799999999999999 443 111728 8899999999999999
298242163 88 35  6  7 51130216286332348325265194135 93 73 9215122728932425 228LG1157348234333399999999999999 529  218 5 7399999999999999
331299229143 72 25  3 18 79169253313346344299226154101 67 61 9917425230925 3 1LG1228350999999999999999999999 610  31840 5999999999999999
338334289209126 64 26 15 48123214287332348324260181115 70 46 5811519727225 3 2LG 025341125634899999999999999 648 141914 4599999999999999
321342327271191118 67 39 43 91173254311338333288214137 80 45 35 6513521625 3 3LG 1 8342132234199999999999999 725 361947 3499999999999999
283324337312252180120 81 65 83139215280318328304245170103 56 31 37 8015225 3 4LG 152337134832899999999999999 8 2 642021 2999999999999999
227284318323295240181134105100126180241286307301265205138 83 47 33 50 9725 3 5LG 240325141730899999999999999 842 992059 3399999999999999
162226275303305281238194159138138162203244272280266229178125 82 54 48 6725 3 6LG 335308145228099999999999999 9301352146 4799999999999999
108161214257283289275247217190172169182204227242245234207171132 98 75 6825 3 7LG 44628915432469999999999999910411692252 6899999999999999
 80109149193233263279279266244220198185181186197209217216204183154123 9825 3 8LG 6302811724218999999999999991255181999999999999999999999
 84 84 9912916921225127829128726823920818116315716518420421721920818314825 3 9LG 817292194222099999999999999 030 82145415799999999999999
114 89 77 8210715020124928730730628224320016313612914517721023524623720725 310LG 92631021 624699999999999999 215 76154912899999999999999
162118 83 63 64 9214420525930132231427822817813611011114218923326327525925 311LG1014323215827599999999999999 329 60162710699999999999999
216160108 69 48 54 93156222278317329306256199147108 9111015921626329229625 312LG1051329223829899999999999999 420 4617 0 9199999999999999
266208144 91 54 39 58113185250300328322280220162115 85 8612618924929231325 313LG1121330231231499999999999999 5 0 391729 8099999999999999
302255186122 73 44 43 82151224282319328300241176123 86 72 9515522428131525 314LG1146330234332499999999999999 532 391755 7199999999999999
322293230158 99 60 44 63122198264309329314262194133 89 64 7111818925730525 315LG12 6329999999999999999999999 6 0 441819 6299999999999999
328317270199132 83 56 58101172245298326322282215147 94 61 55 8615022428425 316LG 014329122432999999999999999 627 521842 5399999999999999
320328300240171114 77 65 88148221283318325297237165104 64 46 6111318525325 317LG 044329124332699999999999999 653 6419 5 4699999999999999
302325317274211150106 82 88129195260304320304256187121 72 46 47 8214621725 318LG 11632613 232099999999999999 721 801929 4399999999999999
274310319297247189141109100121172233281305301268209142 87 54 44 6311217825 319LG 149320132330799999999999999 750 991953 4399999999999999
240285309305275227179143123126156205252281288269225166110 70 51 55 8714025 320LG 224311134528899999999999999 8231212020 4999999999999999
201252285298288257217181155145154183221251265259233190140 97 70 61 7410925 321LG 3 4298141326599999999999999 9 41452055 6199999999999999
158209249275284274250220193175167175194218235240231208173135103 83 78 9025 322LG 35828414532409999999999999910 11672149 7799999999999999
120160201236261272270255234212194182180188199210216214201179151123102 9125 323LG 51827316172179999999999999911401792314 9199999999999999
 9611514518121724826927727125423020418216916717418820521621620317914811725 324LG 7 22771830217999999999999991344167999999999999999999999
 95 87 9612115820224527729329127223920116814714015117821023624523721016825 325LG 82529420 324699999999999999 058 87145314099999999999999
122 87 69 71 9514119825329331330928023418414311811513818323226728127123425 326LG 92231521 728299999999999999 224 67153911399999999999999
176116 71 48 48 79138209271313331318273212155113 90 9713920226130131429725 327LG10 6331215931499999999999999 330 441619 8999999999999999
245172104 56 32 36 80154233294332340310248178121 82 67 9015222929232933825 328LG1045341224633999999999999999 423 291657 6799999999999999
309242161 93 47 26 41100185262316343335285210138 86 54 53 9617425631635025 329LG1119345233235599999999999999 5 9 261734 4899999999999999
350307230149 87 47 34 64137223291332343314246165 99 55 33 4911120027933325 330LG1150343999999999999999999999 552 331810 3299999999999999
360349295215141 88 56 55101180259312336328279200122 65 30 22 5713322229525 331LG 016361121833899999999999999 632 501844 2099999999999999
342360339278203140 96 74 88144220284320328300237156 87 40 16 24 7415623925 4 1LG 1 0360124532999999999999999 711 731918 1499999999999999
303343351322262197145111100125183247293313305264196123 65 29 17 39 9717525 4 2LG 145353131431499999999999999 750 991954 1799999999999999
247302334335303251199157131130159208255285292273228166106 61 35 33 6211825 4 3LG 233339134729299999999999999 8341272034 3099999999999999
185246292317316289249208174155156179213244261261241202154108 74 55 59 8525 4 4LG 327320142926499999999999999 9261532122 5499999999999999
131184235274297299283254222194176173183201219230231218193161128100 84 8425 4 5LG 43630115332329999999999999910441722230 8299999999999999
10113317321625427929028426623921118817416917518820221221320318415813111125 4 6LG 6 92901736213999999999999991254169999999999999999999999
10110512415619723727029029327925221818515914514616218721022522821518915625 4 7LG 742294194222999999999999999 013101142614399999999999999
126105 9810914018523227229830428825320916713411712315119022625125924521025 4 8LG 848305205325999999999999999 156 98151511699999999999999
167127 98 85 96134187240283310311284237185139106 9511515921125528328826325 4 9LG 934314214128999999999999999 3 5 851553 9499999999999999
216162117 85 74 94143204260300319307265207152107 81 8512418424328831130525 410LG10 9319221931399999999999999 353 741624 7899999999999999
265205147101 73 73108169233284315319288230168115 78 66 9014821827731632925 411LG1037322225332999999999999999 432 691652 6599999999999999
306251185128 88 69 85137205265306322305254187126 81 56 6411118225330633525 412LG11 1322232633999999999999999 5 5 691718 5599999999999999
332292227163112 81 78114178244294319315275209141 88 55 48 7814321828332625 413LG1123321235834299999999999999 535 751744 4699999999999999
342322267201143102 84100152220277311318291232161100 59 40 5410517925130625 414LG1144319999999999999999999999 6 5 8318 8 4099999999999999
337337300239178130100 98133194256298314301253185118 68 41 40 7514121527825 415LG 03034212 531599999999999999 634 941832 3699999999999999
321338320273214162124107122170230278304302269209140 83 48 36 5510717824625 416LG 1 1338122730699999999999999 7 41071856 3699999999999999
298327328298247194152125123151202253286295276230166105 61 40 45 8014121025 417LG 133332125029599999999999999 7361201921 3999999999999999
268308324313276227183150134143178224261279274244193134 84 54 46 6310817025 418LG 2 7324131828099999999999999 8111341951 4599999999999999
231279308314296259217181156148163194230255262250217169119 81 60 60 8413025 419LG 246315135326299999999999999 8521482030 5899999999999999
185238277300302284253217187167161173196222239242230202164124 93 76 78 9925 420LG 336304144524399999999999999 9491612126 7499999999999999
138185230267289294281256226197176166170184203219228224207178145115 95 9025 421LG 44629416142289999999999999911131662248 9099999999999999
10313117121425328129328826823820517615815316218120622623522920817614010925 422LG 61129418 6235999999999999991250153999999999999999999999
 93 9511515119824528230130128124520316413712713716520423926026224420615825 423LG 729304193626499999999999999 024 9114 212799999999999999
115 88 81 96134190247291314314288241186139108 9911515921526429329927722925 424LG 830317204330099999999999999 150 811454 9899999999999999
168115 80 68 83129195259305327320282220156107 77 7310416623629332533030025 425LG 918328213933299999999999999 3 0 681538 7199999999999999
239169111 75 62 82139214278319334315260186120 73 49 5610418326131935135025 426LG 958334223035599999999999999 356 621619 4799999999999999
310239166110 75 66 97164240297329331295225146 84 43 28 5011620428333836625 427LG1034334231936899999999999999 446 651659 2899999999999999
358308233164113 82 81123196266311330317264185108 53 21 17 5613422529935025 428LG11 8330999999999999999999999 532 761738 1499999999999999
372354298226164119 94104156226285317322293228147 77 31  9 18 7115624231025 429LG 0 6372114032499999999999999 616 921816  799999999999999
355369343284219165126110131186248294313305263193117 58 21  8 31 9317625425 430LG 052369121431499999999999999 6591101855  899999999999999
315352358326271214167135128156207258291300281233166101 52 23 21 5311619225 5 1LG 139360125130099999999999999 7431271935 1899999999999999
261314343342310261211170145146173216255277279256210152 98 58 39 44 7913725 5 2LG 227347133428199999999999999 8301422018 3799999999999999
203263307329324295253210175156158180212241257255234197151108 77 64 7210325 5 3LG 320331142625899999999999999 92515421 9 6399999999999999
152207257295313309286250213182163161174197219234236224198164130104 92 9725 5 4LG 41931415392379999999999999910381602213 9199999999999999
12015820424828130029928125121618516315415917519721722822621218715713111625 5 5LG 52930217242299999999999999912 8153233911299999999999999
11312715619623827229329628225221518015213713715518321223424323621518315225 5 6LG 64229719 6243999999999999991327135999999999999999999999
12911912615019023327029329828324920616413111411714218122225326926423920125 5 7LG 745299201826999999999999999 1 8119142211299999999999999
162132116120147190238277299301278235184138105 9110414219524428129728825325 5 8LG 835303211029799999999999999 22011515 3 9199999999999999
206160126110117151202252289306299263209153107 79 7510315722027431032130125 5 9LG 913307215232199999999999999 3141091538 7399999999999999
255200151117105122167223271302309286236174118 77 58 7011618325030333333325 510LG 945310223033899999999999999 35810516 9 5899999999999999
300245187140110108138192248290310301261199135 84 53 49 8014121528032634725 511LG101331023 634799999999999999 4361051639 4799999999999999
332287227172130109120164222272303308281226158 99 58 40 5310217324630434125 512LG1040309234234999999999999999 51110817 8 4099999999999999
348319266208158124116142194250289306294250186121 71 42 39 7013320727332225 513LG11 7306999999999999999999999 5451151736 3699999999999999
346338298243189147123130169224271297299270214147 90 51 36 50 9816723829525 514LG 016347113430299999999999999 61812218 5 3599999999999999
332343320273220173140129150197247282296282240177114 67 41 40 7013020126525 515LG 04934312 229699999999999999 6521291833 3799999999999999
312337333299250201161137140171219261285286260208145 90 54 40 53 9616122925 516LG 122339123228999999999999999 72613519 3 4099999999999999
285322335319279230186154140153189232266280271236183124 77 50 47 7112118725 517LG 15733513 728099999999999999 8 31401938 4599999999999999
249298325328305263217178152146163198236262269255219168116 77 57 60 8914125 518LG 237330135127099999999999999 8471452022 5599999999999999
202259301323320295254211175153150166197230253259246214169123 88 71 7610325 519LG 324325145025999999999999999 9401482118 7099999999999999
151207260298317314289251209174152146159186218242254247222184142108 88 8925 520LG 42131916 92549999999999999910471462229 8699999999999999
11115220325429331331128925120816914313314316920423725826124421117013110425 521LG 52631517392629999999999999912 01332350 9799999999999999
 9711214619524728931231329125120215612411112015019524027228527524419815125 522LG 63231519 42859999999999999913 7111999999999999999999999
117102109139189244290315315290243185133 98 84 9613519325129431430727422125 523LG 732318201731599999999999999 11210114 4 8499999999999999
167126105106136190249296318315283226159104 69 58 7712920126831734033429625 524LG 823320211934299999999999999 2261021454 5799999999999999
236177133108108141200260303321310267199128 74 42 37 6713221428633636135125 525LG 9 9321221536299999999999999 3301041541 3599999999999999
306242183138113116154216274309319299244169 98 48 22 25 6714322830035037225 526LG 95131923 837299999999999999 4261101626 1999999999999999
357307243186143120128173234285312313282218141 75 31 11 23 7515724231035725 527LG1032316235837499999999999999 5171181711 1199999999999999
374353301239186146127143192250292310302262193119 60 22 10 31 9117325431725 528LG1113311999999999999999999999 6 51271756 1099999999999999
359369342289231182146135158208259294304288242173105 53 22 17 4711119126525 529LG 047370115630499999999999999 6511351841 1699999999999999
322357359327275220175146142170218263290294273224159 98 54 31 34 7013420925 530LG 134362124129699999999999999 7371401925 2899999999999999
275325351345309258208168145148178222260282282257210152 99 62 47 57 9615825 531LG 220352133028499999999999999 82414320 9 4699999999999999
226284325341328290242196161144151181219252270268244202152108 79 69 8412425 6 1LG 3 4341142527199999999999999 9131442055 6999999999999999
181240289320328310273227186156143151177211241257257237202160124101 9511125 6 2LG 34932815282599999999999999910 71432147 9599999999999999
14719724828831231429525921617815013814516920022924825223921217714612511925 6 3LG 43631616442539999999999999911 7138224811999999999999999
13316420624928430330228224820716814012813415718922224725825223020016914625 6 4LG 52930518 8258999999999999991211128999999999999999999999
13814617120824727929629427423819515512611311914518322425627327325422218825 6 5LG 625298192727599999999999999 0 1138131011399999999999999
161147150172207246277293289265225178135106 9510613918723627529629727523825 6 6LG 719294203129999999999999999 11914614 1 9599999999999999
198166148149171208249280293285254207155111 84 78 9814220025629832031728825 6 7LG 8 8293212232299999999999999 2281461444 7799999999999999
245200164144147174216257285293277237182128 86 64 6710015622127932133932725 6 8LG 85129422 733999999999999999 3231421523 6299999999999999
291241193156139149183229269292291264213154101 64 51 6711217724530233934825 6 9LG 929295224834899999999999999 41013916 0 5199999999999999
326282229182148138158200246281296283244185125 77 49 47 7613320326832034825 610LG10 4296232635199999999999999 4501381635 4499999999999999
346315265213168142143173220264291294270219156 99 59 41 51 9415922929033325 611LG1038296999999999999999999999 5281381710 4099999999999999
350336296244195156140153193241278296288251192129 78 47 40 6411718725530925 612LG 0 3350111329799999999999999 6 51401745 3999999999999999
342346320273222177147142167213259289296276229165105 61 40 45 8214521727925 613LG 039348114729799999999999999 6411401820 3899999999999999
325346338301250201162141148182231272294291261207142 86 51 39 5610417424525 614LG 114347122429699999999999999 7181401856 3999999999999999
302337347326281228182150139155196244280294284246187124 75 48 46 7313020225 615LG 15034813 529499999999999999 7561381935 4399999999999999
269319345343312261208166141138162206252282291275234175116 73 53 59 9415425 616LG 227348135229199999999999999 8381362018 5299999999999999
225287329346334296243192154133136164209252280287270229174121 83 68 7811525 617LG 3 6346144828799999999999999 92413121 8 6799999999999999
175241297331340322280227178142124130160204247276285271235186138103 89 9925 618LG 351341155528599999999999999101612322 7 8999999999999999
13418924829732633130926621416512911211914919323927328928125220916413011325 619LG 4403321711289999999999999991113111231511399999999999999
119148195247292318320297254201150112 9510213218023227529829927823919515725 620LG 5353221833302999999999999991214 95999999999999999999999
136134155194242285309311288244187133 93 75 8211416822928031332230726922325 621LG 633313195332299999999999999 0341321315 7499999999999999
181153144156191238280304304280233172114 73 55 62 9916123028932934433129325 622LG 73230721 434499999999999999 1571441414 5499999999999999
243197163148156190237279301301274221156 96 55 37 48 9115923529834236134825 623LG 82830422 636199999999999999 3121471510 3799999999999999
307253204167148156192241282302298267209140 81 41 26 40 8916324230735237025 624LG 92230423 337099999999999999 41514716 4 2699999999999999
354310254204166147158198249287304296260197127 70 34 21 40 9517325131535825 625LG1013305235537299999999999999 5101461657 2199999999999999
372351302246197160145163208258293306294251185116 63 31 23 4810818826332325 626LG11 2306999999999999999999999 6 01451747 2299999999999999
361368339286231184152144170219267298307288240173107 60 33 31 6513020927925 627LG 042369115130799999999999999 6451431834 2899999999999999
332361357320264211168143145179230275301304280227160101 60 40 48 9016023525 628LG 124364123830699999999999999 7271401916 3999999999999999
297340357340295238189152135148189240280300298267212149 97 65 54 7312419425 629LG 2 1357132430299999999999999 8 71351954 5499999999999999
262314345347318266212167138131153197245280296287253199143101 77 7710616125 630LG 234350141029699999999999999 8451302031 7499999999999999
227285325342330291238188149128130159203246277288276241193147113 9810714125 7 1LG 3 634215 028899999999999999 9251262110 9899999999999999
19425229832632930726421416913612213116220324327027926823719816013412513825 7 2LG 33833115582799999999999999910 7122215612599999999999999
17221826429931631128324119515412711813016019923726427526824521318216015325 7 3LG 41631717 6276999999999999991055118225415399999999999999
16419122826429030029126322418114311911212515419323226327927826223620718525 7 4LG 5 13001827281999999999999991150112999999999999999999999
17417919822625527728527524921217013310910311614618823226929129728525922925 7 5LG 557285194729799999999999999 012174124910399999999999999
201184181194218245267276267241202159121 96 9110714118923928230931730527625 7 6LG 7 1276205231799999999999999 1401811346 9099999999999999
240206182175186210240264274264235192146106 82 7910014119625229932833431725 7 7LG 8 1274214533599999999999999 2541751437 7799999999999999
282239200173166180210244270278264228179129 89 67 70 9814821026931734334325 7 8LG 852278223034699999999999999 3501651524 6599999999999999
318275227186161159181219257281284262219163110 72 55 6510316222828833235225 7 9LG 938286231235299999999999999 43415716 9 5599999999999999
343308259209170151159191236274294289258204143 90 56 47 6611418125030734525 710LG1020295235035599999999999999 5141501651 4799999999999999
355334290237189156145165208256291304290247185121 72 45 44 7413420727532625 711LG11 0304999999999999999999999 5521451733 4099999999999999
354352319266212169144144177229277306310285232162 99 56 37 47 9016123730125 712LG 027358113931199999999999999 6291401813 3799999999999999
344360344297239188151134148193250294315310275212140 82 47 37 5911619527025 713LG 1 1360122031799999999999999 7 61341852 3799999999999999
326358360327270211165135129156210267306320306261192122 72 45 46 8115023125 714LG 13436313 232099999999999999 7431271930 4299999999999999
300346364350303240183142121126166225279312319298246177114 73 55 6611318625 715LG 2 6364134732099999999999999 82011920 9 5599999999999999
263322355360330274210157122109126173233283312316290237174120 86 77 9714825 716LG 238362143831799999999999999 8591092052 7699999999999999
21928533235334330424418313510610112617623428130831128623918513911210813025 717LG 312353153631399999999999999 941100214110699999999999999
178239293328338320277219163119 95 9512317222727330230929025320817014614125 718LG 3523381645309999999999999991030 91224314099999999999999
159197245287313317297256202149108 86 8711416021426329731130327724020517925 719LG 44031818 8311999999999999991127 84999999999999999999999
169177202238272294298280244195144102 79 7710014319825329531932230527223625 720LG 540299193932399999999999999 0 41691234 7599999999999999
205186182195223255279286274242195143 98 71 65 8412618524529633034233029825 721LG 65428621 034299999999999999 1441811345 6499999999999999
257218189176183209243272284277247199143 94 63 53 6911217624430134235834725 722LG 8 928422 635999999999999999 3111761454 5399999999999999
311264218183165171201242275291285255202141 88 55 43 5910617624930935236825 723LG 91629223 236899999999999999 4171631558 4399999999999999
353310256208170152164202250286302295260200135 81 48 37 5711118626032036025 724LG1014303234837199999999999999 5 91521655 3799999999999999
370345294238190155143165214265299313301258191124 74 44 37 6612920727933325 725LG11 4313999999999999999999999 5531431744 3699999999999999
365363326268213169141140175231282312320300247176112 68 44 47 8816023830225 726LG 028369114932199999999999999 6321361825 4199999999999999
346365346296236185147129144192251297321321289227157101 65 51 6912420127225 727LG 1 2365123032599999999999999 7 712919 0 5199999999999999
326356356319260202157128124155211269308324313270205140 94 68 6910316924425 728LG 13036013 832599999999999999 7381221930 6599999999999999
305344356335284222169131114126170230281313320298249186131 96 83 9914721525 729LG 154357134732199999999999999 8 811420 0 8399999999999999
28132835034330424618714111310913618724328731131028123117713411010913719025 730LG 216351142831499999999999999 838107203210699999999999999
25230433534031626821015812110411314919924928630329726722418114913514317625 731LG 241341151530499999999999999 911104211013499999999999999
22427330832431528223418314011210512215920524827929428726322919817416517625 8 1LG 3 9324161129499999999999999 949104215916599999999999999
20424127429630028525220916613111110912816320324227128728527024722220319325 8 2LG 344301172528899999999999999103410723 919399999999999999
19821623926027327426023219616013111311212915919623326628729328626924722625 8 3LG 4332761857293999999999999991133110999999999999999999999
21020521222524025225624722519516213211310812214918722826629530830629126525 8 4LG 550256202130999999999999999 054205124410899999999999999
236211197196207224242252249231201164130105 9710913818022827530932632430425 8 5LG 718253212332899999999999999 2351951354 9799999999999999
270232199181179194220246263262242206162120 91 82 9412917923729032734333525 8 6LG 827265221034399999999999999 3361771455 8199999999999999
305261215180162166192230264283279252206152103 73 65 8312618925430934435425 8 7LG 921284225235599999999999999 4191611549 6499999999999999
336293240193159147163204251288304294256197133 83 55 51 7813520827732935925 8 8LG10 7304232936399999999999999 4571471637 4999999999999999
358325271214169141140171225278312321301250179112 64 41 46 8615723730434925 8 9LG1050321999999999999999999999 5331361722 3999999999999999
368352303241186146127140188251303330331298233156 91 51 35 5210919127133025 810LG 0 4368113233499999999999999 6 912618 3 3599999999999999
365369334272208158125118148210276322342332286211134 78 46 40 7314523230525 811LG 037372121334399999999999999 6451161841 3899999999999999
353373358304234173131107115162232296334346326268190120 74 52 6010919027325 812LG 1 6374125534699999999999999 7191051917 5099999999999999
333366368332265195140106 94118179251308340344313250177118 82 71 9315323425 813LG 134372133834699999999999999 753 941954 7199999999999999
305349365348296224158112 86 8912719326231333833630023917612910310213419625 814LG 2 1365142534199999999999999 827 832033 9999999999999999
266320348348316256188130 92 77 9013620126430833032529124019015313514017325 815LG 229351152033299999999999999 9 5 76211913499999999999999
226279316330319281224164115 84 76 9514019925529631831629225421618717117525 816LG 3 4331162632099999999999999 950 76221917099999999999999
199236272297303288254207157115 88 82 9813618623727930631430327824922220325 817LG 3493031753314999999999999991047 81235219899999999999999
198207227250268275267243206165126 98 87 9512316621626229831832030628024925 818LG 45827519373229999999999999912 4 87999999999999999999999
222204198205223243258261248221182141107 87 8610514419625129732934033030125 819LG 64126121 334099999999999999 1571981334 8499999999999999
263224194178180201230256270266242201152109 81 72 8612618624930434235734425 820LG 81827022 335799999999999999 3231761456 7299999999999999
307258212175155161192234269289288262212154104 71 58 7412118925931635536625 821LG 928291225136699999999999999 41715416 1 5899999999999999
343295239189152137154200251291311306271210145 94 61 50 7413320827833236425 822LG1021313232936899999999999999 4591371652 5099999999999999
363326267210163131128163221276313328314265195130 83 54 53 9116123830234725 823LG11 4329999999999999999999999 5361251733 4999999999999999
366346294231177137117132184248301331337308246173113 74 55 7112620327532825 824LG 0 1366114233899999999999999 6 811718 7 5599999999999999
358356316252191145115112147211276320341333289219150100 72 6910417325031125 825LG 027362121634399999999999999 6361091836 6699999999999999
348358332274208153116100118171240298333342318262192133 95 80 9715022429225 826LG 048359124934399999999999999 7 210019 2 8099999999999999
338356343295228165120 95 9713419826431233733329623517312610110213619926925 827LG 1 7356132333999999999999999 727 921930 9899999999999999
321348346311251184130 97 8610715822328131833231627321616613211913518024125 828LG 126351135933299999999999999 753 8620 011999999999999999
297331339318269206148107 86 9112618224128831632029825520917214914817221725 829LG 147339143932299999999999999 820 85203514599999999999999
267303320312279227171126 97 8910614720025028730730528324921518917517920325 830LG 211320152730999999999999999 851 89211817499999999999999
23827129129327624119615211910110212416320724827829429427825523121220120425 831LG 239295162829699999999999999 928 99222020199999999999999
21924025726626224621718315012511211513416620223726528429128527125323522025 9 1LG 3152661759291999999999999991022111999999999999999999999
21421622423323924023121318816213812312013215618722225628329830029127324825 9 2LG 435240194130199999999999999 0 9213114311999999999999999
22420619920121022323423722720617914912511311713716921125429131432030928325 9 3LG 644237205132199999999999999 217198131511299999999999999
247212186174178197224248259253229192150114 95 9411515520926430833433831925 9 4LG 8 9259214034099999999999999 3151731430 9299999999999999
279231189160150165200242275289280247195139 95 72 72 9915322028333035434925 9 5LG 9 7289222135599999999999999 3551501530 6999999999999999
314260205160134134166218271307318300253185121 74 52 57 9816724430935136625 9 6LG 955318225836699999999999999 4311311620 5099999999999999
346294230173132114129180246302335339309245167101 58 40 5711419627633436725 9 7LG1039341233137299999999999999 5 611417 5 4099999999999999
367328261193141107101136204276329354349303226146 86 50 42 7414723630835525 9 8LG1121356999999999999999999999 541 991745 4199999999999999
374354294219155110 87 98152231302347365347287205131 81 54 5910919227633625 9 9LG 0 237412 336599999999999999 615 861824 5199999999999999
367366324250174118 84 73104174256320357365335267188125 86 70 9115423830925 910LG 029371124536799999999999999 649 7319 0 7099999999999999
352364342282202133 87 64 70118197275330359358318250181131102 9813220027525 911LG 054365132836399999999999999 721 611938 9699999999999999
328352346306236160102 66 55 7713621428433135334430224118614712713417423525 912LG 120354141535499999999999999 754 54201812699999999999999
293327335315265197132 85 59 59 9115122228232234032929224420217215916920525 913LG 14833615 834099999999999999 832 5521 515999999999999999
251289309306280232174122 85 67 7310615921726930532331729225822620119019525 914LG 223310161532399999999999999 917 66221118999999999999999
217244267278273251215172132101 86 9011415420224728430731230228025322821125 915LG 3122781748313999999999999991019 85999999999999999999999
20420822023524524823921818915612610610111213917922426629931731830327724525 916LG 443248193532099999999999999 0 5204115010199999999999999
21619518518820422323924523921818615012010210111915620625730032833632128725 917LG 7 0245205133699999999999999 2141841335 9999999999999999
245204172155160185219249268269248209163122 94 8510014220126131134334932625 918LG 834271214335099999999999999 3171541456 8499999999999999
280228179143128144185233273297298270218161113 81 71 9214521327732735435125 919LG 932301222435799999999999999 4 01281552 7099999999999999
313256198149116113146203260302324316274211148100 70 6710116723930034335825 920LG1017325225735899999999999999 4361101636 6499999999999999
336282218162119 98113166233291329341318261191130 88 66 7813020427432535325 921LG1054342232335599999999999999 5 7 981712 6599999999999999
348305239176126 95 92130197267318347345304236167114 81 7410717424830734325 922LG1127350234535299999999999999 536 881743 7399999999999999
351322261191135 96 80100158232296338353334278207146105 85 9814922328933325 923LG1159353999999999999999999999 6 1 801810 8499999999999999
349333282211146100 75 7912119126431834834831224818313310410113419826731925 924LG 0 3349123135299999999999999 624 721837 9899999999999999
343338299233163108 75 67 9215122528933134833228422216813011412817624129825 925LG 02134513 334899999999999999 648 6619 511499999999999999
331336310254184123 82 64 7411818525330533533831025920516213713416321527125 926LG 041338133634099999999999999 711 63193613299999999999999
310324311269207144 96 70 67 9514921527231233032128724119816715316119624225 927LG 1 2324141233099999999999999 736 65201015299999999999999
282303301275226168118 85 72 8412217723428030931730327123420218017418721825 928LG 125305145331799999999999999 8 3 72205117499999999999999
251275281269238193146110 89 8610514419424027629830329026623821519819320325 929LG 152281154630399999999999999 838 85214919399999999999999
22324225425324021417914511910410412215519423226328529328727225223121320325 930LG 23025517 529399999999999999 929102232920299999999999999
2032112212282312252101871621381221171261491802152482762932962872692442182510 1LG 3532311845297999999999999991053117999999999999999999999
1981881871952082222302272121881601341171151301581962392783043143062822462510 2LG 61523020 331499999999999999 133186123611499999999999999
209178161159174202232253258245215174134105 951051361862422903233333192832510 3LG 747259205733399999999999999 23615814 1 9599999999999999
233185149131136167213258288295277234176123 86 72 841261902583113433473202510 4LG 848295213934999999999999999 31813015 4 7299999999999999
267205152116104124175238292323326297238167107 69 57 771332112833343583492510 5LG 938329221635999999999999999 3551041556 5699999999999999
304235167116 87 86126196270324351347303230153 95 60 53 871592423103513622510 6LG1023354225036399999999999999 432 821642 5299999999999999
335270192127 83 63 80140224299348369354296214141 89 61 661151972773323592510 7LG11 7370232036199999999999999 5 7 631724 5899999999999999
352304225146 90 56 49 85163251321364376348280200136 93 74 921552383063452510 8LG1151377234835599999999999999 542 4718 5 7499999999999999
354327261177105 59 36 46101188273335370372333263191138104 961281972713232510 9LG1235376999999999999999999999 616 351845 9599999999999999
345336291215134 74 39 28 55122210287340367360316250190147122125166231290251010LG 015346132036999999999999999 651 28192511999999999999999
324331307251175105 57 32 34 73144224291337357344300245196161144155196249251011LG 04433214 835799999999999999 727 2920 914499999999999999
291310305273216150 93 55 40 51 94160229287325340327291247207179167178210251012LG 11831215 234099999999999999 8 7 3921 216799999999999999
247275285275243195143 99 70 60 74113167224273308322314289256223197185189251013LG 2 128516 932299999999999999 856 60221518499999999999999
207229246254247226193155121 96 87 95123163210254288308310295269239211192251014LG 3 325417363119999999999999910 3 87999999999999999999999
184187199215228232226208182152126110108121151191235274302313306283249214251015LG 45723219 731399999999999999 011183113910799999999999999
184164158169190215234243237215183150123109112135176225271305322316289247251016LG 7 6243201632399999999999999 150158132110899999999999999
202162135129146181220253271269245204160124101 99124171228279316332320281251017LG 82527321 533299999999999999 2471281435 9799999999999999
228176132106107139190242282303296262209157115 91 92125182244296329335309251018LG 918304214333799999999999999 3281021528 8799999999999999
257195141100 83101151215272313328310262200145104 84 96143208270315337327251019LG10 0328221433899999999999999 4 2 831610 8399999999999999
283218155105 74 73111178248304338341308247182130 95 87115175243297329334251020LG1036344223933699999999999999 432 691646 8599999999999999
303242172114 74 58 79137212281330352339290224163118 94102148215277318333251021LG111035323 133399999999999999 459 581717 9399999999999999
316264193127 79 53 57 99171247308346353323265200147112103130188254303328251022LG1143355232132999999999999999 525 50174710299999999999999
323284217146 90 55 45 70131208277327351342299238180138115123165227283316251023LG1215352234332499999999999999 549 45181711499999999999999
322297241170106 63 43 52 97168241300337346322271214167135126150201257298251024LG1247347999999999999999999999 613 42184812599999999999999
314302260195128 77 49 45 73132203267314337332297246197160139144179229274251025LG 0 6314132033999999999999999 638 43192013799999999999999
299299271219154 98 61 47 60103167232285320330313274228188160150165203245251026LG 030302135433099999999999999 7 4 47195515099999999999999
276286274237182126 82 59 58 83133194251293317318295258218186166164183215251027LG 058286143232099999999999999 733 55203716299999999999999
247265266246208160114 82 68 76106155209257291308305283251218191175174190251028LG 132268152030999999999999999 810 68213217299999999999999
214235246244226194155119 94 85 93121164210252283299297280254224198181176251029LG 221247162530099999999999999 9 3 85225317599999999999999
183199216227230221199169139114101104124158199239273294299287263233202177251030LG 3452311746299999999999999991020101999999999999999999999
163164176195216230233221197166135112105115143182228269298308299273234194251031LG 54123419 230899999999999999 029162115510599999999999999
160139136152182218247260255230191149114 971001251702252753093223102742232511 1LG 71426120 232299999999999999 1401351322 9599999999999999
171130107107134181234274295291260209153110 86 851141682332893243333112622511 2LG 821296204933399999999999999 2301041431 8299999999999999
197138 95 75 85128194259307329321280216151103 77 791161812533073363352992511 3LG 916330212934099999999999999 313 751528 7499999999999999
233159 99 61 49 73135216287335355339286213147100 76 841322062763233413252511 4LG10 635522 534199999999999999 353 481618 7599999999999999
272193117 62 32 32 73152240311356370345282207145103 841021602362973313352511 5LG1053371223833799999999999999 431 2717 4 8499999999999999
303234150 79 33 12 26 85174262328367374338271201146110 991281922623103302511 6LG1140376231133199999999999999 5 9 121749 9899999999999999
320272194112 50 14  4 331041952773363703673252601971501201181562192783132511 7LG1227374234532199999999999999 548  3183311599999999999999
320297239159 85 33  6  8 491252122863383643543102501951541321391802372832511 8LG1315365999999999999999999999 628  3191813099999999999999
306303270208135 71 30 11 23 701452242893343533382952421951601441561942412511 9LG 02330814 435399999999999999 710 1120 614499999999999999
276290280244187124 72 39 28 46 94161230287325338322283238196166154166197251110LG 1 7290145633899999999999999 755 2821 115499999999999999
232258268257225178127 85 59 53 71114172230279312322308276236199171159165251111LG 159268155532299999999999999 846 5222 915999999999999999
187214235245239218183143109 86 80 94128175225269298309299272237201172155251112LG 3 924517 130999999999999999 949 80233415399999999999999
154168190213228233223199168138114104110134173217259289302296272237199165251113LG 44923318123029999999999999911 9104999999999999999999999
142134144168197223239240225197165137119117134168211254286301296271231187251114LG 634242191630299999999999999 055134123711699999999999999
147119109122154195232258266253223184149124116130165212257290304296263215251115LG 75426620 930599999999999999 156109135411699999999999999
164120 92 87109154207254285294277238191150121112129170222268298307288244251116LG 851294205130799999999999999 242 85145311299999999999999
187132 89 66 72110169231282313316289241188143115110136185240283306303270251117LG 937318212530899999999999999 320 65154010999999999999999
213150 96 60 49 71125195260310334327288231176134110116153209262297308289251118LG1017336215430899999999999999 352 48162010999999999999999
240175112 64 39 44 84151226289331345324274215162125112131179236281304300251119LG1054345222130699999999999999 423 37165611299999999999999
264202134 77 40 30 52109184256311343343308253196149121121154208260294302251120LG1129348224830399999999999999 451 29173011799999999999999
281229161 97 51 27 33 74141216281326345329285230178139123138181235277297251121LG12 3345231629899999999999999 520 2618 312399999999999999
290253191124 69 35 26 49104176245300333337308259207162134131159207255285251122LG1236339234429299999999999999 548 25183612899999999999999
291269219154 93 49 29 35 74138209270314333322284235187151133144180228266251123LG13 9333999999999999999999999 617 27191013399999999999999
284277243186123 71 39 32 53103171237289321327304262214172145138158197239251124LG 015285134332899999999999999 647 31194613799999999999999
268275258216159101 59 39 43 76132198258301322317287243199163143145169207251125LG 049276141932399999999999999 720 37202714199999999999999
242262262239196142 92 59 47 60 98155217270305318306274231190159144149173251126LG 12926515 231899999999999999 8 0 47211714399999999999999
206236251249226186139 96 69 62 77115169226273303312298265224185156142145251127LG 222253155331299999999999999 850 61221814199999999999999
166196224241242225192151112 87 79 91125174226270298307293262221181149132251128LG 333244165330799999999999999 954 78232913099999999999999
132150180212236245237211175137107 94100127170220265295305293261217171134251129LG 5 32451757305999999999999991112 93999999999999999999999
112110128163205240260261241205163126105103123163214262295306293258206152251130LG 632263185830699999999999999 037108123510199999999999999
109 84 821061512062542842922742351851401121031191592142662993092912471862512 1LG 749292195230999999999999999 136 80135210399999999999999
124 78 54 55 881482162743113223032571991491151031181622222743053092842292512 2LG 853322204031199999999999999 227 5115 010399999999999999
157 92 46 25 35 801532312953343453222692061541181051231732352843093052692512 3LG 950346212331199999999999999 314 25155810599999999999999
203126 61 19  4 23 811652473113513593292712081561211101351892502933092962512 4LG104336022 530999999999999999 359  4165111099999999999999
250175 97 36  1 -7 22 901782603223593623262662051561231181492072632973062512 5LG1135365224830699999999999999 445 -8174011699999999999999
283228150 75 21 -8 -8 301051932713293603563162561981531261271652212712972512 6LG1224363233130199999999999999 531-12182712299999999999999
298268207130 61 15 -8  0 461232072803313563453012421891481271361772302732512 7LG1312357999999999999999999999 617 -9191412699999999999999
292286251189117 56 17  1 17 681442222873313473292822271781431281431852332512 8LG 017293135834799999999999999 7 3  120 112899999999999999
269283273235176111 59 27 19 41 941662372933283353102632111671371281471872512 9LG 1 7283144333699999999999999 749 18205012899999999999999
229259270258222168113 70 45 44 70122188249296321319290244196157132127147251210LG 2 0270152632399999999999999 835 41214212699999999999999
182219245255245214169123 89 70 73100148205256293309301271228184148126123251211LG 3 1255161131099999999999999 924 69223912299999999999999
141172206231243238214179142113 98102126166214256286296285256216174139118251212LG 41324417 0296999999999999991021 97234211399999999999999
114129158192221239241226199167140125125143175215252277285273245205162127251213LG 5372421755285999999999999991130123999999999999999999999
104 99114144183219244254247224193164144138149176212246270277265235192147251214LG 7 3254185327799999999999999 045 98125113899999999999999
109 86 81 99136183227260276271248213178153141148173209244267273258223175251215LG 816277194727399999999999999 142 8014 914199999999999999
126 87 65 65 90137193245283300293264223182151137144173212248269271249206251216LG 913301203427399999999999999 230 62151113699999999999999
152100 63 46 55 92149212268306320305268221176143131144179221257274267235251217LG 959320211527499999999999999 311 4516 013199999999999999
183125 74 42 33 54103169236291324330305260208163133128151192236267276259251218LG1041331215227799999999999999 348 33164112799999999999999
215156 97 51 26 30 64123194260309334328293243190148126132165211253276275251219LG1119336222627999999999999999 424 24171812499999999999999
244191127 71 33 19 35 82150221281322335316273219170135123142184232268281251220LG115433523 028199999999999999 459 19175312399999999999999
267224163 99 49 21 19 50108180247300329328297247194151125127158206251278251221LG1228333233528299999999999999 533 16182712299999999999999
280253200134 74 33 16 28 71139211273315331315273220171135121135176226265251222LG13 1331999999999999999999999 6 7 1619 212199999999999999
282273234174107 54 23 18 43 99172242295326327298248194151124121147194242251223LG 010282133333099999999999999 641 16193711999999999999999
273280260213148 85 41 20 27 65131206270313330318277222171134116123158207251224LG 04728114 633199999999999999 716 19201511599999999999999
251274273246194130 73 38 27 45 93163235290323328303255199152122111126165251225LG 128277144132999999999999999 754 27205611199999999999999
214252271265234182123 74 47 44 69121190254301323318285233179137110105125251226LG 217272151932499999999999999 837 42214310499999999999999
166212248265259230182130 89 67 68 95145207263301315303266215163123 99 97251227LG 31626616 231599999999999999 928 642236 9599999999999999
118159204241261260236196152115 94 94117160213261293302287250200149108 84251228LG 4272631653302999999999999991030 912335 8199999999999999
 83104144192234261268254222182146122117132165210253281289275239188135 92251229LG 5492691751290999999999999991146116999999999999999999999
 67 63 84127180231268285280254215175146132137162202243272281267231178121251230LG 716285185428199999999999999 038 62131513299999999999999
 73 46 42 64111172232278304306284244201165142138157195236266275262224167251231LG 836308195627599999999999999 140 41144113799999999999999
