 37 42 47 52 54 56 56 57 58 60 65 70 76 81 84 82 77 69 58 48 38 32 29 3025 1 1MC1412 849999999999999999999992218 29999999999999999999999
 33 38 43 48 51 53 54 54 54 56 59 64 71 77 81 83 80 74 65 54 44 36 31 2925 1 2MC1454 839999999999999999999992253 29999999999999999999999
 31 35 40 45 49 52 53 53 53 53 55 58 64 70 76 80 80 76 69 60 49 41 34 3125 1 3MC1535 809999999999999999999992325 31999999999999999999999
 31 34 39 43 48 51 53 53 52 52 52 54 58 63 69 73 76 75 71 63 54 46 39 3525 1 4MC 635 531615 7699999999999999 917 522351 3499999999999999
 34 35 39 44 49 52 54 55 54 53 51 51 53 56 61 66 69 70 69 64 58 50 44 4025 1 5MC 647 551655 70999999999999991035 51999999999999999999999
 38 39 42 46 51 55 58 59 58 56 54 52 51 52 54 58 61 63 64 62 58 53 48 4425 1 6MC 7 2 591738 6499999999999999 011 3812 4 5199999999999999
 43 43 45 50 55 59 62 64 64 62 59 56 53 51 50 51 54 56 57 57 56 53 51 4825 1 7MC 723 641829 5799999999999999 020 421345 5099999999999999
 47 47 49 53 58 63 67 69 70 69 66 62 57 53 50 48 48 49 50 51 52 52 51 5025 1 8MC 750 702011 5299999999999999 016 471537 482344 509999999
 50 51 53 56 61 66 70 74 75 75 74 70 65 59 54 50 46 45 45 46 47 48 50 5125 1 9MC 828 769999999999999999999991727 45999999999999999999999
 52 54 56 59 62 67 71 76 79 80 80 78 73 68 61 54 49 44 42 41 42 44 47 5025 110MC 920 809999999999999999999991845 41999999999999999999999
 53 55 57 60 63 66 70 75 79 82 84 83 81 76 70 62 54 47 42 39 39 40 43 4725 111MC1025 849999999999999999999991939 39999999999999999999999
 51 55 58 60 62 65 68 72 76 80 84 86 86 84 79 71 62 53 45 40 37 37 40 4425 112MC1133 869999999999999999999992024 37999999999999999999999
 48 53 57 60 61 63 65 68 71 76 81 85 88 88 85 79 71 61 51 43 37 35 37 4025 113MC1237 8899999999999999999999921 4 35999999999999999999999
 45 50 55 58 60 61 62 63 66 70 75 81 85 88 88 85 78 68 58 48 40 36 35 3725 114MC1332 899999999999999999999992142 35999999999999999999999
 42 47 52 56 59 59 60 60 61 64 68 74 80 85 88 87 82 74 64 54 44 38 35 3625 115MC1419 889999999999999999999992215 35999999999999999999999
 39 44 50 55 58 59 58 57 57 58 61 67 73 79 83 85 83 78 69 59 49 41 36 3525 116MC 5 6 5915 1 8599999999999999 745 572244 3599999999999999
 38 43 48 53 57 58 58 57 55 55 56 60 65 71 77 80 81 78 71 62 53 45 39 3625 117MC 516 591538 8199999999999999 847 5523 9 3699999999999999
 37 42 47 53 57 59 59 58 55 54 53 55 59 64 69 74 76 75 70 64 56 48 42 3925 118MC 532 601611 7699999999999999 945 532329 3899999999999999
 39 42 47 53 58 61 62 60 58 55 53 52 54 58 62 66 69 70 68 63 57 51 45 4225 119MC 551 621643 70999999999999991043 522344 4199999999999999
 41 43 48 53 59 63 65 64 61 58 55 53 52 54 57 60 63 64 63 61 57 52 48 4525 120MC 614 651713 64999999999999991144 522354 4499999999999999
 44 46 49 54 60 64 67 68 66 62 59 55 53 52 53 55 57 58 59 58 55 53 50 4825 121MC 639 681742 59999999999999991254 522354 4899999999999999
 48 49 52 56 61 66 69 71 70 67 63 59 56 53 52 52 53 54 54 54 53 52 51 5125 122MC 7 7 711812 54999999999999991423 522312 5199999999999999
 51 52 55 58 62 67 70 73 73 71 68 64 60 57 54 52 51 51 51 51 51 51 52 5325 123MC 741 7399999999999999999999918 8 51999999999999999999999
 54 56 58 60 64 67 71 73 75 75 73 70 66 61 57 53 51 49 48 47 48 49 51 5325 124MC 823 7599999999999999999999919 3 47999999999999999999999
 55 58 60 62 64 67 70 73 75 77 76 75 71 67 62 57 52 48 46 45 44 46 48 5125 125MC 922 779999999999999999999991934 44999999999999999999999
 55 58 61 63 65 67 69 72 75 77 79 79 77 73 68 62 55 50 45 42 41 42 44 4825 126MC1034 7999999999999999999999920 5 41999999999999999999999
 52 57 60 62 64 65 67 69 72 75 79 81 81 79 75 68 61 53 46 41 38 38 40 4425 127MC1141 819999999999999999999992036 38999999999999999999999
 49 54 58 61 62 63 64 65 68 72 76 80 83 83 81 75 67 58 49 42 37 35 36 3925 128MC1239 8499999999999999999999921 8 35999999999999999999999
 44 50 54 58 60 61 61 61 63 66 71 77 82 85 85 81 74 64 54 44 37 33 33 3525 129MC1329 859999999999999999999992138 33999999999999999999999
 40 46 51 55 58 58 58 57 58 60 64 70 77 82 85 84 79 70 60 49 40 34 32 3325 130MC 458 581416 8599999999999999 714 5722 5 3299999999999999
 37 43 48 53 56 57 56 55 54 54 57 62 69 76 81 83 81 74 65 54 45 37 33 3325 131MC 454 571459 8399999999999999 817 542229 3399999999999999
 37 42 48 53 56 58 57 54 52 50 51 54 60 67 74 78 78 75 68 59 49 42 37 3525 2 1MC 459 581540 7999999999999999 916 502248 3599999999999999
 38 43 49 54 58 60 59 56 53 49 48 48 52 58 65 70 73 72 68 61 53 46 41 3925 2 2MC 5 9 601621 73999999999999991014 4823 2 3999999999999999
 41 45 51 57 62 64 64 61 56 52 48 46 47 50 56 61 65 66 65 60 55 49 45 4325 2 3MC 524 6417 0 66999999999999991114 4623 9 4399999999999999
 44 48 54 60 65 69 69 67 63 57 52 47 45 46 49 53 57 59 60 58 54 50 47 4625 2 4MC 543 691740 60999999999999991218 4523 7 4699999999999999
 47 50 56 62 68 72 74 73 70 64 58 53 48 46 46 48 50 53 54 54 53 51 49 4825 2 5MC 6 7 741824 54999999999999991332 462252 4899999999999999
 50 53 57 63 69 74 77 78 76 72 66 60 55 50 47 46 46 48 49 50 50 49 49 5025 2 6MC 639 7899999999999999999999915 9 46999999999999999999999
 51 54 58 63 69 74 78 80 79 77 73 68 63 57 52 48 46 45 45 46 46 47 49 5025 2 7MC 722 809999999999999999999991726 45999999999999999999999
 52 55 58 62 67 71 76 79 80 80 78 76 71 66 60 54 49 45 43 43 43 44 47 4925 2 8MC 827 8099999999999999999999919 7 43999999999999999999999
 53 55 58 61 65 68 71 75 78 79 80 80 78 74 68 62 55 48 44 41 40 41 44 4825 2 9MC1014 809999999999999999999991952 40999999999999999999999
 51 55 58 60 62 64 67 69 72 76 79 81 81 80 76 69 61 53 46 41 38 38 41 4525 210MC1149 819999999999999999999992026 38999999999999999999999
 49 54 57 59 61 61 62 64 66 70 74 78 81 82 80 75 68 59 50 43 38 36 38 4225 211MC1255 829999999999999999999992056 36999999999999999999999
 47 52 56 58 59 59 58 58 60 63 67 73 78 81 82 79 73 64 54 45 38 35 36 3925 212MC 4 8 591344 8299999999999999 633 582122 3599999999999999
 44 50 55 58 59 58 56 55 54 56 60 66 72 77 80 80 76 68 58 49 40 35 34 3725 213MC 355 591426 8099999999999999 744 542146 3499999999999999
 42 48 54 57 59 58 55 53 51 50 53 58 64 70 75 77 75 69 61 52 43 37 34 3625 214MC 4 3 5915 2 7799999999999999 836 5022 6 3499999999999999
 41 47 53 58 60 59 56 52 49 47 47 51 56 63 68 72 72 69 62 54 46 39 36 3625 215MC 416 601536 7299999999999999 922 472224 3599999999999999
 40 46 53 58 61 62 59 54 49 46 44 45 49 55 61 65 67 66 61 55 48 42 38 3725 216MC 432 6216 8 679999999999999910 7 442239 3799999999999999
 40 46 53 59 63 64 62 58 52 47 44 43 44 49 54 58 61 62 59 55 49 44 41 4025 217MC 451 641639 62999999999999991050 432249 4099999999999999
 42 47 53 59 64 66 65 61 56 50 45 42 42 45 48 52 55 57 56 53 49 46 43 4325 218MC 511 6617 9 57999999999999991135 422254 4399999999999999
 44 48 54 60 65 68 68 65 60 54 49 45 43 43 45 48 51 52 52 51 49 47 46 4525 219MC 532 681738 52999999999999991222 422242 4599999999999999
 47 50 55 60 65 68 70 68 64 59 53 48 45 44 44 45 47 48 49 48 48 47 47 4725 220MC 555 7018 6 49999999999999991318 432142 4799999999999999
 49 52 56 60 65 68 70 70 67 63 58 53 49 46 45 44 45 45 45 45 45 46 47 4825 221MC 622 709999999999999999999991452 44999999999999999999999
 50 53 56 60 64 67 69 70 69 67 63 59 55 51 47 45 43 43 42 42 42 43 45 4825 222MC 657 7099999999999999999999919 3 42999999999999999999999
 51 54 57 59 62 65 68 69 70 69 67 65 61 56 52 47 44 41 39 38 38 39 42 4525 223MC 8 0 709999999999999999999991930 38999999999999999999999
 49 53 56 58 60 62 64 66 68 69 70 69 67 63 58 52 46 41 37 35 34 35 38 4225 224MC 957 709999999999999999999991957 34999999999999999999999
 46 51 54 56 58 59 60 62 64 67 70 71 71 69 65 58 51 43 37 32 30 31 33 3825 225MC1130 729999999999999999999992022 30999999999999999999999
 43 48 52 54 55 55 55 56 58 62 66 70 73 73 70 65 56 48 39 32 28 28 30 3425 226MC1236 739999999999999999999992046 28999999999999999999999
 39 45 50 52 53 52 51 50 51 54 59 65 70 73 73 70 62 53 43 35 29 27 28 3225 227MC 352 531329 7499999999999999 657 5021 8 2799999999999999
 37 43 48 51 52 50 48 45 44 46 50 57 64 69 72 71 66 58 48 39 32 28 28 3225 228MC 340 521417 7299999999999999 756 442127 2799999999999999
 37 43 49 53 53 51 47 43 39 39 41 47 54 61 66 69 67 60 52 43 36 31 30 3325 3 1MC 342 5315 2 6999999999999999 849 382143 3099999999999999
 39 45 51 55 57 54 49 43 38 34 34 37 43 51 58 62 63 60 54 46 39 34 33 3525 3 2MC 351 571545 6399999999999999 939 332155 3399999999999999
 41 47 54 59 61 60 55 48 40 34 30 31 35 41 48 54 57 57 53 47 41 37 35 3725 3 3MC 4 6 611626 57999999999999991028 3022 3 3599999999999999
 42 49 57 62 66 65 61 54 46 38 32 29 29 34 39 45 49 51 50 46 42 39 38 3925 3 4MC 426 6617 6 51999999999999991119 2922 5 3899999999999999
 43 50 57 64 69 70 67 61 53 45 37 32 29 30 34 38 42 45 46 44 42 40 39 4025 3 5MC 450 701746 46999999999999991213 2922 0 3999999999999999
 43 49 56 64 69 72 71 67 61 53 45 39 34 32 32 34 37 40 41 41 40 40 39 4125 3 6MC 520 721831 41999999999999991317 322138 3999999999999999
 44 48 54 61 67 70 72 70 66 60 54 47 41 37 35 34 35 36 37 38 38 39 40 4125 3 7MC 555 729999999999999999999991449 34999999999999999999999
 44 47 52 57 62 67 69 69 68 65 60 55 50 44 40 37 35 35 35 35 36 37 39 4125 3 8MC 640 709999999999999999999991719 34999999999999999999999
 44 47 50 54 57 61 64 66 66 66 64 61 57 52 47 42 38 35 33 33 33 35 38 4125 3 9MC 754 669999999999999999999991855 33999999999999999999999
 44 46 49 51 53 55 58 60 62 63 64 64 62 59 54 48 42 37 33 31 31 32 35 3925 310MC1031 649999999999999999999991930 30999999999999999999999
 43 46 48 50 50 51 52 53 55 58 61 63 64 63 60 54 47 40 34 30 28 30 33 3825 311MC12 2 649999999999999999999991957 28999999999999999999999
 42 46 48 49 48 47 46 47 48 51 55 60 63 64 63 58 51 43 35 30 27 27 31 3625 312MC 257 4913 0 6499999999999999 628 462019 2799999999999999
 41 46 49 49 48 45 43 41 41 44 48 54 59 62 63 60 54 46 38 31 26 26 29 3425 313MC 245 491345 6399999999999999 729 412040 2699999999999999
 40 46 49 50 49 45 41 38 36 37 40 46 52 57 60 60 56 49 41 33 27 25 27 3325 314MC 252 501424 6199999999999999 814 3621 0 2599999999999999
 39 45 50 52 51 46 41 36 32 31 33 38 44 51 55 57 55 50 43 35 29 26 27 3225 315MC 3 5 5215 0 5799999999999999 853 312118 2699999999999999
 38 45 51 54 53 49 43 36 31 27 27 31 37 43 49 52 53 49 44 37 31 28 28 3125 316MC 320 541535 5399999999999999 931 272133 2799999999999999
 38 45 51 55 56 52 46 39 32 26 24 26 30 36 42 47 49 47 44 38 34 30 29 3225 317MC 338 5616 9 499999999999999910 7 242147 2999999999999999
 37 44 51 56 58 56 50 42 34 28 24 23 26 30 36 41 44 44 42 39 35 32 31 3325 318MC 357 581642 44999999999999991042 232156 3199999999999999
 37 44 51 56 59 58 53 46 38 31 25 23 23 27 31 36 39 41 40 38 36 34 33 3425 319MC 417 591714 41999999999999991117 232156 3399999999999999
 38 43 50 55 59 59 56 50 42 35 29 25 23 25 28 32 35 37 37 36 35 34 34 3625 320MC 438 591749 37999999999999991155 232130 3499999999999999
 38 43 48 54 57 59 57 53 47 40 33 28 25 25 26 29 31 33 34 34 34 34 35 3625 321MC 5 1 599999999999999999999991242 25999999999999999999999
 39 43 47 52 56 58 58 55 50 45 39 33 29 27 26 27 28 29 30 30 31 32 34 3625 322MC 527 589999999999999999999991355 26999999999999999999999
 39 42 46 50 53 56 56 56 53 49 44 39 34 31 28 26 26 25 25 26 27 29 32 3525 323MC 6 0 569999999999999999999991715 25999999999999999999999
 38 41 44 47 50 52 54 54 53 52 49 45 41 36 32 28 25 23 22 22 23 25 28 3225 324MC 652 549999999999999999999991841 22999999999999999999999
 36 40 42 44 46 47 49 50 51 52 51 50 47 43 37 32 27 22 20 18 19 21 25 3025 325MC 915 529999999999999999999991913 18999999999999999999999
 34 38 40 42 42 42 43 44 46 48 51 52 51 49 44 37 31 24 19 17 16 19 23 2825 326MC1115 529999999999999999999991937 16999999999999999999999
 33 37 39 40 39 37 36 37 38 42 46 49 52 52 49 43 36 28 22 18 16 18 22 2725 327MC 249 401228 5299999999999999 625 361957 1699999999999999
 33 37 40 40 38 34 31 29 29 32 37 43 48 51 51 47 41 33 26 20 18 19 22 2825 328MC 228 401327 5199999999999999 724 292014 1899999999999999
 34 39 42 42 39 34 28 23 21 22 27 33 40 46 49 48 44 37 30 24 21 21 24 3025 329MC 226 431419 4999999999999999 812 212029 2099999999999999
 37 43 46 47 43 37 29 22 16 14 17 22 30 37 43 45 43 39 33 27 24 23 26 3225 330MC 235 4715 7 4599999999999999 858 142041 2399999999999999
 40 46 51 52 49 43 33 24 16 10  9 13 20 27 34 39 40 38 34 29 26 25 27 3325 331MC 251 521552 4099999999999999 942  92050 2599999999999999
 41 48 54 57 56 50 41 30 20 12  7  7 12 18 25 31 35 35 33 30 27 26 28 3225 4 1MC 313 571636 35999999999999991027  72056 2699999999999999
 40 48 55 60 60 56 49 38 27 17 10  7  8 12 18 24 29 31 30 29 27 26 27 3125 4 2MC 340 601720 31999999999999991114  72057 2699999999999999
 38 46 53 59 62 60 55 46 36 26 17 11  9 11 14 19 23 26 27 27 26 26 27 2925 4 3MC 411 6218 8 279999999999999912 4  92051 2699999999999999
 34 41 49 55 59 60 57 52 44 35 26 19 14 13 14 16 19 22 24 25 25 25 26 2825 4 4MC 446 6099999999999999999999913 5 13999999999999999999999
 32 37 43 49 54 56 56 53 48 42 34 28 22 18 16 16 18 19 21 22 23 25 26 2825 4 5MC 525 579999999999999999999991429 16999999999999999999999
 30 34 38 43 47 50 51 51 48 45 40 35 30 25 21 19 18 18 19 20 22 24 26 2825 4 6MC 610 519999999999999999999991618 18999999999999999999999
 30 32 35 38 40 43 45 46 46 45 43 40 36 31 27 22 19 17 17 18 20 23 26 2925 4 7MC 723 469999999999999999999991742 17999999999999999999999
 31 32 34 35 35 36 37 39 40 41 42 42 40 36 32 27 22 18 16 16 18 21 25 2925 4 8MC1019 429999999999999999999991826 16999999999999999999999
 32 34 34 33 32 31 31 31 33 35 38 40 41 39 36 31 25 20 16 15 17 20 25 3025 4 9MC 145 341151 4199999999999999 553 311856 1599999999999999
 33 35 35 34 31 28 26 25 26 28 32 36 39 40 38 34 28 22 17 15 15 19 24 3025 410MC 129 361252 4099999999999999 7 0 251920 1599999999999999
 35 37 38 35 31 27 22 19 19 21 25 30 35 38 38 36 31 25 20 16 15 18 23 3025 411MC 137 381341 3999999999999999 744 191943 1599999999999999
 35 39 41 38 34 27 21 16 13 14 17 23 29 34 36 36 33 28 22 18 16 17 22 2925 412MC 151 411424 3799999999999999 820 1320 3 1699999999999999
 36 41 43 42 37 30 22 15 10  8 11 16 22 28 32 34 33 29 24 20 17 18 22 2825 413MC 2 8 4315 5 3499999999999999 854  82022 1799999999999999
 36 42 45 45 41 33 24 16  9  5  6  9 15 22 27 31 32 30 26 22 19 19 22 2725 414MC 227 451543 3299999999999999 926  52039 1999999999999999
 35 41 46 47 44 37 28 19 10  5  3  5 10 16 22 27 29 29 26 23 21 20 22 2725 415MC 248 471620 2999999999999999 957  32053 2099999999999999
 33 40 45 48 46 41 32 23 13  6  3  3  6 11 17 22 25 26 25 24 22 21 22 2625 416MC 3 9 481656 26999999999999991028  221 0 2199999999999999
 32 38 44 48 48 44 36 27 18 10  4  2  4  8 13 18 21 23 24 23 22 22 22 2525 417MC 332 481737 249999999999999911 0  22051 2299999999999999
 30 36 42 46 47 45 40 31 22 14  8  4  3  6  9 13 17 19 21 21 21 21 22 2525 418MC 357 479999999999999999999991137  3999999999999999999999
 29 34 39 44 46 46 42 35 27 19 12  7  5  5  7 10 13 15 17 18 19 20 22 2425 419MC 422 469999999999999999999991224  5999999999999999999999
 27 31 36 40 43 44 42 38 32 25 18 12  8  6  6  7  9 11 13 14 16 18 20 2325 420MC 451 449999999999999999999991331  6999999999999999999999
 26 29 33 37 40 41 41 39 35 30 24 18 13  9  7  6  7  8  9 11 13 16 19 2225 421MC 525 419999999999999999999991513  6999999999999999999999
 25 27 30 32 35 36 37 37 35 33 29 24 19 15 11  8  6  6  6  8 10 14 18 2125 422MC 611 379999999999999999999991652  6999999999999999999999
 24 26 28 28 29 30 31 32 32 32 31 29 25 21 16 12  8  6  6  7  9 13 17 2125 423MC 8 9 329999999999999999999991746  6999999999999999999999
 24 26 26 26 25 24 24 24 26 28 29 30 29 26 22 17 12  9  7  7 10 14 18 2325 424MC 148 261051 3099999999999999 532 241817  799999999999999
 26 28 27 25 21 18 16 16 17 20 24 27 29 29 26 22 17 13 10 10 12 16 21 2625 425MC 110 281223 2999999999999999 643 161840 1099999999999999
 30 32 31 27 21 15 10  7  7 10 15 20 25 28 28 25 21 17 14 13 14 19 24 3025 426MC 1 5 321333 2899999999999999 731  71857 1399999999999999
 35 37 36 32 25 16  8  2 -1  0  5 11 17 23 26 26 24 20 17 16 17 21 27 3425 427MC 115 371432 2699999999999999 814 -11911 1699999999999999
 39 43 43 39 32 21 11  2 -5 -7 -4  1  9 15 21 24 24 22 19 18 18 21 27 3525 428MC 133 441525 2499999999999999 856 -71921 1799999999999999
 42 47 49 47 40 30 18  6 -3 -9-10 -6  0  8 14 19 21 21 19 18 18 20 26 3325 429MC 159 491614 2199999999999999 938-101928 1899999999999999
 42 48 52 52 47 38 27 14  3 -6-11-10 -6  1  8 13 17 18 18 17 17 19 23 3025 430MC 231 5317 4 18999999999999991022-111934 1799999999999999
 38 45 51 54 52 45 35 23 11  1 -6 -9 -8 -3  2  8 13 15 16 16 16 17 20 2525 5 1MC 3 6 5499999999999999999999911 7 -9999999999999999999999
 32 40 47 51 52 49 41 32 21 10  1 -4 -6 -4  0  4  9 12 14 14 15 15 17 2125 5 2MC 344 529999999999999999999991157 -6999999999999999999999
 26 33 40 45 48 47 43 37 28 19 10  3 -1 -2 -1  2  6  9 12 13 14 15 16 1825 5 3MC 423 489999999999999999999991252 -2999999999999999999999
 22 27 32 37 41 42 41 37 32 25 17 10  5  2  1  2  5  7 10 12 14 15 16 1825 5 4MC 5 3 429999999999999999999991355  1999999999999999999999
 20 23 26 30 33 35 36 34 32 27 22 16 11  7  4  3  4  6  9 11 14 16 18 1925 5 5MC 544 3699999999999999999999915 2  3999999999999999999999
 20 21 23 24 26 28 29 29 28 27 24 20 16 12  8  6  5  6  8 11 14 17 20 2125 5 6MC 636 2999999999999999999999916 2  5999999999999999999999
 22 22 21 21 21 21 21 22 23 23 23 22 19 16 12  9  7  6  8 10 14 18 22 2425 5 7MC 019 22 915 232359 259999999 4 1 211650  699999999999999
 25 24 22 20 18 16 15 15 16 18 19 20 20 19 16 13 10  8  8 10 14 19 23 2725 5 8MC1128 21999999999999999999999 624 151728  899999999999999
 28 28 25 21 17 13 10  8  9 11 14 17 19 20 19 16 13 10  9 10 14 19 25 2925 5 9MC 012 291250 2099999999999999 712  818 0  999999999999999
 32 32 29 24 18 12  7  3  3  4  8 12 16 19 20 19 16 13 11 11 14 19 25 3125 510MC 031 321351 2099999999999999 747  31829 1199999999999999
 35 36 34 28 21 13  6  1 -2 -1  2  7 12 17 20 20 19 16 14 13 14 19 25 3125 511MC 051 361442 2099999999999999 819 -21855 1399999999999999
 36 39 38 33 25 16  8  0 -4 -6 -3  1  7 13 17 20 20 18 16 15 15 18 24 3025 512MC 114 391527 2099999999999999 848 -61918 1599999999999999
 36 40 41 37 30 21 11  2 -5 -8 -7 -3  2  9 14 18 19 19 17 16 16 18 22 2925 513MC 139 4116 9 1999999999999999 917 -81938 1699999999999999
 35 40 42 40 34 26 15  5 -3 -8 -9 -7 -2  4 10 15 17 18 17 16 16 17 21 2625 514MC 2 4 421651 1899999999999999 946 -91953 1699999999999999
 33 38 42 42 38 30 20 10  0 -7-10 -9 -5  0  6 11 14 16 16 16 16 16 19 2425 515MC 232 439999999999999999999991017-10999999999999999999999
 30 36 40 42 40 34 25 15  5 -3 -8-10 -8 -4  1  6 11 13 14 15 15 15 17 2125 516MC 3 0 429999999999999999999991051-10999999999999999999999
 27 32 38 41 41 37 30 20 10  1 -5 -9 -9 -6 -2  2  6  9 11 12 13 14 16 1925 517MC 330 419999999999999999999991129 -9999999999999999999999
 23 29 34 38 39 38 33 25 16  7 -1 -6 -8 -8 -5 -1  2  6  8 10 12 13 15 1725 518MC 4 1 399999999999999999999991215 -8999999999999999999999
 21 25 29 34 36 36 33 28 21 12  5 -1 -5 -7 -6 -4 -1  2  5  8 10 12 14 1625 519MC 432 3699999999999999999999913 7 -7999999999999999999999
 19 21 25 28 31 32 31 28 23 17 10  4 -1 -4 -5 -4 -2  1  4  7 10 12 14 1625 520MC 5 7 3299999999999999999999914 3 -5999999999999999999999
 18 19 21 23 25 26 27 26 23 20 15 10  5  1 -1 -2 -1  1  4  7 11 14 16 1825 521MC 547 279999999999999999999991457 -2999999999999999999999
 18 18 18 18 18 19 20 20 20 19 17 14 10  7  4  3  3  4  6 10 13 17 20 2125 522MC 659 202333 21999999999999991541  2999999999999999999999
 21 20 18 15 13 12 11 12 13 14 15 15 14 12 10  8  7  7 10 13 17 21 24 2625 523MC1028 152331 2799999999999999 545 111613  799999999999999
 26 24 21 16 11  6  4  3  5  7 10 13 14 15 14 13 12 12 13 16 21 26 30 3325 524MC1244 152345 3399999999999999 646  31633 1199999999999999
 33 31 26 20 12  5 -1 -4 -4 -1  3  7 11 14 15 15 15 15 16 18 23 29 34 3825 525MC1423 16999999999999999999999 730 -41641 1599999999999999
 40 39 35 27 17  8 -1 -8-10 -9 -5  0  6 11 15 16 16 16 17 19 23 29 36 4225 526MC 011 40999999999999999999999 812-10999999999999999999999
 45 46 43 36 26 15  3 -6-12-14-12 -7 -1  6 11 15 16 16 17 18 22 27 34 4125 527MC 044 46999999999999999999999 853-14999999999999999999999
 47 50 49 45 36 24 11  0-10-15-15-12 -6  0  7 11 14 15 16 17 19 23 30 3725 528MC 123 50999999999999999999999 936-16999999999999999999999
 44 49 52 50 44 33 21  8 -3-11-15-14-10 -5  2  7 11 13 14 15 16 19 24 3125 529MC 2 5 529999999999999999999991019-15999999999999999999999
 38 45 49 51 48 40 30 18  6 -4-11-13-12 -8 -2  4  8 11 13 13 14 15 19 2425 530MC 248 5199999999999999999999911 3-13999999999999999999999
 31 38 44 47 47 43 35 25 14  4 -5-10-11 -8 -4  1  6  9 11 12 13 13 15 1925 531MC 330 489999999999999999999991146-11999999999999999999999
 24 30 36 40 43 41 37 29 20 11  2 -4 -7 -7 -5  0  4  8 11 12 13 13 14 1625 6 1MC 410 439999999999999999999991228 -8999999999999999999999
 19 23 28 33 36 36 34 30 23 16  8  1 -3 -5 -4 -1  3  8 11 13 15 15 15 1525 6 2MC 447 3699999999999999999999913 7 -5999999999999999999999
 16 19 22 25 28 29 29 27 23 18 12  6  2 -1 -1  0  4  8 12 15 17 18 18 1725 6 3MC 520 302126 18999999999999991342 -2999999999999999999999
 17 17 18 19 21 22 22 22 20 17 13  9  6  3  2  2  5  8 12 16 19 21 22 2125 6 4MC 551 222154 2299999999999999 020 171414  299999999999999
 20 18 17 16 15 15 16 15 15 14 13 11  9  7  6  5  7  9 13 18 22 25 26 2625 6 5MC2223 269999999999999999999991443  5999999999999999999999
 24 21 18 15 12 11 10  9 10 10 11 11 11 10  9  9  9 11 14 18 23 27 30 3025 6 6MC1115 112253 3199999999999999 657  91511  999999999999999
 29 26 22 17 12  8  5  4  4  5  7 10 12 13 13 13 13 13 16 19 24 29 32 3425 6 7MC2323 35999999999999999999999 722  4999999999999999999999
 34 31 27 20 14  8  3  0 -1  1  3  7 11 14 15 16 16 16 17 20 24 29 34 3725 6 8MC2354 38999999999999999999999 749 -1999999999999999999999
 38 36 32 25 17 10  3 -2 -4 -3 -1  4  8 13 16 18 18 18 18 20 23 28 33 3825 6 9MC9999999999999999999999999999 816 -4999999999999999999999
 40 40 37 31 22 13  5 -2 -6 -6 -4  0  5 11 15 18 19 19 19 20 22 26 32 3725 610MC 027 41999999999999999999999 843 -6999999999999999999999
 41 43 41 36 28 18  8  0 -6 -8 -7 -4  1  7 13 17 19 19 19 20 21 24 29 3525 611MC 1 1 43999999999999999999999 912 -8999999999999999999999
 40 43 44 40 33 24 13  3 -4 -9 -9 -7 -2  3  9 14 17 18 19 19 19 22 26 3225 612MC 136 44999999999999999999999 942-10999999999999999999999
 37 42 45 43 38 29 19  8 -1 -8-10-10 -6 -1  5 10 14 16 17 17 18 19 22 2825 613MC 210 459999999999999999999991014-11999999999999999999999
 34 39 43 44 41 34 24 13  3 -5-10-11 -9 -5  0  6 10 13 15 15 16 17 19 2325 614MC 245 449999999999999999999991048-11999999999999999999999
 29 35 40 43 42 37 29 19  8 -1 -8-11-10 -7 -3  2  7 11 13 14 15 15 17 2025 615MC 319 439999999999999999999991123-11999999999999999999999
 24 30 35 39 40 38 32 24 14  4 -3 -8-10 -8 -5  0  5  9 12 13 14 15 16 1725 616MC 353 409999999999999999999991158-10999999999999999999999
 20 24 29 34 36 36 33 26 18 10  2 -4 -7 -7 -4  0  4  8 12 14 15 16 16 1625 617MC 426 369999999999999999999991230 -7999999999999999999999
 18 20 23 27 30 31 30 26 21 14  7  1 -2 -3 -2  1  6 10 14 16 18 19 18 1825 618MC 5 1 3121 1 19999999999999991256 -3999999999999999999999
 17 17 18 20 23 24 24 23 20 16 11  6  3  2  3  5  9 13 17 20 22 23 23 2125 619MC 538 2421 7 2399999999999999 015 171313  299999999999999
 19 17 16 15 16 16 17 17 16 15 12 10  8  7  8  9 13 17 21 25 28 29 29 2725 620MC 628 172125 2999999999999999 3 9 151311  799999999999999
 24 21 17 13 11 10 10 10 11 11 11 11 11 11 12 14 17 20 25 29 33 35 36 3525 621MC2155 36999999999999999999999 536 10999999999999999999999
 32 27 21 15 10  6  4  3  4  6  8 10 12 14 15 17 20 23 27 32 37 40 42 4225 622MC2235 43999999999999999999999 648  3999999999999999999999
 40 36 29 21 13  6  1 -2 -2  0  3  7 10 14 16 19 21 24 27 32 37 42 46 4825 623MC2324 48999999999999999999999 734 -2999999999999999999999
 48 44 38 30 20 10  2 -4 -6 -6 -3  2  7 12 16 19 21 23 26 30 35 40 46 5025 624MC9999999999999999999999999999 816 -6999999999999999999999
 52 51 47 40 29 18  8 -1 -7 -9 -7 -3  3  9 14 17 20 22 24 26 30 36 42 4825 625MC 017 52999999999999999999999 857 -9999999999999999999999
 52 54 53 48 39 28 16  5 -4 -9 -9 -6 -1  5 11 15 18 20 21 23 25 29 35 4225 626MC 1 9 54999999999999999999999 938 -9999999999999999999999
 48 53 55 52 46 36 25 13  2 -6 -9 -8 -4  1  7 13 17 18 19 20 21 24 28 3525 627MC 159 559999999999999999999991017 -9999999999999999999999
 41 48 52 53 50 42 32 20  9 -1 -6 -8 -6 -1  5 11 15 18 18 18 18 19 22 2725 628MC 245 539999999999999999999991052 -8999999999999999999999
 33 40 46 49 48 44 36 26 15  5 -2 -6 -5 -2  3  9 14 17 19 19 18 18 18 2125 629MC 326 491820 19999999999999991124 -62054 1899999999999999
 26 32 38 42 44 42 37 29 20 10  2 -2 -4 -2  3  9 14 18 20 21 20 18 17 1825 630MC 4 2 441839 21999999999999991151 -422 4 1799999999999999
 21 25 30 34 37 37 35 29 22 14  7  2 -1  0  4  9 15 19 22 24 23 21 19 1825 7 1MC 434 3819 3 24999999999999991213 -12318 1899999999999999
 18 20 23 27 30 31 30 26 22 16 10  6  3  3  6 10 16 21 25 27 27 25 23 2125 7 2MC 5 2 311931 27999999999999991229  3999999999999999999999
 19 19 19 21 23 24 24 22 19 16 12  9  7  7  9 12 17 22 27 30 31 30 28 2525 7 3MC 524 2420 4 3199999999999999 049 191237  799999999999999
 22 20 18 18 18 18 18 17 16 15 13 12 11 11 12 15 19 24 28 32 34 35 33 3125 7 4MC2041 359999999999999999999991225 11999999999999999999999
 27 23 20 17 15 14 13 13 13 12 13 13 14 15 16 18 21 25 29 33 36 38 38 3625 7 5MC2124 38999999999999999999999 857 12999999999999999999999
 33 28 24 19 15 12 10  9  9 10 11 13 15 17 19 21 24 26 30 34 37 40 41 4125 7 6MC2212 41999999999999999999999 742  9999999999999999999999
 38 34 29 23 17 13  9  6  6  7  9 12 16 19 22 24 25 27 30 33 37 40 43 4425 7 7MC23 3 44999999999999999999999 756  6999999999999999999999
 43 40 35 28 21 14  9  5  3  4  6 10 14 19 22 25 27 28 29 32 35 39 43 4525 7 8MC2354 46999999999999999999999 819  3999999999999999999999
 46 45 41 34 26 18 11  5  2  1  3  7 12 17 21 24 26 27 28 30 32 36 41 4525 7 9MC9999999999999999999999999999 844  1999999999999999999999
 48 48 46 40 32 23 14  6  1 -1  0  3  8 13 19 23 25 26 27 27 29 32 37 4325 710MC 041 49999999999999999999999 912 -1999999999999999999999
 47 50 50 46 38 29 18  9  1 -3 -3 -1  4  9 15 20 23 24 25 25 26 28 33 3825 711MC 124 50999999999999999999999 940 -3999999999999999999999
 44 49 51 49 43 34 24 13  4 -3 -5 -4  0  5 11 17 21 23 23 23 23 24 28 3325 712MC 2 4 5199999999999999999999910 9 -5999999999999999999999
 39 45 50 50 47 39 29 18  7 -1 -5 -6 -3  2  8 14 18 21 22 21 21 21 23 2725 713MC 242 5018 3 22999999999999991037 -62020 2199999999999999
 33 40 45 48 47 42 34 23 12  3 -3 -5 -3  1  7 12 17 21 22 21 20 20 20 2225 714MC 318 481810 229999999999999911 3 -52117 1999999999999999
 27 33 39 43 44 42 36 27 17  8  1 -2 -2  2  7 13 18 22 23 23 22 20 19 1925 715MC 354 441821 24999999999999991125 -22220 1999999999999999
 21 26 31 36 39 39 35 29 21 13  6  2  2  4  9 15 20 25 27 27 25 23 20 1925 716MC 428 391833 27999999999999991141  22331 1899999999999999
 19 20 24 28 31 33 32 28 22 16 11  7  6  8 13 18 24 29 31 32 31 28 24 2125 717MC 5 3 331849 32999999999999991149  6999999999999999999999
 19 18 19 21 24 26 26 24 21 18 14 11 11 13 17 22 28 33 36 38 37 35 31 2725 718MC 538 261911 3899999999999999 056 181143 1199999999999999
 22 19 17 17 18 19 20 20 18 17 15 14 15 17 20 25 31 36 40 43 43 42 39 3425 719MC 616 201943 4399999999999999 245 171117 1499999999999999
 29 24 20 17 15 14 14 14 14 14 15 16 17 19 23 27 32 37 42 46 48 48 46 4325 720MC2032 48999999999999999999999 526 14999999999999999999999
 38 32 26 20 16 12 10 10 10 11 13 15 18 21 24 28 32 37 41 46 49 51 51 5025 721MC2144 51999999999999999999999 710 10999999999999999999999
 47 41 35 28 20 14  9  7  6  7 10 13 17 21 24 28 31 35 38 43 47 50 53 5425 722MC23 8 54999999999999999999999 750  6999999999999999999999
 53 50 44 37 28 19 11  6  4  4  6 10 15 20 24 27 30 32 35 38 42 47 51 5425 723MC9999999999999999999999999999 826  3999999999999999999999
 56 56 52 46 37 26 17  8  3  2  3  7 12 17 22 26 28 30 31 33 36 40 46 5125 724MC 020 57999999999999999999999 9 0  2999999999999999999999
 55 58 57 53 45 34 23 13  5  1  1  4  9 15 21 25 27 28 28 28 30 33 38 4525 725MC 118 58999999999999999999999 932  1999999999999999999999
 51 55 57 56 50 41 30 19  9  3  0  2  7 13 19 24 27 27 27 26 26 27 31 3725 726MC 2 7 571653 279999999999999910 1  01941 2599999999999999
 43 50 54 55 52 45 35 24 13  5  1  2  5 11 18 23 27 28 27 25 23 23 25 2925 727MC 248 551657 28999999999999991026  12045 2399999999999999
 35 42 48 51 50 46 38 28 18  9  4  2  5 11 17 24 28 30 29 26 23 21 21 2325 728MC 324 511710 30999999999999991047  22140 2199999999999999
 28 34 40 44 45 43 38 30 21 13  7  5  6 11 18 24 30 32 32 30 26 22 20 2025 729MC 357 451727 339999999999999911 5  52234 2099999999999999
 22 27 32 36 39 39 36 30 23 16 10  8  9 12 19 25 31 35 36 34 30 26 22 2025 730MC 427 391748 36999999999999991118  82330 2099999999999999
 20 22 26 30 32 33 32 28 23 18 14 11 12 15 20 27 33 37 39 38 35 31 26 2325 731MC 454 331811 39999999999999991125 11999999999999999999999
 20 20 22 24 26 28 27 25 22 19 16 15 15 18 22 28 34 39 41 42 40 36 31 2725 8 1MC 516 281838 4299999999999999 032 201120 1599999999999999
 24 22 21 22 22 23 23 22 21 19 18 18 19 21 25 29 35 39 43 44 43 41 37 3325 8 2MC 523 2319 9 4499999999999999 154 211038 1899999999999999
 28 25 23 21 21 20 20 19 18 18 19 20 22 24 27 31 35 39 43 45 45 44 42 3825 8 3MC1949 45999999999999999999999 851 18999999999999999999999
 34 30 26 23 21 19 17 16 16 17 18 20 23 26 29 32 36 39 42 44 46 46 45 4325 8 4MC2052 46999999999999999999999 752 16999999999999999999999
 40 36 31 27 22 19 16 14 13 14 16 20 23 27 30 33 35 38 40 42 45 47 48 4725 8 5MC2220 48999999999999999999999 757 13999999999999999999999
 46 42 37 31 25 20 15 12 11 11 13 17 22 26 30 33 35 36 38 40 42 45 48 5025 8 6MC2336 50999999999999999999999 816 10999999999999999999999
 50 48 44 37 30 22 16 11  8  8 10 14 19 24 29 32 33 34 35 36 38 42 46 5025 8 7MC9999999999999999999999999999 838  7999999999999999999999
 52 52 49 44 36 27 18 11  6  5  6 10 15 21 26 30 32 32 32 32 34 37 41 4725 8 8MC 033 53999999999999999999999 9 1  5999999999999999999999
 52 54 54 49 42 32 22 12  6  3  3  6 12 18 24 28 30 30 29 29 29 31 35 4125 8 9MC 120 541637 3099999999999999 924  21925 2899999999999999
 48 53 55 53 47 37 26 16  8  2  1  4  9 15 22 27 29 30 28 26 25 25 28 3425 810MC 2 3 551635 3099999999999999 946  12017 2599999999999999
 41 48 52 53 49 42 31 21 11  5  2  4  8 15 21 26 30 30 28 25 23 21 22 2625 811MC 242 531640 309999999999999910 6  221 8 2199999999999999
 33 40 46 49 49 44 35 25 16  8  5  5  9 15 22 28 32 33 31 27 23 20 18 2025 812MC 321 501649 33999999999999991024  42158 1899999999999999
 25 31 38 43 44 42 36 28 20 13  9  8 12 18 25 31 35 37 35 31 26 21 18 1725 813MC 358 4417 1 37999999999999991037  82251 1799999999999999
 19 23 29 35 38 38 35 29 23 17 13 12 15 21 28 34 39 42 41 37 32 26 20 1725 814MC 435 381717 42999999999999991043 122347 1699999999999999
 16 18 22 27 31 32 31 28 24 19 17 16 18 23 30 37 43 46 47 44 39 33 26 2125 815MC 511 321738 47999999999999991041 16999999999999999999999
 18 17 18 21 24 26 27 25 23 20 19 19 21 26 32 39 45 49 51 50 46 41 34 2825 816MC 545 2718 5 5199999999999999 053 171027 1999999999999999
 23 20 18 19 20 21 22 22 21 20 20 21 23 27 32 38 45 50 52 53 51 48 43 3725 817MC 618 221842 5399999999999999 223 18 944 2099999999999999
 32 27 23 20 18 18 18 18 18 19 20 22 24 28 32 37 43 47 51 53 53 52 49 4625 818MC1937 53999999999999999999999 622 18999999999999999999999
 41 35 30 25 20 17 16 15 15 16 18 21 25 28 32 36 40 44 47 50 52 53 53 5225 819MC2128 53999999999999999999999 722 15999999999999999999999
 49 44 39 32 25 20 15 13 12 14 16 20 24 28 32 35 37 39 42 45 48 51 53 5425 820MC2327 54999999999999999999999 750 12999999999999999999999
 54 52 47 40 32 24 17 13 11 11 14 18 23 28 31 34 35 36 37 39 41 45 49 5325 821MC9999999999999999999999999999 816 10999999999999999999999
 56 56 53 47 39 30 21 14 10  9 12 16 22 27 31 33 34 33 33 33 35 38 43 4825 822MC 037 561559 3499999999999999 840  91825 3399999999999999
 53 56 56 52 45 35 25 16 10  8 10 14 20 26 31 34 34 32 30 29 29 31 35 4225 823MC 129 571537 3499999999999999 9 3  81937 2899999999999999
 48 53 55 54 48 40 30 20 12  8  9 13 19 26 31 35 35 33 30 27 24 25 28 3325 824MC 211 551541 3599999999999999 924  82028 2499999999999999
 40 47 51 52 49 42 33 23 15 10  9 12 18 25 32 36 38 36 31 27 23 21 22 2625 825MC 248 521553 3899999999999999 943  92113 2199999999999999
 32 39 45 48 47 43 35 26 18 12 10 13 18 26 33 38 40 39 35 29 23 19 18 2025 826MC 322 4816 9 409999999999999910 0 102156 1899999999999999
 25 31 37 41 43 41 35 28 21 16 13 14 19 26 33 39 43 43 39 33 26 21 17 1725 827MC 355 431627 43999999999999991013 132238 1799999999999999
 20 25 30 35 37 37 34 29 23 19 16 16 20 27 34 40 45 46 43 38 31 24 19 1725 828MC 426 381647 46999999999999991023 162321 1799999999999999
 17 20 25 29 32 33 31 28 24 21 19 19 22 28 34 41 46 48 47 42 36 29 24 2025 829MC 455 3317 8 48999999999999991025 19999999999999999999999
 18 19 21 25 27 28 28 27 24 23 22 22 25 29 35 41 46 49 49 46 41 35 29 2425 830MC 521 291731 4999999999999999 0 5 1810 8 2299999999999999
 21 20 21 22 24 25 25 24 24 23 23 25 27 31 35 40 45 48 49 48 44 39 34 2925 831MC 540 251756 4999999999999999 059 20 910 2399999999999999
 26 23 22 22 22 22 22 22 22 22 24 26 29 32 36 40 44 47 48 48 47 43 40 3525 9 1MC1829 49999999999999999999999 513 22999999999999999999999
 31 28 25 23 22 21 20 19 19 21 23 26 29 33 36 39 42 45 46 47 47 46 44 4125 9 2MC1923 47999999999999999999999 715 19999999999999999999999
 37 33 29 25 22 19 17 16 16 18 21 25 29 32 36 38 40 42 43 45 46 47 47 4625 9 3MC2138 47999999999999999999999 727 16999999999999999999999
 43 40 35 30 24 19 16 13 13 14 18 22 27 31 35 37 38 39 40 41 43 45 47 4925 9 4MC2321 49999999999999999999999 746 13999999999999999999999
 48 46 41 35 28 21 15 11 10 11 14 19 25 30 34 35 36 35 35 36 38 41 45 4825 9 5MC9999999999999999999999999999 8 6 10999999999999999999999
 51 50 47 41 33 24 16 11  8  8 11 16 23 28 32 35 34 33 31 30 31 34 39 4525 9 6MC 024 511526 3599999999999999 826  719 4 3099999999999999
 49 52 51 46 38 29 20 12  8  7 10 15 21 28 32 35 34 32 28 26 25 27 31 3825 9 7MC 115 521519 3599999999999999 845  71953 2599999999999999
 44 49 51 49 43 34 25 16 10  8 10 15 21 28 33 36 36 33 28 23 20 19 23 2925 9 8MC 2 0 511521 3699999999999999 9 2  82038 1999999999999999
 36 43 47 48 45 38 29 21 14 11 12 16 23 30 36 39 39 36 30 23 18 15 15 2025 9 9MC 243 491530 4099999999999999 917 112123 1499999999999999
 27 34 40 44 44 39 32 24 18 14 15 19 25 33 39 44 44 41 35 27 19 14 11 1325 910MC 325 441543 4599999999999999 929 1422 8 1199999999999999
 18 25 32 37 39 38 33 27 21 18 18 21 28 35 43 48 50 48 42 33 25 17 11 1025 911MC 4 6 3916 0 5099999999999999 937 172254 1099999999999999
 12 17 24 29 33 34 31 27 23 21 20 23 29 37 44 50 54 53 49 41 32 23 16 1225 912MC 445 341623 5499999999999999 938 202345 1199999999999999
 11 13 18 23 27 29 28 26 24 22 22 24 29 36 44 51 55 56 54 48 41 32 24 1825 913MC 523 291650 5799999999999999 931 22999999999999999999999
 14 14 15 18 22 24 25 24 23 22 23 25 29 35 42 49 54 57 56 53 47 41 33 2725 914MC 6 4 251723 5799999999999999 044 13 910 2299999999999999
 21 18 17 17 19 20 21 22 22 22 23 26 29 34 39 45 50 54 55 54 51 47 42 3625 915MC18 4 55999999999999999999999 210 17999999999999999999999
 30 26 22 20 19 18 19 19 20 21 23 26 29 33 37 41 45 49 51 52 51 50 47 4425 916MC19 4 52999999999999999999999 445 18999999999999999999999
 39 34 29 25 21 18 17 17 18 20 23 26 29 32 35 38 40 43 45 47 48 49 49 4825 917MC2150 49999999999999999999999 636 17999999999999999999999
 46 42 37 31 25 20 17 16 16 18 22 26 30 33 35 36 37 38 39 40 42 45 47 4925 918MC2338 50999999999999999999999 7 9 16999999999999999999999
 50 48 43 37 30 23 18 15 15 17 21 26 31 34 36 36 35 34 33 33 35 39 43 4725 919MC1437 36999999999999999999999 733 141817 3399999999999999
 50 50 48 42 35 27 20 15 14 16 20 26 31 35 38 37 35 32 29 28 28 31 36 4225 920MC 040 501420 3899999999999999 754 141917 2899999999999999
 46 49 49 45 39 31 23 17 14 15 19 25 32 37 40 40 37 32 28 24 22 24 28 3425 921MC 128 501426 4099999999999999 814 1420 1 2299999999999999
 41 46 48 47 41 34 26 19 15 15 19 25 32 38 42 43 40 34 28 22 19 18 21 2725 922MC 2 9 481439 4399999999999999 833 142041 1899999999999999
 34 40 44 45 42 36 29 22 17 16 19 25 32 39 44 46 44 38 30 23 17 14 15 2025 923MC 247 451455 4699999999999999 851 162118 1499999999999999
 26 33 38 41 41 37 31 25 20 18 20 25 32 40 46 49 47 42 34 26 19 13 12 1425 924MC 323 421513 4999999999999999 9 6 182153 1299999999999999
 20 26 32 36 38 36 32 27 23 21 21 25 32 40 46 50 51 47 39 30 22 15 12 1225 925MC 358 381533 5199999999999999 919 202228 1199999999999999
 15 21 26 31 34 34 32 28 25 23 23 26 32 39 46 51 52 50 44 35 27 19 14 1225 926MC 432 341554 5299999999999999 927 2323 3 1299999999999999
 13 17 22 26 30 31 30 28 26 25 25 28 32 39 45 50 53 52 47 40 32 24 18 1425 927MC 5 6 311616 5399999999999999 923 252340 1499999999999999
 14 16 19 23 26 28 28 27 26 26 27 29 33 38 44 49 52 52 49 44 37 30 23 1925 928MC 540 281639 5299999999999999 847 26999999999999999999999
 16 17 18 21 23 24 25 25 25 26 27 30 33 37 42 46 50 51 50 46 41 35 29 2425 929MC17 4 51999999999999999999999 025 16999999999999999999999
 21 19 19 19 20 21 22 23 24 25 27 30 33 37 40 44 47 49 49 47 44 40 35 3025 930MC1733 49999999999999999999999 135 19999999999999999999999
 26 23 20 19 19 19 19 19 21 23 26 30 33 36 39 42 44 46 47 46 45 43 40 362510 1MC1816 47999999999999999999999 456 19999999999999999999999
 32 28 24 21 18 17 16 16 18 21 24 29 32 36 38 39 41 42 43 43 44 44 43 412510 2MC2037 44999999999999999999999 615 16999999999999999999999
 38 34 29 24 19 16 14 13 15 18 22 27 32 35 37 38 37 37 37 38 40 42 43 442510 3MC2256 44999999999999999999999 645 13999999999999999999999
 43 40 35 29 23 17 14 12 13 16 21 27 32 35 37 36 35 33 32 32 33 36 40 432510 4MC1420 37999999999999999999999 7 8 121830 3199999999999999
 45 44 41 35 28 21 16 13 13 16 21 27 32 36 38 37 34 30 27 25 25 28 33 392510 5MC 011 4514 5 3899999999999999 728 121916 2599999999999999
 43 45 44 40 33 26 20 15 15 17 22 28 35 39 41 40 35 29 24 19 18 19 24 312510 6MC 1 9 4514 3 4199999999999999 746 141958 1899999999999999
 37 42 44 42 37 31 24 19 18 19 24 31 38 43 46 44 39 32 24 17 12 11 15 212510 7MC 2 0 441411 4699999999999999 8 1 182040 1199999999999999
 29 36 40 42 39 34 28 24 21 22 27 34 41 47 51 51 46 38 28 18 11  7  8 122510 8MC 248 421426 5199999999999999 813 212121  799999999999999
 20 27 34 38 38 35 30 26 24 25 29 36 44 51 56 57 53 46 35 24 14  7  4  62510 9MC 334 381446 5799999999999999 822 2422 4  499999999999999
 12 19 26 31 34 33 31 28 26 26 29 36 44 52 58 61 59 54 44 33 22 12  6  5251010MC 418 341512 6199999999999999 826 262249  599999999999999
  8 13 19 25 29 30 29 28 26 26 29 34 42 50 57 62 63 59 52 42 31 21 13  8251011MC 5 1 301543 6399999999999999 824 262338  899999999999999
  8 11 15 20 24 27 27 26 26 26 28 32 38 46 53 59 62 61 57 49 40 31 22 16251012MC 550 271618 6299999999999999 814 26999999999999999999999
 13 12 14 17 21 23 24 25 25 26 28 31 35 41 48 54 58 59 57 53 47 39 32 25251013MC1657 59999999999999999999999 037 12999999999999999999999
 20 17 16 17 19 21 22 23 25 26 28 30 33 38 42 47 51 54 54 53 49 45 39 34251014MC1742 54999999999999999999999 158 16999999999999999999999
 28 24 21 19 19 19 21 22 24 26 29 31 33 36 39 42 44 47 48 49 48 46 44 40251015MC1845 49999999999999999999999 344 19999999999999999999999
 36 31 26 23 20 19 20 21 24 27 30 32 34 36 37 38 39 40 41 43 44 44 45 44251016MC2144 45999999999999999999999 5 7 19999999999999999999999
 41 37 32 27 23 20 19 21 23 27 31 34 37 38 37 37 35 34 34 35 37 40 42 44251017MC1317 382327 4499999999999999 553 191731 3499999999999999
 43 41 37 32 27 22 20 20 23 27 32 37 40 41 40 37 34 31 29 29 30 33 37 41251018MC1259 41999999999999999999999 624 201842 2999999999999999
 43 43 41 36 30 25 22 21 23 27 33 38 43 44 43 40 35 30 26 23 23 26 31 36251019MC 033 4313 8 4499999999999999 649 201926 2399999999999999
 40 43 42 39 34 29 24 22 23 27 33 40 45 48 48 44 38 31 24 20 18 19 24 29251020MC 124 431323 4899999999999999 712 2220 3 1899999999999999
 35 40 42 41 37 32 27 24 24 27 34 41 47 51 52 49 42 34 26 19 15 14 17 23251021MC 210 421341 5299999999999999 734 242037 1499999999999999
 29 35 39 41 39 35 30 27 26 28 33 41 48 53 55 53 47 38 29 20 14 11 13 17251022MC 252 4114 1 5599999999999999 753 262110 1199999999999999
 24 30 35 39 39 36 33 30 28 29 33 40 48 54 57 56 52 43 33 24 16 11 10 13251023MC 332 391423 5799999999999999 810 282141 1099999999999999
 19 25 31 35 37 36 34 32 30 30 33 39 46 53 57 58 55 48 39 29 20 13 10 11251024MC 411 371446 5899999999999999 824 302213 1099999999999999
 15 21 26 31 34 35 34 32 31 31 33 38 45 51 56 59 57 52 44 34 25 17 12 12251025MC 449 351511 5999999999999999 829 312245 1199999999999999
 14 18 23 27 31 33 33 32 32 32 34 37 43 49 54 57 58 54 48 39 30 22 16 13251026MC 533 331536 5899999999999999 812 322321 1399999999999999
 14 16 20 24 27 30 30 31 31 32 34 36 41 46 51 55 57 55 50 43 35 28 21 17251027MC16 3 579999999999999999999999999999999999999999999999999
 15 16 18 21 24 26 28 29 30 31 33 36 39 44 48 52 54 54 52 47 40 33 27 22251028MC1632 55999999999999999999999 0 6 15999999999999999999999
 18 17 18 19 21 23 25 26 28 31 33 36 38 42 45 48 51 52 51 48 44 38 33 27251029MC17 3 52999999999999999999999 1 9 17999999999999999999999
 23 20 18 18 19 20 22 24 26 29 33 35 38 40 43 45 47 48 48 47 45 42 38 33251030MC1743 48999999999999999999999 244 18999999999999999999999
 29 25 21 19 18 19 20 22 25 29 32 36 38 40 41 41 42 43 43 44 44 43 41 38251031MC1920 44999999999999999999999 414 18999999999999999999999
 35 30 26 22 20 19 19 21 25 29 33 37 39 40 40 39 38 37 37 38 39 40 41 412511 1MC1317 402224 4299999999999999 5 9 191728 3799999999999999
 39 36 32 28 24 21 21 23 26 30 35 39 42 42 41 38 35 31 30 30 32 34 38 402511 2MC1245 42999999999999999999999 543 211828 3099999999999999
 42 40 38 33 29 26 24 25 28 33 38 43 46 47 44 40 34 28 24 22 23 26 31 362511 3MC 0 0 421240 4799999999999999 6 8 241911 2299999999999999
 40 42 41 38 34 31 29 29 32 37 43 48 52 53 50 45 37 29 21 16 15 17 22 292511 4MC 112 421249 5399999999999999 626 281952 1599999999999999
 35 39 41 41 38 35 33 32 35 40 46 53 57 59 58 52 43 33 23 15 10 10 14 202511 5MC 212 4113 6 5999999999999999 640 322032 1099999999999999
 27 34 38 40 39 37 35 35 36 41 48 55 61 65 65 61 52 41 29 18 10  7  8 132511 6MC 3 6 401331 6699999999999999 649 352114  799999999999999
 20 27 33 37 38 37 36 35 36 40 47 55 62 68 70 68 61 51 38 26 16  9  6  92511 7MC 356 3814 3 7099999999999999 654 352158  699999999999999
 14 21 27 32 35 36 35 35 36 38 44 51 60 66 71 71 68 60 48 36 25 15 10  92511 8MC 446 361440 7299999999999999 657 352244  899999999999999
 11 16 22 28 32 33 34 34 34 36 40 46 54 62 68 71 70 65 57 46 35 25 17 132511 9MC1520 719999999999999999999992334 12999999999999999999999
 12 15 19 24 28 31 32 33 33 34 37 41 48 55 61 66 68 66 61 53 44 34 26 20251110MC16 2 689999999999999999999999999999999999999999999999999
 17 17 19 22 26 29 31 32 33 34 35 38 43 48 54 59 62 63 60 56 49 42 34 27251111MC1645 63999999999999999999999 030 16999999999999999999999
 23 20 20 22 25 28 30 32 34 35 36 37 40 43 47 51 54 56 56 54 51 46 40 34251112MC1730 56999999999999999999999 133 20999999999999999999999
 29 26 24 23 25 27 30 33 35 37 38 39 40 41 43 45 47 49 50 50 49 47 44 39251113MC1828 50999999999999999999999 236 23999999999999999999999
 35 31 28 26 26 28 30 33 37 39 41 42 42 42 41 41 41 42 43 43 44 44 44 42251114MC1122 422053 4499999999999999 332 261514 4199999999999999
 39 36 32 30 28 29 31 34 38 42 45 46 46 45 42 40 38 36 36 37 38 40 41 42251115MC1120 4623 4 4299999999999999 417 281743 3699999999999999
 42 40 37 34 31 30 32 35 39 44 48 51 51 49 46 41 37 33 31 30 32 34 37 40251116MC1138 51999999999999999999999 454 301842 3099999999999999
 42 42 40 38 35 33 33 36 40 46 51 54 56 54 50 45 38 32 28 25 26 28 32 37251117MC 031 421159 5699999999999999 528 331922 2599999999999999
 41 43 43 41 39 37 36 37 41 46 52 57 60 59 56 49 42 34 27 23 21 23 27 32251118MC 136 431223 6099999999999999 558 361956 2199999999999999
 37 42 44 44 42 40 39 39 41 46 53 58 62 63 61 55 47 38 29 23 19 19 23 28251119MC 229 441248 6399999999999999 626 382027 1999999999999999
 34 39 43 45 44 43 41 40 42 46 52 58 63 66 65 60 52 42 33 25 19 17 19 24251120MC 316 451314 6699999999999999 651 402058 1799999999999999
 29 35 41 44 45 44 43 42 42 45 50 57 63 67 67 64 57 48 38 28 21 18 18 21251121MC 359 451343 6799999999999999 712 422129 1799999999999999
 26 32 37 41 43 44 43 42 42 44 48 54 61 66 68 67 62 53 43 33 25 19 17 19251122MC 442 441413 6899999999999999 728 4222 1 1799999999999999
 23 28 34 38 41 42 42 42 42 43 46 52 58 63 67 68 65 58 49 39 30 23 19 18251123MC1443 689999999999999999999992235 18999999999999999999999
 21 25 30 34 38 40 41 41 41 42 45 49 54 60 64 67 66 61 53 44 35 27 21 19251124MC1515 679999999999999999999992313 19999999999999999999999
 20 23 27 31 34 37 39 40 40 41 43 46 51 56 61 64 65 62 57 49 40 32 25 21251125MC1546 659999999999999999999992357 20999999999999999999999
 20 21 24 28 31 34 36 38 39 41 42 45 48 52 57 60 62 62 58 53 45 37 30 25251126MC1619 629999999999999999999999999999999999999999999999999
 22 22 23 26 29 32 35 37 39 41 42 44 46 49 52 56 58 59 57 54 49 43 36 30251127MC1654 59999999999999999999999 046 22999999999999999999999
 26 24 24 25 28 31 34 36 39 41 43 44 46 47 49 51 53 54 54 53 50 46 41 36251128MC1736 54999999999999999999999 138 24999999999999999999999
 32 29 27 27 29 31 34 37 41 43 45 46 46 46 46 46 47 48 48 49 48 47 44 41251129MC1849 49999999999999999999999 228 27999999999999999999999
 38 34 32 31 32 34 37 40 44 47 49 50 49 47 45 43 41 41 41 42 43 44 44 44251130MC11 0 502152 4499999999999999 310 3117 0 4199999999999999
 42 40 38 37 36 38 40 44 48 52 54 55 54 51 47 42 38 35 34 34 36 39 41 432512 1MC11 0 55999999999999999999999 341 361810 3499999999999999
 44 44 43 42 41 42 44 48 53 57 60 62 61 58 52 46 39 32 28 27 28 31 36 402512 2MC 013 441114 6299999999999999 4 1 411859 2799999999999999
 43 45 46 46 45 46 47 51 56 61 66 69 69 66 60 52 43 34 27 23 22 24 29 342512 3MC1139 699999999999999999999991943 22999999999999999999999
 39 44 46 47 47 48 49 52 57 63 69 73 75 74 70 62 51 40 30 23 19 19 22 282512 4MC1214 759999999999999999999992026 18999999999999999999999
 34 40 44 47 47 48 49 51 55 61 68 74 79 80 78 71 62 50 38 28 20 17 18 232512 5MC1255 809999999999999999999992111 17999999999999999999999
 28 35 40 44 46 47 48 49 52 57 64 71 78 82 82 79 71 60 48 36 26 20 18 202512 6MC1340 829999999999999999999992157 18999999999999999999999
 24 30 36 41 44 45 46 47 48 52 58 65 73 78 82 82 77 69 58 46 35 26 21 202512 7MC1427 829999999999999999999992243 20999999999999999999999
 23 27 33 38 41 43 44 45 46 48 52 58 65 72 77 80 79 74 65 55 44 34 27 232512 8MC1513 809999999999999999999992328 23999999999999999999999
 23 26 30 35 39 42 44 44 44 45 47 51 57 63 69 74 75 73 68 60 51 42 34 282512 9MC1558 759999999999999999999999999999999999999999999999999
 26 27 30 34 39 42 44 45 45 45 45 47 51 56 61 66 69 69 67 62 55 47 40 34251210MC1640 69999999999999999999999 011 26999999999999999999999
 30 29 31 34 39 42 45 47 47 47 46 47 48 50 54 58 61 63 62 60 56 50 44 39251211MC 758 471722 6399999999999999 050 291022 4699999999999999
 35 33 33 35 39 43 47 49 51 51 50 49 48 48 49 51 53 55 56 56 54 51 47 43251212MC 831 5118 7 5699999999999999 124 331223 4899999999999999
 39 37 36 38 40 44 49 52 54 55 55 53 51 49 48 47 48 48 49 50 50 49 48 46251213MC 9 5 551923 5099999999999999 153 3615 3 4799999999999999
 43 41 40 41 42 46 50 54 58 60 60 59 56 52 49 46 44 43 43 44 45 46 46 47251214MC 939 602248 4799999999999999 220 401728 4399999999999999
 46 45 45 44 45 48 51 56 60 63 65 64 62 57 53 48 44 40 39 39 40 42 44 46251215MC1014 65999999999999999999999 245 441836 3999999999999999
 48 48 48 48 49 50 53 57 61 65 68 69 67 63 58 52 45 40 37 35 36 38 41 44251216MC1049 699999999999999999999991916 35999999999999999999999
 48 50 51 52 52 52 54 57 61 66 70 72 72 69 64 57 49 42 37 33 33 34 37 42251217MC1126 729999999999999999999991950 33999999999999999999999
 46 50 53 54 54 54 55 57 60 65 70 73 75 74 69 63 54 46 39 34 31 31 34 39251218MC12 3 759999999999999999999992022 31999999999999999999999
 44 49 52 55 55 55 55 56 59 63 68 73 76 77 74 68 60 51 43 36 31 30 32 35251219MC1242 779999999999999999999992054 30999999999999999999999
 41 46 50 54 55 55 55 56 57 61 65 71 75 78 77 73 66 57 47 39 33 29 30 32251220MC1320 789999999999999999999992126 29999999999999999999999
 37 42 47 51 54 54 54 54 55 58 62 67 73 77 78 76 71 62 53 43 35 30 28 30251221MC1357 789999999999999999999992159 28999999999999999999999
 34 38 44 48 51 53 53 53 53 55 58 63 69 74 78 78 74 67 58 48 39 32 28 28251222MC1434 789999999999999999999992233 28999999999999999999999
 31 35 40 44 48 50 51 51 52 52 55 59 64 70 75 77 76 71 62 53 43 35 30 28251223MC15 9 7799999999999999999999923 7 28999999999999999999999
 29 32 37 41 45 48 50 50 51 51 52 55 60 65 70 74 74 72 66 57 48 39 33 29251224MC1544 759999999999999999999992341 28999999999999999999999
 29 31 34 39 43 47 49 50 51 51 51 53 56 60 65 69 71 70 67 60 52 44 37 33251225MC1619 719999999999999999999999999999999999999999999999999
 31 31 34 38 43 47 50 51 52 51 51 51 53 55 59 63 65 66 65 61 55 49 42 37251226MC1656 66999999999999999999999 012 31999999999999999999999
 35 34 36 40 44 48 51 54 54 54 53 52 52 52 54 56 59 61 61 59 56 52 47 43251227MC 811 541738 6199999999999999 038 3412 5 5299999999999999
 40 39 40 43 47 51 55 57 59 58 57 55 53 51 50 51 52 54 55 55 54 52 50 47251228MC 823 591839 5599999999999999 056 391414 5099999999999999
 45 44 45 48 51 55 59 62 64 64 63 60 57 53 50 48 47 47 48 49 50 50 50 49251229MC 842 642123 5099999999999999 059 441616 4799999999999999
 49 49 50 52 55 59 63 67 70 71 70 68 64 59 53 48 44 42 41 42 44 46 48 49251230MC 911 71999999999999999999999 026 491750 4199999999999999
 51 52 54 56 59 62 67 71 75 77 77 76 72 67 60 53 46 41 37 37 38 40 43 47251231MC 947 779999999999999999999991853 37999999999999999999999
