259221160 94 46 17  6 20 7315022628432133030325119715612511213418523726725 1 1MM1246331235227399999999999999 6 3  5185611299999999999999
273255207139 74 32  9  5 33 9918225330332932428322417313611111014520325225 1 2MM1322331999999999999999999999 642  3193310799999999999999
274272245189118 59 24  7 12 5413121427731633131025819815111910111215821725 1 3MM 025276135733199999999999999 721  6201210099999999999999
259275268234173103 52 23 13 30 85165242295323324289230172130102 9211416625 1 4MM 112275143232899999999999999 758 132052 9299999999999999
222259272261223161 99 55 32 29 57118195261303320308263203148110 86 8511525 1 5MM 2 427215 732199999999999999 838 282133 8299999999999999
168220254266255217161107 70 52 56 88147215269300307285237179129 93 74 7925 1 6MM 3 4266154530899999999999999 923 512220 7299999999999999
112162211245260253221174130 97 82 87117167221264287287261215162114 79 6325 1 7MM 4112611629290999999999999991017 812313 6399999999999999
 70101148197235257256235199161131115116136173215250269266242200150103 6925 1 8MM 5292591723270999999999999991126113999999999999999999999
 53 58 86130182227257267258231196164143136144168202234252251231193143 9525 1 9MM 7 1267182825499999999999999 015 5213 013699999999999999
 59 42 44 6811317022326328428426222619016214414215818922224224422819113925 110MM 830287193824699999999999999 125 40144114199999999999999
 88 51 31 29 5110016322527230130628524520316814313414818221824124522919025 111MM 941308204324699999999999999 235 27155613499999999999999
135 81 42 20 17 40 9416523228431632129524920216413512514418522524825123225 112MM1039323214025299999999999999 340 15165312599999999999999
188128 72 34 12  9 36 9817524429632632529023819115312512014819723825825825 113MM1129330223026099999999999999 439  7174011899999999999999
234182117 62 26  6  6 4311419325930633031827321817213711412016121525226725 114MM1212331231526899999999999999 531  3182111299999999999999
262229169102 52 20  4 13 6414221827731632729924519115011910612718023326525 115MM1249328235727499999999999999 614  3185610699999999999999
274261217150 86 42 16  8 33 9717824729532131427121216112610210414220024825 116MM1320323999999999999999999999 651  71929 9899999999999999
273275251197128 71 35 17 23 66140216274309318291236177133103 9110915921725 117MM 036277134731999999999999999 721 161958 9199999999999999
257274268234173109 62 35 28 51109184251294314303259199146108 86 8712117625 118MM 116275141131499999999999999 748 272028 8399999999999999
228260270255212152 97 61 44 51 89154222274302304275223165119 89 77 9313525 119MM 156270143430799999999999999 816 432058 7799999999999999
188231256260238193141 98 72 65 84131191246281294280241188138100 78 7710225 120MM 23926115 029499999999999999 848 652132 7499999999999999
146192228248247224184143111 93 95120164213251272272249208160119 89 74 8225 121MM 328251153027599999999999999 926 912211 7499999999999999
110150190222239238219189158134122126148182216242252245220183143108 84 7525 122MM 42824116 825399999999999999101712123 0 7599999999999999
 84110146183214233238227207183162149148161183206223230223202170135104 8125 123MM 54623817 1230999999999999991132147999999999999999999999
 73 8010313717420923524824523120918616715715917118920621521219616713310125 124MM 721248181821599999999999999 0 2 73132015699999999999999
 76 65 69 9112616821024526526825422919917115214715617519721321520017113325 125MM 840269193821699999999999999 114 64145114799999999999999
 95 66 51 54 7611616721926128628927123819916313913214417220222322621017525 126MM 939291204022799999999999999 222 50155213199999999999999
129 85 51 34 37 6311317523428030530427723318714812311914118121924124121925 127MM1029308213224499999999999999 322 33164011899999999999999
175119 69 34 18 23 5711819025329831931027021716913110911414920024125925425 128MM1113320221826099999999999999 419 17172310799999999999999
224168103 51 18  4 14 60136213273313327304251194149115 9811616722426227425 129MM115432723 327499999999999999 511  318 3 9899999999999999
263221153 83 34  6 -6 15 78164239293326326286223168128 98 9112619024727825 130MM1231331234728599999999999999 558 -61842 9099999999999999
284264209132 64 23 -2 -6 31110199267312332313257190140105 82 9014221326525 131MM13 5332999999999999999999999 640 -81919 8099999999999999
288288258191111 52 17 -2  7 63152235292324327288220156112 81 69 9516123125 2 1MM 031291133633099999999999999 717 -31954 6899999999999999
276294287245171 97 48 20 10 36106195265308325308252180123 85 61 6210617725 2 2MM 11629514 432599999999999999 753 102029 5799999999999999
241279293279230158 95 56 35 37 77151229283311311277213145 94 62 47 6311625 2 3MM 2 3293143131599999999999999 828 3221 3 4799999999999999
185242277287268219157107 76 62 74119186246285298284240177118 74 48 43 6925 2 4MM 25428715 129899999999999999 9 7 622141 4299999999999999
122184235267276259218170131107 99114153203245270273251208154103 66 45 4625 2 5MM 352277153727499999999999999 954 992228 4399999999999999
 73119173220252265256230196165144136145169200228244243224189145102 68 5025 2 6MM 5 526516272469999999999999911 01362329 4899999999999999
 50 70108155201237258262250227201178163159166183203217220209185150111 7825 2 7MM 6442631744221999999999999991253159999999999999999999999
 56 50 61 9013318222625927627525823020017415715115917920021221019416412425 2 8MM 828278192521399999999999999 052 50145515199999999999999
 86 59 45 47 7011417022426629329827924420416914213014016719821822321218025 2 9MM 943299205022499999999999999 223 4416 513099999999999999
134 88 55 35 32 5410416923027830831228523919315312311213217221123524222925 210MM1037314215424299999999999999 340 30165211299999999999999
189133 82 46 23 20 4811018224529231931327221817013110410413919123325626025 211MM1120321224326199999999999999 440 181731 9999999999999999
238186122 70 35 13 16 59131205264306321298244188144109 9010816021725627425 212MM1156322232327699999999999999 527 1018 5 9099999999999999
271234169103 56 25  9 27 87166235285315312268206154116 88 8612418824427525 213MM1226319235828699999999999999 6 5  91835 8299999999999999
286269216144 83 44 19 17 56130208266303315288228166121 90 74 9315021726425 214MM1251315999999999999999999999 636 1419 3 7499999999999999
288287254188117 66 36 22 41100180248292312300251184129 92 69 7111217924025 215MM 031291131131299999999999999 7 2 221928 6599999999999999
278292277228158 97 57 36 39 80153227279306305269206142 96 68 58 8113820525 216MM 1 3292132930999999999999999 726 341952 5899999999999999
256283286258200135 86 58 49 71128201260294302280227162107 72 54 6110216425 217MM 137289134830399999999999999 751 492017 5299999999999999
224264282273234177124 88 70 76113174234275290280241182124 82 57 52 7512625 218MM 21328214 829199999999999999 819 692043 5199999999999999
185233264273256215167127102 94111152204247269269245200145 99 68 54 62 9425 219MM 253273143027299999999999999 852 942112 5499999999999999
144195234257260242207171143126125144178215240248238210167123 88 67 61 7525 220MM 340262145824899999999999999 9351232149 6199999999999999
108151193226246250237213188167153152164185206219221210185152118 91 74 7125 221MM 44225015392229999999999999910371512243 7099999999999999
 83110146182214236247244230212192176167167174186195199194179155127101 8225 222MM 61624717 0199999999999999991231165999999999999999999999
 74 80 9912916520123325326025323621218616615415416317819219719117114311225 223MM 758260185919799999999999999 0 7 74143115399999999999999
 85 68 66 7910814919623826828127625321818115213413214817520221621319415925 224MM 912282202021799999999999999 139 65153613199999999999999
116 78 53 45 56 8814120125228730229125620916413111211614618922524223921425 225MM10 6302212124499999999999999 257 45162211199999999999999
166110 63 34 23 35 79146216271306316293243187142109 9411015821425326926225 226MM1050317221326999999999999999 4 3 2317 3 9499999999999999
225162 94 46 17  7 26 85167240291322320280216159117 88 8111618124327829025 227MM112932623 129099999999999999 458  61742 7999999999999999
275224146 77 33  6 -1 33111199266310329310250180128 92 68 7613220926829825 228MM12 4330234630599999999999999 545 -21820 6599999999999999
305278210127 64 27  3  7 61151234290322325283209142 98 66 52 8215623528625 3 1MM1235329999999999999999999999 626  01855 5299999999999999
311310269191112 60 28 11 32104196266308324305242164105 68 43 45 9618025425 3 2MM 03031513 332599999999999999 7 4 111929 3999999999999999
298317307253173105 64 38 33 73153235288313311270196122 73 43 28 4911619925 3 3MM 113318132731799999999999999 740 3120 1 2899999999999999
264302316295235164110 77 58 68120196259294303283227153 90 50 27 26 6413525 3 4MM 157316135130499999999999999 815 572033 2299999999999999
210266299306279224167125 99 90110161221264283278245187123 72 40 25 37 8125 3 5MM 244307141828499999999999999 853 8921 8 2599999999999999
146210258287290266224182149129126146184224249257244210161110 70 45 38 5325 3 6MM 338292145325799999999999999 9401242151 3799999999999999
 93146198241268275261234205179161156166186207221224213188153116 84 63 5625 3 7MM 44827515432259999999999999910511562254 5699999999999999
 67 95134178219249265266253232208187172166169178190197196185164137108 8525 3 8MM 6312671724198999999999999991311166999999999999999999999
 72 71 8611515519923726527827425622719716915014214916618619820018916413225 3 9MM 818279193920099999999999999 031 7015 214299999999999999
100 77 66 70 9313618823627329329226823018815212411512916119321622521718825 310MM 92829621 522699999999999999 217 65155511599999999999999
144103 72 53 52 78130191245286307300263213166126 99 9712817421624325423925 311MM1016308215925499999999999999 334 501634 9499999999999999
197142 94 60 39 41 78142208262300313290239183137100 80 9514420224527127525 312MM1054313224027799999999999999 428 3617 7 8099999999999999
247189127 80 47 30 44 97170234281310306263202148107 77 7311017523427329225 313MM1125313231529399999999999999 5 9 291737 7099999999999999
283237168107 66 38 31 65134207262299310283223160113 80 62 8013920926329425 314MM1151311234730399999999999999 543 3018 5 6299999999999999
302275212141 89 55 36 49104181245287307295244176120 83 58 5910217424128525 315MM1212308999999999999999999999 612 361831 5499999999999999
306299252181118 76 51 47 84154227276302301263197132 87 58 47 7113420826525 316MM 018308122930599999999999999 638 451854 4799999999999999
299308282221153102 71 57 74130204262294301277219149 94 60 42 50 9716923725 317MM 048308124630299999999999999 7 3 561917 4199999999999999
282305298256192135 96 74 75112178242282296282237170108 66 43 40 6913120225 318MM 12030613 229699999999999999 730 711939 3899999999999999
257291302280230172127 99 88105154216262283279248191127 78 49 39 52 9816325 319MM 152302132128499999999999999 758 8820 1 3999999999999999
225269292290260211163130111111139187234262267249207151 98 62 45 47 7412625 320MM 227295134326899999999999999 8311082026 4399999999999999
186236270284275244203167143131138166203233246240216174126 86 61 53 63 9525 321MM 3 8285141124699999999999999 9111302059 5399999999999999
143193234262272263238208181162153158177200217222213191158122 91 73 67 7825 322MM 4 227214532229999999999999910 81532151 6799999999999999
105144185221248261259245223201182169165171182192198196184162136110 90 8025 323MM 52326216171999999999999999911501652316 8099999999999999
 8310113016620323525726626124422019417115615115717118619719718516213310425 324MM 7 62661830199999999999999991355151999999999999999999999
 83 76 8310614218723126428128126223019115813512613415919121622421619115225 325MM 82928320 122499999999999999 1 0 7615 312699999999999999
109 76 60 60 8112418223827829929827022317413510910212116421224525824921525 326MM 92730221 725899999999999999 227 58155010199999999999999
160103 63 42 39 64121193255296315305261200146107 83 8312018324127628927425 327MM101231622 128999999999999999 338 381631 7999999999999999
226155 92 51 29 27 64137216276312323297234165114 80 61 7513321027030331325 328MM1051323225031399999999999999 435 241711 6099999999999999
288223143 82 46 24 30 83168246295322318270193126 83 54 44 7815623829432325 329MM1125325233732999999999999999 523 221749 4399999999999999
326287210132 80 48 30 49119207273309321297229148 90 55 32 37 9318226131025 330MM1155321999999999999999999999 6 6 291825 2999999999999999
336329276195127 85 56 47 84163243291313308262182107 60 31 17 4211520627725 331MM 021338122231599999999999999 646 4619 0 1799999999999999
320339321259185130 94 71 75127204267298305281219139 76 38 16 15 5814022425 4 1MM 1 5340124630599999999999999 725 681933 1199999999999999
285323334306245183138108 93111166231274291283245179109 58 27 13 27 8116025 4 2MM 149335131229199999999999999 8 3 9320 6 1399999999999999
233286318321289237188151126120144192239265270253210150 94 54 30 25 4910325 4 3MM 236324134427199999999999999 8441192043 2499999999999999
171232278304304277237198167147146166198227243241222185139 96 65 47 48 7225 4 4MM 329308142624499999999999999 9351442128 4599999999999999
117171222263286288272244213186168162170186203213213200177146114 88 73 7225 4 5MM 43629015302149999999999999910531622232 7099999999999999
 88120161205243269280274256229202178163157161173186195196186168142117 9725 4 6MM 6 928017341969999999999999913 4157999999999999999999999
 88 9311214518722826027928226824120717514813313314817219420821019817214025 4 7MM 741283193921199999999999999 011 88143013199999999999999
111 93 87 9812917422226128629227624019715612410611013817621123424122719325 4 8MM 847293205224199999999999999 153 87152010599999999999999
150113 87 76 86122175229270296298271223172128 96 8410114519723926426924525 4 9MM 935300214227099999999999999 3 6 761558 8499999999999999
198145104 77 65 82130191246284303293250192139 99 72 7210917022826929228725 410MM1012304222129499999999999999 359 651631 6899999999999999
247187132 93 67 63 94155218267297302272214152105 72 57 7613320326029631025 411MM1041304225631099999999999999 439 6117 1 5799999999999999
288233168117 82 63 74123191249286302287237170114 76 52 54 9616823728731525 412MM11 6302232931999999999999999 514 621728 4899999999999999
314274208147105 77 70100163229275298295257192127 82 53 42 6512820426630725 413MM1126300999999999999999999999 545 681755 4299999999999999
323304249183132 97 78 89139206261291297272215146 91 58 39 45 9116623728825 414MM 0 1323114529899999999999999 614 771820 3799999999999999
319320283221163122 95 89119181243281294281236169106 65 41 36 6312720226425 415MM 03332412 329499999999999999 643 871844 3599999999999999
304322306256197149117 99110156218265286283252193126 76 47 35 46 9316523425 416MM 1 4322122328899999999999999 713 9819 8 3599999999999999
283312315285232180142117111137190242272278260215152 95 58 40 40 6812719725 417MM 136318124527999999999999999 7441101931 3799999999999999
255294312302264214172141125130164211249265259230180123 77 51 42 55 9515625 418MM 211313131326599999999999999 8181231958 4299999999999999
218266296305287249207172147138149181217242248235203157109 74 55 54 7411625 419MM 250305134924899999999999999 9 01382035 5299999999999999
171224265290294276244209179158151161183208225228215188151114 85 69 69 8825 420MM 341295144222899999999999999 9561512129 6799999999999999
124171217255279285273249218189167156158171189205212208192164133105 86 8125 421MM 45028516112139999999999999911211562249 8099999999999999
 92119158202242271284279260230197168149143149167190210218212192161127 9925 422MM 61428418 5218999999999999991259143999999999999999999999
 84 8510413918523327029029127223719415613011812415018722224224322619014525 423MM 732293193524599999999999999 024 82141111899999999999999
104 79 73 86122176234278301302278231177131102 9110314319824527327825821225 424MM 833304204427899999999999999 150 7315 3 9199999999999999
153103 73 62 73115181246291312307271209146101 74 66 9014921927430330828225 425MM 921313214231099999999999999 3 4 621549 6699999999999999
222153101 71 58 72124200265303317301248173110 71 48 48 8916624529932833025 426MM10 2317223433399999999999999 4 5 571632 4499999999999999
292221150103 74 61 84149227283311314282211133 77 45 28 4010018926731834525 427MM1037316232334899999999999999 458 611713 2799999999999999
340290214150109 82 74109182254296311300250170 96 51 26 15 4311921128433125 428MM11 9312999999999999999999999 545 731753 1599999999999999
354338280208154118 93 95142215273300303277213132 69 34 13 13 5714222929525 429MM 010354113930599999999999999 629 891832  999999999999999
337353328268205160127107120174238280296287247178105 54 24  9 23 7916424325 430MM 056353121029699999999999999 71110619 9  999999999999999
301338345313257204164134123146197248277282264218152 91 49 24 17 4310418125 5 1MM 142347124528399999999999999 7541221947 1799999999999999
251302332331298249204168142139164207244263263240195139 90 55 35 37 6812625 5 2MM 229336132826699999999999999 8391372028 3399999999999999
193253298321316286244204171151150171203230243241220184140100 70 56 62 9225 5 3MM 320322142124499999999999999 9321482115 5699999999999999
141198250288306302278242206175156153165187208222223211185152119 94 82 8625 5 4MM 41930715362249999999999999910421522216 8199999999999999
10914819524127529329227324220817715514514916518720521521420017414511910425 5 5MM 5272951724216999999999999991212145233710199999999999999
10211614718823026528528827224220617014312712714417220022123022320117013925 5 6MM 63928919 4230999999999999991329125999999999999999999999
11810911614118122426128328827223819515412210510713117021024025425022518725 5 7MM 744288201725599999999999999 1 5109142510399999999999999
149121108111137180227265287288266223172128 97 83 9313018323126628227323925 5 8MM 835290211128299999999999999 21910715 7 8299999999999999
191148118102108140190239275291284250196141 99 73 67 9214520725929430528625 5 9MM 915292215430599999999999999 3171021544 6699999999999999
239185141111 99112155210257285292271222160108 72 54 6210417123728731731825 510MM 947292223232299999999999999 4 3 991616 5399999999999999
284228173132106101127180235274291284246184124 79 52 45 7013020326631133125 511MM101529223 833299999999999999 442 991647 4499999999999999
318271211161125104112153211259286290265211145 92 58 40 47 9116223429032725 512MM1040291234333699999999999999 5181031718 3899999999999999
334305249194150120109132185240276290278236172111 69 44 37 6112119626230925 513MM11 4290999999999999999999999 5521091748 3699999999999999
334326284227178142118121159216262285284256201135 84 53 37 44 8615622828425 514MM 017335112928799999999999999 6261151817 3699999999999999
321333310260207166135121140188240274283269228166106 66 44 38 6111819025525 515MM 051333115528399999999999999 6591211846 3899999999999999
301327325290238192156132130161211254275273248198136 85 55 41 48 8514921925 516MM 125330122527799999999999999 7341271915 4099999999999999
275313327312271222180149134143179225258269258225173117 75 51 45 6311017525 517MM 2 132713 126999999999999999 8111331947 4599999999999999
239288317321299256210173147139154189227252257243208159110 74 55 56 8112925 518MM 240323134625899999999999999 8541382028 5399999999999999
191249292314313288247204170148142157188220241246233202159116 83 67 70 9525 519MM 327317144624699999999999999 9461422122 6699999999999999
140196249289308306282244203168146139150176206230240233209173133101 82 8225 520MM 42331016 72409999999999999910521392231 8099999999999999
102141192243282303302280243201163137126134158192223243246230199159122 9725 521MM 52830517392479999999999999912 51262350 9099999999999999
 9010313618423527830130228124219414911810511113918122625726925923018614025 522MM 63230419 3269999999999999991311104999999999999999999999
108 95101129176232278302303280234177126 93 79 8812317923727829629126020825 523MM 732306201829799999999999999 111 9414 9 7999999999999999
154117 99 99125177237283305302273216150 97 66 55 6911618725430032331928125 524MM 824307212232599999999999999 228 9615 1 5599999999999999
221163125104101129186249291307297257189118 69 43 36 5811920027232034433725 525MM 9 9307221934599999999999999 338 991550 3699999999999999
292226170134111108142204263297304286233158 89 48 26 24 5612921628733435725 526MM 949305231135799999999999999 4371061638 2299999999999999
344292227176142118120161225275299298269206129 69 34 17 20 6414523129834225 527MM1028301999999999999999999999 5291151725 1499999999999999
361341286225180147126135182242283296287249181108 57 28 13 25 7916324430625 528MM 0 136111 629799999999999999 6171241811 1399999999999999
346358330275221180148132150201253284290274229161 96 53 27 17 3910018225725 529MM 049359114829199999999999999 7 21321855 1799999999999999
312347350316263214175146138164213257280281259212148 92 54 32 29 6012520225 530MM 135353123428399999999999999 7461371937 2799999999999999
269317343337300249203166143143172217254271269245199143 94 61 44 49 8615025 531MM 220345132427399999999999999 8311392019 4399999999999999
219278318334321282234191157140145174213245260257234193144102 74 63 7511425 6 1MM 3 4334142126199999999999999 91813821 2 6399999999999999
172233283314322304265220179150136143170204232248247228193152117 93 8710125 6 2MM 34832215282499999999999999910101362151 8699999999999999
13718824028130530728725020817014213013716019122023924323020316813711611025 6 3MM 4363091646243999999999999991110130225011099999999999999
12315419624027529429327323819716013212012514717921223724824222019015913725 6 4MM 52829618 9248999999999999991213119999999999999999999999
12813616119723626828428226222718514611810511113517321324526226124321117725 6 5MM 624286192726499999999999999 0 1128131210599999999999999
151138142162195233264279275253214168127 99 88 9812917622426328428526322725 6 6MM 719280203228799999999999999 11913814 3 8899999999999999
187157140141160196235265277269241196145104 79 73 9013218924428630830527625 6 7MM 8 9277212431099999999999999 2301381448 7299999999999999
232189156137138163203243270277262224171119 82 62 63 9214621026830932731625 6 8MM 85127722 832799999999999999 3281351528 5999999999999999
278228183150133140172217256276275249200143 95 63 50 6110316723529132833725 6 9MM 927279224833899999999999999 41513216 6 4999999999999999
315268217173142131148190236269281269230173116 74 50 45 6812319426031134025 610MM10 1281232734399999999999999 4561311644 4499999999999999
337303252203163136134164212255279281257207146 94 60 42 47 8414922128232525 611MM1034283999999999999999999999 5351311721 4199999999999999
343328285233188152133144184234270284275239181121 77 50 40 5610617824730125 612MM 0 434311 728599999999999999 6121331758 4099999999999999
334340313264214173144134157206253280284264219157101 64 44 43 7213420827225 613MM 041342114128599999999999999 6491341835 4199999999999999
316340332294242195160137139173224266283279250197135 85 55 42 52 9416323625 614MM 117341121728499999999999999 7271341910 4299999999999999
293329340320273221178148133146188238272282271235179119 75 51 46 6611919225 615MM 153340125928299999999999999 8 61331946 4599999999999999
260309335335304253202163138131152197243272278262223167112 73 55 57 8614525 616MM 230339134727899999999999999 8461302026 5399999999999999
216277318335325287234185149129128155199242268273257218165115 82 67 7310725 617MM 3 9336144627499999999999999 9311252114 6699999999999999
165231285319329312270218171137119122151194235263272258224176131 99 85 9325 618MM 35332915552729999999999999910211172210 8599999999999999
12617823728531431829825620415712310611113918222726027526824119915612310725 619MM 4413201712276999999999999991117105231710699999999999999
112138183234279304307285244192142106 90 9512316821926128528626622918514925 620MM 5363091834288999999999999991216 89999999999999999999999
128127145181228271296297276233178125 88 71 7610515621626729930929525921225 621MM 634299195630999999999999999 0351251317 7099999999999999
171146137146177224266290290268223163106 69 53 58 9014821727631533132028225 622MM 73229321 833199999999999999 2 21371416 5299999999999999
231187157142146176224266288287261211146 89 53 39 45 8114722328632934933725 623MM 827290221034999999999999999 3211401515 3899999999999999
295241196164144146179229270289284254198130 75 43 29 37 7915223129634035925 624MM 91829023 635999999999999999 4261411614 2999999999999999
344297242198165144149188240277291282247185117 66 38 24 35 8416324230434625 625MM10 6291235736299999999999999 5211421710 2499999999999999
362340290236193161142154200251284292279238173107 62 36 24 41 9818025631325 626MM1054292999999999999999999999 61014118 1 2499999999999999
351359328274223183152140162213262289293275228162101 60 36 29 5512120227225 627MM 043360114329499999999999999 6541401848 2899999999999999
323352349309253204167141139172225270291291268217151 96 60 40 42 8015122925 628MM 125356123229499999999999999 7351361929 3799999999999999
290332350332284228183150131140182234273290287258203142 94 64 51 6411318525 629MM 2 2350132129199999999999999 81413020 5 5199999999999999
255306337339309256203162133124144190239272285278245192137 97 74 71 9615025 630MM 236342141128699999999999999 8511232040 6999999999999999
217276315332321281228180143121121149194237267278267234186141108 93 9813025 7 1MM 3 733315 327899999999999999 9291182117 9299999999999999
18324128731431829625420416112911412215219323225927025922919015412811812925 7 2MM 34032016 127099999999999999101111422 111899999999999999
16120625128630229727123018514611911012115018822525326525923620517515214425 7 3MM 41730317 9265999999999999991058110225814499999999999999
15418021524927528527524921217113611210511714518222125226826825322719917625 7 4MM 5 22851829270999999999999991151105999999999999999999999
165169186212240261268259235200160126103 9710913817822125828128627525021925 7 5MM 557268194928799999999999999 0151641250 9799999999999999
192175171182203229250258250226190149114 92 8610013317922927229930829526625 7 6MM 7 1258205330899999999999999 1451711347 8699999999999999
230196173164173196225248257248221180136100 78 75 9313218624329032032630825 7 7MM 8 1257214532799999999999999 3 01641440 7499999999999999
271229190164155168197231255262249215168121 84 65 65 9013820126230933633625 7 8MM 851263223034099999999999999 3551551529 6299999999999999
309265218178152148169207245268270248206153104 70 54 59 9315122028132634625 7 9MM 935271231234799999999999999 4401471617 5399999999999999
337300250202164143147180225263280275245193135 87 58 46 5910317124330033825 710MM1016281235235099999999999999 52114117 3 4699999999999999
350329282229184151137153198247280289276236175115 73 48 42 6412219826731825 711MM1055290999999999999999999999 6 11371747 4199999999999999
347347312258206167140135165219268293294272221154 97 61 42 43 7915022929125 712MM 030351113429699999999999999 6391331829 3999999999999999
333352336288231184150130138182241283300294262202134 82 53 40 5310518426025 713MM 1 5352121530199999999999999 71712819 7 4099999999999999
314345350318260203162133122145200258293303291249183117 74 51 47 7413922125 714MM 139352125930399999999999999 7541221943 4699999999999999
289332351339292229176140117117154214268297303284236169111 75 58 6410417625 715MM 210351134730499999999999999 8301132020 5799999999999999
252309340345318261199150119104116162222271297301278227166116 87 76 9113825 716MM 241347144030299999999999999 9 810321 0 7699999999999999
207272317336328290231173129101 9411616522226829429727522917713511010412225 717MM 314337153929999999999999999 947 94214710399999999999999
167226278312321305263207153112 89 8711316021426028929627924320016414113525 718MM 3533211648297999999999999991033 85224813499999999999999
150185230271296300281242191140101 80 8110514820125028429929226723219717225 719MM 4413011811299999999999999991129 78999999999999999999999
162167189222255277281265231184135 95 74 72 9213218624028230731229626422825 720MM 542282194331399999999999999 0101621234 7099999999999999
198179172182207238262270258229184133 92 68 62 7711517223328531933232128925 721MM 65427021 433299999999999999 1551721347 6299999999999999
248211184168170194228257268261233187133 88 61 52 6310216423329133134933825 722MM 8 726822 934999999999999999 32416615 0 5299999999999999
302255212179158159187229262275269241190131 83 55 43 53 9516523930034135925 723MM 91227623 435999999999999999 42815516 8 4399999999999999
344299247203168147153191240274286279246188124 78 50 37 4910017725231135025 724MM10 9287235036299999999999999 51914517 7 3799999999999999
362336283229187154137155205256288297286245179115 72 46 35 5611920027132325 725MM11 0297999999999999999999999 6 21371757 3599999999999999
355355315256205167138132166224274300306286235164105 68 45 41 7715023129325 726MM 030360114730699999999999999 6411301839 3999999999999999
336355337284224178145124134183244288309308278217147 96 65 49 6011219126425 727MM 1 4355122931199999999999999 7151231913 4899999999999999
315345346308247191151123115143202261297312302261195133 92 68 63 9215823425 728MM 133350131031299999999999999 7471141942 6299999999999999
294331344324272210160126107116159220271300308289240178126 94 80 9013520325 729MM 157344135030899999999999999 8171062010 7999999999999999
26831333532929223317613410810112517523227529829827222216913010610312717825 730MM 219336143230199999999999999 846100204010199999999999999
239288317323301254198150116 9810413818823727329128625721517414412913416425 731MM 243324151929299999999999999 917 97211612899999999999999
211258291305297266219171132106 9811314919423626728227625322019016715716625 8 1MM 310305161428299999999999999 952 9822 415799999999999999
19222725827728126623519515612410510312115419323126027627526023721419418425 8 2MM 3432821727277999999999999991036101231418499999999999999
18820322424325525524121518315012310710612215018622325527728427726123821625 8 3MM 4312571859284999999999999991133105999999999999999999999
20019419821022323523823021018215112410710311514117721825728730129928325625 8 4MM 550238202230299999999999999 1 4194124510299999999999999
227201185183192208225236233216187154122100 9210212917021926730332131829725 8 5MM 719236212232299999999999999 2431821357 9299999999999999
262223189169165179204231247246227194152113 86 77 8711816922928332133833025 8 6MM 827249221133999999999999999 34216415 0 7799999999999999
299253207171151153177215249267263238195143 98 70 61 7411517824630233835025 8 7MM 920268225435099999999999999 4261491557 6199999999999999
331287233186152137149189238273287277243187126 81 55 49 6912319826832035125 8 8MM10 6287233435699999999999999 5 61371649 4899999999999999
353319263208165136129157211264295303285238169107 67 44 42 7514522729333725 8 9MM1049303999999999999999999999 5451281737 4099999999999999
359345295232181145122127173238288312312284222148 90 57 39 46 9718026031725 810MM 010359113231599999999999999 6221191819 3799999999999999
351358324261199156125110134196264306322315273201128 80 53 42 6513322229325 811MM 042359121432399999999999999 6581101857 4299999999999999
336357345292221166130105104147220283317327310256180116 78 58 57 9817826125 812MM 112358125732799999999999999 7331001932 5499999999999999
318348351318251182135105 89106165239294322327300239168115 86 73 8714222225 813MM 138354134232899999999999999 8 6 8920 7 7399999999999999
291331345331280209148108 84 8111418125029832232228922916812710410012518325 814MM 2 3346143032599999999999999 838 782043 9999999999999999
252304329328299241175122 88 72 8112418925129431631328123118415113313416225 815MM 230332152431899999999999999 913 72212813199999999999999
212263298311300264210153108 80 71 8713018724228330630628324621018316716825 816MM 3 3311162930999999999999999 954 71222816599999999999999
188221255278283270238193146107 83 76 9112717522526729530429427124321719825 817MM 3492841757304999999999999991049 76999999999999999999999
191196212233250256249227193154117 92 82 8911515620425128830931229927424425 818MM 459256194231399999999999999 0 519112 5 8299999999999999
217197188191206226240243232207171132100 83 81 9713418624128832033232329525 819MM 64224421 633399999999999999 2141871337 7999999999999999
256219188169167186215241253249227189142103 78 68 7911717624029533334933725 820MM 81725322 634999999999999999 33516515 1 6899999999999999
299250206170147149179221255272271247199143 98 69 56 6611118025130734535825 821MM 928274225335899999999999999 42614416 9 5599999999999999
335285230184148129143188241277294290257197134 89 61 47 6512220026932135425 822MM1022296233235999999999999999 5 812917 2 4799999999999999
354315255200159127119151211266299312300252182121 81 55 48 8015123129233525 823MM11 6312999999999999999999999 5441181745 4699999999999999
355336280217170134111121173240290317322296233161107 74 54 6211419426631525 824MM 0 4355114432399999999999999 6171101820 5399999999999999
345345304238179140112103135201266308327321278207141 98 73 64 9316124029825 825MM 031349121932899999999999999 6471021849 6499999999999999
333344320261194145113 95106158230287319328307251181127 95 79 8813821227925 826MM 053344125332999999999999999 713 941914 7899999999999999
321339328282214155116 93 90122186253299322321285224164123100 9712618725625 827MM 111339132732599999999999999 738 871939 9599999999999999
305329328296236172124 95 83 9814721226930531930526220515812911512616822925 828MM 12833214 331999999999999999 8 2 8320 711599999999999999
282313319300253193139103 84 8611717223127630330928724419916514414016220525 829MM 147320144331099999999999999 827 82204113999999999999999
253287301293261212159119 94 8610013919124027629629627323920618116717019225 830MM 2 9301152929999999999999999 855 86212416699999999999999
226257274275259225182142113 97 9711715519923826828528627024722420419319325 831MM 234277163028899999999999999 930 94222719199999999999999
20722624224924522920217014011810710912715819322825727728427826424622721125 9 1MM 31124918 1284999999999999991022106999999999999999999999
20320421021822322321519817515113011711412414717921424827629329628626624125 9 2MM 432224194129699999999999999 023202114411399999999999999
21519618618619520721822121319416814111810711012816020224728531031630527825 9 3MM 646222205231699999999999999 227185131810699999999999999
241204176162164182208232243237216182143109 90 8910714519925630232933431525 9 4MM 810243214333599999999999999 3231611434 8799999999999999
274225182152139150184227259272264234186133 92 70 68 9014221027532134634425 9 5MM 9 8272222634999999999999999 4 31391537 6699999999999999
310254199156128123150203256289299285241176115 74 53 53 8715523429834035725 9 6MM 95729923 335799999999999999 4411221631 5099999999999999
340287222168131109117164232287315320294233157 98 62 43 5110218526532135325 9 7MM1042321233736099999999999999 5191071719 4299999999999999
357319250184139108 95121189263312334331290215138 87 58 44 6513522529633925 9 8MM1125336999999999999999999999 555 9418 1 4499999999999999
357342283206148112 87 88137218289329345331275193125 85 61 57 9718026532025 9 9MM 0 835812 834599999999999999 630 831840 5599999999999999
348349310236162115 87 71 91160245307339348322255178123 92 74 8414222729725 910MM 034353125034999999999999999 7 4 711916 7399999999999999
334345326267188124 88 66 64105184264316343344307239173131106 9712318826325 911MM 057345133334899999999999999 736 611952 9799999999999999
313333327290221148 97 68 54 6812420327331834033429223218014712912916322325 912MM 119334142034199999999999999 8 7 54203012599999999999999
279310316297250184122 82 59 56 8214121227131132932028423719817115716319425 913MM 145317151233099999999999999 840 54211615699999999999999
238274291287262217162114 82 65 68 9815020825929631430928525222219918618925 914MM 219292161731599999999999999 922 64222218599999999999999
207231252261255234200160124 96 82 8510814719423927730030529527524922520725 915MM 3 92611750306999999999999991021 81999999999999999999999
198199208220229231223204177146119101 9610713317221725929231031229827224125 916MM 442232193631399999999999999 0231971150 9699999999999999
211188176177190209224230224205175141114 98 9611314919925129432133031528125 917MM 7 2230205233099999999999999 2261741336 9599999999999999
239199166147149172206235253254235198153115 90 81 9413519525530333534231925 918MM 834255214534399999999999999 3251451459 8199999999999999
272220174138120133174222260282283257206151108 79 68 8513720627031734534225 919MM 934285222634899999999999999 4 71201558 6899999999999999
304245189144112104136193250289309303262198139 97 69 62 9315923229133134725 920MM101931123 034799999999999999 4431031645 6199999999999999
326270206154116 93103155225280315328307249178124 88 65 7112019526431233925 921MM1057328232734399999999999999 515 911722 6399999999999999
337293225164122 93 85118187258306333333293224157112 83 72 9716323929532725 922MM1131337234933799999999999999 545 831754 7299999999999999
337310247178128 96 77 90146223286324340323267195140105 86 9213921227831725 923MM12 3340999999999999999999999 612 771821 8499999999999999
332319269197137 99 76 74110181254306334336301237173130105 9812518725730525 924MM 0 6332123533999999999999999 636 711847 9799999999999999
326322285220152105 78 67 8514121627931833532227321116012911312216623128625 925MM 02232713 633699999999999999 658 67191411299999999999999
315318294240172116 83 66 7111017724529532432830024819515713412915420626125 926MM 038320134033099999999999999 720 65194312899999999999999
297308295255194135 94 72 68 9014220726430232131427923119016214715318623325 927MM 058308141532299999999999999 743 67201714699999999999999
272290286260214158112 84 73 8111517022727230131129726422719617516617820825 928MM 120291145631199999999999999 8 8 73205816699999999999999
241263268256226182138105 87 8410113818723327029329928626123320919218519425 929MM 147268154929999999999999999 841 84215718599999999999999
21323124224122820216913711410110111714818722525828129028426824722620719625 930MM 22524317 629099999999999999 930 99233919499999999999999
1942002092162182131981771531321171121211421732082432722892932842652402132510 1MM 3502181846294999999999999991054112999999999999999999999
1911791761831962092172142011791531281131111241511892332722993103022782422510 2MM 61621720 531099999999999999 144176123811099999999999999
204172153149162189219239244233205167128102 921001291782342843163273152792510 3MM 74824521 032799999999999999 24414814 3 9299999999999999
229180144124126154200244272279263223169118 85 72 801181812493023333403152510 4MM 850279214434199999999999999 3261221510 7199999999999999
261199148114 99113161225277306310285228159104 71 58 721232012733223463412510 5MM 941311222234899999999999999 4 6 9916 5 5899999999999999
297227161115 87 81113182257308333331292219145 94 65 55 791482332993373492510 6MM1027336225534999999999999999 444 791654 5599999999999999
325261182122 86 65 72127212287332352340285203134 93 68 641051862683193422510 7MM1112353232434599999999999999 521 631739 6299999999999999
338293213137 89 62 49 75150241309348361337269189133100 79 871442282963292510 8MM1156361234933899999999999999 557 491820 7799999999999999
337314249165 99 64 43 44 90177264323355361324252183139111 981201862623112510 9MM1240363999999999999999999999 632 3919 0 9899999999999999
328320278203124 73 46 33 49112201278329356352307241185150127123157221280251010MM 012328132535999999999999999 7 5 33193912099999999999999
310314292238164 98 59 38 35 66136218284327348337293238194164145150187240251011MM 039315141134999999999999999 739 33202214499999999999999
280296289259204140 89 58 43 49 88154224280319335322285242207180166173203251012MM 11229615 433599999999999999 817 42211316599999999999999
238263270260230184135 95 70 60 71107162220269304318310285252222197183184251013MM 15427016 931999999999999999 9 2 60222518199999999999999
199220235241234213182147116 93 84 91118159207251286305306291266236209188251014MM 25824117343089999999999999910 5 84999999999999999999999
178180191205216220214198173145121106104117147189233272299309301277244210251015MM 45622019 430999999999999999 021178113810399999999999999
179158151160181205224232226205174142118105109132173222268301316310282240251016MM 7 6232201431799999999999999 155151131910499999999999999
196157130122138172212243260258234194152119 99 97120167224274309324312273251017MM 82526221 532499999999999999 2501211436 9599999999999999
219168127101100131182233271291286251199149112 90 89120177238288319326300251018MM 919293214532799999999999999 332 971532 8699999999999999
246185134 97 78 93143207264301317301251190139103 84 91136201261303324316251019MM10 2317221632599999999999999 4 7 781617 8299999999999999
272206145101 72 68103170240294326331298236173127 97 85109167234285315320251020MM1039333224232299999999999999 439 651654 8599999999999999
291229161109 74 57 72128205272318341330280213157119 96 99140207267304317251021MM111434223 231899999999999999 5 8 571727 9399999999999999
303252181120 79 56 54 91163240298334343314254190145115103124181246292312251022MM1146344232131499999999999999 534 51175610399999999999999
307271205137 88 59 48 66123201269317341333289226173137116119158221275304251023MM1218343233930999999999999999 559 48182611399999999999999
307283229159101 67 49 53 91161235292328338314261205163135124143194252290251024MM1250339999999999999999999999 623 47185612499999999999999
302289248185121 78 55 49 70126198262307331327290237190157137138171223268251025MM 0 0302132233399999999999999 647 48192813499999999999999
289287261209147 95 65 52 60 98161228281315327310268221183157145157195239251026MM 024291135632799999999999999 712 5220 314599999999999999
269277263228175121 82 63 60 80127189247289314316293254214183162157174208251027MM 052277143531899999999999999 739 59204415699999999999999
240257256237200153110 82 70 75102149204253288307304282248215188170168182251028MM 127259152330899999999999999 815 69213916699999999999999
206227238235217186149116 93 84 91117158205248280297296279251221195176169251029MM 217238162729999999999999999 9 6 8423 016999999999999999
176191207218220211190162134111 99101120153194235270291296284260229198172251030MM 3432211747297999999999999991022 98999999999999999999999
158156167186206220222211188159130109102112138177223264293303295268230189251031MM 54122319 230499999999999999 036155115610299999999999999
155134129143172207235248243221184143111 95 981201632182693023143032692182511 1MM 71424820 331499999999999999 1461291322 9499999999999999
167127104102125170222262281278250201147106 85 841091602262813143233042552511 2MM 822283205132399999999999999 2371001433 8299999999999999
190133 94 74 79118183248293314309270207144102 80 781091722442983243242912511 3MM 919316213132899999999999999 321 731535 7699999999999999
225151 95 63 50 66124205276322341328277203141102 81 821231972683123273142511 4MM101034222 632799999999999999 4 2 491629 7799999999999999
263184110 63 38 33 65141231300342358335272197142108 88 971502282893183212511 5MM1058358223732399999999999999 443 311717 8799999999999999
292225140 75 39 21 26 761642543173553643302611931471171011211832553013162511 6MM114536523 731699999999999999 523 1918 310199999999999999
306261184104 51 24 12 30 951872703263593603182501921541271181492122723022511 7MM1232365233830799999999999999 6 2 12184711799999999999999
306283227149 80 39 17 13 441172062803303573493032431941601361361732312762511 8MM1318359999999999999999999999 642 11193113299999999999999
294288257198126 70 36 19 24 651392202853293483342902381961641451521892362511 9MM 01529514 634899999999999999 722 18201714499999999999999
268278267233178118 72 43 32 44 89157228284322335319279235197168153162192251110MM 059278145733599999999999999 8 5 31211015399999999999999
227250257246216170122 84 60 52 68109169229279311321306272233197170156161251111MM 153257155432199999999999999 853 52221615599999999999999
182208228236230209176138105 84 77 90124173225269298308297268232197168151251112MM 3 6236165830899999999999999 953 77233814799999999999999
149162184206221225215192162132109 99106130171216258287299292266230192159251113MM 45022518 82999999999999999911 9 99999999999999999999999
136128138162191217232233218190158130114113130165209251282296289263223179251114MM 633235191229699999999999999 057128123511199999999999999
140113103116148189226251258245215176142120113126160207251282295286254205251115MM 75325820 729699999999999999 157103135211399999999999999
155114 87 81102147201246277286269230183144119110125164215259287295277234251116MM 852286205129599999999999999 244 80145511099999999999999
176124 85 63 67103162224273303308281232180140114108130178231271292290258251117MM 939309212529499999999999999 323 61154510799999999999999
202141 91 59 47 65118188252300325318279222170133111113147201251283293275251118MM1019327215429399999999999999 358 47162710899999999999999
228163105 64 41 42 78144219280322336315264206159126111127173228270290285251119MM1056336222029199999999999999 429 3817 311199999999999999
251190125 75 44 32 49103177249303335335299243189148122119149203253283289251120MM1131339224528999999999999999 459 32173711699999999999999
268217151 93 54 33 34 69135211274319338322276220174139122133176230270286251121MM12 5338231028799999999999999 529 30181012199999999999999
278241181117 69 41 31 47 98171241295328332302251200160133127153203251278251122MM1238335233828399999999999999 558 31184312699999999999999
281259210146 90 54 35 37 69131204266309330319279228183150131137174223261251123MM1311330999999999999999999999 628 33191813099999999999999
276267234179118 72 45 37 51 97165233285317325302258209170143133150191235251124MM 0 8276134632699999999999999 657 37195413399999999999999
262266249209153 99 62 44 45 71125193254297319316286240196162140139161200251125MM 043267142332199999999999999 729 42203513699999999999999
236254253230189137 91 61 50 58 92148212266301315305271228187157140142165251126MM 12425615 531599999999999999 8 6 50212413899999999999999
199228243239218180134 94 69 62 74110163220268299308295262220182153137139251127MM 218243155530899999999999999 854 62222413599999999999999
158188215231232216184145109 85 77 88119167219264293302289257216176145127251128MM 332234165430299999999999999 957 77233312499999999999999
126142171202226235227203167131103 91 96121163213258288298286254211166129251129MM 5 32351757298999999999999991113 90999999999999999999999
107104120154195230249250231197156121101100118156206254287297285250199146251130MM 632252185729799999999999999 0401031234 9899999999999999
104 81 78 981411962432722802642261761331081001141512052572902982822391782512 1MM 750280195129899999999999999 139 76135310099999999999999
117 74 53 53 801372052632983102932471901421131011121532122652942972742202512 2MM 856310203829999999999999999 231 5015 610199999999999999
149 86 46 28 33 711422212833213343122591971491191051171632262752972922592512 3MM 954334212129899999999999999 320 2716 810499999999999999
194117 57 23 10 21 721542373003383483202611991541251101271802422832962832512 4MM104834922 029699999999999999 4 8 1017 311099999999999999
239165 89 36  9 -1 19 811692523123483533182561991581291171421992562872912512 5MM1139356224029299999999999999 457 -1175311799999999999999
270216140 69 25  2 -4 25 961862643193513493082471961581311251582162642862512 6MM1227355232328899999999999999 545 -5184012399999999999999
283255196121 59 21  1  1 391152022743243493392932361891541301331712262662512 7MM1315350999999999999999999999 632 -2192612799999999999999
280273239179110 56 23  6 14 601382192833263433242762221791461281381802292512 8MM 0 928114 034399999999999999 717  5201112799999999999999
261271261225167105 59 31 19 35 871622342903243313052572071661371251411812512 9MM 1 0271144333399999999999999 8 0 19205812599999999999999
224251259248214161108 68 45 40 63115184246292318316285238191154128121139251210MM 157259152732099999999999999 844 39214712099999999999999
176213238247237207162118 85 66 66 92141200252289306297265221178143120115251211MM 3 2247161130699999999999999 930 63224311499999999999999
132164198224236232208173136108 92 94117159207250280290279248207166131109251212MM 4152371659290999999999999991025 90234310499999999999999
105120150184214232234219192160133117117134167207244268276264235195153118251213MM 5382351753276999999999999991131115999999999999999999999
 96 91105136175211237247239216185156136131142167202236258265253223181137251214MM 7 3247185126599999999999999 046 90125113199999999999999
101 79 75 91128174219252267263239204170146135141164199232254258244210164251215MM 817268194625999999999999999 143 74141113599999999999999
117 81 60 60 83129184236273290284254213174146132137163201235254255234193251216MM 914291203225799999999999999 232 57151513199999999999999
141 93 60 44 51 84140203258296310296258211169139126137170211243258251221251217MM10 0310211225899999999999999 314 4316 512699999999999999
170115 70 41 32 49 95161227281315320295249200158130123143184226254261244251218MM1041322214826299999999999999 353 32164612299999999999999
202145 90 50 28 28 57115186252301326320284232183145122126158204244264260251219MM1119328222226599999999999999 431 25172412099999999999999
231178118 68 35 21 31 74142214274315328309263211166132119135178226259268251220MM1155329225526999999999999999 5 8 20175911999999999999999
254212153 94 50 25 19 43 99172241293323323290239189149123120150200244268251221MM1230327232827099999999999999 545 18183511899999999999999
267241190127 72 37 20 24 62129204266308325311267214168134117127168220257251222MM13 4325999999999999999999999 620 18191111699999999999999
270260224165102 55 28 19 37 89163234287318322293241189149122114137185234251223MM 0 3270133832499999999999999 654 19194811499999999999999
263267248204142 83 44 25 26 57120197261304323312271216167132112115148198251224MM 041268141132399999999999999 728 22202511099999999999999
241262260235185124 71 40 29 41 83152225281313319296248192148118105117155251225MM 124264144532099999999999999 8 3 2921 610599999999999999
204241257252224174116 71 47 42 62111179244290312308276225172131105 98115251226MM 215258152231499999999999999 843 412150 9899999999999999
155201236252247219173123 84 64 63 86134196252289304292257206155116 92 88251227MM 31725316 530499999999999999 933 612241 8799999999999999
108147192228248247225187143108 88 87108149201249280290276240191141101 78251228MM 4292501654290999999999999991033 852338 7399999999999999
 75 94133179222249256242212173137114109122153197239269277263228179127 84251229MM 5512561752277999999999999991147109999999999999999999999
 61 57 76115167218255271267243204165138125129150188230259268255220168112251230MM 718272185426899999999999999 039 56131712499999999999999
 66 42 38 57 99159219264290294273234190157137131146181223253261248212156251231MM 840296195426199999999999999 142 37145013199999999999999
