199116 46  3  0 3911119627934136935831325118513110712317324030635135932525 1 1MS1012370214236199999999999999 334 -416 710799999999999999
257172 89 25 -7  5 5914022930836037234528922115611110213219326432636135525 1 2MS1047373222236499999999999999 414 -8164410099999999999999
307231145 67 12 -4 24 9017726433336936332125819013210010514821428333735925 1 3MS112137223 335999999999999999 452 -51722 9799999999999999
339282203121 53 13 14 56130215294349366343291226162114 9511416423029333725 1 4MS1155366234534899999999999999 530  818 0 9599999999999999
346317256181109 54 30 45 96170249314351351316260197140103 9612217423629125 1 5MS1229356999999999999999999999 6 8 301843 9599999999999999
325326293237171112 71 60 84136204271321342330290234176127 98 9712517322925 1 6MS 03233013 734299999999999999 650 601932 9499999999999999
278306306278231178131101 97120167224279316326310271219166121 95 9411716025 1 7MS 129310135332799999999999999 739 952034 9199999999999999
211257286291274240198160135130148184230274303312297262214163119 90 8310025 1 8MS 244292145231299999999999999 8431292148 8299999999999999
138187235270287283260227193166154161187224262291303294264218166117 80 6525 1 9MS 41828816 63039999999999999910 915423 6 6599999999999999
 76111162217263293301287257221188166162178211249283303301274227169112 6825 110MS 5503011724305999999999999991142161999999999999999999999
 45 51 8714320626530732331328224019716415216419724228431131328623517010525 111MS 7 6323183531599999999999999 017 4313 115299999999999999
 52 24 29 6813220627432434433329724619415313615018924129132432729723916625 112MS 8 8345193633099999999999999 121 2214 413699999999999999
 94 36  6 15 6113321629134336134329823917913512014119025030633933930123425 113MS 859361202934499999999999999 218  4145512099999999999999
155 78 19 -6 11 6714823631336136934028421815611511014220126832435334229325 114MS 942371211535499999999999999 3 7 -6153810799999999999999
219135 59  6 -9 22 90178267337372364320256186128 9910915622329134235833325 115MS1019374215435999999999999999 349 -91615 9899999999999999
272191108 39  0  4 52130220302357371343286217151105 9412218125231435235125 116MS1049371222835799999999999999 425 -41646 9299999999999999
309238156 81 27  9 35 98182266333364353307242174119 9210214721227933034825 117MS1114365225834899999999999999 455  91714 9199999999999999
327272198123 62 29 36 82154236306349353320261195136 99 9312217724129833125 118MS1136357232733599999999999999 520 271739 9199999999999999
329292231162100 59 51 79137209279329346326278216157112 9410714720326030225 119MS1157346235831699999999999999 544 4918 5 9499999999999999
316299255197140 96 76 8812818825230433132529023818113310410212516821826325 120MS1220333999999999999999999999 6 9 761835 9999999999999999
29029126822718013811110813017222427330731529625720816012410811413917721825 121MS 033294124731599999999999999 638106191410799999999999999
25226926624621518115313914416620124127529329127023419315512711512114117225 122MS 121270132429599999999999999 717139201011599999999999999
20623324925024022119818017017218621123926227527225622719215813211711713125 123MS 237251142027699999999999999 820169213111599999999999999
15718721523724924924022420619218619020522624726226625623320016313110910225 124MS 43425015492669999999999999910 8186225610299999999999999
111136170206238261270265248225201184179189211237260273269246209165123 9225 125MS 6 72701717273999999999999991149179999999999999999999999
 79 8711615820625028229628926523219717016117220123727129128826121415910625 126MS 7 9296182429399999999999999 0 6 78125716199999999999999
 67 51 6410115621727130932130727222618114814015919924829131530927321314525 127MS 757321191931799999999999999 1 4 51134913999999999999999
 83 39 24 45 9516423629933734331726921115712312115220626731734032727820525 128MS 84034520 934199999999999999 155 24143411799999999999999
126 56 11  2 34 99182264329362356316254186128 9810715322129134436233727325 129MS 921365205636299999999999999 243  01517 9699999999999999
189102 29-13-10 38118211297359380357301227154 97 7710316524331836837533525 130MS 958380214037899999999999999 327-171557 7799999999999999
258165 75  6-25 -5 60152249333382384342271191117 70 6611018526934238237425 131MS1032389222138599999999999999 4 7-251634 6299999999999999
319233138 52 -6-19 20 99197292362390369309230149 83 52 6812720929335738225 2 1MS11 339023 038299999999999999 445-201710 5199999999999999
357290202113 40  0  9 65151246328376379336265185111 60 49 8215023330935825 2 2MS1133384233936999999999999999 520 -21745 4799999999999999
366328258176100 45 28 55121205287347370349293219145 84 51 5810217124731025 2 3MS12 1370999999999999999999999 553 271820 4999999999999999
343337294230161103 70 72110174247309346345310250182119 74 57 7412018224625 2 4MS 020346123035099999999999999 627 6619 0 5799999999999999
295316304266216165126109121159213268309326312274220163113 80 71 8812717825 2 5MS 1 831613 332699999999999999 7 51091951 7199999999999999
230268284278254220186161153163190228265290297283252210165124 95 84 9212025 2 6MS 212285135029799999999999999 75715321 5 8499999999999999
159202237260266259241219199188187199220244263272268250220182144110 89 8425 2 7MS 356266151327299999999999999 9321862244 8499999999999999
 99131171213248271278271253229207191186196215239259270266244207162118 8325 2 8MS 5582781715271999999999999991148186999999999999999999999
 66 7210214820125128930730227924420617516016619122626228729227122817211525 2 9MS 717307184129399999999999999 014 65131316099999999999999
 67 41 46 8013820526931533532429024018814713014217923028031331929223816925 210MS 8 9335194132199999999999999 122 3914 613099999999999999
100 45 18 28 7414522529634335533228221915911610513018324830634033929923225 211MS 849356202834599999999999999 214 17144810499999999999999
153 78 22  3 27 88171257327365361320257185123 88 9313620427633436034428925 212MS 92436821 736199999999999999 257  31523 8599999999999999
210125 51  5  3 46122212297356374348290216144 90 72 9815823530835736633025 213MS 953374214236899999999999999 333 -21554 7299999999999999
260175 92 29  2 23 85172262336373364316244168102 66 7312019327233736835425 214MS1018375221236999999999999999 4 4  21622 6499999999999999
299220135 63 19 19 64142231311362370333267190119 71 60 9115523330635336025 215MS1039372223936299999999999999 430 131645 5999999999999999
323256175100 47 30 57121205286346367344286211138 82 57 7312419526932635125 216MS105836723 535199999999999999 453 2917 7 5799999999999999
334282211138 80 51 62111184261325357347300232159 99 64 6410016123029232825 217MS1116359233233499999999999999 514 501729 5999999999999999
330296239174118 82 78110168237300339342309250182121 79 67 8713319325229625 218MS1135345999999999999999999999 536 751753 6699999999999999
312297258206156119105120161216271312326308264206149104 81 8511416021125525 219MS 0 1312115732699999999999999 5591051822 7999999999999999
282285264230192159140141163200243280301298271228180137107 9610613417221125 220MS 036287122230399999999999999 62713719 0 9699999999999999
24225825724322119717917117619422024726927726724421117614412111312013816525 221MS 125260125827799999999999999 7 617120 311399999999999999
19522023524123823021820820120020621823324625224923621618916113812211812625 222MS 310241141025299999999999999 836200215211899999999999999
14417019722124025225424723522020619819920822323824824923821318114711810025 223MS 54325416362509999999999999911251972335 9899999999999999
 9911514418222125627828527525222319417417018320924026627826923919514510125 224MS 65328518 6278999999999999991244169999999999999999999999
 72 65 8512618023628331231629525621016714013916320725629631430226019913225 225MS 73831819 731499999999999999 045 65133413699999999999999
 74 38 33 6211919126231834634030224618413210411215421728233134932827019225 226MS 818348195834999999999999999 139 30141710399999999999999
112 45  6  9 53128216297355374350294221148 92 71 9515723631236637834226825 227MS 856374204537999999999999999 227  21458 7199999999999999
177 88 17-16  1 64154252335385387343269184106 54 48 9117026234339339234025 228MS 932392212939999999999999999 311-171537 4499999999999999
254156 64 -1-20 15 94195294370401380316229139 63 25 3910219429036940638825 3 1MS10 5402221140799999999999999 351-211614 2399999999999999
322230132 47 -4 -2 52143244335391396351271180 92 30 12 4812622331638240025 3 2MS1035401225040199999999999999 428-101650 1199999999999999
365292201112 43 15 39107200292362391368304218130 56 14 19 7215624933037725 3 3MS11 3391232838299999999999999 5 3 151723 1099999999999999
375330257176104 58 54 96168252325368367323251169 93 38 19 4410418426532725 3 4MS1129373999999999999999999999 535 501756 1999999999999999
353338290227163114 92107154220286333349327274205136 78 44 43 7513220026325 3 5MS 0 7353115534999999999999999 6 6 921832 3999999999999999
305317299260213169141137159200250293317313283235180127 88 68 7310114619825 3 6MS 052317122331999999999999999 6401351918 6799999999999999
243272280270246218193179180195221251274283275252219180144115 98 9711214125 3 7MS 15328013 228399999999999999 7271772034 9699999999999999
17721223925525925324122621420720721522724024824924322720417514712210710625 3 8MS 354259144225099999999999999 929206223410499999999999999
120147181217248269277272257236213195187191205224244256255239209170131 9925 3 9MS 6 627717272589999999999999912 9187999999999999999999999
 85 9212016321326029430830027423619616414915618222025928529127223117712225 310MS 7 8308184429299999999999999 011 84131114999999999999999
 79 58 6710516322928732533431427121616312511513517923628832032229123516725 311MS 748334193432699999999999999 112 57135111499999999999999
101 53 36 57111184259320352346308248181123 90 9313319626532235033929122025 312MS 821354201335199999999999999 157 361425 8799999999999999
143 74 31 28 68138221299351366339282209138 85 67 9115022730135336733727325 313MS 850366204936899999999999999 234 241456 6799999999999999
192111 49 22 40 99181268337371361311239161 94 56 6110818226533537336531625 314MS 916373212037599999999999999 3 6 211524 5299999999999999
240156 81 34 30 72147235315366373335267187111 58 43 7314022330436037634625 315MS 939376215037799999999999999 335 261550 4299999999999999
281199120 59 36 59121205289352375352291212132 68 37 5010318126533437036125 316MS10 0375221837299999999999999 4 1 361613 3699999999999999
311238160 93 54 58105179262332369361311236155 86 42 38 7614422530035036025 317MS1020371224436299999999999999 425 501636 3499999999999999
329269197129 82 70 99160236307353360324257180108 56 38 6011518826231934525 318MS1039363231034699999999999999 448 691657 3899999999999999
333289228165116 92104150214280331349328274203134 78 50 56 9515622428331925 319MS1059349233732699999999999999 510 921720 4899999999999999
324297250197151122121149198255303329323284225162107 71 64 8613218924428525 320MS1119331999999999999999999999 5331181745 6399999999999999
302292262223184156146158190233274302307286243191141103 84 8911615720324325 321MS 0 8302114230899999999999999 5581461818 8399999999999999
27027626424121519117717619121624526928227725421918014411810611213216219625 322MS 049276121328399999999999999 631175191010699999999999999
22624625325024022621320420220821923424825525224021919316614212712212914725 323MS 2 9253131525599999999999999 744202205412299999999999999
17320022524325425825224122721320320020621823224424824222519716513611510825 324MS 4512581559248999999999999991050200225710899999999999999
117142177215250277289284264235204179166171192222254276280263226179132 9425 325MS 6122891744281999999999999991214165999999999999999999999
 76 8311516422127331032431127522717814012413717522727831432329924718211725 326MS 7 0324184632499999999999999 014 7613 412499999999999999
 67 43 55100167241306347354325269203140 95 8411217124431135536132525717525 327MS 741356193936499999999999999 111 421347 8399999999999999
 98 40 18 40102186273343379371321247166 95 51 52 9917826734539038733625525 328MS 819381202739599999999999999 2 0 181429 4599999999999999
163 79 21  8 45123218309375397369300212122 50 16 3410119629437441239633325 329MS 856398211341399999999999999 246  615 9 1599999999999999
243148 65 15 17 71159258345397397347263167 77 13 -4 3511722032039341838725 330MS 930404215641899999999999999 328  91548 -599999999999999
316224132 59 26 47114206299371400376307216120 39 -9 -4 5214424733939740525 331MS10 3400223840899999999999999 4 7 251625-1499999999999999
362288202122 66 55 92166253332380382336258167 81 16 -9 16 8317527034638425 4 1MS1032388231838699999999999999 444 5317 1 -999999999999999
375327258184122 89 98146217290346368346288210129 60 17 13 5011920228133625 4 2MS11 0368235835599999999999999 518 871736  999999999999999
355336291233177136124146194253306338337302243175111 61 38 48 8814921727525 4 3MS1128342999999999999999999999 5511241813 3899999999999999
312319300263221184162163186224266298310297262214163117 85 73 8511716421325 4 4MS 044320115931099999999999999 62916019 0 7399999999999999
25528028627525322720519319420823025427027326324020917514311910811112916025 4 5MS 149286124427499999999999999 725192201810799999999999999
19522825326726926124723021620720521222323424324624122620417815113011912325 4 6MS 342270145624699999999999999 941205221411999999999999999
14217220724126828228227024822219718117818720522925026225823920716913411025 4 7MS 5302841717263999999999999991146177234410499999999999999
10512215620124828630730628524920716914514115919423627429529226622116912225 4 8MS 6273091824297999999999999991240140999999999999999999999
 91 8610915621527231533232028323117513010711414920326130732831627621715325 4 9MS 7 533219 932899999999999999 041 84131610699999999999999
100 71 75113175244305343346316261196134 91 7910516022929534035132426819825 410MS 736349194735299999999999999 123 691348 7999999999999999
129 79 60 81136209283338361344293224151 91 60 6811418626433036535931524625 411MS 8 4361202136899999999999999 159 601418 5899999999999999
170104 64 63104173252322363363323255177105 55 43 7414022230135837635129225 412MS 830369205437699999999999999 231 581447 4299999999999999
216142 85 62 83141219297353372347286207127 64 33 45 9717626133437437232925 413MS 856372212637999999999999999 3 2 621514 3199999999999999
261184117 76 75117187266334370363313238156 83 36 28 6413221729735537535225 414MS 920373215737599999999999999 331 701541 2699999999999999
297226155101 81103160235307357367334268187109 51 26 43 9717425632536336025 415MS 944369222636799999999999999 359 8116 6 2599999999999999
321261193134100103143208278335360345291217139 75 36 35 7413921628833835325 416MS10 8361225435399999999999999 426 961631 3199999999999999
332285226169127115137188250308343344306243170104 57 42 6211318124930533425 417MS1031348232333699999999999999 4521141656 4199999999999999
330298251200158136142176227280319333312264200137 86 59 63 9615021126730525 418MS1054333235531799999999999999 5171341724 5799999999999999
317302268227189163156173209252290312308278229174124 89 76 9012517322426725 419MS1122314999999999999999999999 5461561759 7699999999999999
292295279252221195179180197225256281291281253213170132106 9911113917821925 420MS 03829612 129199999999999999 6271781852 9999999999999999
25327427927025323121119819520321924025826726424822118815513011611813516425 421MS 150279131426899999999999999 746195202311599999999999999
20023526127728027125323020919318819421023225226426424922018514912211011625 422MS 34528015292659999999999999910 0188221211099999999999999
140179222262291304298274240203172154155177211250281296288257211160117 9225 423MS 51130417102969999999999999911261522333 8899999999999999
 9111616422127631733432328723518013511011414820226131033632828922816210625 424MS 6 73351817337999999999999991222108999999999999999999999
 71 69102162234301348362339285215145 90 65 7913020528234337336131023715925 425MS 653362191337499999999999999 034 651310 6499999999999999
 94 56 58102175258330375379338267183104 46 27 5612521630537240038031923725 426MS 73538320 440099999999999999 128 511355 2799999999999999
154 86 50 61117199286357392380323238146 64 10  3 4813223232639341438431725 427MS 815394205441499999999999999 217 491439  099999999999999
232148 83 57 79144230315376396366294202109 30-13 -5 5414725134440341337525 428MS 854396214141599999999999999 3 3 571521-1699999999999999
305222144 88 75109179263338384385338258165 77  9-19  5 7517027035440039825 429MS 931391222740599999999999999 347 7316 3-1999999999999999
354286209141100102146216292352379361302220133 55  4 -6 3110419628635438425 430MS10 6379231138599999999999999 428 951643 -899999999999999
372326263197144121136184248310352359327264188112 50 16 22 6613721929334325 5 1MS1040361235535999999999999999 5 71201722 1499999999999999
359340296242190154146169214268313337329291232167106 62 44 5910216523329025 5 2MS1115338999999999999999999999 54514518 3 4499999999999999
324329310273230193171171194231270300310296261214163118 88 79 9413118223425 5 3MS 042331115531099999999999999 6291681852 7999999999999999
27730130528926123020318818820322925527428027124721317614211911012014718625 5 4MS 140306125328099999999999999 730186195911099999999999999
22726228429128326323921519719019521022924725926125022820017014413013114925 5 5MS 256291143926199999999999999 9 7190212712899999999999999
18021725328029329027324821819217417118220322925326826925322519115813412925 5 6MS 4192941631270999999999999991044170224812899999999999999
14317421425629030730428224720717014614015518722726529029527724219915712725 5 7MS 5213081742296999999999999991145140234911999999999999999
11913617422427431132531428123218013611111314018724229031831929324719314525 5 8MS 6 43251832322999999999999991227109999999999999999999999
115112138187246300334339313264203143 99 82 9714120426932034433529523917825 5 9MS 640341191334599999999999999 03610913 3 8199999999999999
129104112152212277328352341298234164103 66 63 9615723130034736133728622225 510MS 712353195136199999999999999 1161031335 6099999999999999
160115101123176244308351360330269195123 68 44 5911018326332936736532926925 511MS 743361202837199999999999999 15310114 8 4399999999999999
201142106107145208278336365354305233154 85 41 35 6913421529435237535931125 512MS 81436621 437599999999999999 2291021440 3299999999999999
246179127106123174242309356366335271193116 56 28 41 9216724932136637234225 513MS 845367213937499999999999999 3 41061512 2799999999999999
286221160120115148208276334364353305232153 83 38 29 6112420328034036835825 514MS 915365221336999999999999999 3371121543 2799999999999999
317258196146122135180242305348358329267192118 61 33 44 9116123830634935925 515MS 945359224536099999999999999 4101211614 3299999999999999
334287230177140134162213273324350340295228156 93 51 43 7012619726732134725 516MS1015351231834899999999999999 4411331644 4199999999999999
341307259208166146155191243294330339314261195131 80 55 6210015922628532425 517MS1045340235333699999999999999 5121451717 5499999999999999
336319283238196166159176214260301324319287234175121 83 70 8612718324229025 518MS1121326999999999999999999999 5481581757 7099999999999999
318321302268229194173172190224262294308300269223172127 97 8910514219324425 519MS 03732312 930999999999999999 6351701850 8899999999999999
28631031229526523120018017618821524827729228926723118714611610511514519025 520MS 136314132129399999999999999 74417520 210599999999999999
23828030631330127423920417716416919122325828329328325521417013411311413825 521MS 25131315 029399999999999999 914163212711199999999999999
18023127831132531628724419916013713515719724428531031128724419314611510825 522MS 4 73251633314999999999999991034133224710799999999999999
128172228284325344334296242182131 99 9612417724029733534432027021015311425 523MS 5 93441745345999999999999991136 93235410199999999999999
101121169234297344362346297228156 95 60 60 9816524331436137234528922115825 524MS 6 23621847373999999999999991230 55999999999999999999999
112 98121176247314362375349287207127 61 26 33 8316225233038139236130022825 525MS 651376194439399999999999999 054 981321 2399999999999999
161114101128189263331375380342270183 99 34  3 19 7816626134339440136630325 526MS 737383203940499999999999999 1501001411  299999999999999
231163117109142206280345381376328250161 77 15 -8 17 8417627335339940036225 527MS 823384213240599999999999999 24210715 0 -899999999999999
299227162122121160226297355381365309228140 61  7 -6 2810019328635939639025 528MS 9 8381222139999999999999999 3311161547 -799999999999999
349286217159128137181246311359373347286206123 52  9  8 5012521429936138625 529MS 95137423 738799999999999999 4171261632  399999999999999
372327266204156137155203264321357358323260185111 52 24 34 8215523731035725 530MS1033362234937099999999999999 5 01371715 2299999999999999
369347301244191156150175223277323345336296236168107 63 49 6811918725831525 531MS1113346999999999999999999999 5411481756 4899999999999999
347347319274225183161164192235281314326310271218161113 84 8010515421427225 6 1MS 030351115632699999999999999 6231591837 7899999999999999
31433232429525521418216717420023727329830328825421016613011011213718023125 6 2MS 111333124730499999999999999 711167192510899999999999999
27730831830728024420918317117619722725727828527525021618015113513715919625 6 3MS 158318135528599999999999999 812170202313499999999999999
23827730231030027424020617916516618321024026527927725923119917015315216925 6 4MS 255310152328099999999999999 925163213315099999999999999
20224127730331130027323719916714714616319423026328529027724921418216015525 6 5MS 3563111646291999999999999991034144224315599999999999999
17120424528431131930527222818214412212314618523227530431129626322218415825 6 6MS 4523191749311999999999999991129119234315299999999999999
153171208254297325329306263209156115 9510313618824529532633130926922117725 6 7MS 5393301839332999999999999991213 94999999999999999999999
151149174219270315339335301246183125 85 73 9213920226731934734431426521225 6 8MS 621341192435099999999999999 0341461254 7399999999999999
167143148182235290334350334287222153 95 61 60 9215122329134236235031025525 6 9MS 7 135020 736299999999999999 1191411333 5699999999999999
199155138153197255312350355325267194124 70 45 5610217124731535936934629925 610MS 740358204837099999999999999 2 21381411 4499999999999999
240183145137164216278332361353310242166 97 50 37 6312119627333637036833525 611MS 818362212737499999999999999 2431361450 3799999999999999
281221167138143181240302349365343288213137 74 38 39 7914622529935337436025 612MS 85636522 537499999999999999 3221351528 3499999999999999
317259200154136155203265323360362325260183111 56 34 5110317625532236437125 613MS 933366224037299999999999999 35913616 5 3499999999999999
343294234180145142173228289340363350301230154 89 47 40 7213421028434136825 614MS10 9364231536999999999999999 4351391641 3899999999999999
359321267211165143154194251308348357331274202131 76 48 5710016724230835125 615MS1046358235036399999999999999 5111421717 4799999999999999
363342297243192156146167213268317346344309250181119 76 61 8013019726732325 616MS1127349999999999999999999999 5491461756 6199999999999999
353352323276224179152151177222273315336328291236174121 87 8110615622028225 617MS 028357121433799999999999999 6331481842 8099999999999999
32834934130826121217214915017521826530532431728523618313610710412817523325 618MS 112350131532599999999999999 727146193710299999999999999
28832834433330025420516414013916120124929031431529225120315913012414318425 619MS 2 5344143131899999999999999 833137204512399999999999999
23728832634233230025220015412411713717722927831232431027522918415113915125 620MS 3 7342155732499999999999999 94511722 113999999999999999
186236287327345337303251192138101 8910715221127131733933430325620716814725 621MS 4133451718341999999999999991054 89231814699999999999999
153185234287330351344307249181120 76 61 8013019826932535735732727822517925 622MS 5163531829361999999999999991157 61999999999999999999999
152152182233290336360351310244170102 54 37 5911519127033537337534529423625 623MS 615361193437999999999999999 0291481257 3799999999999999
184152150181234294344368356310239160 87 36 20 4610719027534538538835630125 624MS 712368203439299999999999999 1331471354 2099999999999999
239183148147181239301352374359308232150 75 24 11 4210919628435639539335725 625MS 8 7375212839999999999999999 2321431449 1099999999999999
298233175142146186247311361379358301222138 65 18 11 4912221129936739938925 626MS 859379221640099999999999999 3241391539  899999999999999
346284217162136149196261324369379350287206125 57 18 23 7014723732037739625 627MS 946380225739699999999999999 4111361624 1599999999999999
374324259195149135159213278337372371332264185110 53 30 4810518526934038125 628MS1029377233238699999999999999 45213517 4 3099999999999999
382348292228173140141176234295345367352304236163100 59 54 8715022730135425 629MS11 7367999999999999999999999 5281361739 5199999999999999
374357313256199156139155197253307343350325273210148101 79 9013319726532325 630MS 0 2374114335199999999999999 6 21391810 7899999999999999
35635632727822417814914617121426430733032629524719314511410913117723629225 7 1MS 030360122133299999999999999 636144184210899999999999999
33234633229725020316715015518222226429731130227423319115713914316921126025 7 2MS 1 034613 731199999999999999 715149192013899999999999999
30232833031127523219216315215918421825428129328726623620417816617119422925 7 3MS 136332141029399999999999999 8 6152201216699999999999999
26830131831629726322418816114915417420624026828428627325122420118818920525 7 4MS 225319153828799999999999999 913148212618699999999999999
23326629431031029226122218315313713915919122926328829829127124421719819325 7 5MS 32931217 5298999999999999991024136225019299999999999999
20422926129131031229526121817413811912014318122627030231731128925622319725 7 6MS 4383141813318999999999999991126117999999999999999999999
187197224260295318321301261209158118 9710213117923428532333832829925921825 7 7MS 53832319 633899999999999999 0 01871219 9699999999999999
187176190223267307332332304255195138 95 77 8912818524930634435533830025225 7 8MS 630336195335599999999999999 05617613 6 7799999999999999
205173166187229280325348341304244176115 72 60 8213219927032836336634029325 7 9MS 717349203636999999999999999 1451651352 6099999999999999
237188158159190242300345363346297228154 91 53 49 8214422029435137937133325 710MS 8 2363211738099999999999999 2291541436 4699999999999999
277217168145157200261322364374345283206129 68 37 46 9216524732137338836725 711MS 845375215538999999999999999 3101441518 3699999999999999
318255193148136162217284344380377334263180104 49 30 5311419527935038938925 712MS 927384223039499999999999999 3501351558 3099999999999999
353294227168132134174239308363388371315236153 82 38 34 7414723331437439725 713MS10 738823 339799999999999999 4271281635 3099999999999999
378328263196145123141193262329375386354289208129 69 40 5410818827234438825 714MS1046387233439499999999999999 5 31231711 3999999999999999
391355296229168128122153213281342376373330261184116 69 58 8815123030736425 715MS1125380999999999999999999999 5401191747 5799999999999999
388372325262198146119126167228292343366353306241173117 86 8912819226532925 716MS 0 638812 836799999999999999 6181171825 8399999999999999
36937534729423317513311613217423229033434933229023417813511612716722528625 717MS 040377125934999999999999999 7 111619 911599999999999999
33636135632327121416212711513217122427731633131928724219816415016119424225 718MS 11936314 333199999999999999 75511520 415099999999999999
29233034733830726120815912511212315720625629731831829726422719718118420725 719MS 210347152832199999999999999 9 2112212018099999999999999
24328431733332930426221116112210210613418123428131432731829225822620219425 720MS 31933417 5327999999999999991021101225619499999999999999
205233269304327331312273220165117 88 8410815621527331934434432128524421025 721MS 4413321829347999999999999991138 82999999999999999999999
190192217255296329341327288230167110 71 61 8413520327333036436834430125125 722MS 6 0341193737099999999999999 0241881248 6099999999999999
205177175201246297339357345302237165 99 54 41 6712520228234738438635630425 723MS 7 8358203339099999999999999 1341721350 4099999999999999
244191158158191246306354375360310237157 85 38 28 6112921429936740139435425 724MS 8 6376212040399999999999999 2301541444 2699999999999999
292226169139147192256322372390366306226142 70 27 27 7114823932538740938825 725MS 85639022 040999999999999999 3171371530 2199999999999999
336267198144125148204275343388395358289205122 56 26 4210018527635540140425 726MS 939397223340899999999999999 3581251610 2599999999999999
366303231166125123162227301363395385335259176101 51 41 7614623431837940225 727MS101739723 140299999999999999 4331181643 3999999999999999
382329260191138116134187257325374388360299223148 88 60 7412620328535339025 728MS1050389232439399999999999999 5 31161711 5999999999999999
386345282214156121121157218285342372366324260190129 91 8812218425832637125 729MS1120374234538299999999999999 5301171736 8599999999999999
38135329923517613412013918524530334435533328622717012811312917523730034825 730MS1150355999999999999999999999 55512018 011399999999999999
36835531325719915312913216120926130633032830025721017014714817522027332025 731MS 0 6368122433399999999999999 623127182714499999999999999
34734732127722618014713614817922026229430830127824521218717718621224928725 8 1MS 03035113 930899999999999999 65913619 217799999999999999
31732932029225421217615314715918421725027528628527225223121520921523225725 8 2MS 1 3329142128799999999999999 75014720 120999999999999999
28230130729927724721418316215315817520223125727528428227225724223122723325 8 3MS 154307162228499999999999999 9 9153215422799999999999999
24826628329229227925522319116414714415718321524827729730429728025823722225 8 4MS 3272931759304999999999999991040144234121999999999999999
22023025027329230029326923319315513012313516620725229332032931929426022725 8 5MS 5 43001857329999999999999991152122999999999999999999999
205200213242276306321313283237184137105 9711615621126831734735233229524925 8 6MS 611321194235399999999999999 0461991248 9799999999999999
207181180203245292330346333292232167112 78 7410315722529334637336833528325 8 7MS 7 4346202137599999999999999 1331771337 7299999999999999
227180156165203259316358371347291218144 84 52 5710016924932337539437432625 8 8MS 751371205839499999999999999 2151551422 4999999999999999
262199151135158212281344385389351281197117 57 33 5211119428235740240536825 8 9MS 835393213440999999999999999 25513515 4 3299999999999999
305232166123121160229306372407397343261171 91 37 26 6313823032038941840125 810MS 91840922 841999999999999999 3341161544 2499999999999999
347272196132102117173253333394417391323234144 70 30 38 9317927435841241925 811MS 958417223942299999999999999 4111011621 2799999999999999
380311232157104 91125195279356407413370294206123 63 41 7013922931938741725 812MS103741623 841899999999999999 446 901656 4199999999999999
400343267189123 87 94144220302370404393340264183114 73 7311819327835339925 813MS1116406233540799999999999999 521 841730 6799999999999999
403364298222152101 8410816724231536938636330823917312310212017224331436825 814MS1156387999999999999999999999 555 8418 310299999999999999
390372322256187130 96 9412718525231335235833228523018114914416921827632925 815MS 0 3390124136099999999999999 632 91184014299999999999999
36236433628722717112610410914119124729632532931027723920518618720924528725 816MS 035367133933199999999999999 719103192718499999999999999
32233933430826722017413811912114318122626829730930428726324022422022824825 817MS 117340151230999999999999999 826117205121999999999999999
27429831131129727023319315713112113015819723927630331531129627425123322525 818MS 23031317163159999999999999910 212123 622599999999999999
23124726929030430529025921817313511010712716721726931233834232729726122625 819MS 4353071843343999999999999991138105999999999999999999999
204201217248283314329320288238180127 90 79 9914721027733336637134730425225 820MS 610329193837399999999999999 0402001251 7999999999999999
204173169194240292337359350309246175110 66 55 8314322029936139338835029225 821MS 714360202239599999999999999 1381671347 5499999999999999
228172141146186248313365387369315240159 88 45 43 8515924732938941038833525 822MS 8 4387205941099999999999999 2221391433 3999999999999999
264193138117139195269341391403371304219135 68 35 5010819328536440941036925 823MS 846404213141699999999999999 3 01171512 3499999999999999
302225155110107148219299369408403354277189109 54 42 7715124132939341539125 824MS 924412215841599999999999999 3341031546 4099999999999999
332256180120 95115173252331390411385321239156 89 56 6812420729636940840125 825MS 957411222141199999999999999 4 4 951614 5599999999999999
353282204137 97 97139209289358398395350279200129 83 7711418426734439340125 826MS1026402224140499999999999999 430 911639 7499999999999999
367302226156107 91116174248320372388363307237168117 9711717124531937439425 827MS1053388225939499999999999999 453 9117 1 9799999999999999
373318247177123 9610514821228133836836232326620515412613116822829434937825 828MS1120370231837999999999999999 515 95172212499999999999999
37032826620014511010613318324329933734732728623719216115417521827232135425 829MS1149347233836099999999999999 538104174515399999999999999
35833128222517213411812916320925829831931629426122719918619221825429332325 830MS1223321999999999999999999999 6 5118181118699999999999999
33532329124820316614213815418321925528129328927525623622321922724526829025 831MS 0 1335131329399999999999999 641137184821999999999999999
30530529126623520317716115816718621123725727027527426826025224724725126025 9 1MS 033307151927599999999999999 744158203524699999999999999
27027828027426224322119817816616417218921323726027929129428827526024523625 9 2MS 144280174729499999999999999 945163233323599999999999999
23624325626927927926824521518415814314516219222926830032032431028525422525 9 3MS 4342801841324999999999999991126142999999999999999999999
20720622124827830231129926722217413411211313818323729133335334832127823125 9 4MS 556311191835599999999999999 034204122810999999999999999
192172179210256303337347326278216153103 78 8612618825932436938236231525525 9 5MS 649347195338299999999999999 1151721316 7799999999999999
196153140161212277337375379343278199125 71 50 7112920829236240240036029525 9 6MS 736382202840699999999999999 15313914 1 5099999999999999
222156115114155226304372408400348266177 97 45 34 7314824133139842440234225 9 7MS 82041121 342499999999999999 2321091443 3299999999999999
262181115 83100162247335402430406338247153 75 31 38 9518428337042442938525 9 8MS 9 3430213643399999999999999 3 9 831523 2799999999999999
308220137 78 64101179274363423436396317223132 63 36 6313523132740143441325 9 9MS 94443822 743499999999999999 347 6216 1 3699999999999999
349262173 96 53 60117205301383430425371289199119 67 6210718828136441642125 910MS1024434223642699999999999999 422 501636 5899999999999999
377300212129 68 47 75144234323391418397337259182120 9010616324332338540925 911MS11 341823 340999999999999999 457 471710 9099999999999999
388328249168100 59 5910117425733238139136030323817813813016021828634738225 912MS1143392232938799999999999999 530 54174212899999999999999
381343280208141 92 71 8513119726732435635432427923119117117720925730734525 913MS1226359235735899999999999999 6 6 71181717099999999999999
358342301245188139106 9711415320525830032132030127224321921021824027130125 914MS1326323999999999999999999999 651 9719 421099999999999999
32032230527423519415913412513415819423426729029929728526925424324024525825 915MS 036324151630099999999999999 8 2125205324099999999999999
27328428928527225022219216414413714516920223927329931231330128125823722525 916MS 2 3289173031499999999999999 959137233322399999999999999
22423425227128729328325922318314612311913817622527531734134432529225121325 917MS 4542931837345999999999999991139118999999999999999999999
188184201234274309328322291242185132 98 9111616623129634737236633328122425 918MS 616329191937399999999999999 0411831243 9099999999999999
174147151184237296343364352307242171109 73 7311117725632937939437131925225 919MS 7 8365195339499999999999999 1241451330 6899999999999999
184133114134187258328378391364303225146 85 56 7212820829436540339935528625 920MS 750392202440799999999999999 15911414 9 5699999999999999
209140 98 96138209291362403401356282197119 67 57 9216425333639541138332025 921MS 827408205241299999999999999 232 921444 5599999999999999
240161101 77 99160243327390414392330248165 97 63 7613221530337441039934725 922MS 9 1414211641299999999999999 3 2 771514 6299999999999999
270188117 74 74120196282359405407365293211136 87 7711418527134939940636725 923MS 932412213940999999999999999 330 681542 7599999999999999
296214138 83 65 91155238320381405384327252177119 9311016524332138040237925 924MS10 1405215940299999999999999 354 6416 7 9299999999999999
319240161 99 67 7512419727834738738634728521515411711715622129535739038225 925MS1029392221939299999999999999 418 65163111299999999999999
335263186120 79 7210416523930935837535430624719014813515620727033036937525 926MS1056375223937799999999999999 440 70165313599999999999999
342282211146 99 81 9714320627032335134731627022218216116820125130334335825 927MS1123353225835899999999999999 5 2 81171616099999999999999
34029523517512710110313218023428431832831428324721419218920623927931333225 928MS1153328232033499999999999999 527 98174018799999999999999
32829925420516113112013216220324527929930028626524322521622023625928330125 929MS1234301234830699999999999999 558120181221699999999999999
30629426723319816915014615617720623526027427927526725724824224224725626725 930MS1359279999999999999999999999 647145193024199999999999999
2752772702562372151921741641631721892122362572742842882832722592452352322510 1MS 043277165428899999999999999 837162225523299999999999999
2362462572662692632462201921671511481601862202562883113193102882582272042510 2MS 3522691757319999999999999991042147999999999999999999999
1952032252562843023022802421971541241141301672182723193473503282872371912510 3MS 529305183735299999999999999 0 1195115311499999999999999
160154176219271318345342308252188129 91 821081632333033573823723302682012510 4MS 625347191338399999999999999 0431531245 8199999999999999
145114120162228299357386374324250170103 62 611031762623403934073773142342510 5MS 713387194940899999999999999 1211121331 5699999999999999
156 97 74 98161247331394418393326239151 81 45 581172042983764204153642822510 6MS 759418202442499999999999999 2 0 741415 4499999999999999
191109 55 47 90173271362422435395317223135 68 45 741472423364054314043332510 7MS 844437205943199999999999999 240 441458 4499999999999999
240145 67 25 36 98194297385437435382299207124 69 621071892843684204223732510 8MS 928443213342899999999999999 319 221538 5899999999999999
289193103 36 12 43119219320398434417358276192121 85 961532363223884163942510 9MS101143522 441699999999999999 357 121616 8399999999999999
329241150 71 23 20 66149245335397415387327253183131114141203278347390393251010MS1052416223439899999999999999 433 15165311499999999999999
353281198119 58 30 45100179264337380383351297237184152154188244305352372251011MS113438723 437299999999999999 510 30172814999999999999999
356308241170108 67 56 80133201270324351346318276233198183193224268309336251012MS1221352233634199999999999999 549 5618 718399999999999999
339316272218164120 94 92114156209260299318316298271243222214220240267291251013MS1324319999999999999999999999 636 9019 421499999999999999
304302284255218181150129124135162199238271292301296283264246233228231243251014MS 02230515 830199999999999999 75012321 622899999999999999
257268274272261240214185159142139152179215251283305312304286260233212202251015MS 217275165731299999999999999 942138231420199999999999999
205220242265282287275249213174142127132159201249294325336325295255211177251016MS 4472871759336999999999999991114126999999999999999999999
161168195235277310322309273224171128107115150205266320353357333287229174251017MS 559322183935999999999999999 013161121410699999999999999
135123143189248305344354330280216154107 90109159228298352377365322258189251018MS 647355191137799999999999999 0521231259 9099999999999999
129 96 99138203276339375373334269196131 89 85121186264334380387354291215251019MS 727379194038999999999999999 126 921336 8299999999999999
142 88 70 93153232312371394375320245170110 82 97150227306368394378323246251020MS 8 239420 839599999999999999 157 701410 8299999999999999
166 97 59 61107183269345392397360293216145 98 89124191272344389392351279251021MS 836401203439699999999999999 226 541442 8799999999999999
196118 63 45 72136221306371400385333261186126 97111163238315373394371309251022MS 9 9401205939499999999999999 254 451512 9699999999999999
228146 79 44 50 98174260337385393360299228162118111144208283348385380334251023MS 940395212438899999999999999 322 41154110999999999999999
260178104 55 43 72135216296357384372326264199147124138186252318366378349251024MS1011385214837999999999999999 348 4216 812399999999999999
287210135 77 49 60108178254321362368340290232179146143174228289340365353251025MS1039370221236599999999999999 413 48163514099999999999999
306238167106 68 63 92149217282331352341305258210173159173211262311342345251026MS11 8352223634899999999999999 439 6017 115999999999999999
316262198138 95 77 89129185245295326330310276236202181182204241282314328251027MS113933223 232899999999999999 5 6 77172917999999999999999
315278227174129102 98119159208256292310307287260231209199205225254282301251028MS1220311233730499999999999999 539 9718 719999999999999999
303286253212171139121122141174213250278292291279261241224216218228245263251029MS1326293999999999999999999999 627119192121599999999999999
276279268247219188161143138148170200234263283291289277259239221211209218251030MS 041279151829299999999999999 750138213820999999999999999
234252266271264246217186158140137151179217256288309313301274241208183173251031MS 258271164531499999999999999 94213623 417399999999999999
1812052382702932992832492041611281151261602092633093383423202782261761402511 1MS 44629917403449999999999999911 4115235712799999999999999
127143184238290328340320273213154110 911051512152833393693653272661961332511 2MS 55234018243729999999999999912 5 91999999999999999999999
 91 83114175250319366377348288213143 92 74 971562343113693943753182381562511 3MS 64637819 539499999999999999 042 821257 7499999999999999
 86 46 50 98179269349398403363291209133 82 701041742603403944053692942032511 4MS 737407194540799999999999999 126 421346 6899999999999999
113 44 12 30 96191290373419415365287202127 80 781232022893644074023482622511 5MS 826424202441199999999999999 2 9 121433 7399999999999999
165 76 13 -7 27106208309389426413357278195126 88 981532333163814073843172511 6MS 91442821 340799999999999999 252 -71518 8699999999999999
225130 47 -4 -9 391252273243944203973392641881291051271862643373853933552511 7MS10 1420214039699999999999999 335-1316 210599999999999999
281191103 32 -5  6 621492463323884013733162471821381291602192883463773682511 8MS1047402221737999999999999999 417 -7164312799999999999999
320246164 88 32 12 34 941752613323723743432912331821531561902443003423562511 9MS1133378225535799999999999999 459 12172515099999999999999
336286218148 88 49 41 69126197268322349344315271225188171180212255297324251110MS1221351233732999999999999999 542 40181017199999999999999
327303259204148103 77 77103151210265306324319295261226200188195218250279251111MS1316325999999999999999999999 631 7319 718899999999999999
296297279246205164130110108128166212256289306305288262234210195194207228251112MS 032299142530899999999999999 733106203319399999999999999
251268275269250222189159137129140168206246279300305293269240210187177181251113MS 2 4275154530599999999999999 855129221117699999999999999
199224250270277269247215181152136140163200243282308316303275236196163146251114MS 4 02771652316999999999999991019135232014599999999999999
150172208247281298295271233190152131133159202252297326330309269218167129251115MS 5203001740331999999999999991125129999999999999999999999
112122157208262305325318286237186143122129163216273321345339304249186129251116MS 615326181934699999999999999 0 7112121612099999999999999
 91 83108159225288333348331287229172129114132178240301345358336284215146251117MS 658348185235899999999999999 045 82125811499999999999999
 90 61 68110177252318358362332277213155118114145203271329362359318251175251118MS 737365192436699999999999999 119 59133711199999999999999
105 56 42 68127205283345373364321258192138112123168234302352369346289212251119MS 815375195636999999999999999 152 42141311199999999999999
133 69 34 39 82154237313364378354301235171127115141198267329365364322252251120MS 851378202837099999999999999 224 31144811499999999999999
171 97 44 26 50108187269337373371334276210153122127167230297348367346289251121MS 926377205936799999999999999 256 26152211999999999999999
212133 68 31 32 73142222298352371353308247187141126147198262321357356317251122MS10 0371212936199999999999999 328 26155512699999999999999
250172101 49 31 51105179256320357358328277219168138140175230289335353334251123MS1032362215935399999999999999 359 31162613599999999999999
281211138 78 44 44 81142215283332351337299248197159145162204257307337337251124MS11 4351223034199999999999999 429 39165714599999999999999
303245176113 68 51 68114178244300333336312271225184159159184227274311327251125MS113633823 332799999999999999 5 0 51173015699999999999999
313272214154103 72 69 95144204262305325319291252212181166173200238276303251126MS1215326234531099999999999999 536 67181116699999999999999
309290250199147107 86 90118165218268302315306280245211184172178200232264251127MS13 4315999999999999999999999 621 85191117299999999999999
286291276244201158123105107131172220265297310304281249214185168167183210251128MS 045292141031099999999999999 723103203416699999999999999
242269282278256220180144121116133168214259295314312291256215177150140151251129MS 216283152531699999999999999 843116215814099999999999999
180220259286295282250207163131117126159207259302327328304260207156117101251130MS 35529516333319999999999999910 711723 510199999999999999
113151204259302322315281231178135112117151205265316345345313256188125 782512 1MS 5143231730349999999999999991120110999999999999999999999
 60 78128197267323352345307248186135107111149210277333362356313243163 912512 2MS 619354182036599999999999999 0 1 60122310499999999999999
 40 25 511141972803453773683242601921351051111542212923493743593042241372512 3MS 71737819 937599999999999999 053 24132110299999999999999
 60 10 -1 361092022923613933813332651941351051161652353073613803552902042512 4MS 813394195738099999999999999 143 -2141510499999999999999
113 36-11-14 311132103033724003843332631911341091251792513203683783442732512 5MS 9 7400204438099999999999999 234-1915 710999999999999999
184 94 21-20-15 381242233133773993773232541841321141381952663313703703272512 6MS 959399213037699999999999999 323-24155511499999999999999
253165 79 13-18 -3 561432393233773893613052371731301231552132813373653552512 7MS1046390221536799999999999999 411-19164112199999999999999
306231147 70 15 -4 22 851702583303713713362802171621321351732302913363522512 8MS1130376225735299999999999999 456 -4172412999999999999999
332280208133 69 28 23 561201992763323573463072531981551371501892422923252512 9MS1210357234033299999999999999 538 2018 513799999999999999
331305254190127 78 52 58 96157226287327338318279230185154145162199244283251210MS1250338999999999999999999999 619 50185014599999999999999
306305279234182133 97 83 95133187244291317317295258216179155151166197234251211MS 027309133132099999999999999 7 2 83194315099999999999999
266283282261226186148122114128161206252288305302280246209176154148159185251212MS 126285142030799999999999999 753114205014799999999999999
216246265269257232201170147139149176214253283299295275242204169144134142251213MS 246270152030099999999999999 85813922 413499999999999999
165198231258271267249220190164152158180215253283300297275239196155125112251214MS 418272162230199999999999999101315223 811199999999999999
119147186228264285286268237202171154157179216257290308303275231180132 98251215MS 53328817173099999999999999911231532359 8699999999999999
 86100135185238282306307284246204168148152179221267303319307270215156104251216MS 63031018 5319999999999999991220147999999999999999999999
 71 65 88136197258305328322291245196157139149184233283319328306257193128251217MS 717329184832899999999999999 042 63131013999999999999999
 75 47 51 87147216281327343328289236182144132151195251302333332297237166251218MS 8 0343192833799999999999999 123 45135313299999999999999
 99 50 31 48 97166241305345351326277219165131129159212272321343329282212251219MS 84135320 834399999999999999 2 2 31143412699999999999999
137 72 30 24 55115192268327356350314258197147122133175235295338347319259251220MS 919358204634899999999999999 240 22151212299999999999999
183108 48 18 26 71142222295344360340293233173131120144197260317348343300251221MS 955360212235199999999999999 317 16154811999999999999999
230151 80 30 15 39 98175254319355355321266204150120125163223286333350329251222MS1029360215735099999999999999 353 14162311899999999999999
273197120 56 20 23 64132212286339357340294235177133118138187249306341342251223MS11 0357223234699999999999999 427 16165611899999999999999
305240164 93 42 23 43 97171248312348349317264205154124124156210269316338251224MS113135323 833899999999999999 5 0 23173012099999999999999
324277209137 77 41 38 72134208278328347332290235181139121133172225278316251225MS12 3347234832699999999999999 534 3518 712199999999999999
326303252187124 76 53 63105168237296332338312266213164131121138178228275251226MS1239339999999999999999999999 612 52185212199999999999999
305309284237180127 89 75 91134193254303328325296250199154124117134171217251227MS 038311132333099999999999999 658 75194811799999999999999
262291296277238190144112101116154206259301321315287243193147115105117151251228MS 143297141732299999999999999 755101205810599999999999999
197243277291282253213171139125133163207256295316313287243190139101 84 91251229MS 3 6291152331799999999999999 9 91252212 8399999999999999
124172225270296299278242200164142141163202249290315317293246187129 83 58251230MS 43730016343199999999999999910331392323 5699999999999999
 62 95149211267306320307272228185154143158194242287318323300250185118 63251231MS 6 03201742325999999999999991156143999999999999999999999
