108 78 48 23  8  5 17 39 65 91111121116 97 72 50 39 43 62 9011813714714425 1 1N01110122221814799999999999999 440  51617 3999999999999999
128100 67 37 15  4  7 24 49 76100117121109 85 60 42 36 45 68 9712314014625 1 2N0114612123 414699999999999999 516  31654 3699999999999999
140120 89 56 28 10  5 14 36 62 86107119117 99 74 51 37 36 49 7410212413825 1 3N01223120235014299999999999999 552  51735 3599999999999999
141133110 78 47 24 12 12 26 50 74 95111117109 89 65 46 36 39 54 7710212025 1 4N01259117999999999999999999999 627 101819 3699999999999999
131133122 98 68 42 25 18 24 41 64 85102113114102 81 60 45 38 42 56 76 9725 1 5N0 039133133511599999999999999 7 1 1819 9 3899999999999999
112121121109 88 63 43 31 30 39 57 76 94106112110 97 78 60 46 41 43 55 7125 1 6N0 130122141311399999999999999 737 292011 4099999999999999
 88101109109 99 81 63 48 41 43 53 69 85 99108112108 96 79 62 49 42 43 5025 1 7N0 230110145911299999999999999 816 412128 4299999999999999
 62 76 88 96 98 92 81 67 57 53 56 64 76 90102110112109 99 84 67 52 42 3925 1 8N0 345 98155811299999999999999 9 6 5323 6 3899999999999999
 41 50 63 75 86 91 91 85 75 67 63 63 69 79 91103111115114105 90 71 54 4025 1 9N0 527 921715115999999999999991022 62999999999999999999999
 32 31 38 51 66 80 90 95 92 84 75 68 65 68 77 90104115121121112 96 74 5325 110N0 7 7 95183012299999999999999 037 3012 3 6599999999999999
 35 23 20 27 42 61 79 94102100 91 78 68 62 64 74 90107120128128119100 7525 111N0 819103193412999999999999999 146 191318 6199999999999999
 49 27 13 10 20 39 62 84102111107 93 76 62 55 58 71 9111112613413512310025 112N0 913111203213699999999999999 243 101413 5499999999999999
 71 42 19  4  4 18 41 68 92111118109 89 68 52 47 53 72 9511713214013812325 113N0 957118212314199999999999999 331  21459 4799999999999999
 96 63 33 10 -1  4 23 50 78102119120105 80 57 43 41 52 7510212313614313825 114N0103512222 914399999999999999 414 -11539 4099999999999999
118 86 52 24  4 -2 10 34 63 90112123117 94 67 45 35 39 56 8210812713814125 115N01110124224814299999999999999 451 -21616 3599999999999999
131106 72 40 16  3  4 22 50 78102119122107 80 53 37 32 42 63 9011312913725 116N01141123232213799999999999999 524  11650 3299999999999999
135119 89 57 30 13  7 17 40 68 92111120114 92 65 43 33 34 48 72 9711612725 117N012 9120235213099999999999999 552  71723 3299999999999999
130123101 72 44 25 15 18 35 60 85104115116101 77 53 38 34 40 57 8010011425 118N01232117999999999999999999999 616 151755 3499999999999999
121119106 83 57 37 25 24 35 55 78 98110114107 88 65 47 38 38 48 65 84 9925 119N0 021121125311499999999999999 637 231829 3799999999999999
108111105 90 69 49 36 32 38 52 73 92105111109 96 78 59 47 42 44 55 69 8325 120N0 050111131311199999999999999 657 3219 8 4299999999999999
 94 99 99 91 77 61 48 42 43 52 68 85 99107108102 89 72 58 50 47 50 58 6825 121N0 125100134010999999999999999 720 411956 4799999999999999
 78 85 88 87 80 70 60 53 51 55 65 78 91101105104 97 85 72 61 54 52 53 5725 122N0 213 88141810699999999999999 748 5121 9 5299999999999999
 63 70 75 78 79 76 70 65 61 61 65 72 81 91 99103102 96 87 75 65 58 53 5125 123N0 339 79152010399999999999999 832 612316 5199999999999999
 52 55 60 66 71 76 77 76 73 71 69 69 72 80 89 97102104100 91 80 69 59 5125 124N0 559 771646104999999999999991030 68999999999999999999999
 45 43 46 51 60 70 79 84 85 82 77 71 67 68 76 86 97106109106 97 84 70 5725 125N0 740 8518 210999999999999999 054 431216 6799999999999999
 44 35 33 36 45 58 73 86 94 94 88 77 66 60 62 72 86101113117114103 87 6825 126N0 833 9519 211799999999999999 154 331318 5999999999999999
 49 33 24 22 29 44 62 82 97104101 89 72 57 51 55 70 90109123127122107 8625 127N0 913104195712799999999999999 239 2214 6 5099999999999999
 61 38 20 12 14 27 47 71 93108112103 83 61 45 41 51 71 9711913313612810825 128N0 948112204913699999999999999 318 111448 4199999999999999
 80 49 24  8  2 10 30 56 83105118116 98 71 47 33 34 49 7610612914214413125 129N01022120213914499999999999999 355  21529 3299999999999999
104 69 36 12 -2 -2 14 40 70 96117125114 86 56 34 24 30 52 8411513714814725 130N01056125222615099999999999999 430 -41610 2499999999999999
128 94 56 24  3 -6  2 25 56 85110126125104 72 42 23 18 29 57 9112014015025 131N01128128231015099999999999999 5 3 -61651 1899999999999999
144118 80 43 15  0 -1 15 43 74100121129119 90 57 31 17 17 33 63 9612213925 2 1N01159129235314599999999999999 535 -31732 1599999999999999
145133103 66 34 13  5 12 34 64 91113126126107 76 46 26 16 20 39 69 9711925 2 2N01229128999999999999999999999 6 5  51815 1599999999999999
132133117 86 55 31 18 17 31 57 83105120125117 94 66 41 25 19 26 45 70 9325 2 3N0 034135125712599999999999999 632 1619 0 1999999999999999
110119116 99 73 50 34 29 36 53 76 97112120119107 85 62 42 30 26 33 49 6825 2 4N0 117120132412199999999999999 658 291952 2699999999999999
 85 97102 98 84 66 52 44 45 54 71 89104113116111 99 82 64 48 38 34 38 4825 2 5N0 2 4102135411699999999999999 725 432059 3499999999999999
 61 73 82 86 84 76 67 59 57 60 69 81 93103109110106 97 85 71 57 47 40 3925 2 6N0 311 86144311099999999999999 756 572244 3999999999999999
 43 50 59 67 73 77 76 74 71 69 71 75 82 90 97102105105101 93 81 67 53 4225 2 7N0 523 77163110699999999999999 859 69999999999999999999999
 35 34 38 47 57 69 78 83 84 82 78 74 73 75 81 89 98105109109103 90 73 5525 2 8N0 744 85182811099999999999999 041 341151 7299999999999999
 38 27 23 28 39 55 71 86 95 96 89 78 68 63 64 71 84 97109117119113 97 7425 2 9N0 837 96194711999999999999999 157 231323 6399999999999999
 50 30 17 14 22 39 60 81 98107103 89 71 57 51 53 65 83102117126128119 9625 210N0 913107204412999999999999999 247 131416 5099999999999999
 68 41 19  7  8 23 46 71 94111115103 81 59 44 39 45 64 8810912513413411825 211N0 946116212913699999999999999 327  61458 3999999999999999
 89 56 29  9  1 10 32 59 86108122117 95 67 44 32 31 44 69 9611713214013325 212N0101712222 614099999999999999 4 0  11535 2999999999999999
108 74 42 17  3  3 20 48 77102121125110 80 51 32 23 29 49 7910512413713925 213N01045126223914099999999999999 430  016 8 2399999999999999
123 92 57 29 10  3 13 38 68 95116127120 95 63 37 23 21 33 60 8911312913725 214N0111012723 813799999999999999 457  31640 2099999999999999
130106 72 42 20  8 12 31 61 89110124125106 76 46 27 19 24 43 72 9811712925 215N01132127233413199999999999999 519  817 9 1999999999999999
129114 86 55 31 17 15 29 54 83106121125114 88 58 35 23 21 32 55 8210311725 216N01149125235912399999999999999 538 141738 2099999999999999
123116 94 67 42 27 22 30 50 77101117124118 98 71 46 30 24 28 44 66 8810425 217N012 4124999999999999999999999 555 2218 7 2499999999999999
112111 98 76 54 37 30 34 49 72 95112121119105 83 59 41 31 30 38 54 73 8925 218N0 025113121912199999999999999 612 301838 2999999999999999
 99102 96 82 64 48 40 40 50 67 88105116117109 92 72 54 42 36 39 48 61 7525 219N0 052102123911899999999999999 630 391912 3699999999999999
 84 90 89 82 71 59 51 49 54 65 80 96107112109 99 84 68 55 47 44 47 54 6225 220N0 124 9013 611299999999999999 649 491957 4499999999999999
 70 76 78 77 73 67 62 59 61 66 75 86 96103105101 93 82 70 60 54 52 52 5425 221N0 2 9 78134910599999999999999 7 9 592128 5199999999999999
 58 62 65 67 69 70 70 70 70 71 73 77 84 90 96 98 98 94 86 77 68 61 55 5025 222N0 524 711523 9899999999999999 720 70999999999999999999999
 48 48 50 54 61 68 75 79 81 80 77 73 72 76 82 89 96101101 95 86 76 64 5225 223N0 8 8 81172810199999999999999 019 481143 7299999999999999
 42 37 36 40 48 61 74 85 91 92 85 75 65 62 65 74 87100109111107 96 80 6125 224N0 831 92184711299999999999999 144 3613 1 6299999999999999
 43 30 24 24 33 49 68 85 99104 98 82 65 52 48 55 70 91109121124118102 7825 225N0 858104195212599999999999999 226 231352 4899999999999999
 52 30 16 11 17 33 56 80100113112 96 72 50 37 35 47 71 9812113413712710325 226N0 928115204813899999999999999 3 1 111437 3499999999999999
 70 39 17  4  3 17 42 70 96117125114 87 56 33 22 25 45 7610813114514713025 227N0 958125213614899999999999999 334  21519 2199999999999999
 96 58 27  6 -4  3 27 58 88114131130107 71 39 18 10 19 47 8311614015315025 228N01028133222115499999999999999 4 6 -416 1 1099999999999999
124 84 45 17  0 -3 14 45 79107129139126 92 54 24  6  2 19 53 9012114415425 3 1N0105813923 315499999999999999 438 -41643  299999999999999
143110 69 35 12  2  9 34 68 99123139138114 76 40 14  0  2 25 60 9512314225 3 2N01127141234314799999999999999 5 9  11724 -199999999999999
146128 93 56 29 14 12 29 59 91116134140128 98 61 31 10  1  9 34 66 9511825 3 3N01154140999999999999999999999 537 1118 6  199999999999999
132130108 76 48 31 24 31 53 83108126136133113 83 53 29 13  9 20 43 69 9225 3 4N0 022134121913699999999999999 6 2 241849  999999999999999
109116109 88 65 47 38 39 53 76100117127129120100 75 52 34 23 21 32 49 6725 3 5N0 1 2116124112999999999999999 624 371937 2199999999999999
 83 94 97 89 75 61 52 50 57 72 90106116120117107 92 74 58 44 36 34 40 5025 3 6N0 146 9713 412099999999999999 645 502041 3499999999999999
 61 71 78 80 77 71 65 63 64 71 82 94103108108106100 91 80 68 57 48 43 4325 3 7N0 252 80134310999999999999999 7 7 632233 4299999999999999
 46 52 58 65 70 73 75 74 74 76 78 83 88 92 95 98 99100 97 90 80 68 55 4525 3 8N016341009999999999999999999999999999999999999999999999999
 40 38 42 49 59 69 79 84 86 84 80 76 74 75 78 84 92100105106102 90 73 5625 3 9N0 755 86184410799999999999999 047 381212 7499999999999999
 41 32 29 34 46 61 77 90 97 96 87 75 65 60 60 66 79 93106114117110 93 7125 310N0 822 98195111799999999999999 153 291331 5999999999999999
 49 32 22 22 32 51 71 90104109100 82 64 51 45 48 61 80 99114125126113 8925 311N0 851109203712799999999999999 232 201413 4599999999999999
 62 38 22 14 21 39 63 86106118114 95 70 49 36 32 42 63 8810812413312910825 312N0 919118211413499999999999999 3 4 141449 3299999999999999
 77 49 27 13 13 28 54 80103120125110 82 54 34 24 26 44 71 9811813313712325 313N0 946125214713799999999999999 332 111522 2399999999999999
 94 62 36 18 11 20 44 73 99119130123 97 65 38 22 17 27 52 8210812613713325 314N01010130221813899999999999999 358 101553 1799999999999999
110 77 47 25 14 16 36 66 94116130130111 79 47 26 14 16 35 64 9311613113525 315N01032133224613699999999999999 421 131623 1399999999999999
121 92 60 35 20 17 31 59 89113129134121 92 59 33 17 12 22 47 7710312113125 316N01050134231213199999999999999 442 171652 1299999999999999
126103 73 46 29 22 30 53 83109127134127104 72 44 24 15 17 34 61 8810812225 317N011 5134233912599999999999999 5 1 221720 1499999999999999
124110 84 58 39 29 32 49 76104123133130113 85 56 34 21 18 27 48 73 9410925 318N01120133999999999999999999999 520 291748 1899999999999999
116110 92 69 49 38 36 47 70 96117129130119 96 69 47 32 24 27 40 60 80 9525 319N0 0 5116113613199999999999999 540 361816 2499999999999999
104104 94 77 60 48 44 49 65 87108122126120104 82 60 44 34 32 38 52 68 8125 320N0 032106115612699999999999999 559 441847 3299999999999999
 91 94 91 80 68 58 53 54 63 79 97111118117108 93 75 59 47 41 42 48 58 6925 321N0 1 1 94122211999999999999999 620 521926 4199999999999999
 77 81 82 79 73 67 63 62 66 75 86 98107110107 99 88 75 63 55 50 50 53 5825 322N0 140 8213 111099999999999999 641 622036 4999999999999999
 63 68 70 72 73 73 73 72 73 75 79 85 92 97100100 97 91 82 72 63 56 52 5025 323N0 435 74142710099999999999999 7 6 7223 6 5099999999999999
 51 54 57 62 69 75 81 83 83 80 77 75 76 81 87 94 99102100 93 82 70 58 4825 324N0 724 8317 21029999999999999911 7 75999999999999999999999
 42 40 42 49 60 73 84 93 95 91 81 70 63 62 68 79 93105112112105 91 72 5325 325N0 752 95183011399999999999999 058 401237 6299999999999999
 39 30 28 34 47 65 84 99107105 92 73 56 47 46 56 75 98115125127117 95 6825 326N0 821108193812799999999999999 147 281332 4599999999999999
 44 27 19 20 33 55 79100116121109 85 58 39 29 32 49 77105127139139123 9325 327N0 850121203314199999999999999 224 181419 2899999999999999
 60 33 17 11 19 41 70 96118132128105 71 41 21 13 21 47 8211413715014712225 328N0 921133212215199999999999999 259 1115 3 1399999999999999
 85 50 25 10 10 27 58 89116136143128 93 54 24  5  1 16 50 8812014415614625 329N0 95214322 615699999999999999 333  81546  099999999999999
114 74 41 20 10 18 45 80110133148145118 77 39 11 -5 -5 18 56 9312414615325 330N01023150224915499999999999999 4 6 101629 -799999999999999
136100 63 36 20 18 35 68102128146152138103 62 29  4 -8 -2 26 62 9612414225 331N01052152233014599999999999999 438 171712 -999999999999999
142119 85 55 35 27 33 58 91119139150146124 88 53 24  4 -3  8 36 67 9611925 4 1N01120151999999999999999999999 5 8 261755 -399999999999999
130124101 73 52 40 39 53 80108129141144133109 78 49 26 11  9 22 45 70 9225 4 2N0 010131114614599999999999999 535 381839  899999999999999
108114104 86 67 54 49 55 73 96117130135132118 97 74 52 34 24 24 35 52 6925 4 3N0 052114121013599999999999999 6 0 491928 2299999999999999
 85 95 96 89 77 66 60 60 70 86103115122122117106 92 76 60 46 38 38 44 5425 4 4N0 139 97123612399999999999999 626 592033 3799999999999999
 65 75 81 83 81 76 71 69 72 79 90 99105108108106101 93 83 70 58 50 46 4725 4 5N0 254 83132810999999999999999 659 692215 4699999999999999
 52 58 66 73 79 81 81 80 78 79 81 84 88 91 95 98101102 99 91 80 67 56 4825 4 6N0 529 82164910299999999999999 827 78999999999999999999999
 45 47 52 62 72 82 89 91 89 84 78 74 72 73 78 85 94103108107100 86 69 5525 4 7N0 7 0 91182610899999999999999 0 9 4512 8 7299999999999999
 44 39 41 50 64 79 92100102 94 82 70 61 57 59 68 83 97109116115104 85 6525 4 8N0 738102192511799999999999999 114 391313 5799999999999999
 48 37 34 40 55 74 91105113108 93 74 57 47 43 50 66 86104117124119102 7825 4 9N0 8 9113201012499999999999999 153 341352 4399999999999999
 56 40 31 32 46 67 89107119121107 84 60 43 33 34 48 71 94113126130118 9425 410N0 837122204713099999999999999 224 301427 3299999999999999
 67 46 32 28 37 59 84106122129121 98 70 46 30 23 31 53 8010412213313011025 411N0 9 3129212013499999999999999 251 2715 0 2399999999999999
 82 56 37 28 31 50 78103122133132113 83 54 32 19 19 35 62 9011313013512325 412N0 926135215213599999999999999 316 271532 1799999999999999
 97 68 46 32 30 43 70 98120135138126 98 65 39 22 14 22 45 7410012113413125 413N0 946139222213599999999999999 341 2916 3 1499999999999999
111 82 57 39 32 39 62 91117134141135111 79 50 28 15 15 30 57 8510912613225 414N010 5141225113299999999999999 4 4 321633 1399999999999999
120 95 69 49 37 38 54 83111131142140123 93 63 38 22 15 22 43 70 9411412625 415N01023143232112799999999999999 428 3517 2 1599999999999999
123105 81 59 45 40 50 73102125139141130106 76 51 32 21 21 34 56 8010011525 416N01043142235011999999999999999 453 401732 1999999999999999
119110 90 70 54 46 49 66 91116133139134116 90 65 44 31 25 31 47 67 8610125 417N011 5139999999999999999999999 517 4618 2 2599999999999999
110108 96 79 64 55 53 62 81104123132132122102 79 59 43 34 34 42 57 73 8725 418N0 021110113013499999999999999 543 521835 3399999999999999
 97100 96 85 74 64 59 62 74 92109122126122110 93 75 59 47 41 43 51 62 7425 419N0 05610012 112699999999999999 610 591918 4199999999999999
 83 89 90 87 81 74 69 67 72 82 95107115116112103 91 77 63 53 48 49 54 6225 420N0 146 90124811799999999999999 647 672022 4899999999999999
 70 76 81 84 85 83 80 76 75 77 82 90 98105108108103 95 83 71 60 52 50 5225 421N0 351 85142610899999999999999 758 7522 3 5099999999999999
 56 63 70 78 85 90 91 89 83 78 74 75 79 86 95103109109104 93 78 64 52 4625 422N0 548 911637110999999999999991024 742339 4599999999999999
 45 49 57 69 81 93101103 97 86 73 64 61 64 74 89104115119115103 84 64 4825 423N0 64610318 21199999999999999912 1 61999999999999999999999
 40 38 44 57 74 92106115114102 82 62 49 44 48 64 87108124131127111 86 6025 424N0 726116191213199999999999999 045 3813 3 4499999999999999
 43 33 33 43 64 87108123129122100 71 47 31 26 35 58 88114133141136114 8325 425N0 8 2129201114299999999999999 134 321354 2699999999999999
 55 37 29 32 50 78104125139140123 91 57 31 15 12 27 57 9111914014914011125 426N0 83714221 214999999999999999 216 281442 1199999999999999
 77 51 34 29 39 64 96122141152145118 79 43 17  2  2 24 59 9412314515213625 427N0 911152215015299999999999999 255 281529  099999999999999
104 71 47 34 34 51 83115138154158142107 67 33  8 -5  0 27 63 9612514514725 428N0 946159223514999999999999999 332 321614 -699999999999999
126 94 66 46 37 44 69102130149160156133 96 58 27  4 -5  6 34 67 9812514025 429N01019161231814199999999999999 4 8 3717 0 -599999999999999
136113 85 62 48 45 59 87117139153158147121 86 54 27  7  2 16 42 71 9812025 430N01052158999999999999999999999 442 441745  299999999999999
130121101 78 61 52 56 74101125141150148134110 81 54 30 16 15 29 51 75 9725 5 1N0 0 2130112415199999999999999 514 511832 1499999999999999
112116107 91 74 62 59 68 87109126136140135122102 79 57 38 28 30 41 58 7725 5 2N0 047117115714099999999999999 546 591922 2799999999999999
 92103104 97 85 73 66 68 78 93109120126127122113 99 81 63 48 41 42 50 6325 5 3N0 139105124012799999999999999 622 662021 4099999999999999
 76 87 95 97 93 85 77 73 75 82 92102109113114113108 98 84 70 58 51 50 5525 5 4N0 248 97141311499999999999999 7 8 732135 5099999999999999
 64 74 84 91 95 94 88 82 79 78 80 85 91 96101106109108101 89 75 64 56 5425 5 5N0 414 95161511099999999999999 840 782254 5499999999999999
 57 64 74 84 94 99100 95 88 80 75 73 74 78 85 95104110110104 92 78 65 5625 5 6N0 5311001736111999999999999991110 73999999999999999999999
 53 56 65 77 91102108108101 89 77 67 62 62 68 80 94106114115108 93 77 6225 5 7N0 629109184011599999999999999 0 1 531231 6199999999999999
 54 51 57 69 86101112118114102 85 68 56 50 51 62 79 97111119119109 90 7225 5 8N0 710118193112099999999999999 050 511319 4999999999999999
 58 50 51 61 79 99114124126117 97 75 56 44 39 46 63 84103118125122106 8425 5 9N0 742126201312699999999999999 128 491358 3999999999999999
 65 53 48 54 71 93113127134129112 87 63 44 33 33 45 67 9111112513012010025 510N0 8 9134205113099999999999999 2 0 481434 3199999999999999
 77 59 49 49 62 85110128138139126102 74 50 34 26 31 50 75 9911913113011425 511N0 834140212713399999999999999 231 4715 8 2699999999999999
 91 69 54 48 55 76102125140145138117 88 61 40 26 23 35 59 8410812613412625 512N0 85814522 113499999999999999 3 1 481542 2299999999999999
105 82 62 50 50 66 92119138148146130103 74 50 31 22 26 44 69 9411513013125 513N0 923149223413399999999999999 331 491615 2199999999999999
117 95 73 57 50 58 80108132146150141118 89 63 41 27 23 33 54 7910112012925 514N0 94915023 812999999999999999 4 1 501647 2299999999999999
124106 85 66 54 54 70 96122141149146130105 77 54 36 26 29 43 65 8710712125 515N01017150234212499999999999999 431 531720 2599999999999999
124113 95 77 62 56 63 83109130144147138118 93 69 49 35 30 37 54 74 9310825 516N01046147999999999999999999999 5 1 561754 3099999999999999
117115103 87 72 62 61 73 94117133141140128108 85 64 47 37 37 46 62 79 9525 517N0 019117112014299999999999999 533 601831 3599999999999999
106110107 96 83 71 65 69 82101119131135131119102 82 62 48 41 44 54 67 8225 518N0 1 111012 213599999999999999 6 8 651914 4199999999999999
 94102105102 93 82 73 70 75 86101115124127124115100 82 64 52 46 49 58 7025 519N0 15710513 012799999999999999 654 7020 9 4699999999999999
 82 92100103101 95 85 77 74 76 84 95106116121121114102 85 68 56 51 52 5925 520N0 312103143112199999999999999 8 5 742117 5099999999999999
 70 81 92101106106100 90 80 73 71 75 84 96108117121118107 91 73 60 53 5325 521N0 42710716 612199999999999999 946 712229 5299999999999999
 59 70 83 97108115115107 93 78 66 61 62 71 85102116124124115 97 78 62 5325 522N0 5301161729125999999999999991118 612337 5299999999999999
 52 59 72 89106119126125113 93 72 55 47 47 57 77 99118129131122103 80 6225 523N0 6211271844132999999999999991230 46999999999999999999999
 53 52 60 78100120133139134116 89 62 43 32 32 47 71 98120134138128105 8025 524N0 7 7139194913999999999999999 038 521329 3199999999999999
 62 53 53 65 88114134146150140114 82 52 31 19 21 40 69 9812213914313010525 525N0 750150204614499999999999999 131 521423 1899999999999999
 80 62 53 56 74101128146157158141110 74 44 21  9 15 37 68 9812414214512825 526N0 832159213714699999999999999 218 531514  999999999999999
102 78 61 54 62 85114139156164160138104 68 38 15  5 14 39 7010012714314225 527N0 913165222614599999999999999 3 2 5416 3  599999999999999
123 97 74 60 57 70 96125147161166157132 98 64 35 13  7 19 44 7410312714025 528N0 955166231214099999999999999 343 561651  699999999999999
135115 91 71 59 62 79106132151161162150124 93 61 34 16 14 28 52 8010612625 529N01036163235813499999999999999 422 581738 1299999999999999
134125106 84 68 61 68 88113135149156154141117 88 60 36 23 25 39 62 8610825 530N01119157999999999999999999999 5 0 611824 2299999999999999
123126116 97 79 67 65 76 95116133143147143131109 84 60 41 33 37 52 72 9225 531N0 04312712 414799999999999999 537 641910 3399999999999999
108118118108 91 76 69 71 82 98114127134136133121103 81 62 49 44 50 63 8025 6 1N0 129120125813699999999999999 617 681956 4499999999999999
 96108115113102 89 77 73 76 85 97109118123126124114 98 80 65 56 55 61 7225 6 2N0 21711514 512699999999999999 7 6 732043 5499999999999999
 86 99108113110101 90 81 77 78 83 92100108114118117109 96 81 70 63 62 6825 6 3N0 3 9113151811899999999999999 817 772134 6299999999999999
 79 91102111114111103 93 84 78 76 78 84 91100108113113107 96 84 73 67 6725 6 4N0 4 4114163011499999999999999 957 762230 6799999999999999
 73 83 95107115119115107 95 84 75 70 70 75 84 95106112114108 98 86 75 7025 6 5N0 4591191741114999999999999991131 692328 6999999999999999
 70 76 88102114123125120109 95 80 69 62 61 67 79 94106115117111100 86 7525 6 6N0 5501251847117999999999999991237 61999999999999999999999
 70 71 79 94110124131131124109 90 73 60 53 54 63 79 96110120121114100 8525 6 7N0 632132194012299999999999999 021 691326 5299999999999999
 74 69 72 85103121134139136123104 83 64 51 45 49 63 82101116126125114 9825 6 8N0 7 9139202612799999999999999 1 8 6914 8 4599999999999999
 82 70 67 75 93114132143145137119 96 74 55 43 39 48 66 8710712413112611225 6 9N0 74314621 713199999999999999 149 671447 3999999999999999
 93 77 67 67 81103126143151148134112 87 64 46 36 37 51 71 9411513013412425 610N0 817151214613499999999999999 227 661524 3599999999999999
107 87 71 64 70 90115137151155147128103 77 55 39 32 39 56 7910212213413325 611N0 851155222513599999999999999 3 4 6416 0 3299999999999999
119 99 79 66 64 77101126146157156143120 93 68 47 34 32 44 64 8711012713525 612N0 92715823 213599999999999999 339 631636 3199999999999999
128111 90 72 63 67 85111136152159153136111 84 59 41 32 36 51 73 9511613025 613N010 4159234113399999999999999 413 621712 3299999999999999
132122102 82 67 63 73 95121142154157148128102 75 52 38 34 42 60 8210312025 614N01043157999999999999999999999 448 631748 3499999999999999
129127113 94 76 65 67 80103126144153152141120 93 68 48 38 39 51 70 9010825 615N0 020130112515499999999999999 525 641825 3799999999999999
122127121106 88 73 67 71 86107128142148146133112 87 64 48 42 46 60 79 9725 616N0 1 0127121414899999999999999 6 5 6719 3 4299999999999999
112122124116101 85 73 69 75 89107124136142139127107 83 63 51 48 55 70 8725 617N0 143125131214299999999999999 654 691946 4899999999999999
103116123123114100 84 74 70 75 86102117129135133123104 83 66 57 56 64 7825 618N0 230124142013599999999999999 756 702034 5599999999999999
 94108120126125116101 86 74 69 71 80 93108121129129121105 87 72 64 64 7125 619N0 322126153413099999999999999 914 692129 6399999999999999
 84 99114125131129120104 87 73 64 63 69 82 98113124127122109 93 79 71 7025 620N0 4191311656127999999999999991040 632233 7099999999999999
 77 89105121133138136126108 87 69 57 53 57 70 89107120128126115 99 85 7625 621N0 51713918211289999999999999912 2 532346 7499999999999999
 74 80 93111129141147145132110 85 64 49 42 45 60 82102120131132121105 8925 622N0 6151471936133999999999999991311 41999999999999999999999
 79 75 81 97118137150156152137111 83 59 40 32 36 53 7710112113513712610725 623N0 711156203913899999999999999 054 751412 3199999999999999
 90 78 74 82101125145158163158139111 80 53 33 24 30 50 7610212514014112725 624N0 8 4163213414399999999999999 152 7415 7 2499999999999999
107 87 74 72 83106131151164168161140109 77 48 27 20 29 51 7910613014414225 625N0 856168222314599999999999999 242 711558 2099999999999999
125102 81 70 70 86111136156167170161137105 72 44 25 20 32 57 8511313514625 626N0 94717123 814699999999999999 327 681646 2099999999999999
139118 94 75 66 71 90116140158168169157131 99 67 41 25 26 42 67 9512013825 627N01037169234914499999999999999 4 9 661730 2399999999999999
144132109 85 69 65 74 95121142157164163148122 90 61 40 31 36 55 8010512625 628N01124165999999999999999999999 449 6518 9 3099999999999999
139138122 98 78 67 67 79101124141153157153136110 82 58 43 40 50 71 9411525 629N0 02714112 715899999999999999 528 651845 4099999999999999
130137130111 90 74 68 72 85105124137146148141123 98 75 59 50 53 67 8610625 630N0 1 2137124814899999999999999 6 7 681917 5099999999999999
122132132121103 85 74 71 77 90106121131137136127110 90 73 63 60 67 82 9925 7 1N0 134133133013799999999999999 650 711946 6099999999999999
115126131127115 99 85 77 76 81 92104115123127125117102 87 75 70 71 80 9425 7 2N0 2 7131141712799999999999999 741 752019 6999999999999999
108120128130124112 98 87 80 79 82 90 99107115118117110 99 88 81 78 81 8925 7 3N0 244130151711999999999999999 849 7821 0 7899999999999999
101114124129129123112100 89 82 79 80 84 92100108113113109101 93 87 84 8725 7 4N0 3301301636114999999999999991017 792159 8499999999999999
 95105117127132132125115102 91 81 76 74 77 85 94104111114112106 98 92 8825 7 5N0 42613318 4114999999999999991148 742316 8899999999999999
 89 96108120131136136129117103 89 78 70 67 71 79 91104114119117111102 9325 7 6N0 5251371917119999999999999991256 67999999999999999999999
 88 89 97110125137143141132118102 85 71 62 60 65 77 9210712012512311510325 7 7N0 618143201312599999999999999 024 871347 6099999999999999
 91 84 86 98114131144149146134117 98 79 63 54 54 62 77 9611412713212711525 7 8N0 7 514921 013299999999999999 117 841432 5399999999999999
 99 85 79 85100121140152156149134113 91 70 54 47 50 62 8110312213413712725 7 9N0 749156214113799999999999999 2 2 791513 4699999999999999
110 91 78 75 85106129149160160150131107 82 60 45 41 49 66 8811113014113825 710N0 833161221914199999999999999 243 741551 4199999999999999
123102 82 71 73 89113138157166163150126 98 71 50 38 39 52 73 9812113814425 711N0 918166225614499999999999999 322 701627 3799999999999999
136115 91 73 66 74 94122147163169164146118 87 60 42 35 41 60 8410913014425 712N010 3169233114699999999999999 4 0 6617 2 3599999999999999
144129104 81 66 64 77101130153166170161138106 75 51 38 36 49 71 9712013825 713N01049170999999999999999999999 438 631736 3599999999999999
146140119 93 73 63 65 82108135155166167154127 95 66 47 39 44 61 8611012925 714N0 0 6146113416899999999999999 518 6218 9 3999999999999999
143145132108 84 68 62 68 87113137154162160144116 85 62 48 46 56 7710112125 715N0 039146122016399999999999999 6 1 621841 4599999999999999
137145140124100 80 67 64 72 90113134148154150132106 81 63 55 58 72 9311425 716N0 11214513 815499999999999999 648 631914 5499999999999999
130141144135117 96 78 68 66 74 90110127139144138122101 81 69 65 72 8710525 717N0 14614414 014499999999999999 742 651950 6599999999999999
123136143142132115 96 80 70 68 74 86102117128132128116101 86 78 78 85 9825 718N0 22514315 413299999999999999 848 672033 7799999999999999
114128138143142132117100 84 73 68 70 78 91105116123123116105 95 89 89 9425 719N0 3151441631123999999999999991012 682134 8899999999999999
104117130140145144137123105 88 74 65 63 68 80 94107117122121113104 97 9425 720N0 4231451816122999999999999991147 6323 7 9499999999999999
 96104117130141148150144130111 91 73 60 54 58 69 8510211712612812211210125 721N0 54315019431289999999999999913 7 54999999999999999999999
 94 94100114130145154157152138116 92 70 53 45 48 62 8110212113413712911425 722N0 655157204613799999999999999 036 931412 4599999999999999
 99 89 87 95112132149161165160144118 90 64 45 37 42 59 8310712914314413125 723N0 8 1165213414599999999999999 141 8715 7 3799999999999999
110 91 80 80 91112136155167172165146116 83 56 38 32 41 63 9011613815014625 724N0 9 0172221615199999999999999 233 781553 3299999999999999
127101 81 72 74 90115141160172176166141108 75 49 33 32 47 7410212814815425 725N0 952176225315599999999999999 319 711634 3099999999999999
142116 90 72 65 72 93121146163174175161131 96 66 44 33 39 60 8911613915425 726N01037176232615699999999999999 4 0 651710 3399999999999999
152132103 79 65 63 75100127149164172168148116 84 58 43 40 53 7910612914725 727N01116173235615499999999999999 439 621741 3999999999999999
154144118 90 71 62 66 82108132150162165155131100 74 55 47 53 73 9812214025 728N01150166999999999999999999999 515 6218 8 4799999999999999
151148130104 81 67 64 72 91114135148156154138113 88 69 58 58 71 9311613425 729N0 022152122115699999999999999 550 641830 5799999999999999
146148138117 94 77 68 69 80 99118133142145138121100 81 69 66 73 9011112925 730N0 044149125114599999999999999 625 681850 6699999999999999
141146142127107 89 77 73 76 87103117128134133124109 93 81 76 78 8910612325 731N0 1 4146132513499999999999999 7 4 731911 7699999999999999
136143142134119102 89 81 78 82 91103113120123121113103 93 86 86 9110211625 8 1N0 12814414 912399999999999999 751 781939 8599999999999999
128137141138129116103 92 86 83 86 91 98105111114113109103 98 95 9610010825 8 2N0 2 2141152311499999999999999 859 832021 9599999999999999
119128135138135128117106 97 90 86 85 87 91 9710210811111110910610310210325 8 3N0 2591381733111999999999999991050 8522 510299999999999999
109117126133137136131121111101 91 84 79 79 83 89 9810711411711711410810325 8 4N0 4241371920118999999999999991231 79235210199999999999999
101105113124133140142136127115102 89 77 71 71 75 85 9811112112612511810825 8 5N0 5421422017126999999999999991337 70999999999999999999999
 98 94 99110124138147149143132116 98 81 68 62 62 71 8510312013113513011725 8 6N0 642149205713599999999999999 056 941423 6199999999999999
101 89 86 94110129146156157150134114 90 70 57 52 57 71 9111213014114112925 8 7N0 736158213114399999999999999 145 8615 1 5299999999999999
109 90 78 79 92113137156166165154133106 79 58 46 45 56 7610112414215014325 8 8N0 82716722 415099999999999999 227 771536 4499999999999999
122 97 77 69 74 93120147166174171155126 94 66 47 39 44 62 8811413715315425 8 9N0 917174223615699999999999999 3 8 6916 9 3899999999999999
138110 83 66 62 72 97129156173180173150115 80 54 39 36 49 7510312915016025 810N010 418023 716099999999999999 348 611641 3699999999999999
152126 95 70 57 58 74104137162177181169139101 69 47 37 42 63 9212014315925 811N01049182233716299999999999999 429 561712 3799999999999999
161143112 82 61 52 58 79111142164177177158124 88 61 46 43 56 8211113615425 812N01131179999999999999999999999 510 521742 4399999999999999
163155130 99 73 57 52 61 86116142161171165142109 80 60 52 57 7610312914725 813N0 0 6163121217199999999999999 553 521811 5299999999999999
159160145118 90 69 57 55 67 91117138153158149126 99 78 66 64 75 9712114125 814N0 034161125515999999999999999 638 541838 6499999999999999
153158153135110 87 70 61 61 73 93113130141143133115 96 82 77 80 9411313225 815N0 1 1158134114399999999999999 727 6019 6 7799999999999999
146153153145128108 90 76 68 68 77 90105117126127121109 98 91 90 9610712225 816N0 131154144112799999999999999 828 671940 9099999999999999
135144148147140128113 97 84 75 73 76 84 9410411211611611110610210210511325 817N0 216149162511699999999999999 958 73203710299999999999999
122131138143144141133121107 93 80 73 70 74 82 9210311211811911611210810725 818N0 3491441846119999999999999991151 70225810799999999999999
109115123132140146147142132116 98 81 68 62 63 72 8510111512613012611710725 819N0 54514720 1130999999999999991318 62999999999999999999999
100 99104115128142151156153141121 98 76 60 52 55 67 8610612513714013111525 820N0 7 9156204414099999999999999 043 991416 5299999999999999
 99 89 87 94110129147159165162146120 92 67 50 44 51 70 9411713714914612925 821N0 813166212115099999999999999 144 8715 0 4499999999999999
106 86 76 76 88110134154167173167144112 81 57 42 41 55 8010713115015714525 822N0 9 3173215415799999999999999 231 741537 3999999999999999
119 92 73 65 69 88115141161174177164134 99 70 49 39 45 67 9612214516015825 823N0 945177222516299999999999999 312 6516 9 3899999999999999
136105 78 62 58 69 94124148166177174152118 85 60 44 42 58 8611413815716325 824N01022178225216399999999999999 350 581638 4199999999999999
150120 89 67 56 57 75103132153168174163135101 73 54 47 54 7810713215216225 825N01055174231616399999999999999 424 5517 3 4799999999999999
158135103 76 60 54 62 85114138156166164145115 86 66 55 57 7410112714715925 826N01124167233516199999999999999 457 541724 5499999999999999
160145117 88 68 58 58 72 96122141154158148125 98 77 65 62 73 9612214315625 827N01151158235015999999999999999 528 561742 6299999999999999
159150128101 79 65 60 66 84106126140147145130109 88 75 70 76 9311613715125 828N01218148999999999999999999999 559 6018 0 7099999999999999
157152136113 91 76 67 67 77 93111125134136130115 98 86 79 81 9211013014525 829N0 0 4157124713799999999999999 631 661818 7999999999999999
152151141124104 88 78 74 76 86 99111120125124116106 96 89 88 9410612113525 830N0 023153132012599999999999999 7 8 741839 8899999999999999
144147142131117102 91 84 82 84 91 99106111113112109104 99 98 9910511412425 831N0 051147141411399999999999999 758 8219 3 9899999999999999
133138139135127116106 97 91 88 88 90 93 9710110410710810810810710811011425 9 1N0 135139172610899999999999999 937 88195010799999999999999
120126131133132128121112104 97 90 85 84 84 87 9210010811411711711511110725 9 2N0 31913319391179999999999999912 6 84232810799999999999999
107111118126132136135129120109 97 86 77 74 74 79 8910211512412712511710625 9 3N0 51813720 7127999999999999991323 73999999999999999999999
 98 97102112126138145145139126110 92 76 66 62 66 76 9311112613613612711125 9 4N0 629146203513799999999999999 041 9614 3 6299999999999999
 94 85 85 94111131148157156147129104 81 63 54 53 62 8110312414014714112125 9 5N0 72715721 414799999999999999 130 841436 5299999999999999
 98 80 71 75 91116141159168166151124 93 67 51 44 49 67 9211813915415413725 9 6N0 820169213315699999999999999 213 7115 7 4399999999999999
109 82 64 59 68 92124152170178172149114 80 55 41 39 53 7910913515516415425 9 7N0 9 917822 316499999999999999 254 591539 3899999999999999
126 92 65 51 49 66 97132160178184172140101 68 47 37 43 66 9812815116716825 9 8N0 954184223217099999999999999 335 481610 3799999999999999
146110 76 52 41 45 68104139165182184163126 88 60 44 41 56 8711914616517425 9 9N0103718523 117499999999999999 417 401641 4099999999999999
163132 94 63 43 36 46 75111142165179174148111 78 58 48 54 7711013915917225 910N01118180232917499999999999999 459 361711 4899999999999999
171151116 82 56 41 38 53 82114141160169158130 99 75 62 60 7410113015216625 911N01159169235417199999999999999 542 371738 5999999999999999
171161136104 76 56 44 45 62 88114135150152139115 92 77 71 77 9512014315725 912N01240153999999999999999999999 626 4318 4 7199999999999999
164162148124 99 77 61 53 56 71 90109125134133122106 92 85 85 9411213114625 913N0 018165132613599999999999999 715 531830 8499999999999999
154156150137119101 84 71 65 67 76 88101111118118112104 98 95 9810712013225 914N0 045156143011899999999999999 817 6419 0 9599999999999999
140145144140133121109 95 83 75 73 75 82 90 9810510911110910710610811211825 915N0 129145165511199999999999999 955 7320 110699999999999999
124129133135137135129119106 92 81 73 70 73 79 8910011011711911811310910625 916N0 4 113719 3119999999999999991159 70232310699999999999999
107110115123132139142140130114 96 79 67 62 64 73 8810411812813012411310225 917N0 6 61421947130999999999999991315 62999999999999999999999
 94 92 95105120135146152150137116 92 72 59 54 59 74 9511413114013812410525 918N0 716152202014199999999999999 056 9214 0 5499999999999999
 89 79 77 85102123141155161156137109 83 63 50 49 62 8410812914515114011625 919N0 8 7161205115199999999999999 144 761435 4899999999999999
 92 74 64 66 81105130150163167155129 98 72 53 45 52 73 9912414415715413225 920N0 848167212015899999999999999 223 6315 6 4599999999999999
102 76 60 53 61 84113138157169167147115 84 61 47 46 63 9011814115816214725 921N0 925170214716399999999999999 259 531534 4599999999999999
117 85 62 49 49 65 93123146163170159132 98 72 54 47 56 8111213715516515825 922N0 958170221016599999999999999 333 471559 4799999999999999
133 99 70 52 44 51 74105132152165164145113 84 63 53 55 7410413215216416325 923N01029167222916599999999999999 4 5 441621 5299999999999999
145113 81 59 46 45 59 86115138154161151126 97 74 61 58 71 9712614916216425 924N01058161224516599999999999999 436 431642 5799999999999999
153126 95 69 53 46 51 71 98123141152151134108 85 70 64 70 9111914315816325 925N01126153225916399999999999999 5 6 4617 2 6499999999999999
157136108 81 62 52 51 63 84107126139144136117 96 80 71 73 8711113515216025 926N01153144231516099999999999999 535 501723 7199999999999999
157143119 94 74 62 56 61 75 94112125133131120104 89 80 78 8610412514315325 927N01222133233615599999999999999 6 5 561744 7899999999999999
154145128106 87 74 66 65 72 85 99111119122118108 97 89 86 89 9911513214325 928N01254122999999999999999999999 639 6418 7 8699999999999999
147143133117101 88 78 73 74 80 89 98105110110107103 98 95 95 9910811912925 929N0 0 3147134111099999999999999 722 731831 9499999999999999
136137133124114103 93 85 81 80 83 88 92 9610010210410510410310410611011525 930N0 042137165810599999999999999 837 80192210399999999999999
121125127126123117109100 92 85 81 79 80 83 87 931011081121131121081041032510 1N0 21612718551139999999999999911 2 79225710399999999999999
105109115122127129126118107 95 84 75 71 70 74 82 94107118123123116105 952510 2N0 4531291925124999999999999991233 70999999999999999999999
 90 91 98110123134139137127112 93 76 65 60 61 70 85103119131135128113 942510 3N0 610139195413599999999999999 020 901318 5999999999999999
 80 74 77 90110131145152148134111 85 65 53 50 56 73 951171351451431271012510 4N0 710152202214699999999999999 111 741353 5099999999999999
 78 63 58 66 87115140157163157135104 75 54 44 44 59 841121351521571451172510 5N0 8 4163205215799999999999999 154 581427 4399999999999999
 85 60 45 44 59 89123150167173160130 94 64 46 39 47 711031311531661631392510 6N0 852173212316799999999999999 236 4315 1 3999999999999999
102 67 43 31 35 58 94129156174176156120 83 57 43 41 58 901241501671741602510 7N0 938178215317499999999999999 319 301535 4099999999999999
126 85 52 31 22 31 61100133159175172145107 75 54 45 52 771121431641761732510 8N01022177222317799999999999999 4 2 2216 8 4599999999999999
149110 71 43 24 19 35 68104134158170159130 96 71 56 54 69 991321561711762510 9N011 5170225217799999999999999 446 191640 5399999999999999
165134 97 64 39 24 24 44 75105132151157142115 89 71 63 68 89119145162171251010N01147157232017199999999999999 530 221710 6399999999999999
168151121 89 63 42 31 35 54 80104125139139125104 86 75 74 84106131149160251011N01230141234716299999999999999 616 301739 7399999999999999
162155137113 88 67 51 43 48 63 82100115124122112 99 88 83 86 98117134145251012N01320124999999999999999999999 7 6 431810 8399999999999999
149148141127111 93 76 63 57 59 68 81 93104110110106 99 94 92 96106117127251013N0 019150143411199999999999999 811 561849 9299999999999999
133135135131125114101 87 74 67 65 69 76 85 94102107108105102100101104109251014N0 119135164210899999999999999 946 65201410099999999999999
113118122126128127121110 96 82 71 66 66 71 79 91102111115114109103 97 95251015N0 4191281816115999999999999991130 652330 9499999999999999
 95 98104113123131133129117100 83 70 62 61 67 79 95110121125122111 98 87251016N0 55313319 4125999999999999991239 60999999999999999999999
 80 79 84 96111126137140134119 98 78 64 56 57 68 86106122133135125107 88251017N0 655140194013699999999999999 045 781322 5599999999999999
 73 65 65 76 95115132144146136114 90 70 56 52 59 77100120136144140121 95251018N0 743147201014599999999999999 128 641356 5299999999999999
 73 58 51 57 75100122140150148131105 79 61 51 52 68 92117136149151136109251019N0 824151203815299999999999999 2 5 511425 5099999999999999
 80 58 45 43 56 81108130147154145121 92 69 54 50 60 83111134150157149124251020N0 9 015421 215799999999999999 240 421452 5099999999999999
 93 65 46 36 41 61 90117138151152135107 80 61 52 55 74103130148159157138251021N0 934154212416099999999999999 313 361518 5199999999999999
107 76 52 37 33 46 71100125143152145122 94 71 57 54 67 94123145158161148251022N010 5152214216199999999999999 345 331543 5499999999999999
121 89 62 43 33 36 55 83110131146147132107 82 65 57 63 84114140156162155251023N0103614922 016299999999999999 417 3216 8 5799999999999999
133103 74 52 38 34 45 68 94117134143136117 94 75 63 63 77103131150160157251024N011 6143222016099999999999999 447 341633 6199999999999999
142116 87 64 47 38 41 57 80102120133134122103 85 71 66 73 93119141154156251025N01136135224315699999999999999 517 381659 6699999999999999
147126101 77 59 47 44 52 69 88106119126122109 93 80 72 73 86107128144150251026N012 812623 915099999999999999 548 441726 7299999999999999
147133112 91 72 59 51 53 63 78 93105114115110100 89 81 78 83 97115130140251027N01244116234014299999999999999 622 511755 7899999999999999
141134121104 87 72 62 58 61 70 81 92100105106102 96 90 85 85 92103115125251028N01336106999999999999999999999 7 4 581831 8599999999999999
131130124114101 88 76 67 64 66 72 80 87 94 98101101 99 95 92 91 95101109251029N0 025131153510199999999999999 8 4 641937 9199999999999999
116120121119114105 93 81 72 67 66 69 75 82 89 96103106106102 97 92 90 92251030N0 155121172310799999999999999 938 6622 2 9099999999999999
 97104111118121119112100 86 74 65 62 63 69 78 90102111116115107 96 86 79251031N0 4131211818117999999999999991110 622341 7899999999999999
 78 83 93107119128128121107 88 71 60 55 57 66 80 97113124128123108 89 722511 1N0 5361291857128999999999999991212 55999999999999999999999
 63 61 69 86107125137139130110 86 66 53 49 53 68 89111128139139126101 752511 2N0 643139193214199999999999999 041 6113 0 4999999999999999
 55 44 45 58 83111133146148136110 81 59 47 45 55 77105128145153146122 892511 3N0 74114920 615399999999999999 130 431343 4499999999999999
 59 38 27 31 52 84115139154155137106 75 54 44 46 64 931231451591621461132511 4N0 834157204016399999999999999 216 271423 4399999999999999
 75 44 23 14 23 51 87119144159156132 99 70 52 45 53 781111401591691651392511 5N0 923160211517099999999999999 3 2 1415 2 4599999999999999
100 62 32 12  7 22 53 89121146158150123 91 66 52 49 65 951281531681731602511 6N010 9159215017399999999999999 348  61540 4899999999999999
129 89 54 26  8  7 26 58 91121144152139112 85 64 54 58 801111401601701682511 7N01054152222517199999999999999 435  51616 5499999999999999
150117 81 50 25 10 13 34 63 93119138141126102 80 64 60 70 941231461591652511 8N0114014223 016599999999999999 521  91651 6099999999999999
158138109 78 50 29 18 24 43 68 93115128127113 94 77 67 68 821041271431522511 9N01227129233815499999999999999 6 9 181726 6699999999999999
153145127103 78 54 37 31 37 53 72 92108117115104 90 78 72 77 90108124135251110N01320117999999999999999999999 7 0 3118 4 7299999999999999
140139133119101 80 61 48 43 48 60 74 89101108107100 89 81 79 83 93105115251111N0 025140142510899999999999999 758 431852 7999999999999999
122125126124115101 84 69 58 53 56 64 75 86 97104105101 93 86 83 84 89 95251112N0 151126154310599999999999999 9 8 532014 8399999999999999
102108113118119114103 89 75 64 59 59 65 75 86 97106109106 98 90 84 80 80251113N0 3451191658109999999999999991023 582239 7999999999999999
 82 88 96105114118115106 92 78 66 60 60 66 77 90103113116112103 90 79 71251114N0 5 91181758116999999999999991131 59999999999999999999999
 67 69 77 89103114120118108 92 77 65 59 60 68 83 99113122124117102 85 69251115N0 616120184312499999999999999 010 671223 5899999999999999
 58 54 58 71 88105118124121107 89 72 61 56 60 74 93111125132130117 96 74251116N0 711124191913399999999999999 1 2 5413 4 5699999999999999
 57 46 44 53 71 92110123128121104 83 67 57 55 65 85107125136139131110 85251117N0 757128194914099999999999999 143 431339 5599999999999999
 62 45 35 38 53 76 98117129130118 97 76 61 54 58 75 99122137145141125 99251118N0 836132201514599999999999999 220 351411 5399999999999999
 71 49 34 28 37 58 83106124134129112 89 69 56 54 65 88115135147148137113251119N0 913134203914999999999999999 254 281442 5399999999999999
 85 58 38 26 27 42 66 91114130134123102 80 62 53 58 77104129145152146127251120N0 94813521 415299999999999999 328 251513 5399999999999999
 99 71 47 30 23 30 50 75100120132130114 92 71 57 54 66 91119140151151138251121N01022133213015399999999999999 4 1 231544 5499999999999999
114 85 59 39 26 25 38 60 84107124130121103 82 64 55 59 78105130146152145251122N01055130215815299999999999999 434 231614 5599999999999999
126100 73 50 33 26 31 48 70 92111123123111 92 74 60 57 68 91117137147147251123N01129125222814899999999999999 5 6 261644 5799999999999999
135113 87 64 44 32 30 40 58 78 97112118113100 83 68 60 63 79101123138143251124N012 411823 114399999999999999 538 291716 6099999999999999
138123101 78 57 42 34 37 50 67 84 99109111104 92 78 67 64 71 87107124133251125N01244111233913599999999999999 613 341749 6499999999999999
135128113 93 73 54 42 39 45 57 72 87 98104105 99 88 77 69 69 77 91106119251126N01332105999999999999999999999 651 391831 6899999999999999
126126119106 89 70 55 46 45 51 62 75 87 96101102 97 88 79 73 73 78 89100251127N0 030126143710299999999999999 738 441931 7299999999999999
110117118114104 89 72 58 50 49 54 64 76 87 96102104100 92 82 74 71 73 80251128N0 147118154910499999999999999 837 4821 5 7199999999999999
 90100109114113106 92 76 62 53 51 56 65 76 89100108110106 96 83 71 64 63251129N0 325114165411199999999999999 946 512246 6299999999999999
 67 77 90103113116111 98 81 65 55 52 55 65 79 95109118120114 99 81 64 52251130N0 4531161748120999999999999991056 52999999999999999999999
 48 52 64 83101114121118104 85 67 55 51 55 67 86105121130131120 99 74 522512 1N0 612121183613299999999999999 0 3 4812 1 5199999999999999
 38 32 37 54 78100118127125110 87 67 55 50 56 72 96118134142140123 95 652512 2N0 721128192014399999999999999 1 5 321259 5099999999999999
 40 23 17 25 47 75101121133130112 87 66 53 50 59 81108131146153146123 892512 3N0 82013420 315399999999999999 159 171350 5099999999999999
 56 29 11  5 17 44 74102125137132111 85 64 52 50 64 911201421561591471192512 4N0 914138204615999999999999999 250  51437 4999999999999999
 83 48 21  2 -1 15 44 75104128138130107 81 61 50 52 721011301501611611442512 5N010 4138213016299999999999999 340 -21520 4999999999999999
113 77 43 15 -2 -1 17 47 78107129135124100 75 56 49 57 801101351531611572512 6N01051136221516199999999999999 429 -416 1 4999999999999999
138107 72 39 13  0  4 24 53 82109127129115 91 68 53 50 63 881151371501552512 7N0113813023 015599999999999999 517 -11641 5099999999999999
149130100 67 38 16  7 14 34 61 87109122120104 82 63 52 55 70 931161331432512 8N01223123234814699999999999999 6 3  71720 5299999999999999
146138120 92 63 38 22 17 27 46 70 91108116111 95 75 60 55 60 75 951131262512 9N013 8116999999999999999999999 648 1718 1 5599999999999999
132134126109 85 61 42 30 30 41 58 77 94106110103 88 72 62 59 65 77 92106251210N0 040134135211099999999999999 732 291848 5999999999999999
115120121114 99 80 61 47 40 43 53 68 83 96105106 99 86 73 65 63 67 75 86251211N0 140121144010699999999999999 816 401950 6399999999999999
 95103108110105 93 77 63 53 50 53 63 75 87 98104104 98 87 76 68 65 65 70251212N0 247110153110599999999999999 9 2 502121 6499999999999999
 77 85 92 99102 98 90 78 67 59 57 60 69 80 91101107106100 90 79 69 62 60251213N0 4 0102162810799999999999999 955 5723 8 6099999999999999
 61 67 75 85 93 98 97 90 80 70 63 61 64 72 84 96106111111104 92 79 66 56251214N0 520 981724112999999999999991056 61999999999999999999999
 51 52 58 69 81 92 99 99 93 83 72 65 62 65 75 89103113118116106 92 75 59251215N0 635100181311899999999999999 026 511159 6299999999999999
 48 41 43 52 67 82 95103104 96 84 72 63 60 66 79 96111121124119106 87 68251216N0 734105185412499999999999999 119 411253 6099999999999999
 50 38 33 37 51 68 86101109108 98 83 69 59 58 68 85105120129129120102 80251217N0 822110193113099999999999999 2 2 331337 5799999999999999
 58 40 28 26 35 53 73 93109115110 96 78 63 55 57 72 94115130135131117 95251218N0 9 311520 513699999999999999 241 261416 5499999999999999
 71 48 30 21 23 37 58 81102115118108 90 71 56 51 60 80104125137139129110251219N0 941118204014099999999999999 318 201452 5199999999999999
 85 60 37 22 17 25 43 66 90109120117102 81 61 49 50 65 90115133142139124251220N01017120211514299999999999999 353 171527 4899999999999999
101 74 48 28 16 17 30 51 75 98115120112 93 71 53 45 53 73100124139143135251221N01053120215114399999999999999 427 1516 1 4599999999999999
116 90 62 38 20 14 21 38 61 85105117117103 82 60 47 46 59 83109130141140251222N01127119222814299999999999999 459 141634 4499999999999999
128106 78 51 29 16 16 28 49 72 94110116110 93 71 53 45 49 67 92116132139251223N012 211623 713999999999999999 531 1517 8 4499999999999999
134119 94 66 41 24 17 23 39 60 82100111112101 82 62 49 46 55 74 97118130251224N01236113234913399999999999999 6 2 171745 4699999999999999
133126109 83 56 35 23 22 32 51 71 90103110107 93 75 58 49 49 60 78 99115251225N01312110999999999999999999999 635 211826 4899999999999999
124125117 99 74 51 34 27 30 43 62 81 96105108102 88 71 57 50 52 62 78 95251226N0 038126135010899999999999999 710 271918 5099999999999999
108116116108 91 70 50 37 34 40 54 71 87100107107100 86 70 58 51 52 59 72251227N0 135117143410899999999999999 750 342025 5099999999999999
 86 98106108102 88 70 54 44 43 50 63 78 92103109109101 88 72 58 50 48 52251228N0 243108152711099999999999999 838 432150 4899999999999999
 62 75 88 98102 99 89 75 61 53 52 57 68 82 96107113113106 92 75 58 46 40251229N0 4 7102163011499999999999999 938 512325 4099999999999999
 41 49 62 77 90 98100 94 82 69 61 58 61 70 85100113120121113 98 77 56 40251230N0 5441001737121999999999999991058 58999999999999999999999
 30 28 35 50 68 85 98104102 91 77 66 61 62 71 87105119128129121102 78 53251231N0 712105184113099999999999999 045 271223 6099999999999999
