 -3 -6 15 55108160200221219196160125100 91103132167198213209185143 92 4425 1 1NG 724223181921499999999999999 038 -81255 9199999999999999
  8 -9 -3 26 74128177211223211181143109 89 88108141177204214204174128 7725 1 2NG 8 022319 121499999999999999 116-101332 8699999999999999
 32  2 -7  8 45 96148191216219199164126 97 83 8911414918220420919416011425 1 3NG 836221194520999999999999999 153 -71411 8399999999999999
 67 28  6  6 28 70119166200215209183147112 88 80 9211815118019719918114825 1 4NG 912216203520099999999999999 231  31454 8099999999999999
105 63 33 20 27 54 95140178203209196167132101 82 79 9111614517118618616925 1 5NG 949210213118899999999999999 3 9 191542 7899999999999999
139103 69 48 42 54 82119156185201200182153121 94 78 76 8710813415717217325 1 6NG1026203223717499999999999999 349 421641 7599999999999999
161137109 85 70 69 82106136165186195190171144115 90 73 69 77 9411814115825 1 7NG11 7195235916499999999999999 435 681752 6999999999999999
164158143124106 96 96105124146168183188182164140112 86 67 58 62 7710012625 1 8NG1156188999999999999999999999 533 941912 5899999999999999
147160162156144130120116121132149166179184179164140111 81 57 44 44 59 8425 1 9NG 14516313 118499999999999999 6571162028 4299999999999999
114142163173174165150137128126133146162176183181167142109 74 45 27 26 4225 110NG 330175141818499999999999999 8401262134 2599999999999999
 71107143172189192181163144129124128141160177188188173144105 64 31 11 1125 111NG 44119215291909999999999999910 41232231  999999999999999
 30 66109152186205205190165140122115121138162184197195177142 96 51 16 -225 112NG 53120716261989999999999999911 31152322 -499999999999999
  1 26 69120167202217211188158129110105116140169193206201176134 84 38  325 113NG 6132181715206999999999999991148105999999999999999999999
-11 -2 32 82137184214222207177142113 97 98117147179203211200168121 69 2425 114NG 649222175721199999999999999 0 7-121226 9599999999999999
 -6-13  6 49104158200221218194158122 97 87 97124158190209211192154104 5425 115NG 722223183621299999999999999 047-141259 8799999999999999
 13 -8 -4 26 75130179211220206174135103 84 84102135169196209203177135 8625 116NG 753221191220999999999999999 122-101330 8199999999999999
 41  9  0 16 54105156195215211186150113 87 77 8611214517619720218815711525 117NG 820216194720299999999999999 153  014 1 7799999999999999
 70 34 15 18 44 87136178204210195164127 95 78 77 9312115217719018917013725 118NG 846211202319299999999999999 222 131432 7599999999999999
 98 61 37 30 45 77120161191205199175141108 84 75 8110112715317217917215125 119NG 91120521 317999999999999999 249 3015 6 7599999999999999
121 89 63 50 54 76109146177195197182155123 96 80 77 8610512714716116515625 120NG 937199214916599999999999999 316 501544 7699999999999999
137113 90 75 71 82104133162183191185165139112 91 80 79 8810312113714815125 121NG10 5191224915199999999999999 345 711634 7899999999999999
145131115101 93 95106126148168180182171152129107 90 81 79 85 9611012513625 122NG1037182999999999999999999999 420 931744 7999999999999999
142141134126118114116124137152166173172161145126107 91 79 74 76 84 9811425 123NG 018142112117399999999999999 5151141916 7499999999999999
129140145146143137131129131139149159166165158145128108 88 73 63 62 70 8625 124NG 239147122916699999999999999 7 41292037 6199999999999999
106127146158163160152141132129133142154163166162150130106 81 60 47 46 5625 125NG 4 716314 016699999999999999 8561292138 4599999999999999
 77105134159176181174158140126120124137153167175172157131 99 68 42 28 2925 126NG 45318115141759999999999999910 51202228 2799999999999999
 45 74111148178195195179155131114108117136159179188182161127 87 50 22  925 127NG 52919716 91889999999999999910531082312  999999999999999
 15 40 80126169199210201176144115 98 97113141172195202191161118 71 30  225 128NG 6 32101655202999999999999991133 952352 -699999999999999
 -6  9 45 95147191217219198163125 96 82 89116153188210213194155103 52 1025 129NG 6352211739215999999999999991210 82999999999999999999999
-13-13 13 60117171211228218186143103 76 70 88124167203222218190143 87 3425 130NG 7 8228182122499999999999999 030-171246 7099999999999999
 -4-19 -8 29 85144194225230207166119 81 61 64 92135180213227215180128 7125 131NG 74023119 422799999999999999 1 6-201322 5999999999999999
 22 -8-12 11 57116171212230221188141 95 62 51 64 9914518821622320516511225 2 1NG 811231194822399999999999999 141-141359 5199999999999999
 60 20  2  9 41 92146192220225204163116 75 50 47 6810715018821021118914925 2 2NG 841226203321399999999999999 214  11436 4699999999999999
101 58 30 24 41 78126171204219210181138 95 62 45 50 7411014918019619317125 2 3NG 9 9219212219799999999999999 246 231517 4499999999999999
136 98 67 52 56 79114152185205207190158119 83 57 47 54 7710814016517817525 2 4NG 938209221917999999999999999 318 5116 4 4799999999999999
157130105 87 82 91112140167188196191171141109 80 60 52 58 75 9912514615825 2 5NG10 7197233216099999999999999 351 8217 5 5299999999999999
159149135121113113121135153169180183175158134109 85 67 56 56 66 8410612725 2 6NG1044183999999999999999999999 4321121831 5599999999999999
142150152148143139137139145153161167169165154138118 95 73 56 49 53 67 8825 2 7NG 142152114816999999999999999 5581372011 4999999999999999
112134152163167165158150143140142147155161164161150129102 74 50 37 37 5025 2 8NG 4 416714 416499999999999999 9 91402131 3599999999999999
 75105137163181186180166149134126126134148163173175163138104 68 39 22 2125 2 9NG 45618715381759999999999999910291252231 1999999999999999
 38 70110150181199200185161136117108112128151173188189173140 98 56 24  725 210NG 53220216351919999999999999911121072319  699999999999999
 11 36 78126170201212203177145115 96 92104131162189203199175133 85 40  925 211NG 6 22121719204999999999999991145 912358 -299999999999999
 -2 11 47 97149192216216194159121 92 78 83107142178204213200166117 66 2425 212NG 6312191756213999999999999991215 77999999999999999999999
 -1 -2 24 71126176211222208175133 96 71 67 84118159194214214191148 97 4825 213NG 657222183021799999999999999 031 -51243 6699999999999999
 12 -1 12 50104157200221217190148105 72 58 66 94135176205216206173126 7525 214NG 72122319 221699999999999999 1 1 -11310 5799999999999999
 34 10 11 39 86139186215220201163118 79 56 53 7311015218720821018915110325 215NG 743221193421299999999999999 127  71336 5299999999999999
 59 29 20 36 75124171205218208176133 91 60 49 58 8712616419220319516812825 216NG 8 421820 620399999999999999 152 2014 3 4999999999999999
 86 53 37 43 70112157193212210186148105 71 51 51 7010213816918819117714725 217NG 824214204119299999999999999 215 361431 4899999999999999
111 79 58 56 73105144179202206191160121 85 61 52 60 8311314316617817515825 218NG 845207211917999999999999999 238 5415 1 5299999999999999
131103 83 75 82104135165188198191169137103 76 60 59 71 9211714015716315825 219NG 9 619822 416399999999999999 3 1 751535 5899999999999999
143124107 97 97109129153173185185172149120 94 75 67 68 78 9511313114314925 220NG 93118723 814999999999999999 327 961621 6699999999999999
146137127120117120130144158169174170156136115 96 82 74 73 79 8910311712925 221NG10 3174999999999999999999999 3571171738 7399999999999999
138142142140138137137140146153159161158148135120104 90 78 71 70 76 8710325 222NG 138142105716199999999999999 5191371940 7099999999999999
119135148156159157151144138137140146151154152145131114 94 75 61 54 58 7125 223NG 4 315913 715499999999999999 84713721 9 5499999999999999
 92117142163176178169154138126121126137150162166161145120 90 63 42 34 3925 224NG 44017815 01669999999999999910 012122 8 3499999999999999
 59 89125160185197191172146122106103114135160179186179155119 80 45 21 1425 225NG 51019716 11869999999999999910421032254 1399999999999999
 25 56 98144184208212194163127 98 84 88110143177201207193158112 63 24  125 226NG 5402131649207999999999999991118 832334 -399999999999999
  0 22 65119170209226217185142101 72 63 78113158198222223199154 98 46  725 227NG 6 92261733225999999999999991153 63999999999999999999999
-11 -2 34 88148198230234209165114 71 47 48 77124175216236230196142 83 3125 228NG 639236181623799999999999999 011-111227 4499999999999999
 -2-10 12 60120178221240228190136 83 44 29 43 83138191228241226185128 7025 3 1NG 7 7240185924199999999999999 046-1113 2 2999999999999999
 25  2  7 41 95155204234237210161104 55 25 21 46 9415119923023621316811325 3 2NG 735239194223799999999999999 120  01338 1999999999999999
 64 30 21 38 80133184220234221183130 76 35 16 24 5710615819922222019415125 3 3NG 8 2234202622499999999999999 151 201414 1599999999999999
104 67 48 51 78119164201222220196153103 58 28 19 34 6911415719020519917425 3 4NG 827224211320599999999999999 221 461452 1999999999999999
138104 81 75 88116150183205211199169129 87 53 33 32 48 7811414817318317625 3 5NG 85121122 618399999999999999 249 751535 3099999999999999
157134114104107121144167186195192175148116 85 61 47 47 59 8110713315216125 3 6NG 916195231816199999999999999 3171031632 4599999999999999
159150139131129134144156168176177171157138116 95 76 64 59 63 75 9411413225 3 7NG 944177999999999999999999999 34712918 2 5999999999999999
145151154153152151151151153155157158156150141128112 93 76 63 59 64 78 9825 3 8NG 216154104415899999999999999 5451511958 5999999999999999
119139156167171170163153144137135138144151156155147129105 80 59 48 50 6425 3 9NG 411171142815699999999999999 9531352122 4799999999999999
 88117146170185187178161141125115115124140158171174163140107 74 48 35 3825 310NG 44218815461749999999999999910301142218 3499999999999999
 58 90127163189201195174147120100 94101121148174190191173140 99 61 34 2425 311NG 5 92011633192999999999999991059 9423 0 2499999999999999
 34 63104148186208209190158123 94 77 79 98130165193207200172130 84 45 2225 312NG 5342111711207999999999999991126 752335 1899999999999999
 20 41 81130175207218205173133 94 68 60 74106147185211216198161112 66 3125 313NG 5582181745217999999999999991152 60999999999999999999999
 17 28 62111161201221217189147102 67 49 54 81124168204222216187141 92 5025 314NG 620223181622299999999999999 0 5 171218 4899999999999999
 25 24 49 94146191219224203162114 72 45 39 59 98145188216223206168120 7425 315NG 641225184722499999999999999 032 211243 3899999999999999
 41 29 44 81131178212225212177130 83 48 32 41 7311916520222021518814610025 316NG 7 0225191822199999999999999 057 2913 8 3299999999999999
 62 42 46 74118165203222217190146 97 57 33 32 54 9313918020721420016712525 317NG 719223195021599999999999999 121 411334 2999999999999999
 86 61 56 73109152190214217198160114 71 41 31 42 7211315418720320118014625 318NG 739218202320599999999999999 144 551359 3199999999999999
110 83 71 78104141177202211201171131 89 55 38 39 58 9112816118419218316025 319NG 758211205819299999999999999 2 7 711427 3699999999999999
131105 90 89105133163188201198178145107 74 52 45 53 7510413415917417616525 320NG 819202213917799999999999999 231 881457 4499999999999999
146126110105112129152173187189179156125 95 71 58 57 67 8610913115016016125 321NG 842190223416299999999999999 2561051535 5699999999999999
153141130124125132145158170176173160141117 96 79 70 69 75 8710312113614625 322NG 912176999999999999999999999 3261231638 6899999999999999
150150147144142141143147153158160158150138122106 92 81 74 74 79 9010612225 323NG 02615110 516099999999999999 4381411839 7399999999999999
138150159163162157149142138138141147151152147138123105 86 71 63 63 73 9225 324NG 317163124215299999999999999 8331372026 6299999999999999
115139161177182177163145128118117125139154165167159139112 83 59 45 45 5925 325NG 4 0182144316899999999999999 9351162132 4399999999999999
 85118153182198199183157128104 93 97115142169187192179150112 73 43 28 3125 326NG 4312011546192999999999999991015 922221 2799999999999999
 52 90134176206218207177138100 74 67 81113154190213215194154106 60 28 1525 327NG 5 12181635217999999999999991050 6723 4 1599999999999999
 26 59107159203228228202158108 67 45 47 74120171213234230200150 95 49 1925 328NG 5302311721236999999999999991126 422343 1299999999999999
 14 35 79135189227240225184128 75 35 20 35 76133190231248236197141 86 4225 329NG 55924018 52489999999999999912 2 20999999999999999999999
 20 25 58110167214241240209155 95 43 10  6 34 86149204241251231186131 8025 330NG 627244185025199999999999999 019 191238  499999999999999
 45 34 51 92145196231242225182123 64 19 -3  5 4310016121124024221717212125 331NG 655242193424599999999999999 054 341315 -499999999999999
 80 57 58 84128175214234230201152 95 43  8 -2 15 5811316720922922519815725 4 1NG 722236202023199999999999999 127 551352 -399999999999999
117 89 78 90119158194218224209174125 75 34 11 10 33 7312116519721120317925 4 2NG 74822521 721199999999999999 159 781432  799999999999999
147120104104120147176198209205184150109 69 40 26 30 51 8412215718018918225 4 3NG 81421022 218999999999999999 2291021517 2599999999999999
165145130124129143161178189191182162135105 77 56 46 49 65 8911714316217025 4 4NG 841192231617099999999999999 3 11241615 4699999999999999
168160150144142146153161168171170163150132113 93 76 66 64 71 8710712914625 4 5NG 915172999999999999999999999 3451421744 6399999999999999
158163164162158155151149148148150152152149141129112 94 79 69 70 80 9711825 4 6NG 139164113015299999999999999 8 01481929 6899999999999999
139157169175174167156143132127127133142152159158147128104 82 67 63 72 9125 4 7NG 320176142315999999999999999 9261262048 6399999999999999
116143167183188182166145124109104110124144163175175161136105 77 60 56 6825 4 8NG 358188153017799999999999999 9591042143 5699999999999999
 93125157184198197181154124 99 85 86101127156181193189167134 98 68 52 5325 4 9NG 4262001615194999999999999991028 832225 5099999999999999
 72105144179202209196168131 97 73 65 76104140175200208195164124 85 58 4825 410NG 4502091652208999999999999991055 6523 0 4899999999999999
 58 87128169201216210183144102 69 51 54 78117160196216215191153109 73 5225 411NG 5132171727218999999999999991121 502331 4999999999999999
 52 73112156195218220199160113 72 44 38 54 91138182214225213180137 95 6425 412NG 5352221759225999999999999991148 372359 5399999999999999
 53 65 98142185215225211176129 82 46 28 35 65111160201225225203163120 8325 413NG 5562251831228999999999999991214 28999999999999999999999
 62 64 88129172207225219191146 96 54 27 23 44 8413418121422721718614510525 414NG 61622519 422799999999999999 026 601240 2299999999999999
 78 69 83117159196220222202163114 68 35 21 30 6110715519521822120116712825 415NG 637224193622399999999999999 053 6913 7 2099999999999999
 97 80 84109145183210220208177133 86 48 26 25 46 8312817020021420718314925 416NG 658220201021499999999999999 119 791334 2399999999999999
117 96 91105134168197212209187150107 67 40 29 38 6510214217619820219016525 417NG 720213204620399999999999999 145 9114 2 2999999999999999
137114104108127155181199203191163127 89 59 42 41 55 8211614817418818817425 418NG 745203212819099999999999999 2121031435 3999999999999999
154133120117126144165183191188171144113 83 62 52 55 69 9312014616617617525 419NG 814192222417799999999999999 2431171516 5199999999999999
165151138131131139151165175178172157135111 88 72 64 66 77 9411613815616625 420NG 853178235116999999999999999 3271301618 6499999999999999
169165157149143141142147154160163161152138120101 85 74 71 75 8810712814825 421NG10 7163999999999999999999999 5 81411756 7199999999999999
163172174170161150140133131136144153159159152137117 97 79 68 68 78 9812325 422NG 147174123116099999999999999 7441311933 6799999999999999
148170185189182167146126112108115131150167176173158133104 78 61 58 69 9325 423NG 253189141617699999999999999 8501082044 5899999999999999
125158186203204189162130101 84 83 97125157184199196176143106 73 54 51 6625 424NG 335205152220099999999999999 935 812139 5099999999999999
 97137176206220213186145103 70 54 59 86127170205222217190148104 69 49 5025 425NG 4102201616223999999999999991015 532227 4799999999999999
 73112158199226231211170119 71 38 27 43 82135187225241230196148101 66 5125 426NG 44323217 6241999999999999991055 272311 5099999999999999
 59 89134183221239232198146 88 39 10  9 36 87148203240251234194145 99 6925 427NG 5142401754251999999999999991134  62352 6099999999999999
 60 76113161206235242221176117 59 14 -7  2 39 9716021424625122918714010025 428NG 5462421841253999999999999991214 -8999999999999999999999
 77 77100140185221239234202151 91 37  0-11  6 5011017021724324321717713525 429NG 617240192824699999999999999 031 741255-1299999999999999
104 90 98126165202227233217179127 72 26 -1 -4 20 6612117421423322720116625 430NG 648233201623399999999999999 1 8 901336 -699999999999999
133112107121148180207221218196158110 64 27  9 13 39 8112917320421620918625 5 1NG 72022221 521799999999999999 1441061420  899999999999999
158135122124139162185202207199176142102 66 39 27 34 57 9313316819119919225 5 2NG 754207215919999999999999999 22212115 9 2799999999999999
175155140134137149165179188189180161134104 76 56 48 53 7210113216017918525 5 3NG 83519023 318599999999999999 3 513316 6 4899999999999999
181169156147142143149157165170171165153135113 92 75 66 68 8210413015317025 5 4NG 938171999999999999999999999 4161421719 6699999999999999
178177171161152145140139141146152158159155144127108 90 79 77 8710512815025 5 5NG 025178114915999999999999999 6501381839 7799999999999999
168178181176166152138127121122129140152161163156141120100 85 81 8910613025 5 6NG 148181134416499999999999999 8221201951 8199999999999999
154174186188181165144123107100104117136157172177169151127103 86 82 9111125 5 7NG 245189145617799999999999999 9 91002049 8299999999999999
137164185197195181156127101 85 81 92114142169186191180156127101 85 83 9625 5 8NG 323198154719199999999999999 945 812137 8299999999999999
121151180200206196172138104 77 64 68 88120156185202202184155122 96 83 8725 5 9NG 3542061629205999999999999991017 632217 8299999999999999
106137170198212209188153113 77 54 48 63 94135174204216208183148115 91 8425 510NG 42021317 7216999999999999991047 482254 8499999999999999
 95122157190213218203171128 85 53 36 42 67108154194219223207175138107 8925 511NG 4462181742224999999999999991116 362327 8799999999999999
 90110143179208221214187146100 59 33 28 44 8112817521122822319916312710025 512NG 5102221817229999999999999991146 272359 9199999999999999
 91101129165199219221202165118 73 39 23 28 5610014919322123021618514911725 513NG 5352231852230999999999999991215 22999999999999999999999
 98 98117150186212222212182139 93 53 27 21 38 7412116720522522420317013625 514NG 6 1222192722799999999999999 030 951246 2199999999999999
110101110136170200217216196160115 72 40 24 29 54 9313918121022121218715525 515NG 62821920 322199999999999999 1 11011317 2399999999999999
127110109126154184206214204177138 96 59 35 29 42 7111115218720821219817325 516NG 656214204121299999999999999 1321071351 2999999999999999
145123114121140166190204204188158121 84 55 39 39 56 8712416018720220118625 517NG 729206212520399999999999999 2 51141428 3799999999999999
163141126122132150171188196191173145112 81 58 47 51 69 9813116118419519225 518NG 8 8196221719599999999999999 2451221513 4799999999999999
179160142131129137151167180185180164140112 86 66 58 62 7810313316018119025 519NG 9 2185232019199999999999999 3401291611 5899999999999999
189178161146135130133142155167174173163145121 97 78 68 70 8310613316018025 520NG1025175999999999999999999999 5 71301723 6899999999999999
191191182166148132121119126139154168174171157136111 90 77 75 8510713416225 521NG 031193121017499999999999999 6461191840 7499999999999999
184197199188168143120103 97104122145168182185175153126101 83 78 8710913925 522NG 135200134318699999999999999 757 971951 7899999999999999
169194208207192164130 99 78 72 83108141174196204194171139109 88 82 9111525 523NG 228209145720499999999999999 851 712054 8199999999999999
148181207219214190152110 72 50 46 64100143184213222212184148115 92 86 9825 524NG 312220155922299999999999999 939 452150 8699999999999999
125161196221228215181134 85 45 24 26 52 97149196228237224192153119 97 9325 525NG 3532281655238999999999999991025 222242 9299999999999999
109139177211231232209167113 61 22  5 14 4810115820823924622919415412110225 526NG 4312341747247999999999999991110  5233010099999999999999
102122155193223236229198149 93 42  7 -5 11 5210916821624424722619115212225 527NG 5102371837249999999999999991156 -5999999999999999999999
108113136171205229235220183132 77 30  0 -5 17 6211917622024324121818214825 528NG 549236192624599999999999999 0151071242 -699999999999999
123114124150182211228228207168118 67 26  3  4 30 7613118221923622920517225 529NG 628230201323699999999999999 0581141328  099999999999999
142124121135160189211221216192154108 64 30 13 19 48 9214118521522521519125 530NG 710222205922599999999999999 1401201414 1399999999999999
162138126128143165188204210201178143103 66 39 29 39 6810815118620821220025 531NG 754210214421399999999999999 22212515 1 2999999999999999
178154136128132146164181193195187166137104 74 54 49 61 8712215818620120125 6 1NG 845196223120399999999999999 3 91281549 4899999999999999
189169149135130133143156169179181175159135109 85 70 68 8010413416318519525 6 2NG 950182232019699999999999999 4 91301640 6799999999999999
193181164147134128127134144156166171168157139118 99 87 85 9611714316718525 6 3NG1113171999999999999999999999 5311271736 8499999999999999
193190178162145130120116120130143157166168161147129112100 9910812715017225 6 4NG 012193124416899999999999999 6591161838 9899999999999999
18719319017816013912010710110511713515416817417115814012211010811713415725 6 5NG 1 719314 717499999999999999 8 5101194110799999999999999
177192197191176154128105 89 84 9211013415817718618216914812811511312314125 6 6NG 159197151418699999999999999 854 84204111299999999999999
164185199201192171142112 86 71 70 8310813916919019919417615213011711612825 6 7NG 24320216 619999999999999999 935 68213411599999999999999
149174195206204188160126 92 66 55 60 8111415118420621220117815112811611925 6 8NG 3222071650212999999999999991012 54222011599999999999999
134159185205212203179144105 71 49 43 56 8612616720121921920217414512311525 6 9NG 3582121730222999999999999991048 4323 211599999999999999
122144172198214214197165124 84 52 35 38 60 9814318521522822119716613611825 610NG 43121618 7228999999999999991123 34234011499999999999999
115129156186210219211186147103 64 37 28 39 7011316020122623121518715412725 611NG 5 42191844231999999999999991158 28999999999999999999999
114118139170199218220204170127 84 49 28 27 47 8413117721223022720517314225 612NG 537221192023199999999999999 0161131234 2599999999999999
120113125151183209221215192153109 68 38 25 32 5910114919122022921819215925 613NG 612222195722999999999999999 0511131310 2499999999999999
131115116134163193214219207178137 94 57 33 27 42 7511916420022222420717825 614NG 648219203622599999999999999 1261141347 2799999999999999
148124115122143172198213213196164124 83 52 34 36 56 9213517620622021619625 615NG 729215211622199999999999999 2 41151426 3399999999999999
167139121116127149175197208204185154116 79 53 42 49 7310914918520921720825 616NG 816208215821799999999999999 24711615 8 4299999999999999
185158133118117128148171190200196178148114 83 62 55 65 9012416019120921325 617NG 914200224221399999999999999 3381161554 5599999999999999
201178151129115113122140162181191190175150120 93 76 72 8210613716919520925 618NG1024192233021199999999999999 4411121647 7199999999999999
209196173146123107103110127149171185188178158132109 93 89 9811914717519825 619NG1144189999999999999999999999 5541031748 8999999999999999
210208193169141114 95 87 9211013516218219118717215012711110511213015518125 620NG 022211131119299999999999999 7 5 87185810599999999999999
201211208192166133101 78 67 73 9312315618319920118916914512611812213716025 621NG 117212143720299999999999999 810 67201211899999999999999
185205215211192161123 86 58 47 53 7811415418821021720718515913712612714125 622NG 214215155221799999999999999 9 8 47212312599999999999999
164190211220214192155111 70 40 29 38 6711015619622323122019516614212912925 623NG 3 922016542319999999999999910 4 28222712799999999999999
144169196217225217190148 99 55 25 15 28 6211116220623424122719916714112825 624NG 4 12251748241999999999999991057 15232312699999999999999
130147174203224230217185139 88 43 14  7 24 6411717221624224422619416113625 625NG 4512301837246999999999999991148  6999999999999999999999
124129151181210229231214178129 78 35  9  6 29 7413018322424524121718315125 626NG 539233192124699999999999999 0111241237  499999999999999
128120131156188215230229208169119 70 31 10 14 43 9114619522924223120316925 627NG 62523220 224299999999999999 0551201322  899999999999999
138120119135162193217228221197157109 64 32 19 30 6411216320523123421618625 628NG 710228203923599999999999999 13511714 3 1999999999999999
153127115120139167195214220210183144101 63 39 34 53 9013618021222722219925 629NG 754220211422899999999999999 2131151442 3399999999999999
168139119113123143169192206208196169133 97 67 53 57 8011715719221522020725 630NG 840209214622199999999999999 2521131518 5299999999999999
182153129115114125144166184195195182158127 98 78 72 8210714017420021321025 7 1NG 930197221921499999999999999 3351131553 7299999999999999
193168143123113113124140159174183183172151128107 94 9410713015918520320825 7 2NG1028185225420899999999999999 4261121632 9299999999999999
20018215813611911011011813214916417417516715313612111311512714717018920125 7 3NG1139176233420399999999999999 530109172011299999999999999
20219217415313211510510310912213915616817317116114913713013114015617419025 7 4NG13 7174999999999999999999999 645103182412999999999999999
198197187170149127109 96 92 9811213215216917918017416315014114014615917525 7 5NG 023199144118199999999999999 754 92194313999999999999999
189197195185168145120 98 84 80 8710512915517619019418817415814614214715925 7 6NG 122197155119499999999999999 851 79205814299999999999999
175190198197186165138109 85 70 67 7810113216318920520819817915914413914425 7 7NG 224199164220899999999999999 941 66215913999999999999999
159178194203201186160128 95 69 55 57 7410414017620521921720117715313713325 7 8NG 3182041723220999999999999991025 54224713399999999999999
142162184203211205184151114 79 54 43 50 7411115419322023022019716814312825 7 9NG 4 521118 02309999999999999911 7 43232912699999999999999
128143168195213218206178139 98 62 39 34 48 8112517121023223421718715513025 710NG 4472181835236999999999999991147 33999999999999999999999
119126149179207224223203168124 80 46 28 30 53 9414319022524023320717213925 711NG 528225191024099999999999999 0 71191226 2699999999999999
118113128158192219230223196155107 64 34 22 33 6511316420823624222519215425 712NG 6 8231194424299999999999999 04311313 3 2299999999999999
124108111134169203226233219186140 92 52 28 25 45 8513618522324123721117425 713NG 649233201824299999999999999 1201071339 2399999999999999
137111102113142178210229229210173126 81 47 30 37 6511016020323224022619425 714NG 732232205224099999999999999 1571021414 3099999999999999
155121101 99116147183211226222199161116 77 50 43 58 9213618121623523321125 715NG 819227212523799999999999999 236 971450 4399999999999999
176139109 95 98118149181206218212189153113 81 64 65 8511916019722223122125 716NG 911218215923199999999999999 319 941527 6299999999999999
195159126101 90 96116145174197208202181150119 96 86 9211314417720522222325 717NG1010208223422599999999999999 4 9 9016 8 8699999999999999
208180147117 95 86 9110913516318519719417915613411711211813616118620721725 718NG1119198231621799999999999999 5 8 86165811299999999999999
214197171141113 91 81 83 9812114917318819118417015414113613915116918820325 719NG1247192999999999999999999999 620 8018 713699999999999999
210206192169140111 87 73 71 8310613416218419519618817516215315115716918425 720NG 010210143619799999999999999 738 70194615199999999999999
198205204193172143110 81 62 56 66 9012215618520521220719317616115315416325 721NG 12420616 421299999999999999 851 56212415299999999999999
178194206209200178146108 73 49 41 51 7811615719321822822120217915814614525 722NG 24720917 422899999999999999 957 41223514499999999999999
155174195212218209184146102 63 36 28 41 7311816520723324022720117214713425 723NG 3572181750240999999999999991055 28232713299999999999999
135150175202222228216186142 94 52 25 19 38 7712818022224524522419115713225 724NG 4532281829247999999999999991145 19999999999999999999999
121127150181212232235218182133 82 41 18 19 45 9214719923525024021017313825 725NG 54123619 525099999999999999 0 91211229 1599999999999999
116111126156191222238236213171120 71 34 18 29 6411617121724424722619015125 726NG 624240193724999999999999999 04511013 7 1899999999999999
119103107130165201228239230200155105 62 34 29 50 9314619523124523620616625 727NG 7 423920 624599999999999999 1191021341 2899999999999999
129104 97110139175208228232216182138 93 59 43 50 8112717521523723821718125 728NG 743233203224199999999999999 151 971412 4299999999999999
143112 95 97117149182208222219199164123 87 65 61 8011515919822623522319525 729NG 821223205623599999999999999 223 941439 6099999999999999
158124100 93103126155183204211203181149116 91 80 8811214718421222722420425 730NG 9 1211212122899999999999999 256 9315 6 8099999999999999
173139112 96 9610913115717919419818816714211910410311714117119821622020925 731NG 946198214622199999999999999 333 94153510299999999999999
185155127107 9810011313215317118318517716114413012412814116218420221120825 8 1NG1042185221621299999999999999 417 9716 912499999999999999
19317014512310810010211212714416117217617316515514714414815817218619820125 8 2NG12 0176225520199999999999999 517100165914499999999999999
19618216314212411010110010611813415116517417717617116516015916317218118925 8 3NG14 9177235519299999999999999 641 99184215999999999999999
192188178163145126109 97 92 9510712414516418018919118717816816116016517325 8 4NG1549191999999999999999999999 8 7 92204116099999999999999
182188188181167148126104 87 79 82 9611814517119320520719818216615415015625 8 5NG 130189163820799999999999999 914 79215315099999999999999
167181192196190174149120 93 73 64 69 8811815218521022121720017715514113925 8 6NG 25519617142229999999999999910 8 64224113899999999999999
148167187203208199177145109 77 55 49 60 8712616820522823422019416313812525 8 7NG 3542081746234999999999999991053 49231912599999999999999
128146173200218221206175134 92 58 38 37 57 9514218922624323921417914411925 8 8NG 4402221817244999999999999991134 35235411199999999999999
111123151186217234231208168119 74 41 25 33 6411216621324425123419915712125 8 9NG 5232351848252999999999999991211 25999999999999999999999
101101124162202233245235203155102 57 28 22 41 8313819323525525022017713225 810NG 6 4245191825799999999999999 029 981246 2199999999999999
 99 86 97130175217244250232192139 87 46 26 30 6111216821824925723819815025 811NG 646251194725899999999999999 1 3 861320 2499999999999999
108 82 78100140187226248247222178125 77 45 36 53 9214519623625424821817225 812NG 728251201625599999999999999 139 771352 3699999999999999
125 88 71 77106150194228244237208163116 77 57 59 8512817621724324923119325 813NG 813244204425099999999999999 215 701424 5599999999999999
147104 76 67 81113155194222232222193153115 88 80 9112116019822724023420825 814NG 9 1232211124199999999999999 253 671456 8099999999999999
169127 92 72 70 8611715318620921720618115112511011012515218220922622921525 815NG 954217214023099999999999999 336 68152910899999999999999
187152117 90 75 75 9011514517319220019317715814313614015317219220821621325 816NG11 0200221421699999999999999 430 7316 913699999999999999
198174146118 96 82 79 8810613115517518618718217416616216316917818919820225 817NG124018823 720299999999999999 544 79171816299999999999999
199189172151127105 87 78 80 9311413816118019119519318718017417117217718325 818NG15 9195999999999999999999999 721 78201517099999999999999
190193190180163139112 88 72 67 76 9712615618320321321120118617116015616125 819NG 1 5193162221499999999999999 849 67215715699999999999999
171184196201195177149114 82 60 52 62 8712216119622023022320317915614113825 820NG 3 220117 423099999999999999 957 52224613899999999999999
147166189208217211188151109 71 46 39 53 8613017621423724022319316113512125 821NG 4 92171737241999999999999991050 39232312099999999999999
123141170201224232221190145 97 58 34 33 56 9814919823424924021117313711225 822NG 45723218 8249999999999999991134 31235510499999999999999
104115145182216238241222182131 83 46 29 37 7112117622124825122819014711225 823NG 5382431835253999999999999991211 29999999999999999999999
 93 94118156198231247241212166114 69 39 34 55 9915320424025324120616111925 824NG 61524819 125399999999999999 025 911243 3399999999999999
 90 81 95129173213240247232195146 97 60 43 52 8513518622824924722017713225 825NG 650248192425199999999999999 054 811311 4399999999999999
 95 76 79105145188222241239214173127 86 61 58 8012217121424124722919214725 826NG 724243194524899999999999999 122 751337 5799999999999999
106 79 72 87120161199225234223194153114 84 73 8411615820023024323320416325 827NG 75823420 524399999999999999 149 7214 1 7399999999999999
121 88 73 77100135172202220221204174139110 93 9511615018721723423221217725 828NG 833223202523699999999999999 218 721424 9299999999999999
137103 81 76 8811414617619920920518616013411611212214617620322122621418725 829NG 912209204622699999999999999 248 75144911299999999999999
154121 96 83 8510012314917318919518917415514013213514816818920621421019325 830NG 959195211021499999999999999 322 82151513299999999999999
167139115 98 92 9610812614616417618117816916015315115616617819019920019225 831NG11 3181214020199999999999999 4 6 92154815199999999999999
17715613611810610110210912113615116417217517517317116916917217618218618625 9 1NG1327175223118699999999999999 519101172316999999999999999
18017015714212711510510010211012313915617118218919018617917216616516817325 9 2NG1544190999999999999999999999 718100204716599999999999999
177178175166153136118101 90 88 9511013215718019820620519417816215114915425 9 3NG 048178162120799999999999999 847 87214914899999999999999
165177186189181164140113 89 74 70 8010313416819821822321319216614413113225 9 4NG 245189165022399999999999999 945 70222613099999999999999
145167189204208196171136100 71 54 54 7210514718822123723321017714411911025 9 5NG 3452081718238999999999999991031 52225911099999999999999
120145178208226226206170125 83 52 38 45 74119170214243250232196153116 9425 9 6NG 4312281745251999999999999991110 382332 9199999999999999
 93115153195230246239209162110 65 36 30 48 90145199240259251219171123 8725 9 7NG 5132461813260999999999999991146 29999999999999999999999
 72 83118167215249259243203148 94 52 30 34 66118176227258264240194140 9225 9 8NG 554259184126599999999999999 0 6 721221 2899999999999999
 62 58 82129184232260263238191134 82 47 37 54 9615320724826525521716310825 9 9NG 63626619 826699999999999999 039 561254 3699999999999999
 65 45 53 89142198241262257226176122 79 56 57 8613318623125725923418713225 910NG 719264193426199999999999999 114 441326 5399999999999999
 81 48 39 58101154205240254243208162118 86 76 8912316821124225324120615725 911NG 8 325420 025399999999999999 150 391357 7699999999999999
107 66 43 45 7011216020323123822319215412210410512515819422323923721617925 912NG 850238202524199999999999999 227 41142710299999999999999
135 93 63 50 57 8211915919221321720418015413512913715618120522122521619325 913NG 943218205022599999999999999 3 9 50145712999999999999999
160125 93 72 64 71 9111914917619319719017716315515516217518920120720519525 914NG1050197212020799999999999999 4 2 64153315499999999999999
177153128105 88 80 81 9211113415717418318518317917617517617818118518718625 915NG1256185221818799999999999999 522 7917 517599999999999999
182173159142123105 90 83 86 9811814116217919219719719218317416716316416925 916NG1526198999999999999999999999 715 83211616399999999999999
175180181176162140115 93 78 74 8410513216118720621421019717815914514014525 917NG 144181161021499999999999999 844 7422 214099999999999999
157174190198195178150117 86 67 62 7410113617320422422721318916013512011925 918NG 316199164022799999999999999 946 62223311899999999999999
133157184207218211187149109 75 55 54 73108152193225238230204168134108 9825 919NG 4 921817 8238999999999999991033 5223 3 9899999999999999
106132167202226233218184139 95 62 47 55 84129177218242243221183140105 8425 920NG 4502331733245999999999999991110 472331 8199999999999999
 83105142185221242240215172124 81 53 48 68108158205238249235200153109 7825 921NG 5262441756249999999999999991143 472358 6799999999999999
 67 80114160205237249237202154106 70 53 61 93141191230250244215169121 8125 922NG 6 02491818251999999999999991212 53999999999999999999999
 60 62 88132181222246247224183135 93 67 64 85127176219245248227185136 9025 923NG 633250183825099999999999999 025 571238 6299999999999999
 60 52 68105154199233246236205162119 87 74 8511816220623624723419915210525 924NG 7 5246185724799999999999999 051 5113 3 7499999999999999
 68 50 55 83126173212235238219184144109 90 9111415119222524123621016812125 925NG 738239191624299999999999999 117 491327 8899999999999999
 82 57 52 6910314518621522922219916513311010311514417921123023221518113925 926NG 811229193623499999999999999 143 51135110399999999999999
 99 70 57 63 8712115819021121620418115313011912314116919621622321419015525 927NG 848216195622399999999999999 211 57141611899999999999999
118 88 70 67 8010413416318619919918716815013713514416218320121020719216725 928NG 929201201921099999999999999 241 67144213599999999999999
137110 89 80 82 9411413715917618518417616515615115316117318519319518917425 929NG1026186204619599999999999999 319 79151315199999999999999
154132112 99 93 9410211513114816317217617517216916716716817117517817817425 930NG1218176213317999999999999999 419 92163616699999999999999
165152138124112103 991001071201361521661781841861841781701631581581611652510 1NG1456186999999999999999999999 618 98203415899999999999999
168168163153139122106 94 89 931061261491711902012031941791611451371381472510 2NG 025168153920399999999999999 8 4 89212313799999999999999
161174183182171151126100 81 73 78 961241561872102202141951671401201131212510 3NG 22818416 822099999999999999 9 8 73215711399999999999999
141167191205204188157121 88 65 57 68 95133175210232234216182143110 90 912510 4NG 328207163623699999999999999 956 572230 8899999999999999
111145183214230224198156111 73 51 48 68106154201235249238204157111 77 632510 5NG 41523017 3249999999999999991037 4623 3 6399999999999999
 75109157204238250237200149 99 61 43 50 80129183228255255228179124 76 462510 6NG 4582501731258999999999999991115 422337 4099999999999999
 43 68116174225257263240194139 89 56 47 64106160212250263248205147 89 442510 7NG 5422641759263999999999999991152 46999999999999999999999
 24 33 71130191241267265234183129 85 61 62 90138191235260258228175114 592510 8NG 625270182626299999999999999 013 231227 5899999999999999
 23 13 35 83144204247266256220171123 89 76 88123171216247257241200144 862510 9NG 710266185425799999999999999 049 1313 1 7699999999999999
 40 14 16 46 97156208243254239204161123101100119155195228245242216172119251010NG 755254192124699999999999999 127 111334 9799999999999999
 70 34 19 29 62110161204230235219189156130120126148179207227231219190150251011NG 843236194823299999999999999 2 7 1914 712099999999999999
106 68 42 35 48 78118158192211214200179157143141150168188205213211196170251012NG 938215201721499999999999999 251 35144214099999999999999
138105 78 60 56 66 88118149176191195188177165159159165174183190192188178251013NG1048195205319399999999999999 347 56152915899999999999999
161140117 96 81 75 78 92113137160176184186183177172169166166166169171172251014NG1244186224917299999999999999 510 74185916699999999999999
169163151135117 99 86 82 89105126149169184192193188179166154146143146154251015NG1439194999999999999999999999 654 82205614399999999999999
164172175169154132109 90 80 83 98121148174194205204193174152132121120130251016NG 151175152720699999999999999 817 79213411999999999999999
147168185193187168140110 86 74 78 96125158188209217209187157127105 96103251017NG 3 6193155821799999999999999 916 7422 5 9699999999999999
123152181203210199173138103 78 69 78103139177208224223203169131 99 79 78251018NG 35521016252269999999999999910 1 692234 7699999999999999
 96128166200221222203169128 93 72 69 87121162200226233218185142101 71 59251019NG 4352241650233999999999999991038 6823 2 5999999999999999
 70100142186219234227198157116 84 70 77105146189222237230201157110 71 49251020NG 5112341712238999999999999991110 702329 4699999999999999
 49 73115163206234240222186142104 79 76 95131175213236238215174125 79 47251021NG 5452411733240999999999999991140 742356 3799999999999999
 37 51 87136185224242237210169127 95 81 90119161202230240226190142 93 53251022NG 61724317542409999999999999912 8 81999999999999999999999
 33 36 63108159204234241226193152115 93 91111147188220236231203160110 67251023NG 650242181523799999999999999 023 311235 8999999999999999
 38 30 46 83131178216235232209174137109 99108136173207228230212175129 84251024NG 723237183723299999999999999 050 3013 2 9999999999999999
 50 34 39 64105151191219228217190157128111111129160192216225215187148105251025NG 757228185922599999999999999 117 33132910999999999999999
 68 45 40 55 85124164195213214199173146126119128149177200213211194163125251026NG 833216192321499999999999999 146 40135711999999999999999
 90 63 51 54 73102137168192202198183162143132133144163183198202193173144251027NG 914203195020299999999999999 218 50142813199999999999999
113 86 68 62 69 88113140165183189185174160148143145155167179186186176158251028NG10 6189202618799999999999999 256 6215 914399999999999999
135112 92 79 75 81 95115137158173180180174165158153152155160166170170165251029NG1126181213117199999999999999 352 75164215299999999999999
153138120104 91 85 86 95110130150167179183182176166156148143143148155161251030NG1315184235916399999999999999 523 85193014299999999999999
163160151136118101 88 84 88102123147169186195195185168149131121120129144251031NG1426196999999999999999999999 7 2 83203411999999999999999
161173177170153130105 86 76 80 96121152180202211206187159129105 93 961142511 1NG 15317715 921199999999999999 815 762116 9299999999999999
142170191200192169137105 80 68 74 95128166199221225209177137 99 72 64 762511 2NG 3 1200154322599999999999999 911 682154 6499999999999999
107148187214223210180139101 74 64 74103144187220237231202157106 64 40 392511 3NG 355223161523899999999999999 959 642231 3699999999999999
 64108161207236242222184137 96 71 66 84120167210239245226184128 73 32 142511 4NG 4432431646246999999999999991043 652310 1399999999999999
 23 61117176225252252226182133 94 74 76101144191230249244211158 97 43  72511 5NG 5312561718250999999999999991125 722349 -399999999999999
 -3 18 66129190237259253222175129 96 82 93124169212241249232189131 70 212511 6NG 61726117502509999999999999912 5 82999999999999999999999
 -7 -6 24 78141200241257245211167127102 97114148189224242239212165107 522511 7NG 7 4257182224499999999999999 030-101244 9699999999999999
 11 -7  1 37 91151202236245230197159128111114135168202226233222190144 922511 8NG 752246185523499999999999999 112 -8132211099999999999999
 46 14  3 18 541041551982242292131841541321241311521792032172172011711302511 9NG 841230193121999999999999999 156  314 112499999999999999
 87 50 27 22 38 70113156190209210197174153138135144160178193200197182157251110NG 935212201220099999999999999 244 21144513599999999999999
125 91 63 46 44 57 84118152179194196186170155146144148157167176180178168251111NG1036197211218099999999999999 340 43154814399999999999999
151128103 81 67 63 72 93120148170184187182171160150144142144149156161165251112NG1149187231016599999999999999 447 6318 214299999999999999
162154138119 99 84 78 82 98120145166180186184175162149136127124128137148251113NG1310186999999999999999999999 6 6 78195512499999999999999
159165163152134113 96 86 88101122146168184192189177159138119106102109124251114NG 115165141419299999999999999 721 85205010299999999999999
144163175176165145122101 90 91104127153177194200193174148119 96 82 83 97251115NG 236177145720099999999999999 825 892128 8199999999999999
121149174189189176151124101 90 94111137166191205206190162128 94 71 62 70251116NG 333191153120799999999999999 916 9022 2 6299999999999999
 94127162190204200180151121 99 91 99121152183205214205179142101 68 48 47251117NG 41820516 02149999999999999910 0 912232 4599999999999999
 66101142181207216205179145114 96 93108137171200217216195159115 74 44 32251118NG 4572161627219999999999999991038 9223 2 3299999999999999
 42 73116162200222223203171135107 94100123156190214222209177133 87 48 26251119NG 5332251653222999999999999991113 942332 2399999999999999
 26 47 87136182216230221194158124102 97111141176206222218193152105 61 30251120NG 6 72301718223999999999999991145 96999999999999999999999
 18 29 61107157200225230212180144114100104127161194216221205171126 79 41251121NG 641231174422299999999999999 0 2 181216 9999999999999999
 19 19 40 80129176211227222198164131108103116145178206218212187147101 59251122NG 715228181121999999999999999 032 16124710299999999999999
 30 18 28 58101148188214221208180148121107111131161190209212197165124 81251123NG 749222183921399999999999999 1 3 18131810799999999999999
 47 27 25 43 77120161194211210192165137118112123145173195205200178145106251124NG 826213191020599999999999999 135 24135011299999999999999
 69 43 32 38 60 95134169194204197178154132119120133154176191195184161130251125NG 9 6204194619599999999999999 210 31142711899999999999999
 95 66 46 41 52 75108142171190195187169148132124127138155171181181171150251126NG 952195203218299999999999999 249 41151512499999999999999
122 93 69 55 54 65 87116146171186189181166149134127127135146159168169162251127NG1047190214317099999999999999 338 53162812699999999999999
146124100 80 67 65 75 94120147170184188182168151135124119121130143155163251128NG1151188232616399999999999999 440 6518 911999999999999999
162152134113 93 79 75 81 98122149172187192186171150129111100100110128147251129NG1256192999999999999999999999 556 751931 9999999999999999
163170166151130107 90 81 85101125153178195200192172144114 89 74 75 90116251130NG 1 8170135320099999999999999 712 812028 7399999999999999
145170184185171147120 97 86 88104130161188206209195167129 91 61 46 50 732512 1NG 231186144220999999999999999 821 852117 4599999999999999
109149183203205189161129103 89 91109139173201217215194155108 64 31 19 302512 2NG 337206152521999999999999999 922 8822 3 1999999999999999
 62109158198221222203170134106 92 96118151187214226217186139 85 37  6 -12512 3NG 43422416 6226999999999999991016 912248 -299999999999999
 17 58113169212235234210173135107 96103129165200225230213174120 63 16-122512 4NG 52623716462319999999999999911 6 952334-1699999999999999
-13 13 61122179222242237209170133107100112141178211230229204159102 45  22512 5NG 6162431726232999999999999991153100999999999999999999999
-20-16 17 70132188227242232201163128108105122154189217229221191143 87 352512 6NG 7 424318 722999999999999999 020-22123710499999999999999
 -3-19 -9 28 83142194226235220189153123108112132163194216222209176130 782512 7NG 751236185022299999999999999 1 7-19132010799999999999999
 32  0 -9  7 46 981521962212232051741431191111181391671932082091931621192512 8NG 836225193421099999999999999 153 -914 211199999999999999
 74 35 11  8 28 661141601942112091891611351171141231421651841941931771492512 9NG 921213202319599999999999999 238  7144711399999999999999
112 75 45 29 31 52 87128165191201194175151130117115124139156170178176164251210NG10 5201212117999999999999999 324 27154011599999999999999
140111 82 59 49 55 75105139168187191183165144127117114119129142154162163251211NG1050192223616399999999999999 410 49165011499999999999999
154137115 93 77 71 77 94120147170183185175159141125113107108115126139150251212NG1138185999999999999999999999 5 2 71182210699999999999999
155152141125108 95 89 94109130153171181181173157139120104 94 92 98111128251213NG 0 9155123118299999999999999 6 2 891944 9299999999999999
144154156150138122109103106118137157173182182172155133110 89 77 75 84102251214NG 146157132818399999999999999 7111032041 7499999999999999
124146161167163151134119110112123141161177186184172150122 94 71 59 60 74251215NG 3 6167142118699999999999999 8201102126 5799999999999999
 99128155174182176160140122112114127146167184191186168140106 74 51 42 49251216NG 4 418215 619199999999999999 92111222 5 4299999999999999
 71103139170190195185164139120111115130153176192195184159124 86 53 33 30251217NG 44919615461969999999999999910121102241 2999999999999999
 45 75115155188205204187160133113107116137163187200197178145104 64 34 19251218NG 52720716212019999999999999910551072316 1999999999999999
 24 48 87132174203215206181150123106105121147176197205194166126 83 44 19251219NG 6 321516552059999999999999911321042351 1199999999999999
 11 25 58104151191214217200169137111100107130161189206205185150105 62 27251220NG 63721917282089999999999999912 7100999999999999999999999
  9 10 34 75124170204219212187154122102 99114142174199209199172131 85 44251221NG 71021918 120999999999999999 025  71240 9899999999999999
 15  5 17 49 95144186211217201171137110 97102124155186204206189155111 66251222NG 744217183520899999999999999 059  51313 9699999999999999
 30 10  9 30 68116162196213209186154122101 96108135166191203198175137 93251223NG 818214191220499999999999999 132  71348 9599999999999999
 53 23 11 20 48 90136176202210198171139112 97 98115143171191197186160122251224NG 853210195219799999999999999 2 6 111425 9599999999999999
 81 46 24 21 37 69111153185203203185157127105 95101119145169184187174148251225NG 929205204118799999999999999 241 2015 8 9599999999999999
112 76 48 34 37 57 91129165190201194174146119100 94100117139160174176165251226NG10 7201214017799999999999999 319 3316 1 9499999999999999
141110 80 58 50 57 78109143172191196186165138113 96 88 93107127148163168251227NG1049197225416899999999999999 4 3 5017 7 8899999999999999
160141116 92 76 70 77 96123152176191192180159133107 88 78 79 91111134153251228NG1136193999999999999999999999 456 701823 7799999999999999
163162150131111 96 90 95110132157177189190178156129100 76 61 60 71 94121251229NG 023164123119199999999999999 6 5 901938 5999999999999999
147164170165151133116107107118137159178190191179156124 90 60 41 38 51 77251230NG 2 1170133419299999999999999 7271062043 3799999999999999
111144170184184172153133119115122138159179192194181155118 77 42 21 17 32251231NG 331186143719599999999999999 8531152143 1699999999999999
