 10-10 -9 12 48 91131161175171152126101 85 84 98123153179191186162122 7625 1 1NK 815175191419299999999999999 128-121335 8299999999999999
 32  0-13 -4 24 64108146171177166142114 90 79 8310213116118419218115211025 1 2NK 850177195619299999999999999 2 6-131414 7899999999999999
 63 23 -2 -7  8 41 83125158175175158131103 83 76 8410613616518418717214025 1 3NK 927177204118899999999999999 244 -81457 7699999999999999
 98 55 21  3  5 26 61102140166176170149121 94 77 73 8410713616117717716025 1 4NK10 5177212917999999999999999 324  21545 7299999999999999
129 90 54 27 16 24 48 82119151171174163140112 87 71 70 8110312915216516325 1 5NK1044175222516699999999999999 4 5 161638 6999999999999999
148120 88 59 40 35 46 70101133158171170156132104 80 66 64 75 9411713815025 1 6NK1126173233115299999999999999 448 351739 6399999999999999
150138117 93 71 58 57 68 90116142161170166150126 99 75 60 56 64 8010112125 1 7NK1212170999999999999999999999 535 561849 5699999999999999
135139134121103 88 78 77 87104125145161168163147123 96 70 52 45 49 63 8325 1 8NK 05714013 516899999999999999 633 7620 8 4599999999999999
105123134136129117105 96 93 98111128146160167163147123 93 64 42 31 32 4525 1 9NK 24113614 816799999999999999 750 932124 3099999999999999
 67 93117134143141132119108101103112127146161169166150123 90 57 30 15 1525 110NK 419143151517099999999999999 9211012229 1399999999999999
 30 56 87118141153153143128112102101109126146165174171154123 85 47 16  025 111NK 53115416181759999999999999910391002325 -199999999999999
  2 20 52 89125151164162149129109 97 95106126150171181177155120 77 35  325 112NK 6231651714182999999999999991138 94999999999999999999999
-11 -6 19 56 98136162172166147122101 89 90104129156179188180153112 65 2225 113NK 7 517218 318899999999999999 013-121225 8799999999999999
 -7-17 -5 26 68113150171175162138111 90 81 87107135165186191177145100 5225 114NK 742176184819299999999999999 056-1713 6 8199999999999999
 11-12-14  5 42 87130162177172153124 97 79 76 88113144172189189168131 8525 115NK 816177192819199999999999999 135-161343 7599999999999999
 39  5-10 -3 24 65109147171176164138109 84 72 75 9312115117618717915411425 116NK 84617720 618799999999999999 211-101419 7199999999999999
 70 30  5  0 16 49 90130160174170150122 94 75 68 78 9912815617417816413525 117NK 915175204317999999999999999 244  01454 6899999999999999
 97 58 28 13 18 41 76115148168171159135107 83 69 69 8210613215516716414725 118NK 942172212016899999999999999 314 131530 6799999999999999
117 83 52 32 29 42 68102135159169164146120 94 75 67 71 8710913114815414825 119NK10 9169215915499999999999999 343 2816 8 6699999999999999
129103 76 54 44 49 66 93123148162164153132108 85 71 67 73 8810712513713925 120NK1037165224514099999999999999 412 441652 6799999999999999
132116 96 77 64 61 70 89112135153160156142121 99 81 69 67 73 8610111512425 121NK11 9160234712699999999999999 443 611745 6799999999999999
126121110 96 84 78 80 89105123140151154148133115 95 79 68 65 69 78 9110325 122NK1148154999999999999999999999 520 781855 6599999999999999
112117116111104 97 93 95102114127139147148142129112 93 77 65 59 60 67 7925 123NK 122117124014999999999999999 613 932021 5999999999999999
 92105114119119115110106105108115125136143146141129112 92 73 57 48 47 5425 124NK 329119135014699999999999999 7471052138 4799999999999999
 68 86104119128131127120112107107112122134144149145133113 89 65 45 33 3325 125NK 45413115 514999999999999999 9331062235 3299999999999999
 43 62 86110130141143137125112103101108121137151157153137112 81 52 28 1725 126NK 54214416 81579999999999999910421012320 1699999999999999
 19 35 62 93123145155153140122105 95 95106124146162169161140107 69 35 1025 127NK 6181561659169999999999999991130 93999999999999999999999
  1 10 34 69107140161166157137113 93 84 89107133159177181168138 97 54 1625 128NK 651166174518299999999999999 0 1  112 9 8499999999999999
 -6 -9  8 42 84126158174172154126 99 80 75 87112144173191190169131 84 3725 129NK 723175182819399999999999999 039-101247 7599999999999999
  1-16-11 16 57104146174183171144111 82 66 68 88120156186200193165120 6925 130NK 754183191120099999999999999 116-171324 6599999999999999
 23 -8-17 -2 33 80128166186184163129 93 66 55 64 9112816619320218815410625 131NK 825188195420299999999999999 152-1714 3 5599999999999999
 56 15 -8 -7 16 57105150180190178149111 76 53 48 63 9513417019319617714025 2 1NK 857190203819799999999999999 228-111443 4799999999999999
 94 48 16  3 13 43 85130167187187167132 94 61 43 44 64 9713516618418216125 2 2NK 929190212518699999999999999 3 4  31526 4199999999999999
126 85 49 26 23 40 72112150177187177152116 79 51 39 44 65 9612915616816425 2 3NK10 1187221616999999999999999 339 221613 3899999999999999
145115 83 57 45 49 69 99132161178179165137103 71 47 38 44 63 9011813914925 2 4NK1035181231615099999999999999 415 4517 6 3899999999999999
146132110 89 73 69 76 94119144163172169152126 97 69 49 40 44 58 7910112025 2 5NK1113173999999999999999999999 453 681811 4099999999999999
130132125113101 93 92 98111128145158163158144123 97 72 53 42 41 49 64 8325 2 6NK 03813212 316399999999999999 539 911936 4099999999999999
102116124126123117112109111118127139149154153143126103 79 56 40 33 36 4825 2 7NK 247126132015599999999999999 7 41092112 3399999999999999
 67 89110125134136132125118113114119129140150154149135112 84 56 34 22 2225 2 8NK 446136145915499999999999999 9281132228 2099999999999999
 35 58 85113134147149143130116106103108121137153161159144117 84 50 23  925 2 9NK 54315016201629999999999999910531032324  899999999999999
 11 28 57 91124149160159145125106 93 90 99118141161172169150117 77 39 1125 210NK 6211611718173999999999999991144 90999999999999999999999
 -1  6 30 66106141163170160139113 90 78 80 96121150173183175149109 65 2525 211NK 65317018 418399999999999999 0 8 -11223 7799999999999999
  0 -5 10 43 85127159175172153124 95 74 67 76 99131163184189173140 95 4925 212NK 721176184418999999999999999 045 -61256 6799999999999999
 14 -4  0 26 65110149174179166138105 76 60 61 79109144174190186163123 7725 213NK 746180192019199999999999999 118 -51327 5899999999999999
 35  8  1 16 50 93136168181175151117 84 60 52 61 8712115618118817614610425 214NK 810182195418899999999999999 148  01357 5199999999999999
 60 26 10 16 41 80123158179180162131 95 65 49 50 68 9813316318017915912525 215NK 833182202718299999999999999 215 101427 4799999999999999
 85 49 26 22 39 71110147173181170143109 75 52 44 53 7710914116417216414025 216NK 85418121 017299999999999999 241 211457 4499999999999999
106 72 46 35 42 66100136164177174153122 88 61 45 45 61 8711614215815914525 217NK 917178213516099999999999999 3 6 351529 4399999999999999
121 92 67 52 52 67 93124152170173160134103 74 53 45 51 69 9311813714614325 218NK 940173221314699999999999999 331 5016 3 4599999999999999
129108 86 70 65 72 90115140159166161143117 90 66 52 49 58 75 9511412713225 219NK10 616623 113299999999999999 356 651643 4999999999999999
128116102 89 81 82 92109128145156157147129106 84 66 56 55 62 75 9010411525 220NK1035158999999999999999999999 424 801736 5499999999999999
119118112105 98 96 99107119132142148146137121103 84 69 60 57 61 69 80 9225 221NK 015119111514899999999999999 459 961856 5799999999999999
103111115116114112110111114121128135139139133122107 90 74 62 54 52 57 6725 222NK 245116122514099999999999999 6161102044 5299999999999999
 81 96110121127128125120115113115120128135139138130115 96 76 57 44 38 4225 223NK 442128141713999999999999999 9 611322 4 3899999999999999
 55 75 98119135142142134122111104104112124138148150143125100 71 45 28 2225 224NK 52414315461509999999999999910281032257 2299999999999999
 29 49 77108135152158151134115 98 90 93107127148163167156132 97 61 29 1025 225NK 5551581646167999999999999991115 902339  699999999999999
  7 22 51 88126155170168152126 99 80 75 84107136164182183166132 89 46 1225 226NK 6231711735185999999999999991153 74999999999999999999999
 -4  0 25 64109149176183171143109 78 60 60 79112149181198194169127 77 3125 227NK 652183182019999999999999999 018 -51229 5899999999999999
 -1-10  4 39 86134173192188164126 86 55 42 50 79120163195208197164116 6425 228NK 72119319 420899999999999999 054-1013 6 4199999999999999
 20 -4 -4 20 63114160191199183148103 61 33 28 46 8212917220220919115310325 3 1NK 750200194720999999999999999 130 -71344 2799999999999999
 54 18  3 14 47 93142181201197169126 78 39 18 21 46 8813517519920017813825 3 2NK 819202203220399999999999999 2 4  31423 1699999999999999
 92 50 25 22 41 78123165193200185149103 58 25 11 21 51 9213617018718316025 3 3NK 849201211818899999999999999 239 2015 5 1199999999999999
124 86 56 42 48 72108147178194190167129 85 45 20 13 27 56 9413015716916325 3 4NK 91919522 916999999999999999 312 411549 1399999999999999
142114 87 69 65 76100130159180185174148112 74 43 24 21 35 60 9011913914825 3 5NK 95118623 914899999999999999 345 641639 2099999999999999
143130111 95 87 88100120141160171170157134104 74 49 35 32 41 59 8110312025 3 6NK1027172999999999999999999999 420 861743 3199999999999999
129130124116109106108116128140151157155145128106 83 62 47 41 43 53 69 8725 3 7NK 037130111715799999999999999 5 51061913 4099999999999999
104117125128127124121119120124130137142144141131115 96 75 56 44 39 44 5625 3 8NK 313128125514499999999999999 7 911921 0 3999999999999999
 74 95114129138140136128120113111114122132141145141129108 84 59 40 31 3425 3 9NK 44714015 414599999999999999 9551112218 3199999999999999
 47 70 97122142152151141126110 99 95100113130146156154140115 85 54 32 2225 310NK 5271531623157999999999999991057 952310 2299999999999999
 27 46 76108138157163156138115 94 81 80 91112137158169165146114 77 44 2225 311NK 5561631716170999999999999991136 792349 1699999999999999
 16 28 55 91128157171169151124 96 74 64 70 90119149172180170143105 64 3225 312NK 62217217571809999999999999912 8 64999999999999999999999
 15 18 39 75115151173178165137104 74 55 53 69 98132164183185166132 90 5025 313NK 645179183418699999999999999 022 141237 5299999999999999
 23 16 29 60101141171183176151115 80 53 42 50 75111148177189181154115 7325 314NK 7 718419 718999999999999999 051 1613 4 4299999999999999
 39 22 27 51 88130165184183163129 90 56 36 36 55 88126161183186169137 9625 315NK 728187193918899999999999999 118 211331 3499999999999999
 59 35 31 46 79119156181187173142103 64 37 28 38 6510314016918217615211725 316NK 748188201118399999999999999 143 301358 2899999999999999
 81 52 40 47 72108145174187180154117 77 44 27 28 47 7911614917017416113425 317NK 8 9187204317599999999999999 2 8 401426 2599999999999999
101 71 54 53 70 99134164181182163131 92 57 32 25 35 60 9312615216416114325 318NK 830184211716599999999999999 233 511455 2599999999999999
117 90 70 63 72 93122151172178168143109 73 45 30 31 46 7310313014715214525 319NK 853178215315399999999999999 257 631527 2899999999999999
127106 87 77 78 92114138159170167150123 92 63 42 35 41 58 8210612613813925 320NK 918170223714099999999999999 323 7616 3 3599999999999999
131117103 92 89 95109127145158161152134109 83 61 47 44 51 66 8410311712625 321NK 947161234312899999999999999 351 891648 4499999999999999
127123115107103103109120132143149149140124104 84 67 56 52 56 66 79 9410725 322NK1024150999999999999999999999 4261021758 5299999999999999
116122123121118116115117122128135139139134123109 92 76 64 56 54 59 69 8325 323NK 153123113214099999999999999 5481151946 5499999999999999
 98113125132134131126120116115118124131136137132121104 85 67 52 45 46 5725 324NK 355134134213899999999999999 8431152120 4499999999999999
 74 96118136147148142129115105100104114128142150148137116 90 63 42 31 3325 325NK 44014915231509999999999999910 31002221 3099999999999999
 48 74104133155164160145123101 86 82 90109133155168167152123 88 54 29 1825 326NK 5121641628169999999999999991049 8223 7 1899999999999999
 25 48 83121155175178164137105 78 62 63 80110143172187184162125 82 43 1825 327NK 5411791720188999999999999991127 602347 1199999999999999
 12 26 59102145178192185158120 80 50 38 47 75115157189203194164120 73 3425 328NK 61019218 72039999999999999912 5 38999999999999999999999
 13 15 39 80128171197201181142 95 51 24 18 37 75124169201211195159112 6525 329NK 639202185321199999999999999 025 111243 1799999999999999
 31 18 29 62108156192208200167119 67 25  3  6 34 8013217720520918814910325 330NK 7 9209193921099999999999999 1 2 181322  199999999999999
 61 36 32 52 90136178205209188146 94 43  6 -8  4 38 8713717820019817513725 331NK 740210202620299999999999999 138 3114 2 -899999999999999
 96 64 49 55 80118159192207199170124 72 27 -2 -8 10 46 9213717118618115925 4 1NK 811207211418799999999999999 213 481445 -999999999999999
126 95 73 67 79106140172194198183149105 59 22  2  1 21 55 9513215816816225 4 2NK 84419922 716899999999999999 249 671530 -199999999999999
144120 99 87 88102125151173185182164132 94 57 28 14 16 33 61 9312214115025 4 3NK 919186231115099999999999999 325 861622 1399999999999999
146135120108102106117134151165170164147122 92 64 42 31 32 44 63 8710912625 4 4NK10 0170999999999999999999999 4 81021726 3099999999999999
135137133126119116117123131141149152149138121 99 78 59 47 43 49 62 79 9925 4 5NK 04313711 015299999999999999 5151151854 4399999999999999
116129136138135129123119118120126132138140137127112 93 74 58 49 49 57 7325 4 6NK 248138125714099999999999999 7501182031 4899999999999999
 93114131143147144135123112105104109119130140143138125105 82 62 48 45 5425 4 7NK 4 2147145814399999999999999 9421042145 4599999999999999
 72 96121142155157149133114 98 88 87 96112131147154150135110 83 59 44 4325 4 8NK 4421571611154999999999999991034 862237 4299999999999999
 55 78107136157167162146123 98 79 70 74 90114139158166159138108 77 52 4025 4 9NK 51216717 1166999999999999991111 702316 4099999999999999
 44 63 93126155172174160135104 76 59 56 68 93124152171174161134100 68 4625 410NK 5371751742175999999999999991142 552349 4099999999999999
 41 53 79114148173182173148115 80 54 42 48 70103138166181177156124 88 5925 411NK 6 01821818182999999999999991210 42999999999999999999999
 44 48 69102139169185182162128 89 55 35 32 49 80118153178185173145110 7725 412NK 622186185218599999999999999 018 431237 3199999999999999
 54 49 63 92128162184189173142101 62 33 22 31 57 94134166183182162131 9625 413NK 643189192518599999999999999 046 4913 4 2299999999999999
 69 56 61 84117152179190182155116 74 39 19 19 37 7111114817318217214811625 414NK 7 5190195718299999999999999 113 551331 1699999999999999
 86 67 64 79107141170187187167132 90 51 24 14 24 50 8712515717417415813225 415NK 728190203017699999999999999 139 6314 0 1499999999999999
103 81 71 78 99129158180186175147108 68 36 18 18 35 6610213515916816214325 416NK 75218621 516899999999999999 2 6 711429 1599999999999999
119 96 82 82 95118145168180177157126 88 54 29 20 28 50 8011213915515814925 417NK 818181214315999999999999999 233 8015 2 2099999999999999
131111 96 90 95111132154170173163140109 76 48 32 29 41 63 9011613714714725 418NK 847174222914999999999999999 3 2 901539 2999999999999999
138124110101100108122140155164162149126 99 71 50 40 40 52 71 9311513113925 419NK 920165233414099999999999999 337 991626 3899999999999999
140134125116110110117127140150155151139120 97 76 58 49 49 57 72 9110912425 420NK10 6155999999999999999999999 4281101731 4899999999999999
134138137131124119116118124132140145144137123105 85 68 57 53 57 68 8510425 421NK 111139112214599999999999999 6 511619 0 5399999999999999
122136145146141132122114111113120130139144142133117 97 77 60 51 52 62 8025 422NK 242146131914499999999999999 8 81112027 5099999999999999
103127146157159150135117102 94 95105121138151156149132108 82 59 46 45 5825 423NK 337159145615699999999999999 923 942134 4499999999999999
 81110140162173170153129102 81 71 75 92117143164172166146115 83 56 41 4225 424NK 41617416 5173999999999999991013 712226 3999999999999999
 59 89125158181187175148113 78 54 46 56 82117153179189180154118 81 52 3925 425NK 45018717 2189999999999999991056 462311 3999999999999999
 45 69106146180198195172134 89 50 26 23 42 78122164193201188157117 78 5125 426NK 5231991754201999999999999991138 222353 4399999999999999
 43 56 87128169198208195160112 62 22  2  7 35 79129173201206189155114 7725 427NK 5562081843207999999999999991219  1999999999999999999999
 55 54 73109151188210210186143 89 37  1-13  0 35 8413617820220318314811025 428NK 630213193220699999999999999 034 5213 1-1399999999999999
 79 64 70 94131170201214204171122 68 20-11-17  2 40 9014017819619417214025 429NK 7 5214202219899999999999999 114 641345-1899999999999999
107 84 77 88114149182204208191154105 54 12-11-11 11 50 9614017118518016025 430NK 741209211318699999999999999 153 771430-1499999999999999
133108 92 91105130159185199196174138 93 48 15 -2  2 25 6010013616117116625 5 1NK 82020022 817299999999999999 234 901519 -399999999999999
150129111102104117138160179186180158126 88 52 26 14 19 39 6910213115115925 5 2NK 9 4186231115999999999999999 3191011612 1499999999999999
156144129117111113123138154166170164146120 90 62 41 32 36 51 7510112514225 5 3NK 955171999999999999999999999 4151101712 3299999999999999
151150143132122116116121130142151155152140121 98 75 58 48 50 61 7910112225 5 4NK 02515211 415599999999999999 5361151824 4899999999999999
139149151146137126117112112118127136143145139126108 88 71 60 59 66 8210225 5 5NK 146151124414599999999999999 7261121941 5899999999999999
124141153156151139125112102 99103113126137144144134118 98 80 67 64 70 8625 5 6NK 252156142514599999999999999 855 992050 6399999999999999
108130149161162154137118100 87 84 89103121138150152143125103 83 70 66 7525 5 7NK 338163154015299999999999999 953 842146 6699999999999999
 93118142161170167152129104 82 70 69 80100124145159160149128104 82 70 7025 5 8NK 4131701636161999999999999991034 682231 6899999999999999
 82105132157174177166143113 84 63 53 58 77104133156168166151127100 80 7125 5 9NK 44317717211699999999999999911 9 5323 9 7099999999999999
 76 94121150172183177157126 92 62 43 41 54 81114145168176169148121 95 7725 510NK 51018318 1176999999999999991140 402343 7399999999999999
 74 86110140167184186170141104 68 40 29 35 57 91128159177180166141113 8925 511NK 53618718381819999999999999912 9 29999999999999999999999
 78 82100128158181190181156119 79 45 24 21 37 6710514217018217715813110425 512NK 6 1190191318299999999999999 015 771239 2099999999999999
 86 82 93117147174190189170137 96 56 27 15 22 46 8212115517618117014712025 513NK 628192194718299999999999999 046 8113 9 1599999999999999
 97 86 90108135163184191181154116 74 39 17 14 30 60 9713416317717515913525 514NK 655191202217899999999999999 116 861340 1399999999999999
111 95 91101123150174188187168136 96 57 28 15 20 42 7511114416617316614825 515NK 725189205917399999999999999 146 901413 1599999999999999
126106 96 99113136161179186177153119 81 47 26 20 31 56 8912214916516715725 516NK 757186214016899999999999999 219 961449 2099999999999999
139120106101108124145166178179165139106 72 44 29 29 44 69 9912815016116125 517NK 832180222716299999999999999 2551011530 2799999999999999
150135119109108116131149165173170154129 99 69 47 37 39 54 7810513114915825 518NK 914173232315999999999999999 3391071617 3699999999999999
157148135122113112119131147159165162147125 99 73 54 46 49 62 8410913215025 519NK10 8165999999999999999999999 4391121715 4599999999999999
159158151138125115111115125138151158156146128105 82 64 54 56 68 8811113525 520NK 029160112315899999999999999 5591111822 5499999999999999
153163164156141125111103104112126141152156151136115 92 73 62 61 71 9111525 521NK 134165125715699999999999999 7251021934 6099999999999999
141161172172160141119 99 87 86 95112133151161161149128103 81 67 65 75 9625 522NK 229173142716399999999999999 837 852041 6499999999999999
123151173183179162136106 80 65 64 76100128154170173162140113 88 72 69 8025 523NK 315184154217499999999999999 935 622141 6899999999999999
104135165186194184159124 87 56 40 41 60 91127160181185174149119 92 76 7425 524NK 3571941646186999999999999991026 382235 7399999999999999
 89116149180200202185151108 64 31 16 22 48 87130167190195181154123 95 8025 525NK 4372031744195999999999999991113 162324 7999999999999999
 82100130165194210205180138 89 43 10 -1 10 42 87134173196199183155123 9725 526NK 51721018382009999999999999912 0 -1999999999999999999999
 86 91113145179205214203171124 72 26 -4-11  6 43 9113917719819818015212225 527NK 559214193020099999999999999 011 851247-1199999999999999
 99 92101125157189210214196160110 58 15 -9-11 10 49 9714417819519217414625 528NK 641215202119699999999999999 057 921334-1399999999999999
119102 98111135166193209208186148 99 51 13 -6 -3 21 6010514717618918416525 529NK 725211211118999999999999999 142 981422 -899999999999999
140118104105118142169192203197174137 92 49 18  5 11 36 7311314917318117425 530NK 81120322 118199999999999999 2291031510  499999999999999
157135117107109123144167185192185162128 89 53 29 20 29 53 8612115116917425 531NK 9 0192225217499999999999999 3191061559 2099999999999999
166150132116109112124142161175179171151122 90 61 42 38 47 69 9912815216625 6 1NK 953179234316999999999999999 4141091649 3799999999999999
169161146130116110111121135151162166160143120 94 72 58 55 65 8511013415425 6 2NK1054166999999999999999999999 5191091741 5599999999999999
165166158144129115107107114125139150155152140122101 83 72 71 80 9711914025 6 3NK 03616712 815599999999999999 6331061837 7099999999999999
157167166158143126111101 98103114127140148148141127109 94 84 83 9110712725 6 4NK 129168133314999999999999999 750 981937 8299999999999999
147162170168157140120102 90 87 91103119135146150145133117103 93 9210011525 6 5NK 218170145615099999999999999 856 872038 9199999999999999
135154169174169155133110 90 76 73 80 96116136150156152140124108 98 9710625 6 6NK 3 217416 515699999999999999 949 732136 9699999999999999
123144163176178168148122 95 73 61 60 72 9311814215916415914512711010010125 6 7NK 34117817 1164999999999999991032 592226 9999999999999999
112132154172182179164138107 77 56 46 51 69 9612615216817216314612510910125 6 8NK 41818317461729999999999999911 9 46231010199999999999999
105120142165181186177155123 88 58 39 36 48 7310513816417717616314212110625 6 9NK 4521871827178999999999999991144 35234910299999999999999
102111130154176189188171142105 69 41 27 31 50 8211815117418217615913611525 610NK 52619019 4182999999999999991218 26999999999999999999999
103105119142167186194186162126 87 51 28 21 32 59 9413216318118417215112725 611NK 6 0194194018499999999999999 0251021253 2199999999999999
110103110129154178194195179149110 70 37 20 21 39 7110914517218418116414125 612NK 635196201618599999999999999 1 01031328 1899999999999999
120106105117139165187197192170135 94 56 29 18 26 50 8612415717818417515625 613NK 711198205318499999999999999 13510414 4 1899999999999999
133114105109125149174192197186159121 81 47 26 22 36 6410113716518118116925 614NK 749197213218399999999999999 2121051442 2199999999999999
148126111106114132156179193193177147110 73 44 29 31 49 7911514817218217825 615NK 830195221318299999999999999 2521061522 2799999999999999
163142122109107117136159179189186168138103 70 46 36 43 64 9412815717618225 616NK 916190225718299999999999999 33910616 6 3699999999999999
175158137118107106117135156174182178160133101 72 53 48 57 7910813816417925 617NK1010182234318399999999999999 4331051652 4899999999999999
182173155133114102101111129149166174171156132105 81 65 62 72 9312014817025 618NK1115174999999999999999999999 5351011744 6199999999999999
183183172152128108 94 92100117137155166167156137114 93 79 76 8610513015525 619NK 032184123316899999999999999 643 911843 7699999999999999
176187185172149122 98 82 77 84101124145161167161146126107 93 90 9711513825 620NK 12318814 016799999999999999 753 771949 8999999999999999
163182191188172145114 86 66 59 66 8511113815917017015813912010510010612225 621NK 215192152517299999999999999 9 0 59205810099999999999999
145169189197191172140105 71 48 40 47 6910113416117717916915113011410711225 622NK 3 719716411809999999999999910 1 4022 510799999999999999
128152177196203195171135 94 56 30 22 32 58 9513316518518917815813511710925 623NK 3592031745189999999999999991057 2223 610999999999999999
115132158184203209198169128 82 42 15  8 22 53 9513717219219518316013611725 624NK 4512091841196999999999999991150  8999999999999999999999
109117136164191210214198165120 72 30  5  2 20 5510014417919719818215713125 625NK 542214193120099999999999999 0 01091240  099999999999999
113108118141170197214215196159112 63 23  2  2 25 6411015318519919517615025 626NK 632217201620099999999999999 0501081328 -199999999999999
125109107120145175201216212190151103 56 21  5 11 38 7812316318919818916725 627NK 720217205819899999999999999 1371061413  499999999999999
141117105107123149178202212205179140 94 53 24 15 27 56 9613817219119418025 628NK 8 7212213719599999999999999 2221041456 1599999999999999
157131111103108126152178198204193166129 88 53 33 31 47 7811615217919118725 629NK 852204221519199999999999999 3 71031536 2999999999999999
170146123107102110128152175190192179153119 85 59 47 51 7110113516418318725 630NK 938193225018899999999999999 3521021614 4699999999999999
179160137117104102111128149167178177164141114 87 69 64 73 9412114917218325 7 1NK1027179232718499999999999999 4411011652 6499999999999999
183171151130112101101109125142157165164153134113 94 83 83 9411313715917525 7 2NK1123166999999999999999999999 5341001732 8299999999999999
182177164145125108 99 98105118133146154154147133118105 9810011112814716525 7 3NK 0 5182123315599999999999999 636 971817 9899999999999999
176179173158140120104 93 91 9710812313614615014713812711711211312213615225 7 4NK 04917914 115099999999999999 746 91191711299999999999999
167176177170155135114 97 85 82 87 9811513114415215214613712712112112814025 7 5NK 139178153315399999999999999 854 82203112099999999999999
154168176177168152130107 87 74 70 76 9111013114815916115514513412612412925 7 6NK 233178164516199999999999999 953 70214512399999999999999
141157171179179168148123 97 74 61 58 68 8711213715716917016214913512512325 7 7NK 3271801737171999999999999991042 58224412299999999999999
130144161177185182167143113 83 60 47 48 63 8911914716917917716414713112125 7 8NK 4161851819179999999999999991124 46233011999999999999999
121131149169185192185165135100 68 45 36 43 65 9613116118018617916214112425 7 9NK 5 119218551869999999999999912 3 36999999999999999999999
116120135157180195198186160123 85 52 32 29 43 7210914617519019017615413125 710NK 543199192919299999999999999 0101151240 2899999999999999
115112121142168192205203184151109 69 38 23 27 50 8512516218719618916914425 711NK 62320620 319699999999999999 0471111317 2299999999999999
121108110126151180202212203178139 95 55 28 21 33 6210214417719719918415925 712NK 7 3212203620099999999999999 1241071353 2099999999999999
132111103110131161190209214199168125 81 45 25 25 45 8012216219020219617625 713NK 74421421 920399999999999999 2 21031429 2399999999999999
147120102 99112137168195211210191156113 72 42 30 38 6410214317819920319025 714NK 827213214320499999999999999 242 9915 6 3099999999999999
165135109 95 97113140171196207202180144104 69 47 42 56 8612416119020320025 715NK 912208221820499999999999999 325 941544 4199999999999999
181153124100 90 94113140168190198191168136101 73 59 61 7910914317519620325 716NK10 2198225520399999999999999 412 891623 5899999999999999
194172143114 93 85 91109135160179186179160133106 85 77 8310112915818319825 717NK11 0186233520199999999999999 5 4 8517 5 7799999999999999
199187163134107 87 79 84101124147165174170156136116102 9710412014316718625 718NK1211174999999999999999999999 6 5 791754 9799999999999999
197195181158129102 82 72 75 8910913215116316515814513112011612013315117025 719NK 022197134216699999999999999 716 72185811699999999999999
186194192179156128 99 77 64 63 73 9311714015716616615814613512912913815225 720NK 119195152616799999999999999 834 62202512899999999999999
169184194193181159129 97 70 53 48 57 7810613415817217617115914513513113625 721NK 228195165317699999999999999 949 48215613199999999999999
149167184197199187164130 94 62 40 34 44 6810013516418218818116514713212625 722NK 3401991755188999999999999991053 3423 712699999999999999
130145166188203207195168130 88 51 28 22 35 6410314217419319718516514212425 723NK 4452071842197999999999999991148 22999999999999999999999
118124143168194212215200168125 79 41 18 16 35 7011315518720320018315713125 724NK 541215192220499999999999999 0 11181235 1599999999999999
113109120144174202219219200163116 69 32 14 19 44 8413017119820719817414425 725NK 630222195820799999999999999 0461091318 1399999999999999
118103104121149182209223218193152104 59 28 18 31 6310615118620620618816025 726NK 715224203020899999999999999 1271011356 1899999999999999
129105 96103125156189213221210180138 92 53 31 31 51 8813117119820819817425 727NK 75722121 020899999999999999 2 5 961431 2899999999999999
143114 96 92105131163192211212196163122 83 53 42 51 7811615518720420318625 728NK 836214212720699999999999999 242 9215 3 4299999999999999
158127103 90 93110137166190202198178146110 79 61 60 7710614217419620319325 729NK 915203215420399999999999999 319 891533 5899999999999999
171142114 95 89 96115141166184189181160132104 83 75 8210313216218619819625 730NK 955189222119999999999999999 357 8916 2 7599999999999999
180156129105 92 90100118140160172174165147125106 94 9410512615117418919325 731NK1040175225019399999999999999 438 891632 9299999999999999
185167143120101 91 9210211813515016016015314012611410911312414216117718625 8 1NK1136161232518799999999999999 526 9017 610999999999999999
185175157136116100 92 9210011212613914815114814113312612412813715016417425 8 2NK13 0151999999999999999999999 628 91175312499999999999999
179177167152133115100 91 89 9310311612914114815014914413913613714215116125 8 3NK 01218015 215099999999999999 749 89191813699999999999999
169174173165151134115 98 86 81 83 9210712414015215915915514914213914114725 8 4NK 119175163816099999999999999 913 81211313999999999999999
157166173175168155135113 92 77 69 71 8310212414516217017016315214113513525 8 5NK 2411751729172999999999999991017 69222813499999999999999
142155168179182175159135107 81 63 55 60 7710313215817618317816514913412625 8 6NK 35118218 61839999999999999911 6 55231712699999999999999
129140158176190193183161130 96 66 47 43 54 7911214617419019218016013912225 8 7NK 4451931837193999999999999991147 42235611799999999999999
117124142167189204204188158119 80 49 33 35 55 8912816519220219617614912425 8 8NK 53120619 6202999999999999991223 32999999999999999999999
109109123149179204217212188150105 64 35 25 36 6510615018620720819216413325 8 9NK 613217193521099999999999999 0321071259 2599999999999999
108 97104127159193218226213182137 89 49 26 25 46 8413017320421620818214725 810NK 65422620 521699999999999999 1 7 971333 2399999999999999
114 92 88102132170204226228208170123 76 42 27 36 6510915519421721819916625 811NK 736230203422099999999999999 144 8714 7 2799999999999999
128 96 79 82103138178210227222197157110 69 43 39 56 9213617921022221218525 812NK 81822821 422299999999999999 222 781441 3899999999999999
147109 81 70 79106143181209220210183143102 70 55 59 8312016119621721820025 813NK 9 3220213522099999999999999 3 2 701516 5499999999999999
168129 94 71 66 80108143177200206194168134102 80 74 8511114517920521520925 814NK 95120622 721599999999999999 346 661551 7499999999999999
186152116 85 68 66 81107138166184188178157132110 97 9811213516318820420825 815NK1046189224320899999999999999 434 651627 9699999999999999
196172141109 83 69 68 8110212815116617116615313712411712113215117118819825 816NK1157171232819999999999999999 533 67171111799999999999999
197186165138110 87 73 69 76 9211313314915916015614814013613714415516818025 817NK1344160999999999999999999999 648 69181813699999999999999
188189181165142117 93 76 67 68 79 9611713715316316516215614914514515015925 818NK 035189155416599999999999999 823 66202814499999999999999
171181186183172152126 99 75 60 56 64 8210713415717217817516515314213713925 819NK 21318617 917899999999999999 949 56221513799999999999999
148163178190192183162132 99 69 49 43 53 7510714016818519018316714713112325 820NK 3441931753191999999999999991053 43231412399999999999999
126140161183200204194169133 93 59 38 34 48 7811615418319919818315913411525 821NK 4512051827201999999999999991142 33235810999999999999999
109117137165193212215200169126 83 48 30 32 54 9113417319920819817414411625 822NK 5422161858208999999999999991223 28999999999999999999999
 99 98113141175205222220198160114 70 39 28 40 7111315719321120919015812425 823NK 626223192521399999999999999 035 961259 2899999999999999
 98 86 93116150186214226217188145 98 59 37 37 58 9614118120821520217313725 824NK 7 5226195021599999999999999 1 8 861330 3499999999999999
104 83 79 95125162196218222205171127 85 55 44 55 8512616820021521018615125 825NK 741223201421599999999999999 141 781359 4499999999999999
115 86 74 79102136172201215211188151111 77 59 60 8111515519021021319616525 826NK 816216203721499999999999999 212 731426 5799999999999999
129 96 75 71 85112146178200206194168134101 78 71 8210914417820221120217725 827NK 850206205921199999999999999 243 701452 7199999999999999
143109 83 71 75 93122152178192191175150122 98 86 9010713516619120420218525 828NK 926193212220599999999999999 315 701517 8699999999999999
157125 96 77 73 8210212815317217917415913811710410111113015517819419818825 829NK10 5179214819899999999999999 349 72154310199999999999999
167140112 90 79 79 9010813014816116415914713312111511812914616518018818625 830NK1053165221718899999999999999 429 77161111599999999999999
173153130108 92 84 85 9510912513914815215014413713113013414215416617517825 831NK12 6152225617899999999999999 520 84164713099999999999999
174162146128110 97 90 89 9410311512713814514814814614414214314715316016625 9 1NK1431148999999999999999999999 637 8918 714299999999999999
168166159147132117102 92 86 87 9310411813214515415915915515014514414615125 9 2NK 0 5168162715999999999999999 826 86205714499999999999999
158164167164155140122104 87 77 74 80 9411413515416717217016114913913413625 9 3NK 2 116717 817299999999999999 948 74221613499999999999999
144156168175176166148124 98 76 62 60 70 9111914717018318517515814012612025 9 4NK 3321771737186999999999999991040 5923 012099999999999999
126140160179191191177152119 86 60 46 49 67 9713316618919819217214712310825 9 5NK 43019218 4198999999999999991121 45233510599999999999999
107120143171196208204184149108 70 44 35 45 7311315418820720719016012710125 9 6NK 5172091830210999999999999991157 35999999999999999999999
 89 96118152187213223213183140 94 55 32 31 52 9113718021022020817813910325 9 7NK 6 0223185722099999999999999 010 891232 2999999999999999
 78 73 89122163202227232213176127 79 44 30 40 7111616420422522319815911425 9 8NK 642233192522799999999999999 044 7313 6 3099999999999999
 78 59 63 88129175213234232206163114 70 43 39 59 9814519022123021618113425 9 9NK 724236195323199999999999999 120 581340 3899999999999999
 89 57 46 58 91136182217231223193149104 69 53 59 8612817320922922620015825 910NK 8 8232202223099999999999999 158 461413 5299999999999999
111 69 44 41 60 97141183212220207177138101 77 71 8511615519221822621218025 911NK 853220205222699999999999999 238 391447 7099999999999999
137 93 58 40 43 66101142177198202188162131106 92 9511314117420121621419525 912NK 942203212421799999999999999 321 391521 9199999999999999
162122 84 57 45 51 7210313616418018217115313211711211813515818119820519825 913NK103918322 020599999999999999 4 9 45155711299999999999999
178149116 86 64 55 60 76 9912514616016516015114013213113714816317718719025 914NK1158165224919099999999999999 5 9 55164213199999999999999
183168146120 96 77 67 66 75 9111012914415415715615214714514615015716517225 915NK1410158999999999999999999999 632 65182014599999999999999
176174166152132110 90 75 67 69 80 9611713615316316716515815014414014214925 916NK 01617616 516799999999999999 818 6721 914099999999999999
158168174173164146123 98 76 63 60 69 8811313916117517917416114513212412525 917NK 225174165418099999999999999 944 59222412499999999999999
135150168181185178158130 98 71 54 51 63 8811915117618918917615413111410625 918NK 3531851727191999999999999991041 5023 810699999999999999
110127151175193199188163128 91 62 46 48 66 98136170193200191168139111 9325 919NK 4511991756200999999999999991124 442343 8999999999999999
 90102127158188206208191159119 80 52 42 52 80119158190206203183151117 8925 920NK 53621018212079999999999999912 0 42999999999999999999999
 76 80102135171201215210186148105 69 48 47 67103145182206211196166127 9225 921NK 615216184421299999999999999 015 751231 4599999999999999
 69 65 79110148185211218204173131 91 61 51 62 9113117220221420617914110125 922NK 65121819 621599999999999999 045 641259 5199999999999999
 70 56 62 86123163196214212190155115 81 62 63 8512016019421321219115611425 923NK 724216192721599999999999999 113 551326 6099999999999999
 77 54 51 67 98137175201210199172136102 78 71 8311114818320721319916912925 924NK 757210194921399999999999999 141 501351 7099999999999999
 90 60 47 54 78112150181198199182154122 95 82 8610713717019720920317914425 925NK 830201201120999999999999999 210 471416 8299999999999999
105 72 52 49 63 91125158181190183164138113 97 9410612915818420020118615725 926NK 9 4190203420399999999999999 239 481441 9399999999999999
122 88 63 52 57 7610413415917417616714912911210511012514717018719418716725 927NK 942177205919499999999999999 311 5215 710599999999999999
138107 80 64 60 69 8811213515316316215314012711811812514015717318218217025 928NK1026164212718399999999999999 347 60153511799999999999999
150126101 81 71 70 79 9511313114415115114613913212913113714715916817116825 929NK113315222 417299999999999999 432 69161212999999999999999
158141122103 89 80 79 84 9510812213414214614714614314014014214615215716025 930NK1345147231116099999999999999 541 79174114099999999999999
159152141127112 98 88 82 82 88 991121271401511561571541481421381381411462510 1NK1540157999999999999999999999 729 81203813799999999999999
152156156150139123105 89 77 73 77 891071281481631701691611481351251231282510 2NK 127157162217199999999999999 9 2 73215012399999999999999
138152163168165152131107 83 67 60 66 841091381631801851771591371181061062510 3NK 3 816816511859999999999999910 1 60223210499999999999999
117136159177186181163134102 72 53 49 61 87122157184198195176148117 94 842510 4NK 4101861718199999999999999991045 4923 8 8399999999999999
 90111141172195204195169132 92 60 43 45 66101143181205211196165126 90 672510 5NK 4592041746211999999999999991124 412343 6199999999999999
 62 78110150188213218202168124 81 50 39 50 81124169204221214186144 97 602510 6NK 54521918132219999999999999912 0 39999999999999999999999
 41 46 72115162202225225201161114 73 48 45 66105152194222227208167117 682510 7NK 629228184222899999999999999 019 401236 4499999999999999
 34 23 37 73122173211229222193151105 70 54 62 90132178214230223192144 902510 8NK 714230191223199999999999999 056 231311 5499999999999999
 44 16 14 36 79130178212223211181140101 75 69 841171581972232282091711202510 9NK 759223194322999999999999999 136 111347 6999999999999999
 69 29  9 15 42 86134177204210196167132103 87 89109141176206221216191150251010NK 847210201622199999999999999 217  81423 8699999999999999
102 57 26 14 24 52 92134169189192178155129110103110130157184203209199172251011NK 939193205320999999999999999 3 2 1415 010399999999999999
135 94 57 34 27 37 62 95128155171173164149132121119127142162180192192181251012NK1041174213519499999999999999 353 27154311999999999999999
158128 95 67 49 43 50 69 93119141155160157149140133132136145156167175175251013NK12 6160223417699999999999999 456 43164713299999999999999
167152130106 83 66 58 60 71 88109129144154157155150143138136137143150157251014NK14 3157999999999999999999999 619 5819 413699999999999999
162161153139120 99 81 68 64 69 82102123143157165164157146135126122124132251015NK 022162152716599999999999999 757 6421 612299999999999999
144155162161152134112 89 71 63 66 79101126150168175172160142123109103107251016NK 226163161217599999999999999 916 6222 610399999999999999
120138157170173164144117 90 69 60 64 81108138164181185175154128104 88 84251017NK 3461731645185999999999999991011 592247 8499999999999999
 94114140165181183171146115 85 64 58 68 92124156181193188168139107 82 68251018NK 4401841713193999999999999991053 582321 6799999999999999
 71 89117150177192190172141107 77 61 61 79109145177196198183153117 83 60251019NK 5241931737199999999999999991128 592351 5399999999999999
 53 65 92128163189199190165131 96 71 62 72 97132168194204194167129 90 58251020NK 6 219918 0204999999999999991159 62999999999999999999999
 42 46 68103142177198200184153118 87 70 70 89121157188204202180144102 64251021NK 637201182320699999999999999 020 411228 6799999999999999
 39 33 47 78118157187200194171139106 82 74 85111145178200205190159117 75251022NK 711200184520699999999999999 047 331255 7499999999999999
 43 28 33 57 93134169192196182156124 97 82 85103133166192204197171133 91251023NK 74419719 820499999999999999 115 271322 8199999999999999
 53 30 26 41 71110147176189186167140113 94 89100123153180197198181149109251024NK 817190193320099999999999999 143 251349 8999999999999999
 70 41 27 33 54 87123155176181172152128107 97100116140166186193185161127251025NK 851181195919399999999999999 213 271417 9799999999999999
 90 58 37 33 45 70101132157170169158140121108105113131152172184183169143251026NK 929171202718599999999999999 245 33144610599999999999999
110 79 54 42 44 59 83110135153160158147133121114115125140157170175169153251027NK101416121 017599999999999999 322 41152011399999999999999
129101 76 59 52 56 70 90113132146152150143134126122124132143154162164157251028NK1115152214216499999999999999 4 6 5216 912299999999999999
142122101 81 67 62 65 76 92110127140148149146140134129128131138145151153251029NK1248149225215399999999999999 5 7 62174412899999999999999
149140125107 90 76 69 69 76 89106123139150155155148140131124122126132141251030NK1421156999999999999999999999 632 68195212299999999999999
147149145134118100 83 71 67 71 84103125145160167165154139123111105109119251031NK 052149151516799999999999999 8 0 6721 710599999999999999
134148157157148131108 86 69 62 66 82105133158175180172154129105 88 83 902511 1NK 234158155318099999999999999 9 8 612155 8399999999999999
108132155170174163141112 84 64 56 64 85116149177192191173144109 79 61 592511 2NK 34417416261939999999999999910 1 562236 5899999999999999
 74103137167187190175147112 80 59 54 68 96133170196205194165124 82 49 332511 3NK 4401911658205999999999999991046 542315 3299999999999999
 38 64102145181201202182148110 76 58 59 79114155191212212189149 99 52 202511 4NK 5302041730215999999999999991128 562355 1099999999999999
 10 24 59106155192211207182145105 75 62 70 97136177208221210177127 73 262511 5NK 61921218 32219999999999999912 8 62999999999999999999999
 -2 -5 18 61113163198213204177139102 77 71 86117157194218221200159105 502511 6NK 7 7213183822399999999999999 036 -71247 7199999999999999
  8-13 -9 20 67119166197207195167132101 84 85104136173203219213186140 872511 7NK 756207191522099999999999999 119-151327 8299999999999999
 36  0-14 -3 29 74123165190196183157127104 94 991201501802042112001691252511 8NK 846196195521199999999999999 2 4-1414 8 9399999999999999
 76 33  4 -4  9 40 821241591791821701481261091041121311561791951971831542511 9NK 940182203819899999999999999 252 -4145310499999999999999
115 74 38 16 12 25 52 87123150166169160144127116113120134153170181181168251110NK1041169212918299999999999999 344 11154711399999999999999
144112 79 51 34 30 41 63 91120143156160155143131122118121130143155164164251111NK1151160223616599999999999999 444 3017 211899999999999999
156139115 89 66 51 47 54 71 93117138152157155146135124117115119128138147251112NK1310157999999999999999999999 553 47184911599999999999999
152149139122101 81 66 60 63 76 95117138153160159150136122110103103111122251113NK 012152142016199999999999999 7 9 60202610299999999999999
135145149144131113 93 77 68 69 81100122144160167164151133113 96 86 86 95251114NK 158149151116799999999999999 822 672131 8599999999999999
111129145154152140121100 82 72 74 86107132154170174166147122 97 78 68 71251115NK 321154155017499999999999999 923 722217 6899999999999999
 85107131151162160146125101 83 74 78 94119145167179177162136105 76 57 51251116NK 4211621622180999999999999991011 742254 5199999999999999
 60 82110139161170165148123 99 82 76 85106134161180185175150117 82 54 39251117NK 5101701651185999999999999991052 762326 3799999999999999
 40 57 86120151171177167145118 94 80 81 96121151175188185165132 93 58 33251118NK 5511771718189999999999999991128 792356 2599999999999999
 25 35 61 97134163179179163137110 89 81 89110139167186190177148109 68 36251119NK 62818117451919999999999999912 1 81999999999999999999999
 18 20 39 72112148173183175154127102 86 86100126155180191186163126 84 46251120NK 7 3183181219299999999999999 026 161232 8499999999999999
 19 11 22 50 88127160178180166142116 95 87 94115142169187190175144104 62251121NK 736182184019199999999999999 056 1113 2 8799999999999999
 29 11 12 32 65104140167178173154130107 93 92106129156178189182160124 83251122NK 81017819 918999999999999999 126  91332 9199999999999999
 46 20 11 21 46 81118149168172162142120102 95100118142165181184170142106251123NK 845173194018599999999999999 158 1114 4 9599999999999999
 67 36 19 18 33 62 96129153166164151132113101100110128150169178174156126251124NK 923167201317999999999999999 233 161438 9999999999999999
 91 58 34 23 29 47 76107135154161156143127112104106117134153166171163143251125NK10 5161205217199999999999999 310 23151910499999999999999
114 83 56 38 32 41 60 87114138152157152140125114108110120135149159161152251126NK1056157213916199999999999999 353 32161310899999999999999
133108 82 59 45 42 51 70 94118139152156151140127116109110117128141149151251127NK1156156224515299999999999999 443 42172710999999999999999
145130109 86 67 54 52 60 76 98121141154159154143129114105101106116128140251128NK13 0159999999999999999999999 544 52185410199999999999999
145143133116 96 77 64 60 66 81102125146160165160146126107 92 85 88 99116251129NK 016146135816599999999999999 654 602012 8599999999999999
132144148142127107 87 72 65 70 85107132155170174165145118 92 72 63 67 82251130NK 154148144617499999999999999 8 5 652112 6399999999999999
105129148158155141119 96 77 69 73 90115143168182182166138104 71 47 37 452512 1NK 316158153018499999999999999 910 6922 3 3799999999999999
 67 98130156170168153128102 81 72 78 97126157182193187164127 84 46 20 132512 2NK 42317116111949999999999999910 7 722251 1399999999999999
 26 56 95135166182179161133104 83 75 84107139171195202189157112 63 21 -42512 3NK 5221831652202999999999999991059 752337 -899999999999999
 -6 13 51 97142175190186165134105 84 80 92119153185205206186146 95 43  22512 4NK 6161911734208999999999999991147 79999999999999999999999
-20-18  8 51102148180193186163132103 86 85101130165194210205179134 80 282512 5NK 7 7194181721199999999999999 024-221233 8399999999999999
-11-28-20 11 57108153182191181156126101 88 91110140173199209199168122 682512 6NK 75719119 220999999999999999 111-281318 8799999999999999
 19-14-25-13 20 66115155180185173148120 99 90 971171461761972031891561112512 7NK 846186194820399999999999999 158-2514 4 9099999999999999
 61 18 -9-15  1 34 78122156175177163140115 98 931011211481731891911751442512 8NK 934178203619299999999999999 246-161453 9399999999999999
103 59 24  3  2 19 51 90128156169168154133112 98 951041211441641771761612512 9NK1023170212817899999999999999 334  01546 9599999999999999
133 98 62 34 20 22 39 68102133155164160147128110 98 96102117135151161160251210NK1112164222616299999999999999 423 181647 9599999999999999
148125 97 69 48 38 42 59 84112137154160155142125109 97 93 97108122136145251211NK12 3160233614799999999999999 512 381759 9399999999999999
146138121100 79 63 57 61 76 97120141154158153140123106 93 87 88 96108121251212NK1256158999999999999999999999 6 5 571920 8699999999999999
132136133122106 90 78 72 76 88107127144156159152138120101 85 76 75 82 95251213NK 1 4136134915999999999999999 7 5 722037 7599999999999999
110124133134127115101 89 84 86 97113132149159160152135113 91 73 62 61 69251214NK 238134143816199999999999999 811 842137 6099999999999999
 85104123135140135124109 97 90 92103119138154163162150129103 77 57 46 47251215NK 358140152316499999999999999 917 902224 4599999999999999
 60 81106128143148143130113 99 93 95107125145161167162144118 87 59 39 31251216NK 45814816 3168999999999999991014 9223 3 3199999999999999
 38 57 84113138153156148131112 98 92 97113134154168171159135103 69 40 22251217NK 54415716411719999999999999911 2 922338 1999999999999999
 20 34 60 93125150162161148128107 94 91101120144164174171152122 84 49 22251218NK 6241631716175999999999999991142 91999999999999999999999
 10 16 37 70106139161168161142120100 90 93108131155173178168142105 65 30251219NK 659168175017999999999999999 011 101218 8999999999999999
  8  4 18 46 84121151168169155133110 93 88 97117143167180178160127 86 46251220NK 732170182418199999999999999 044  31251 8899999999999999
 16  1  5 26 61100136161171164146122100 88 90105129155175183174148111 69251221NK 8 5171185818399999999999999 117  01324 8799999999999999
 31  7  0 12 40 78117149167169157135111 93 87 94114140164180181165134 94251222NK 838170193418399999999999999 151  01357 8799999999999999
 53 21  4  5 25 57 96132158169164147124102 89 88100122148169180174153119251223NK 912169201118099999999999999 225  21434 8799999999999999
 79 43 17  8 16 41 76112144163168158138115 96 87 90105128152169174164140251224NK 948168205117499999999999999 3 0  81515 8699999999999999
106 69 38 19 17 31 59 93127152166165151130108 92 86 91107129150163165153251225NK1026167213816699999999999999 338 1616 2 8699999999999999
129 97 65 40 28 31 49 76108138158166161146124103 88 83 89104124142154155251226NK11 7166223415699999999999999 418 271658 8399999999999999
143122 94 68 49 41 47 66 92120145161166158141119 97 82 76 81 94113131143251227NK1152166234614699999999999999 5 3 4118 3 7699999999999999
145138121 99 77 62 57 64 81104129151164166157138114 91 73 65 67 80 98117251228NK1241167999999999999999999999 556 571915 6499999999999999
132140137126109 91 78 73 78 92113135155167168157136109 82 61 49 49 61 81251229NK 115140133616999999999999999 7 0 732028 4899999999999999
104125138142136122106 92 85 88 99118139159171171159135104 72 45 30 28 41251230NK 251142143317399999999999999 816 852135 2799999999999999
 64 93121141151149137120105 95 94104121143164176176161133 97 59 27  9  8251231NK 418151153017899999999999999 934 932235  699999999999999
