265160 71 15  5 4612822932840845044439331322715511612518226835542144541725 1 1O61023454215944599999999999999 342  2161911399999999999999
339232125 43  0  7 6716226936543445943236327418912710613620830038343744525 1 2O61059459223944899999999999999 421 -4165610699999999999999
397306195 95 25 -1 2610220531039845045240532423415711010915623732740144025 1 3O61133458231944299999999999999 5 0 -1173210399999999999999
429367269163 75 22 16 6114725134942045043036728019613310412017826134440525 1 4O612 6451999999999999999999999 537 1218 910399999999999999
428403333238143 72 38 4910719629337642743539732524216811910613419527334625 1 5O6 0 0428124043899999999999999 615 36185010699999999999999
395407375306221143 88 70 9315323632038641941036329221615311611114119926925 1 6O6 046408131842099999999999999 657 70193810999999999999999
33337438235229422416112011013519026133038040038433727320515011611113718725 1 7O6 14238414 340099999999999999 747110203910999999999999999
25031035136334430124619516014916721026732336538036732726920715111410212025 1 8O6 25336315 238099999999999999 852149215510299999999999999
163223284331354351323279233196178184212257307347367362331278214153107 8525 1 9O6 42235616183699999999999999910171772314 8599999999999999
 94133194261320358370353315268223193184201240289335365370345292223152 9525 110O6 5543701740372999999999999991151184999999999999999999999
 64 6610517024731837139438534629223619217218222127733337338636230522714625 111O6 712395185238699999999999999 026 60131117199999999999999
 79 41 41 8215624332639042041036630223418015216220827434138940537831322425 112O6 816421195340599999999999999 130 36141515199999999999999
134 61 20 23 7115425234441244242637129521815713114820628435840942138630925 113O6 9 9442204642399999999999999 227 1515 713099999999999999
211116 42  4 16 7617027537043545542535627118913111514821930638242943037925 114O6 954456213143699999999999999 317  2155011499999999999999
290186 91 23 -3 2510120431140145445440532223215410811116424833740744142325 115O61031461221044199999999999999 4 0 -3162710399999999999999
355255151 64 11  7 56146254356430459433363272185121 9812619628637042643725 116O611 2459224443999999999999999 435  21658 9899999999999999
397313210114 44 15 3810820831239844644339030521514110110615723832539542925 117O61127451231443099999999999999 5 4 151724 9799999999999999
415353261164 85 40 41 8917527436442544040533224416511310013119828035440325 118O61148441234241499999999999999 529 341748 9999999999999999
412375301212130 75 59 8715324233039842741135327219213210611816523530836525 119O612 9428999999999999999999999 553 59181210599999999999999
392379329255180120 91 9914421529536440440636730022516112211614319525931725 120O6 011393123241099999999999999 618 89184011499999999999999
35636534129022917213512514819726032437038837032326019815112913416421126325 121O6 04636613 038899999999999999 648125191912799999999999999
30733333431127122618816716719123228132735535933629424219315714114717120825 122O6 132337133836199999999999999 728164201414099999999999999
25028630831229927424421920320221724527931233233431728424320116714814616125 123O6 242313143733699999999999999 834200213714499999999999999
19122926529230730729527425123122022123726329231432431829325521117014113025 124O6 43130816 732599999999999999102321923 413099999999999999
13916720825129031833032430427424321820821724327731133233431327021616312225 125O6 61133017353369999999999999912 2208999999999999999999999
10311014319325030334236035432628423820118519422827532235536033428021114425 126O6 715361184136299999999999999 01310213 918499999999999999
 93 71 8212418826032637339237933727922017515717422228634738538935228219725 127O6 8 6392193639299999999999999 110 7014 115799999999999999
117 60 38 5711419528135640742139433626219114213016222830837841841436227425 128O6 850421202542299999999999999 2 2 38144712999999999999999
174 85 26 10 4211621331139344044239731923215510911016124633741144743036025 129O6 932447211244899999999999999 251  9152910399999999999999
255144 52 -4 -8 42135246351431467449381287192116 8110117327337044246743225 130O61010468215646799999999999999 335-1316 9 8099999999999999
342225110 22-22 -8 63173291394463479434346241146 80 6410819930640246447225 131O61045481223747699999999999999 416-251646 6299999999999999
415310188 79  3-22 16108226342434480467396294188102 56 6513123233942647125 2 1O61117483231747399999999999999 454-221721 5299999999999999
456381270153 58  4  5 66169285389457473430340235139 72 50 8316326636343425 2 2O61146475235545799999999999999 529 -31754 5099999999999999
457422338231130 58 30 55131234337417456441375280183105 61 6311219528937125 2 3O61214458999999999999999999999 6 2 291828 5699999999999999
422425379297206128 82 77119196287368421430393320232151 93 70 8613821429425 2 4O6 035430124243299999999999999 636 7319 6 6999999999999999
359392386341273204150125134178244315371399390346280207144103 9010715221425 2 5O6 120395131640099999999999999 7141241956 9099999999999999
27933035535031927222519017618621826431334936435231626521016012511011714825 2 6O6 22035714 336499999999999999 8 6176211010999999999999999
19524829332233031929426423722021823125628731432932831127823418814712011225 2 7O6 354331152733199999999999999 940217225211199999999999999
12616221026130333134033030727624622421722625028130932732830826821516011625 2 8O6 5583401733330999999999999991157217999999999999999999999
 91 9412617924230234937337034229824920818518821626130934636134429723015925 2 9O6 723375185936199999999999999 024 89132418399999999999999
 98 63 61 9716324231937940940135929723117514715519826232837839637431222825 210O6 818410195839699999999999999 132 57141814599999999999999
142 72 33 37 8616826235041443741435427419613611313720028236041342438630725 211O6 9 0437204442699999999999999 225 2915 011399999999999999
208114 43 11 30 98195299389445450405325234152 99 9414122431739644143537625 212O6 936455212444699999999999999 3 8 101536 9099999999999999
279173 80 18  4 47135243348428463440370275181108 75 9716826535943045542425 213O610 7463215845599999999999999 345  216 6 7599999999999999
342235130 48  7 22 91194305399456458404313213127 74 7212421331339945044725 214O61032465222845699999999999999 415  51633 6699999999999999
389291182 88 29 19 65156266368439462426344243150 84 62 9316826635942744925 215O61053462225544999999999999999 441 161656 6299999999999999
416335232133 62 33 57131233336417454437369272175100 63 7513422231539243225 216O61112456232143699999999999999 5 3 331716 6299999999999999
424366276180103 60 65118206304388438438387299203123 75 7011018327034940225 217O61130445234641599999999999999 525 561737 6699999999999999
414381310225149 99 87119187274355411426394323234153 97 78 9815422830236025 218O61150427999999999999999999999 546 861759 7899999999999999
388377331264196145122134180247318375401389338265190131 9910113519125431025 219O6 014389121240299999999999999 6101211826 9699999999999999
34835733629224019516716318623028433336536934229122917413512013116420925725 220O6 048358123837199999999999999 63816119 412099999999999999
29732132330427424221620320722625729132133633130626722318315614515117220425 221O6 135325131633799999999999999 71820320 814499999999999999
24027129229929428126525024023824325627529330430529327124120817915915115925 222O6 3 3299143430699999999999999 85123722 015199999999999999
18021024327229430630830028526524723423324326228430130729827323619315613225 223O6 5413091657307999999999999991138232234212699999999999999
12714417822226930933634633630927223420619620924128232034133930825619313625 224O6 7 03461824344999999999999991256196999999999999999999999
 97 8610615221628234037738636431825920316515618123429835438638133726317925 225O6 748387192338999999999999999 052 86134615599999999999999
105 56 45 7514122531138042042037830822916011912016624332739643041735325725 226O6 829425201443299999999999999 147 44142911399999999999999
155 69 17 12 59147251350425458439373280186112 76 9516526536343846843835425 227O6 9 945921 146899999999999999 236  81510 7599999999999999
239125 35-13 -3 66174292396466482436345236135 64 44 8718129640147449144025 228O6 946484214649399999999999999 320-171549 4399999999999999
336211 94  8-25  7 98220342441493481407297181 83 26 3010021133243549649225 3 1O61020497222750399999999999999 4 1-251626 2099999999999999
421304177 68 -1-11 46154279393473496451353234123 40  8 4113124936645749625 3 2O6105149723 649799999999999999 439-1517 1  899999999999999
469381263147 57 13 31110223339433481469395285171 76 19 16 7317328739045925 3 3O61118485234447599999999999999 513 111733 1099999999999999
473425332225130 67 53 96184289384447460416327220123 53 25 4711621331339425 3 4O61144462999999999999999999999 545 5218 4 2599999999999999
437429373288202135102113167249334400430413353265176103 60 54 8915623831725 3 5O6 02144012 943199999999999999 6161001838 5299999999999999
374397379328263204164153176226289348385389358300230164115 90 9412517824025 3 6O6 1 3397123839299999999999999 6491521922 8899999999999999
29733735133730426522920820622325629532834534031527422818415013012714317525 3 7O6 159351131834699999999999999 737204203912699999999999999
21826129531431830829027025324424325226828629830329728225722619216214213725 3 8O6 345318145830399999999999999 933242224613799999999999999
15118122126330032533533031128425523222022323926429031031630227022417513425 3 9O6 6 93361750316999999999999991218219999999999999999999999
11211514419425331035337436833729023919617317720725430534536234630023416525 310O6 71637519 236299999999999999 023110132217199999999999999
108 77 8112219026834039241039033827020114912814619927033938940337430722225 311O6 758410195040499999999999999 123 7414 312899999999999999
138 75 47 64124211303382429431388313228152103 9814021730538342942837628925 312O6 833436202943599999999999999 2 8 461437 9499999999999999
191103 44 31 71153254351423452428359267175103 71 9116025535042445543035425 313O6 9 345221 445599999999999999 245 2915 8 7099999999999999
252150 68 26 38104203310401454454399307206119 64 5910920030439645446040725 314O6 930461213646499999999999999 317 241535 5499999999999999
313205108 44 28 71160268370442465429345241143 71 44 7214925235443246644125 315O6 95346522 546699999999999999 346 2716 0 4499999999999999
364260156 76 38 56127230336421463448378276171 88 42 4910820330739745245425 316O61015465223346099999999999999 412 371623 3899999999999999
402310207118 63 57106197301393450455403309203111 52 40 8016126035442244825 317O61035460225944899999999999999 436 531644 3899999999999999
420348253164 99 74101173268360427449417337235140 72 45 6512921830938342525 318O61055449232542999999999999999 459 7417 5 4599999999999999
420371292209141105111161241326395430417357267174101 62 6511018326634039025 319O61115431235140499999999999999 5221021726 5899999999999999
403377318248185144135164222294359400403365293210138 91 7910315722629434625 320O61135407999999999999999999999 5441341750 7999999999999999
37336733127922618616917921526832236237736031224618113210711114219124729725 321O6 019375115937799999999999999 6 8169182210599999999999999
33134333030026223020920622125028732034134131827822918415113614216420024025 322O6 058343123134499999999999999 642205191513699999999999999
27730331330829227325524323924425727629430730829727424421218416415616218225 323O6 2 8313133730999999999999999 75623921 315699999999999999
21224527529730931130429027325524123624225627629330330028325321517714913725 324O6 44431116193039999999999999911 023623 513799999999999999
14617321325930133234834532328724821419519622025930133334633329223417312425 325O6 62034918 1346999999999999991226193999999999999999999999
 9810213619426232537239338234128121916814315119526032737839938032123915525 326O6 71039419 239999999999999999 023 96131614199999999999999
 90 56 63113193283363418434406340255174114 9111718627736442744741533523125 327O6 753435195444899999999999999 120 531359 9199999999999999
131 56 22 40110211317406460462409317213121 60 50 9819330440447048343233325 328O6 833468204248699999999999999 210 211441 4799999999999999
214107 30  4 40130247360448489467388276161 68 16 2610021433644050149942925 329O6 910490212850999999999999999 256  41521 1299999999999999
316193 86 18  8 65171294404479497447344221107 23-10 2512024536946751449225 330O6 946499221251599999999999999 339  416 0-1099999999999999
407289170 74 24 37113227345440491478401285163 60 -5-11 4815628139747950425 331O61019495225350599999999999999 419 201636-1699999999999999
463369256152 76 51 88176286388459478434339222113 31 -7 14 8919831441247025 4 1O61049479233247999999999999999 455 511710 -799999999999999
472417326228145 97 98152240335413452439374275172 85 29 18 5713723633340725 4 2O61116454999999999999999999999 529 901743 1799999999999999
441425367288212156135155213289361409419385314227146 85 55 6210617725833225 4 3O6 011441114442199999999999999 6 21351819 5399999999999999
382397375327269217185181207255310356379370332272208152113 9810914519825825 4 4O6 053397121538099999999999999 63817919 5 9799999999999999
31034435433930827224122322323926729932433432429826122118415614114216119525 4 5O6 15235413 033499999999999999 733221202613999999999999999
23627730832532731629627425624424124926327929229729428125822819716915315325 4 6O6 33732815 929799999999999999 944241222915199999999999999
17220624828832134034232830126823721520821724027029931832130326722017414025 4 7O6 5363441738322999999999999991156208235712999999999999999
12914318223629334137137435130725520517116118022227532635936533828521915725 4 8O6 6373761841367999999999999991251161999999999999999999999
11410112317724832037740539635328821815812412516423030436740339835327919825 4 9O6 717406192440699999999999999 052100132811999999999999999
128 85 83123196282361414428397330247167109 8711017526134641043541134425425 410O6 74942920 143599999999999999 134 7814 0 8799999999999999
165 97 66 83146236330404443432374286192114 68 6912020730539144544940131525 411O6 818445203545499999999999999 2 9 661429 6299999999999999
217131 74 64106189289380440453412328228135 68 45 7515125235242946444337325 412O6 84545521 946499999999999999 242 611457 4599999999999999
276179102 65 81148245345423460441370269166 83 38 4410219630139445446441925 413O6 911461214146799999999999999 313 641524 3499999999999999
333234145 86 74118203304394451457405312205110 47 30 6614624834842646244525 414O6 936461221146399999999999999 343 721550 2999999999999999
379287194121 86103169263358429457429351246145 68 32 4510719929938544044925 415O610 1457224045299999999999999 411 851615 3099999999999999
408331242164114107149228319397441437379286184 99 48 42 8316025334140643525 416O6102544623 843599999999999999 4381041638 3999999999999999
418361283207150126145204284361414429394318224137 76 53 7313221329736640725 417O61048430233541499999999999999 5 412617 2 5399999999999999
411375314246189155156193256325381408395341261178113 77 7811517925332137025 418O61112409999999999999999999999 5291511729 7299999999999999
390376334279227191178194236290342376381352295224159114 9711115220927132325 419O6 0 5390113938399999999999999 55717818 3 9799999999999999
35636334530826723120920722525929933435334831927121716813612513717021626525 420O6 046364121935499999999999999 636205185812599999999999999
30733434133030627725123322823625628230732332430727723819816614814716519825 421O6 152341133232599999999999999 754228203214599999999999999
24128331633533832730427624922922022624527230031932330927923719215613714025 422O6 34233915453239999999999999910 7220222113599999999999999
16721126331234936636133529424720618117920124329333636035832627120614911325 423O6 5183671725363999999999999991136177234210599999999999999
10713318825832737940439735729322316412812716322830436940840936729420813425 424O6 6174061831413999999999999991233123999999999999999999999
 86 76110181270354416441422360273184112 74 8213922932640745345039530320325 425O6 7 5442192745899999999999999 044 751321 7199999999999999
117 64 58104192296388451467429344238136 61 28 5313124235344248847640630225 426O6 749468201849199999999999999 137 5414 6 2899999999999999
194105 54 57118219329421476476416311194 90 18 -1 4314026237946850748340225 427O6 83048421 850899999999999999 227 481449 -299999999999999
293184 99 56 73148255363447487465384268149 50 -9-10 5216128740148351047325 428O6 910488215551099999999999999 314 551532-1899999999999999
385277175100 72106190296395463480436340222110 24-17  2 7819131241748449525 429O6 948482224049899999999999999 358 721612-1899999999999999
446357257168110101149236334416462455392291179 82 17 -3 3311722533442347125 430O61023467232347599999999999999 439 981651 -399999999999999
464408325238166129140196278361422444415343246150 74 30 30 7715925634741525 5 1O61057444999999999999999999999 5171271730 2499999999999999
442424368295226175159182237307370408409369298216141 86 62 7512219527534725 5 2O6 0 5443113141499999999999999 5551581810 6199999999999999
39440638333527722619419121626331635837836732927120815311610311815821627925 5 3O6 050407121037899999999999999 638189185810399999999999999
33336737335431727523921721523326530132934133330626622218215314014817622025 5 4O6 14437413 534199999999999999 73621420 814099999999999999
27031434335334431828625523222222724527029531131630728425221618416315917625 5 5O6 259353145231699999999999999 911222214115899999999999999
21125630033535335233230026323020720021123727030132433031628424219916615325 5 6O6 426355164933099999999999999105220023 215399999999999999
16520024930134537037034730425420717416317821526531435136334830625119515425 5 7O6 5323731758363999999999999991155163999999999999999999999
13815319725832037039538834929022416713212715721328234538739636831224217725 5 8O6 617396184539799999999999999 0 1138123812599999999999999
134123150209283353402417392333256179121 9310615623331538342141737330022125 5 9O6 653417192542599999999999999 0471231312 9399999999999999
154116119163237320390429426378299209130 80 6910317526635441844442336127725 510O6 72643320 344499999999999999 1271121345 6799999999999999
195133107128190276361423445418347252158 86 51 6211920830639144545341333725 511O6 758445204045699999999999999 2 41071416 4999999999999999
249170118110150228319398445445393303201112 54 39 7415024834542145944739125 512O6 830452211746199999999999999 2411071448 3899999999999999
307220150114125184270359427453427353253153 76 36 4510119129037944145942825 513O6 9 1453215245999999999999999 3161121520 3399999999999999
359274194137120153225314393443445394304202112 52 36 6814123532940544844425 514O6 933451222645299999999999999 3501201550 3599999999999999
397322241173134140191270353417443419349252156 82 45 5210518727936242144125 515O610 3443225744199999999999999 4231311620 4299999999999999
417359284213162145172234311382425426381299204122 68 54 8314823231638442225 516O61032432232942799999999999999 4531451650 5399999999999999
421383320252195164168209273342395416397337254170105 71 7611918926834039125 517O611 2416999999999999999999999 5241611723 6899999999999999
411395349290233192178195240299355391395363301225155106 8810415121728834925 518O6 0 2411113739899999999999999 55817818 2 8899999999999999
38639437132727522919919421425530534937437133828421916212211012716922929125 519O6 044395122537699999999999999 642193185611099999999999999
34437538036032227623620920221624828932835335533329023718514612913717122325 520O6 141382133635799999999999999 750201201012899999999999999
28233436837936533228824420919119521925930333935634931927021516713813516025 521O6 256379151435799999999999999 921190213713399999999999999
20826932837239238435130024319316115517822528433937538235930824318113812425 522O6 4143931645383999999999999991042154225612499999999999999
14319326233238741540836830322716111810813719927735140342139934126318813425 523O6 5194171757421999999999999991146107999999999999999999999
112130186265347409439428375291200121 73 6510518428137143345643036327519125 524O6 615441185845699999999999999 0 41121240 6299999999999999
130105125189278366431458437368269166 83 34 34 8718129138945848044937528125 525O6 7 5458195648099999999999999 1 41051330 2799999999999999
193130105131202297386448468434351242135 52  8 18 8318730340447349245637725 526O6 753468205049399999999999999 2 01051420  599999999999999
282194131112145222317403459467420327214109 31 -4 17 9220031641648149345125 527O6 840471214349599999999999999 25311115 9 -599999999999999
370276192134123165246338417462457398299188 90 21 -2 3011222033242548048325 528O6 925467223248999999999999999 3431211556 -299999999999999
434353263185139140190272358426457437368269166 79 23 14 5714124635043147225 529O610 8458231847499999999999999 4291331641 1199999999999999
461406326244178147162219298374428442409335241149 76 38 44 9517927636643025 530O61049443235945399999999999999 5111461723 3599999999999999
453430371296226176162188247318381418416374301217141 86 65 8313821830337625 531O61128422999999999999999999999 55116118 3 6599999999999999
42142739433627021418118021226732737539638534127620514610810012517925032125 6 1O6 039429121039799999999999999 6311761845 9999999999999999
37640439836230925421119119722727432235736935531726420916313713616121027025 6 2O6 119406125936999999999999999 717190193313399999999999999
32836938637534129424921419820322826530433434733831026922518716516318522725 6 3O6 2 638614 634799999999999999 816197203416199999999999999
27832736237536433329124821319419421324628431733733832028724620918317819425 6 4O6 3 2375153434099999999999999 930191214617799999999999999
23127932636137536533429024220117517118922627131434535534230926522118917925 6 5O6 4 63751657355999999999999991042170225617899999999999999
19323128233337038537433628222417514514216721427232736738136632627322118425 6 6O6 5 438618 0381999999999999991137140235517199999999999999
17118923329134838840138133126319514111211715521728835239540638333327021125 6 7O6 5534011849407999999999999991222110999999999999999999999
172163189243310371410414379314233158105 8510315823431438242242438932825725 6 8O6 636417193442899999999999999 04616213 2 8599999999999999
196159159196262335397428418367286198122 75 6810317325934440944143238431425 6 9O6 717430201644399999999999999 1311541340 6699999999999999
240180150162212287363420439413344253161 91 56 6411619728937243145142837025 610O6 756439205845199999999999999 2141491419 5399999999999999
294219165146172235316390438441397314216128 67 46 7213822732039844745341625 611O6 835446213845699999999999999 2551461457 4699999999999999
348269198153150191264347414448433371278180 99 51 47 9016826235242145544425 612O6 913449221645699999999999999 3351451535 4399999999999999
394319241178148162218297376432448415338240146 76 45 6011820529938243845425 613O6 950449225245499999999999999 4121471611 4499999999999999
426363286214164151183250330400441437386299201117 62 50 8315424533540744625 614O61026445232545099999999999999 4471501647 4999999999999999
443398328253191158164210282357415438416352261170 98 61 6711519428436542225 615O611 2438999999999999999999999 5221551723 5899999999999999
443422366295226178160181235306372416424390320233152 95 74 9315023031538525 616O6 0 0443114242699999999999999 55816018 2 7499999999999999
427431398337269209172167195250316373406406367300221152107 9612218025633325 617O6 037434122941199999999999999 6401651848 9599999999999999
39342341737831725420117016919724930936139239135729722916812912114620027025 618O6 120425132839699999999999999 733166194512099999999999999
33939241640636730924819516415918323129034438038736231325219515514316220825 619O6 213416144338899999999999999 839157205414399999999999999
27233738841240436731024518714813615620226632937639538234228422417915816825 620O6 31641316 739599999999999999 953136221115899999999999999
20826833338641441037531424117212410512217224432038041241037431525019716725 621O6 42341717264159999999999999911 2105232816399999999999999
168203263331389422421384315232154 97 73 9014722931638843143640334127020925 622O6 52942618384399999999999999912 6 73999999999999999999999
170165197259332395432432391314221135 72 46 6613022131739844945842435928325 623O6 630438194346099999999999999 03916313 5 4699999999999999
215170160193258336403443441394309210119 54 28 5212121932140846347443836825 624O6 728448204347599999999999999 14415914 2 2899999999999999
288214165155191262343413452447392302199106 41 18 4712222533042047548244025 625O6 824456213848599999999999999 2431531457 1899999999999999
366281205156152195271356425460447385289185 94 33 17 5413624234843448348025 626O6 915461222748899999999999999 3361481548 1699999999999999
429348262188147153207289373437463439367268167 82 32 28 7716627237344948325 627O610 246323 848399999999999999 4221431634 2399999999999999
464401317233169143165229313392445456418338240146 75 41 5511721031140145925 628O61044458234347299999999999999 5 31431713 4099999999999999
470432360276202155149188259339406443436385301209130 78 65 9716926135242225 629O61122446999999999999999999999 5381461747 6499999999999999
455442388312237179153166216287358409427404345265186126 9510315022530938225 630O6 013456115742799999999999999 6101521818 9399999999999999
42843640334127020816916218924230636339840036830924017913812714920227234225 7 1O6 041438123440499999999999999 642161185012699999999999999
39541940736430324219417117620725731135537737234028923519016416419224130125 7 2O6 110420131937999999999999999 720169192916199999999999999
35639240037933528022919217618421325530133735635232728924821319519722126225 7 3O6 146401142035799999999999999 810176202419399999999999999
31135438038236032127222619217618020424228432134434833430627124021921623325 7 4O6 235384154334999999999999999 918175214021599999999999999
26630734537037435632027322518616516418622427131534736135533029525923122025 7 5O6 342375171236199999999999999103116123 322099999999999999
22925829934036937836332527321717114314116621126732136338437935231126522925 7 6O6 4533781820385999999999999991134139999999999999999999999
21121825029634438039237432826520014611711915220827533938640840036531425925 7 7O6 555392191440999999999999999 013210122611499999999999999
216196207246303359399409382325250175119 9310314721629236241243041336730525 7 8O6 64740920 143099999999999999 1 91961313 9299999999999999
243197181201252319382421423385313227147 92 73 9415223231638943544541735925 7 9O6 734427204544799999999999999 1571811358 7399999999999999
287221176169202267343407442433379294199119 68 59 9416525534541645645441125 710O6 818444212746099999999999999 2411671442 5799999999999999
340262195158163212290371433458434364267168 90 48 5310418928737744447145225 711O6 9 245822 647299999999999999 3231541525 4499999999999999
393312231169144167232319400455466424339234136 65 37 5912722432541246747725 712O6 943468224247999999999999999 4 214416 5 3799999999999999
438363275197146139181260350427469462403305198106 49 38 8016426836744448125 713O61023473231548299999999999999 4391351642 3699999999999999
468408322235166132145205292379445471445370267165 87 47 5811821331640646525 714O611 2471234648099999999999999 5141301718 4599999999999999
478441366277197143129161233320399451459417334234144 83 64 9416726335943325 715O61141462999999999999999999999 5491281754 6499999999999999
469459403321236169132136181255337405443437386304215142 99 9814021630638725 716O6 017471122344699999999999999 6251281832 9399999999999999
44245742836328320815313114519426533939742541236329021715913114018525533225 717O6 051457131242699999999999999 7 7130191713099999999999999
39743443439733326019414913314919525932637840339435429723719217017921727525 718O6 130439141440499999999999999 8 0133201317099999999999999
33838941641137632025419415113214318123930235638638836332027123020720723225 719O6 221418153439199999999999999 9 9132212920499999999999999
27532737239739837232326220115212512615621027633637839538635330926523221825 720O6 33140117 839699999999999999102912123 521899999999999999
22926130735338639838234027821015011110112618125232338041341538834228924325 721O6 4563981835418999999999999991147100999999999999999999999
215212239286341386409402361294215143 93 75 9815623632039143544441736429925 722O6 617411194544699999999999999 0352101257 7599999999999999
239199189217272339396429426381304214132 73 52 7614123232740845946943537025 723O6 725433204347199999999999999 1451881359 5299999999999999
293222175167202269348415452446392305205116 55 35 6614224334643148148243625 724O6 823455213148899999999999999 2421651454 3599999999999999
358271196150151200281367437471456390291187 97 39 30 7516327237645849648025 725O6 913472221249799999999999999 3291441541 2799999999999999
416327237165131149215305394459481449369264160 77 33 4310620531541448049525 726O6 956481224649799999999999999 4101301621 3099999999999999
455375281195137125165245339422472475423331225131 65 44 7815926436744948825 727O61033481231449099999999999999 4441231653 4499999999999999
473409319228157123137198286374442471449379282185109 69 7713522632741446825 728O611 5471233747899999999999999 5131221721 6699999999999999
474429349259182134128167240326400447450406327236157106 9513020329438144325 729O61135454235746499999999999999 5381251744 9499999999999999
46443837128720815213115020527935440943241335828120615112714119226834741125 730O612 4432999999999999999999999 6 213118 812699999999999999
44443638731523917814514618023830436239840237231825520116916619424831337425 731O6 018446123740599999999999999 628141183616399999999999999
41442239434027421317215616920625630935237436934129825422020421023928333225 8 1O6 043423132037599999999999999 7 2156191320399999999999999
37339438835730925621118217318621625529733034734632930327525324224626429325 8 2O6 118395142634999999999999999 753173201424199999999999999
32635336636033630126022319618418820823927530733034133832630628626926226625 8 3O6 211366161934199999999999999 915183221026299999999999999
28230632934634933831227623720217917318621525429533035436335633630727825625 8 4O6 34535018 4363999999999999991049173235524999999999999999
24925928331434336035733329224219415914715919424329734638039438435431126725 8 5O6 52336119 53949999999999999912 0147999999999999999999999
23422223627031635938638535530023417212911613418024531437341342340335729825 8 6O6 629389195042499999999999999 058222125611699999999999999
242204195220271334389419412368295213141 96 8611617926034140844544640934525 8 7O6 720421203145199999999999999 1461941344 8599999999999999
272208171173216286363424451432370279184107 63 6411019128737744447445840125 8 8O6 8 7451211047599999999999999 2281671429 5899999999999999
319237171142161224312398458476441359253150 73 38 5412021832541747849345525 8 9O6 851477214649499999999999999 3 71421512 3799999999999999
376282195135121162245344432487490435335219117 47 25 6214926037045750449525 810O6 934496222150899999999999999 3461201553 2599999999999999
432336236153106114177275379462504488413300184 89 33 33 9319631241749051225 811O61015506225251299999999999999 4221021630 2699999999999999
474388284186116 91123205311410481505467376261153 74 41 6614625636745650425 812O61054505232150799999999999999 457 9117 5 4199999999999999
495430331228143 93 94148240343431485486430333226136 80 7312021031641147525 813O61132493234949399999999999999 530 871738 6999999999999999
492454372272181116 9011318027236443646945238829720814010912418427236343425 814O61211470999999999999999999999 6 3 90181110899999999999999
47045940231622615311010414020829136842243941335227821116715618324131438325 815O6 017472125443999999999999999 638101184815599999999999999
43044241435427820515112212616122028935139240238133628323821020723127632925 816O6 048442134940399999999999999 723120193620599999999999999
37640340437632626821216814414416821226731935737336734331127925624825728125 817O6 131407151237499999999999999 831141205824899999999999999
31434636737235732728523819516314915618523128232836137537135132229226825625 818O6 2443721715376999999999999991011148231525699999999999999
26028030833735836435232027321917013712914919325331536740040939135430826325 819O6 4523651849409999999999999991148128999999999999999999999
232223239277323366392391359301230163114 9511316524032039043544642036730025 820O6 629395194744799999999999999 05122313 1 9599999999999999
238194182207263330391429430388314225143 84 64 8915724834342347047242935625 821O6 731435203347799999999999999 1491811357 6499999999999999
273200154150194269354426465457399306205115 57 45 8717227737945849547841425 822O6 821468211149699999999999999 2341461444 4399999999999999
324232157121137202295389460489463386280173 87 40 4711021132342248850245925 823O6 9 3489214450499999999999999 3131201523 3599999999999999
374275183120105146232333425486495446351240138 66 41 7415826837746250348525 824O6 940499221250499999999999999 3461041557 4099999999999999
415316217137 97111178276377457496478406302195108 60 6512622633543048949425 825O61013497223649999999999999999 415 951625 5599999999999999
442351249161105 96140226326415474485439351248156 94 7711519730039846749025 826O61042487225549099999999999999 440 931649 7699999999999999
457378278186120 9511918727837043947145238629420313510311918127236644047625 827O611 8471231347799999999999999 5 2 95171110299999999999999
46139830621314110411116023832439744244540333024918013913817925133540845225 828O61134449233245999999999999999 522101173213399999999999999
45440933124417012411614620628035040142140435428822618316919024030737241825 829O612 2421235343399999999999999 543114175516999999999999999
43340835027620615613514618624330335438438636131726923121121524228733637725 830O61235389999999999999999999999 6 9134182220999999999999999
39939335830324519716816218021525930233635335033130427725825125827830733525 831O6 017400132235499999999999999 64416119 025199999999999999
35736335132228424521419519020022225128130732332832531630529428728428829825 9 1O6 05236315 232899999999999999 748190205328499999999999999
31132332932631429426924221920319820522425128030832934334634032530528527225 9 2O6 212330175234699999999999999 956198234626899999999999999
26827729331332933432630226822819417317118922326731335237738437134030026225 9 3O6 4563341850384999999999999991136169999999999999999999999
23623024627932035637436733327921816613413115720927333839041941838733427425 9 4O6 615375192942399999999999999 047229123612899999999999999
222191193227285348398420404351273192126 91 9513821229737743445844038530925 9 5O6 7 642020 545899999999999999 1271881325 8899999999999999
233173148167226308388445462430353253157 86 54 7213723333542247748644436425 9 6O6 752462204148999999999999999 2 614814 9 5499999999999999
269183125113155240341430487492439340225122 52 31 6915727038046651049642725 9 7O6 836497211651299999999999999 2441111452 3199999999999999
325219132 85 94161267378469517504429314193 92 31 29 9019731942850352448125 9 8O6 919520215052599999999999999 322 811533 2299999999999999
387272165 87 58 93183301414498530497403281163 73 31 5213525237246952251325 9 9O610 1530222252699999999999999 358 581611 3099999999999999
441329213115 55 52113218338443511523468364246141 71 5510119831442049451525 910O61040526225151699999999999999 433 461646 5399999999999999
474380264157 79 46 70149258369458505493424321218135 9210216726636945149325 911O61119508231849699999999999999 5 6 451720 8999999999999999
481414312206120 67 6110619129238645447744837628720615113516523532240245425 912O61157477234446799999999999999 538 57175213499999999999999
465428350257171109 81 9414722531038342843439933827221718719022628635240425 913O61238437999999999999999999999 612 81182618499999999999999
42941837230222916712711513317823930435738838936432428124923424126830734825 914O6 012430133339299999999999999 654115191223499999999999999
37738637033328523519316415316118822927631834735835333631329227727227929425 915O6 05138615 935999999999999999 8 6153205627299999999999999
31433234133832530127023620417916717319823628032135236836935433030127525725 916O6 2183411731370999999999999991011167234225499999999999999
25426628731333534734331927923018315014115820025831837040340938934929724825 917O6 5163481845410999999999999991152141999999999999999999999
21420322026031135939039236230523416711910312618326033940544344340534126825 918O6 635395192944899999999999999 053203125510399999999999999
203162158194259334400437433385306216136 85 7611419228737844747545539330725 919O6 72544120 547599999999999999 1361551342 7399999999999999
220151118133195283374444474453382284184103 60 6813022633242448148844135525 920O6 8 6475203749299999999999999 2121171421 5699999999999999
256166106 93135221323417480492446355247147 76 53 8717128038546549947540025 921O6 84349421 649999999999999999 244 911455 5399999999999999
298196116 77 92162264370456499485415311203115 65 6913123234243649249343525 922O6 916501213150099999999999999 314 751526 5999999999999999
338231138 79 70117208316414481498456368261163 95 7411019430140247349646025 923O6 948499215449699999999999999 340 671553 7399999999999999
374267166 94 64 88161263365447488475410313214136 9510616926536644748747225 924O61016490221548899999999999999 4 4 641618 9299999999999999
403301197115 71 7512821731640446147343335426218012811815823733141546647125 925O61044475223547599999999999999 426 66164211699999999999999
422332231144 88 7510918227235842445343838130222516714316222030037943745625 926O61110454225545699999999999999 446 7417 514399999999999999
427356264177115 9010615923531438042042439033026421017918021727834540142925 927O61136427231543099999999999999 5 7 89172717599999999999999
41936929421415111711614920727433537939638334529525021921022726631636339325 928O612 4396233739999999999999999 531112175120999999999999999
39636931525119315514115419023928933135736234631728525924624826629532635225 929O61243363999999999999999999999 6 0141182224599999999999999
36335432628424020318017418621124427930832733332731429928727927828329430825 930O6 0 6363135633399999999999999 650174194127899999999999999
3203263223072852602342132001972052242502783033223343373323203032862722662510 1O6 1 7326165333799999999999999 84619623 726699999999999999
2702822983123203163002722382051821751862152542983363643763683433062662352510 2O6 41332018 7376999999999999991054175999999999999999999999
2202262522913303583653463032461891481321461872483143714094183963472842242510 3O6 547366184841999999999999999 01321912 313299999999999999
182168189240306369410417384318235159106 901151782623484174554514053282432510 4O6 641419192545999999999999999 0541681255 8999999999999999
169125122167247338416462460407316213125 69 591031892943924634914653912902510 5O6 72846720 249199999999999999 1331171341 5799999999999999
190112 74 92164269376461503487412302187 95 44 491132203364375005094563562510 6O6 814505203951399999999999999 212 731425 3999999999999999
239133 60 39 81178299414497528493400279164 77 38 621462643824745205034232510 7O6 859528211552299999999999999 251 3815 8 3799999999999999
305183 82 23 24 91205332444518533480375254146 72 52 971963154244985184722510 8O6 943536214951999999999999999 330 151549 5199999999999999
370246130 44  7 33119239363464522516448342230138 84 871512543644535024912510 9O61025528222150599999999999999 4 7  61627 7899999999999999
420309190 90 27 15 63159275386469505481406308213143114139212308399463481251010O611 6505225148299999999999999 442 1217 311499999999999999
444359251149 73 35 46106200303394455469434363281210165158196266346412447251011O61147471232045099999999999999 517 33173915699999999999999
439387303211134 82 66 91151231315384423424388331271223200207244300357397251012O61231428235241099999999999999 554 66181719899999999999999
410388336268201147115110134182244306356383382358320281252238245269304338251013O61328386999999999999999999999 640109191123899999999999999
360363344309265220184159151162191234280321348358351332308284267260264278251014O6 03836415 435899999999999999 75615121 826099999999999999
297314323323312291261229198175167178208249293332359368360338306273245231251015O6 22832517 236899999999999999 956167232323099999999999999
233250277307331342335307265217175150151179227285341382400390356306252206251016O6 5 734218 9400999999999999991128147999999999999999999999
182184214263317363387379340280212155123125162227302371418431406350279208251017O6 617388185043199999999999999 024179122711999999999999999
155133150203276351407430409351270189126 97112168252340412452447398319231251018O6 7 2430192445599999999999999 1 41331310 9699999999999999
154105 99141219311394448457416337243157 99 85121198295386450471439364267251019O6 741460195447199999999999999 137 961348 8399999999999999
173102 70 90158255356436476463400305207127 84 92152246347431476468407310251020O6 816478202247999999999999999 2 8 701421 8199999999999999
206118 63 57105195302400467486448366265172106 86120201303398463481441355251021O6 850486204948299999999999999 237 531453 8699999999999999
247146 73 43 67141244350436482475416324225145100106164258358438478463394251022O6 923486211548099999999999999 3 4 431524 9699999999999999
291184 97 47 47 99190295391458479447373279192130110143219315403461470424251023O6 954480214047399999999999999 330 40155311099999999999999
333226130 65 43 73146243341420463458406325239169131138192276363432461439251024O6102446722 546199999999999999 356 43162112899999999999999
367268169 94 55 63116200293375432449421358281210162150180246325395438437251025O61053449223044399999999999999 420 53164714999999999999999
389305211130 80 69102168250330392424418376313249198174184228293358405421251026O61120427225442199999999999999 445 68171317399999999999999
395333250171114 89101147215287349390401380335282235205200223268322368393251027O61150402232039499999999999999 511 89174119899999999999999
387348285216158122115139186245303348372371347310271240225229253289326354251028O61228375235536499999999999999 543114181722499999999999999
364349312262210169146146167205251296331350349333308281259247248261282306251029O61328352999999999999999999999 631143192824699999999999999
325333324301268230197174166175200235275311335346342327305280258244241250251030O6 1 0333151434699999999999999 758166214424099999999999999
270293313323319300268230194169162175207251299339364371359328288246213197251031O6 314324165137299999999999999 952162231519799999999999999
2032302723143473603473092551991541331411782373033613994093883392752111632511 1O6 5 13601750410999999999999991114132999999999999999999999
1421552012683363884103953422671901301011121622403243964394434043302421612511 2O6 6 6411183644799999999999999 0 8141121510099999999999999
105 87117188280369434458432361266174106 77 961632593574344734624003021962511 3O6 7 0458191847699999999999999 053 8713 7 7699999999999999
106 51 45 96191304405473492453366258159 90 66 981812893924664934623772612511 4O6 750493195949399999999999999 136 411356 6699999999999999
146 57 10 21 94207329434500509456359247149 85 711182123244234864964433392511 5O6 839513204049999999999999999 219  71444 6999999999999999
215101 20-13 18107229353455512509445344235144 90 911512513584464924804082511 6O6 927519211949599999999999999 3 2-131530 8399999999999999
294171 67 -1-15 331322553734655094924223232231441051221912903864574824492511 7O61014511215748299999999999999 344-17161310499999999999999
363249137 48 -2  3 631652803864634904623902992131511301612343234034534562511 8O61059490223446199999999999999 426 -7165413099999999999999
407317211116 46 17 371031993013914484594233552772081661622012693434034322511 9O61144461231143299999999999999 5 7 17173515899999999999999
417361278189113 64 52 80144228313383422422385326264214188194232288345385251110O61229427235239899999999999999 549 51181818699999999999999
397375323255186130 97 94122176244312365392388357311264227210217245286326251111O61322394999999999999999999999 637 91191321099999999999999
353359341303253203162136132152193247301344367367346311274243224222237264251112O6 045360142937099999999999999 741131203722199999999999999
293317329325305272234197169156165194238287329357364351322285248219205208251113O6 215330155136499999999999999 9 7156221920499999999999999
228259292319332327304266224186162161185228280329364378366333286236194170251114O6 41533317 2378999999999999991032159233016699999999999999
170194237286331358360335289234184153149176226289346386398378331268204153251115O6 5353621753399999999999999991138147999999999999999999999
128135174235303360392391355294227169136138176240313376413415377310231159251116O6 627396183241999999999999999 017126122813299999999999999
108 91115175255335396424410357283207149122137190268348409435417357272183251117O6 71042419 743599999999999999 055 91131012299999999999999
110 69 70116196289373429444412344260183130117149219306385436443401321223251118O6 749445193944699999999999999 128 64134811699999999999999
133 69 45 69137231328408452448399319233160119124174257346417451435370273251119O6 826456201245299999999999999 2 0 45142511599999999999999
172 89 41 39 86171271365434461438374289205142118142209298382439451410326251120O6 9 3461204445399999999999999 232 3415 111899999999999999
222126 57 29 51118212312396449456416342257180132128172250338411448436372251121O6 938459211645099999999999999 3 4 29153512499999999999999
276174 89 39 35 79159256348419451437383305225162133150210291372428442405251122O61012452214744399999999999999 335 3016 813399999999999999
325225132 64 37 56118205298378429440407343267198153147183251329395430419251123O61044441221743299999999999999 4 6 37163914499999999999999
362274179101 55 51 91163251333396426416370303235182158172220289357404415251124O61115427224741799999999999999 435 4717 915899999999999999
384315228145 86 62 78131207288357401411385333271215180174200253315368396251125O61146412231939899999999999999 5 6 62174117299999999999999
389345275196129 88 82110168240311366394390357306252209187192223271322361251126O61223396999999999999999999999 541 80182018699999999999999
376360315252186133105106138192257318362382373340294248213196201227267309251127O6 0 1376131038299999999999999 627102191619599999999999999
341353341304252197152127127153200258313355373367339298254217195192209242251128O6 1 1353141537499999999999999 730124203919199999999999999
283319340340316275225178146137153193247304351376377353311260212177162172251129O6 229343153137999999999999999 85213722 616299999999999999
206254304342358347311258202157136142178235300356391397372322256191141118251130O6 4 63581642398999999999999991016134231411799999999999999
127168233303359390387350288218160127128164229305371413420388323239158 972512 1O6 5253931741422999999999999991129123999999999999999999999
 70 841402233123844254253823092271591191171582323173914354383953122121202512 2O6 630431183444399999999999999 010 69123311399999999999999
 53 28 521232243264094554534033212321581141131602433344114534473902931822512 3O6 728460192445799999999999999 1 2 28133110799999999999999
 85 19 -1 341192303404284754694133262331561121161702583524264624463762692512 4O6 824479201346499999999999999 152 -2142610899999999999999
155 58 -4-16 301242403534414854744133232301541141251862773694374644363562512 5O6 91848821 146499999999999999 243-18151811199999999999999
245132 40-15-17 391382553654494864684013112201491181382062973834434584182512 6O61010487214745999999999999999 332-2316 711799999999999999
330220113 30-13 -3 601612753794524784493782902051451261582303173954414422512 7O61058478223144899999999999999 420-16165212699999999999999
391301196100 31  2 24 941932993914494584183462621891441411822553343984292512 8O61141461231343099999999999999 5 5  2173413699999999999999
415357270176 95 43 31 641372303233974354283813092361781501602072743413892512 9O61221438235540599999999999999 546 29181514999999999999999
405381322244165102 68 70110180263340394414394343278218176161179224282335251210O61259414999999999999999999999 627 64185716199999999999999
369374348295229168122102112154217286346383388362314259211179172189227274251211O6 040376134039099999999999999 710101194817199999999999999
316342346324282232184150137149186239296343368368342299251209181172185215251212O6 138347142837199999999999999 8 2137205417299999999999999
255293320329317288248209178164172202247296337359358335295249205173159166251213O6 256329152836299999999999999 9 9164221015999999999999999
193233275310329328307272232198178180205246294335360361338295243192153134251214O6 4273311633364999999999999991025176231613399999999999999
140171218271317346351331293246204178176200245297343371371343290227167122251215O6 5423521731375999999999999991135174999999999999999999999
104116157217282338372377351303247198168167197249309360387381341276201134251216O6 639379182038999999999999999 0 7103123216499999999999999
 89 77101156230305366399396360302238184155160200263330382403385330250167251217O6 72640219 440399999999999999 050 76132115399999999999999
 99 60 60100169253334393419406358290220166143160212284355403414380308219251218O6 810420194441599999999999999 130 5514 514399999999999999
132 68 40 56111192283363416431404344269197148137168233312381420415364279251219O6 851431202442499999999999999 2 9 40144713599999999999999
183 99 44 31 63132223315390432432391321242173134138185261342405430407338251220O6 93043821 243099999999999999 248 30152513099999999999999
243146 69 28 32 81164259348413441423367289210150127149212294372423430387251221O610 6441213943399999999999999 325 2416 112799999999999999
303203110 45 21 45112203299380431439402333252179134130172246329397431417251222O61040441221443299999999999999 4 0 21163512699999999999999
355261161 79 31 28 72152248339407438423369292214154128145202281358411425251223O61111438224842699999999999999 434 2317 712899999999999999
391315217125 58 30 49110199293373423431396329251183139133168234310376412251224O61142433232441699999999999999 5 7 30173913199999999999999
407357274181102 53 45 81154244330395425413362290218162135145190257326379251225O61213426999999999999999999999 541 43181513499999999999999
401382325244161 97 65 72119194279354403415388331260196152137155202264326251226O6 0 3401124941699999999999999 619 63185813799999999999999
369382359304231161110 89104153223299362399400367309243185147135153197255251227O6 052383133240499999999999999 7 5 89195313599999999999999
312353366348302240180136118132175238305359389387355301238180140124137176251228O6 156366142639299999999999999 8 411821 312499999999999999
232290337359351317266211167145151184238299351381383355303239176127103109251229O6 315360153338699999999999999 918144221910299999999999999
144203269327362368346300245196165159182229289343379387364312241168109 75251230O6 44337016463889999999999999910421582331 7099999999999999
 76111175251322371391378336278221179162175217277337381396376321243159 90251231O6 6 639117573969999999999999912 6162999999999999999999999
