165 96 36 -2 -5 32 9817524630132531327422116712310512216822427330430627425 1 1O71010325213430999999999999999 335 -916 210599999999999999
214143 74 18-11  0 5112520327031532530025219614310610013018424128630930025 1 2O71046326221531099999999999999 415-121641 9899999999999999
257191120 55  8 -8 19 80157231290321315278225170122 9510214219925429330625 1 3O71121323225530699999999999999 453 -81719 9399999999999999
286235168101 45 10 10 49116191257302316296251197145105 9010815421126029125 1 4O71154316233729699999999999999 530  41758 9099999999999999
294266212150 91 46 25 39 87153220274303302272224171125 93 8811416121325725 1 5O71227307999999999999999999999 6 8 251840 8799999999999999
280277246197143 95 62 53 75123184240280296284249201152111 86 8711415820625 1 6O7 02328213 329699999999999999 648 521929 8399999999999999
245265260234194150112 88 86109152203248277284267232187141102 81 8210614625 1 7O7 120266134628499999999999999 735 842028 7899999999999999
191227248250233204169138119117135169210247269272257225181136 97 74 70 8925 1 8O7 234252144127399999999999999 8351152139 6999999999999999
126170209237248243223195167147139149174208240261267255225183135 93 64 5425 1 9O7 411248155126799999999999999 9571392255 5499999999999999
 68103149195232255260247222192166151151169200232256267260232188137 88 5225 110O7 54626117 8267999999999999991129149999999999999999999999
 36 46 81132186234268281271244209175151144159190227257274270242194137 8225 111O7 7 3281182027599999999999999 0 8 36124914499999999999999
 38 17 26 6412318624328430028825621417314213214818522826428428125019713325 112O7 8 4300192428699999999999999 114 16135313299999999999999
 72 24  0 12 5712319425730031429625620816112711914218623427429629125319325 113O7 854314201929899999999999999 212  0144511899999999999999
124 60 10-11  8 6313621127531531929124419014010911014319524728730629324625 114O7 93732221 730699999999999999 3 2-11152910599999999999999
180109 44 -2-13 20 84161236294322312273219163117 9511015421126329930928325 115O71014323214730999999999999999 345-1416 7 9599999999999999
227158 88 28 -6  0 47119196264308318292243186133 97 9112017323027830429925 116O71045319222230699999999999999 422 -81640 8999999999999999
260198130 67 20  5 30 89163233287311300259205151107 86 9814019624928629725 117O71111312225229899999999999999 453  517 9 8599999999999999
276228165103 53 25 32 74139207264298300270221167120 90 8711516321626028325 118O71133303232128599999999999999 519 231736 8499999999999999
278245193136 86 53 47 72124186243281293275234183136100 86 9813518222825925 119O71153293235126899999999999999 543 4518 3 8699999999999999
268251213165120 85 70 81117168221262281274244200155116 93 9111315019222725 120O71214282999999999999999999999 6 6 701834 8999999999999999
247246224190153120100 99119156199239264267250217177138108 9410012215518925 121O7 026249124026999999999999999 634 961914 9499999999999999
216229225208183157135125130150180213240253249229200165133109 9810312214925 122O7 115230131625399999999999999 7111252010 9899999999999999
177200213214206191173159151154168189212230238234219194164134111 98 9811125 123O7 237215141123899999999999999 8141512129 9699999999999999
134161186205216217210196182170166170184201218229230220199169137109 90 8425 124O7 43921815392319999999999999910 21662253 8499999999999999
 93116146178207228237233218198178164162171190211229237231209175137100 7325 125O7 6 823717 5237999999999999991142161999999999999999999999
 63 71 98136180220249260254233203174152146158183213239252246220179131 8525 126O7 7 8261181325299999999999999 0 4 62125014699999999999999
 52 38 49 8413519023927228327023819816013412914718322325627126322917711925 127O7 756283191027199999999999999 1 3 38134312899999999999999
 65 27 14 32 7914220726229630127723418514011311314319123927629127723216925 128O7 83930320 229199999999999999 156 14142910999999999999999
102 43  2 -6 24 85159231288317310273220164116 9110314620525929730928422725 129O7 919319205030999999999999999 243 -81512 9199999999999999
154 81 19-18-16 30104185260313331308258197136 89 7410115822328031631828025 130O7 956331213432299999999999999 327-231552 7399999999999999
212134 60  0-28 -9 52135219289331331292232166105 65 6510817524429932731625 131O71030337221532899999999999999 4 7-291630 5999999999999999
265190112 41-10-21 17 91176255314336316263196130 75 49 6712419526231032625 2 1O711 1336225432699999999999999 444-2317 6 4999999999999999
300240166 93 32 -3  7 60138219286325325286224158 96 53 45 7914321327331025 2 2O71130330233231599999999999999 518 -51742 4399999999999999
311275213145 83 38 24 51112186254302319298248186124 72 44 52 9515922327225 2 3O71157319999999999999999999999 552 231818 4299999999999999
296286247192136 89 61 64101160223274301298265213155101 62 47 6410916622025 2 4O7 013297122430399999999999999 625 581858 4799999999999999
258272259226183142110 97110145194241274284270236188138 94 64 57 7411316025 2 5O7 1 0272125528599999999999999 7 2 971948 5699999999999999
204235246239218190162142136147173208239259261247218180138101 75 66 7710525 2 6O7 2 5246133926299999999999999 7521362058 6699999999999999
142179209226231224209191175167168181201222237242235217187151116 86 69 6925 2 7O7 354231145624299999999999999 9211662231 6799999999999999
 86116153188217237243236220200182171171181199218232237229206171130 92 6425 2 8O7 5572431655237999999999999991132169999999999999999999999
 52 61 90132179221252267261240211181157148157180209236251250228188138 8925 2 9O7 713267182725399999999999999 0 4 5213 114899999999999999
 50 31 38 7212418323627429027824720616513312213717121324927227224519513625 210O7 8 4290193127699999999999999 115 30135612299999999999999
 78 32 10 23 6813119925829730528223918813910610112917622727029428825019025 211O7 844306202029699999999999999 2 9 101438 9999999999999999
123 60 13 -3 23 81153225283314307270216159109 82 9213419224829130929124025 212O7 91931621 130999999999999999 253 -31515 8199999999999999
172102 39 -1 -1 41111187257306319293243183124 81 69 9715321627230831227825 213O7 949319213631599999999999999 330 -71547 6899999999999999
216145 76 21 -1 20 78154228288317307264205143 90 62 7111718124429331529925 214O7101531922 631599999999999999 4 2 -11616 6099999999999999
250183113 53 15 17 59129203268308312279223161104 64 57 8814621226830330525 215O71036315223430999999999999999 429 111641 5599999999999999
272213147 86 42 28 54112183248295310288239178119 73 53 6911617823828229925 216O7105531023 029999999999999999 452 2817 5 5399999999999999
281235176119 72 49 59103166230279302292251194136 87 58 59 9214720625428225 217O71112303232628499999999999999 513 481728 5599999999999999
279249201149104 76 74103154212261289288259209155106 71 60 7811917222125525 218O71129293235626699999999999999 534 711754 6099999999999999
266252218176137108 97111147195239270278260222175129 92 71 74 9914018422125 219O71149278999999999999999999999 557 971824 6999999999999999
242243226198167142127128148181217246259254230194155119 93 82 9011414818225 220O7 032245121326099999999999999 62512519 4 8299999999999999
208221221210193175160154159174197219235239229209182151124103 9510011614025 221O7 128223124823999999999999999 7 615420 9 9599999999999999
166187202209209204195185179178183193206215219215204186162137116101 9710425 222O7 33321014 221999999999999999 8411782153 9799999999999999
120143168191211223226220208194181175176184197209217216204182152122 96 8125 223O7 54922616272189999999999999911211742335 7899999999999999
 79 93120155192225246252243222195170154151163186212232239230202163119 8125 224O7 6532521757239999999999999991240150999999999999999999999
 56 50 6710515520624927527825822318314712512514918722725726925621816510825 225O7 73727919 026999999999999999 046 49133012299999999999999
 59 26 21 48101166229278303296261212160117 9410414419824928629827722515825 226O7 817304195329999999999999999 140 191413 9499999999999999
 91 33 -1  1 43113189259309325302252190129 82 67 9214921627631532228822225 227O7 854325204032499999999999999 227 -61453 6699999999999999
145 71 10-20 -3 57139222292334334293228158 93 49 47 9216423930233833328525 228O7 929340212434299999999999999 310-201532 4299999999999999
209128 52 -5-21 15 89177259322347325267194119 56 24 4210318426232334932925 3 1O710 234722 534999999999999999 349-221610 2399999999999999
269190109 38 -5 -1 53135221295340341298228152 79 26 13 5112420828233334425 3 2O71032347224434599999999999999 426-101645 1199999999999999
309243168 95 38 14 39105187262318339316257184110 47 11 19 7214922829332825 3 3O71059339232233099999999999999 5 0 141720  899999999999999
322279216150 92 54 52 93160232290322318277213143 79 31 14 39 9817123928825 3 4O71124325999999999999999999999 532 481755 1499999999999999
306290248195144103 86101146205259296305283235176116 66 34 33 6512018123425 3 5O7 0 1306114830699999999999999 6 4 861832 3099999999999999
268275258225187152129126147186229264281275247204156109 72 53 58 8612917625 3 6O7 046276121428199999999999999 6381251919 5299999999999999
215238244235216194174162163178203228247252243222191156122 94 78 78 9512325 3 7O7 151245125225299999999999999 7251612030 7699999999999999
156187210224228224214202191186187195207217223222215199175147120 98 86 8825 3 8O7 359228142722399999999999999 9171852222 8599999999999999
104130160192219237244239226207188175170175188204218225221203174139105 8025 3 9O7 6 42441711226999999999999991158170999999999999999999999
 70 79106145189229257268260237205172147137146170201230249250230192145 9925 310O7 7 4268183425299999999999999 0 3 7013 213799999999999999
 63 47 58 9514720225128228826923118714311310712916921425327727524519513825 311O7 743289192628099999999999999 1 7 47134210699999999999999
 83 42 29 51102165227278303296261211156109 83 9112918323728130128824518425 312O7 81730420 830199999999999999 153 291417 8299999999999999
119 62 25 25 63126196259302313287237178120 76 64 9014520826530531328522925 313O7 847314204431599999999999999 231 201449 6399999999999999
161 95 42 19 38 92164234290317306262202138 83 53 6110617223829232031126725 314O7 913318211632299999999999999 3 4 191519 5199999999999999
202133 72 31 29 69136209272313317283225159 98 54 43 7413520526831232229325 315O7 936320214532399999999999999 333 251546 4299999999999999
237170106 56 36 58115186253302319298245180115 63 37 5110117023829231930825 316O7 957319221332099999999999999 359 361611 3699999999999999
264203140 86 54 59102167235288315306262200134 78 41 38 7413620526530431025 317O71015316223931299999999999999 423 511634 3599999999999999
281229171117 79 70 98153216271305306274217154 96 53 37 5710817223428029925 318O7103331023 629999999999999999 445 691658 3799999999999999
286247197148108 90102144200252289299278232173117 72 47 52 8714220024927825 319O71051300233428299999999999999 5 7 901722 4599999999999999
280256217175139116116142186233269285275241192140 96 66 58 7611716721424825 320O711 9285999999999999999999999 5311131749 5799999999999999
262253229197168145137148177213246265265244208165125 93 75 7810013617621125 321O7 0 7262113026799999999999999 5571371824 7499999999999999
233239231214194175164163175197221239246238218189158128104 93 9611313916825 322O7 05323912 024699999999999999 6331621918 9299999999999999
19321121922021420519518718418819720921822221820819116914512410910410912425 323O7 23422113 222299999999999999 754184205910499999999999999
146170193212225230227217204191182179183193204213216210194170141116 97 9125 324O7 5 7230155421699999999999999105417923 0 9199999999999999
 98119150186219245257253235209182160149153172198223240242226193152112 8025 325O7 6162571737243999999999999991214148999999999999999999999
 63 68 97142193240273286273241200158126113126161205246273278255210153 9925 326O7 7 0286184127999999999999999 017 6213 211399999999999999
 57 35 45 87149213269304310283234177124 87 7910716122227530730927621614825 327O7 740312193431399999999999999 112 351344 7899999999999999
 83 34 15 36 94169242301331322277212145 85 49 5310017124430433833228521425 328O7 817333202234099999999999999 2 0 151425 4599999999999999
138 69 19  9 46119201276329346318256181107 46 18 4010518826832935833928125 329O7 85234721 735899999999999999 243  715 5 1899999999999999
205127 58 16 21 75156238307348345297223142 67 13  1 4212020928934636333225 330O7 926353215036399999999999999 324 121544 -199999999999999
267191117 56 29 53118199274330351325262183103 34 -7  1 5814323130535035225 331O7 957351223235799999999999999 4 3 291621-1099999999999999
311247177111 66 59 98167240302337334291220143 70 14 -8 19 8516824830933825 4 1O71026341231233999999999999999 439 561658 -899999999999999
327283225165115 88100147210270312325303249181112 52 13 10 4811418825429925 4 2O71053326235431399999999999999 513 871734  699999999999999
313294255208163130121143188239281303297265213153 97 53 30 40 7913719724725 4 3O71119304999999999999999999999 5471211813 3099999999999999
276281264235201171154156178212247271277263232190144102 72 60 7110314719125 4 4O7 042282114927799999999999999 62515219 1 6099999999999999
227248253245228207189179181194213232244244234214186154124101 90 9411314225 4 5O7 151253123324699999999999999 7221782014 8999999999999999
17420322523824123522320919718918819420321221822021420017815312811010210825 4 6O7 349241144522099999999999999 93618822 510299999999999999
126154185215238251251240221199178165162171188207223231225206177144115 9525 4 7O7 53025317 62319999999999999911421622339 9299999999999999
 9310914118122125327026925021918415113113014817921324225725222818914610625 4 8O7 6252721817258999999999999991234128999999999999999999999
 80 77100142193240275289277245201155117 9910814118723326828327223618613425 4 9O7 7 328919 528399999999999999 037 751311 9999999999999999
 90 65 71106160218267297299272225171120 84 7610215120826029530227823017225 410O7 734302194430399999999999999 120 641344 7599999999999999
116 74 58 78128190249294311296251193134 84 58 6811217423728831530927021325 411O7 8 2312201931799999999999999 157 581414 5799999999999999
151 97 63 64102162227282314312277219155 95 54 45 7613520526831232530225125 412O7 828318205132599999999999999 229 591443 4499999999999999
190130 83 64 85137203264307321298245179114 62 35 48 9716723729532632228425 413O7 852321212332999999999999999 259 641512 3499999999999999
227165111 77 79118180243295321312268205138 78 38 32 6612920126731332830625 414O7 916322215332899999999999999 327 731539 2999999999999999
258200144100 85108160222277313317286229163100 51 28 44 9616523428931931525 415O7 938320222232299999999999999 355 8516 6 2899999999999999
280229175129101107145202257298314296249187124 71 38 36 7113119925829931125 416O7 959314225131199999999999999 421 991632 3299999999999999
291251203158125116138184237280302298263209149 96 56 41 5810516522427029425 417O71020304232129699999999999999 4481151659 4199999999999999
290263224184151134141172217258285290269227174123 82 57 58 8713518923626825 418O71042291235627899999999999999 5141331728 5499999999999999
278266239207177157152167199234262275267239198153113 83 71 8111115419823325 419O711 8275999999999999999999999 54515118 4 7199999999999999
254258247227203183171171186209234250254243219186151119 97 89 9912315619125 420O7 043259114625599999999999999 6281691858 8999999999999999
21923824424122921319718518218820121722923422921519316613811610410511914425 421O7 2 624413 223499999999999999 750182202610399999999999999
174203228244249244230210192178173177190207222231230217193162132109 9810325 422O7 4 024915242329999999999999910 41732213 9899999999999999
123156194230257270266246216184157142143162192223248258250222183140105 8325 423O7 51627017 52589999999999999911271402334 8099999999999999
 82105147198245280295286253208162124104108140187236274292283248197142 9625 424O7 6 72951812292999999999999991220102999999999999999999999
 67 65 96151214269307318296248188130 85 65 8012819325630332431126620314025 425O7 65131819 832599999999999999 034 6213 6 6499999999999999
 87 56 59101168238296331331294230159 94 46 32 6212720527732934932827420525 426O7 73133620 034999999999999999 125 531350 3199999999999999
138 83 54 67121195265320346332278204126 59 14 11 5613522029634836333327325 427O7 810347204936399999999999999 212 531434  699999999999999
203136 83 63 89151225292338350319253173 94 29 -8  4 6314923731135836332625 428O7 848351213636699999999999999 257 631517-1099999999999999
265198135 90 83120185255312345340294222142 67  9-14 12 8116725232035635025 429O7 924348222235999999999999999 340 801559-1499999999999999
310252190135103110155218278322339318263191116 48  3 -4 3410518726331934225 430O7 95833923 634299999999999999 4211011639 -799999999999999
328288236183140123141187243291320320288232164 98 44 13 20 6413120426730825 5 1O71031324235132099999999999999 5 01231720 1199999999999999
319302265221179151146170211255289303292257205148 94 54 37 52 9515421326125 5 2O711 5303999999999999999999999 53914518 2 3799999999999999
289294277247212182165167188221252273277263232190145105 76 68 8412016621225 5 3O7 040295114527899999999999999 6241631851 6899999999999999
248269272260237212190178179192213234247250241220190156126104 9710713316825 5 4O7 141273124425199999999999999 7261771955 9799999999999999
20423425426025423821719818317718119320822223123122120217615012811611813525 5 5O7 3 0260143423299999999999999 9 6177212111599999999999999
16319622624926125924422319817516015716618420622523723622219816914112311825 5 6O7 4202611627238999999999999991045157224611899999999999999
13115919422925727126825022018615413312914317120423425425724221317714311925 5 7O7 5202721740258999999999999991144128234811299999999999999
11212816120324427328527524620516212510410613117221725527727725521717413525 5 8O7 6 32851831280999999999999991225101999999999999999999999
110108132175223265292295273231179130 93 78 9313418723928029929025821216325 5 9O7 638297191229999999999999999 03510613 1 7899999999999999
124103111147198249289307296259205147 97 65 63 9414921126630431429425119925 510O7 7 9307195031499999999999999 1141021333 6099999999999999
150113103124171227276308312285234172112 66 46 6110817323829232232028823825 511O7 739314202632599999999999999 15010214 6 4699999999999999
184136108111146201256300319307264203138 81 43 38 7113120126631333131527425 512O7 8 831921 133199999999999999 2251051438 3699999999999999
221168126110128175231282315319290235169106 55 31 43 9115922928932632930225 513O7 837321213633299999999999999 2581101511 3099999999999999
255202153121121153205260302320307263201136 78 39 31 6111918925630632831725 514O7 9 7320221032899999999999999 3321171543 2999999999999999
281233183143125139182234281311313284231168107 59 34 43 8715121827531231925 515O7 935316224332099999999999999 4 41251615 3399999999999999
297257211168140137164210258294308295255198138 86 50 41 6611718124028630825 516O710 3308231830999999999999999 4361341647 4199999999999999
302274235194161145155188232271294295271225171118 76 54 59 9214520325328625 517O71032298235529699999999999999 5 81451721 5299999999999999
296283254218185161156172206243272285276247203154110 79 66 7911516421425525 518O711 7285999999999999999999999 54515518 0 6699999999999999
279282268241211184167165182210240262269259232194153116 90 83 9712917221525 519O7 041283115626999999999999999 6341641852 8399999999999999
250271274262239212187170166177199225246255251232201165131106 9710613217025 520O7 142275131225699999999999999 74416620 2 9799999999999999
21124626827626724621718716515415817720323025025524622218715112110510712825 521O7 257276145325599999999999999 913153212510499999999999999
16420724727528728025521918014712812814818322225427227024921217013210810325 522O7 4 82871627274999999999999991031125224410299999999999999
121160209256289303293261213162120 94 9412016822126629429927723518513910825 523O7 5 63031741300999999999999991132 912351 9999999999999999
 99118163220271307319302258198138 88 60 6210016122728231832530025119514525 524O7 5573191843326999999999999991226 56999999999999999999999
110100123174236289324331304248178111 57 29 39 8816023529833734431426220325 525O7 643332194034699999999999999 049 991316 2899999999999999
150113105135191254305336335297232156 86 32  8 26 8516424431035035332026625 526O7 729340203435799999999999999 14310414 6  799999999999999
207154118116151210270318342331284213137 67 14 -4 24 9017325432035635431825 527O7 814343212736099999999999999 2341121455 -499999999999999
264206155124129169228284326341321268195119 52  5 -4 3210318626432535534625 528O7 858341221635699999999999999 3231211542 -699999999999999
308255200154131144188244294328333305248177106 44  7  8 5212320227432634525 529O7 94133523 234599999999999999 4 91311628  299999999999999
330290240190151139160205256299322318284227160 96 45 19 32 8014822028132025 530O71023324234532999999999999999 4521391711 1999999999999999
328307268222179152149175218262295309297260207148 94 55 43 6311217423528325 531O711 4309999999999999999999999 5341471753 4299999999999999
309307283246206172155160186223259283289273238192143101 75 73 9714219624425 6 1O7 026311114828999999999999999 6181541835 7099999999999999
27929428726222919517015916618921924726426725222318614811710010312716520925 6 2O7 1 9294124026899999999999999 7 71581922 9999999999999999
24727228027124821919016915916418220622924525024121919116113712512814717925 6 3O7 157280135025099999999999999 810159201912499999999999999
21524626627226324221418616415115216618921323324324122720417815614214215725 6 4O7 253272152124499999999999999 926150213014099999999999999
18521724726627226324121017815113513414817420423124825224222019316715014725 6 5O7 3542721646253999999999999991035132224214699999999999999
16118822225327327826623820116313111211313316820724126427125923320117015025 6 6O7 4482781750271999999999999991129110234114599999999999999
146163194232265284286266230184140105 89 9612717222026028528927123920116625 6 7O7 5342881840290999999999999991212 88999999999999999999999
145145167205247280297290261214162113 80 70 8813018523928330530327723719425 6 8O7 615297192430799999999999999 0311421252 6999999999999999
158140147177221265296306289248193136 87 58 58 8814220426230432130927523025 6 9O7 65330620 532199999999999999 1151391331 5499999999999999
184149137153192240283309309281230169110 64 43 55 9716022628432032830726625 610O7 731313204532999999999999999 1561371410 4399999999999999
217172141138165211260299317306267208144 87 47 35 6011418224930233132829825 611O7 8 9317212433499999999999999 2361361449 3599999999999999
252202159137144181231279311319296247184120 67 35 36 7413620627031633432025 612O7 84632022 333499999999999999 3151351528 3199999999999999
282234185148136156200251294318314280223159 98 52 31 46 9516223128932432925 613O7 923320223933199999999999999 35313616 6 3199999999999999
305262214170141141172220268304317301258198135 80 44 37 6512219025430232525 614O7 959317231532699999999999999 4301371642 3599999999999999
317284240194157140151189237280306309283234174116 70 46 52 9115221627230825 615O71036311235031999999999999999 5 71391719 4499999999999999
318300263219178149142162202247283302296264214158107 71 57 7411917823628325 616O71117303999999999999999999999 5471411758 5799999999999999
308307283245203167145144168207248279292282249202153110 81 76 9814319824925 617O7 02931112 529299999999999999 6311411842 7599999999999999
287304297270232192159139141164201239269281273244204160123 99 9711916021025 618O7 11230413 628199999999999999 7251371935 9599999999999999
25628830029126322518414912912915018622525827527225221717814212011613417025 619O7 2 3300142327699999999999999 830127204011599999999999999
21625928930029026222117613711310912816521024927428126823920116413913014325 620O7 3 2300155128199999999999999 940108215513099999999999999
175219262292304294264217166121 91 8410314419624528029729026322418415414025 621O7 4 43041714297999999999999991047 83231113999999999999999
147178222266298311300265212154103 68 58 7912618624529031431228524420016525 622O7 5 53111826316999999999999991150 58999999999999999999999
145150180225271305319306266207143 86 47 36 6011318124730032933030225821125 623O7 6 3319193033399999999999999 0201441250 3699999999999999
170147150182230278312326310266201133 72 31 20 4710618025231034234231126425 624O7 7 0326202934699999999999999 1241451348 1999999999999999
214170145150184235284319332313263195124 61 19 10 4310718526031935134631225 625O7 755332212235399999999999999 2221431443  899999999999999
262209164140149189242292326335311257186115 52 12  9 4911919827332935434225 626O7 848336221035499999999999999 3141391534  599999999999999
302250196153135152197252300331334303245174104 45 12 20 6814121928833634925 627O7 937337225134999999999999999 4 11351620 1099999999999999
327282228177141133160209263306330325287226157 93 43 24 4410017224430333625 628O71020332232633999999999999999 44313217 0 2499999999999999
334302254203158132137172223272308322306262203141 87 51 48 8113920726831125 629O711 0322235832699999999999999 5211301736 4599999999999999
326310272224178144131147186234275301304280235182130 90 71 8312318023828425 630O71137306999999999999999999999 55613118 8 7199999999999999
31030828224219816013713615919723827028728125421316913010510112216321225825 7 1O7 026313121528799999999999999 632133184010099999999999999
28929928725621818015113714216620023325826825923520316914212913315619223225 7 2O7 05629913 126899999999999999 713136191612899999999999999
26628428526723820317114713714416519422224325224623020618116215415917920825 7 3O7 13028714 625299999999999999 8 513720 715499999999999999
23926427627325622819616614313313815518221023224524723722020018217317518925 7 4O7 217277153924799999999999999 912133212117299999999999999
21223825927026825222619316113512212414116920123025025925423921819718217925 7 5O7 32027117 9259999999999999991023121224617899999999999999
18921023625827127125522518815112110510712716120123826527827425522920118125 7 6O7 4282731814278999999999999991123103235517499999999999999
174184207236263279278258223179136102 85 9111816020925328529829026523119725 7 7O7 52728119 6298999999999999991216 84999999999999999999999
173166179208243274291286260217166117 81 67 7811416722327330531429926622525 7 8O7 619292195131499999999999999 05016513 4 6699999999999999
186161157178215256289303293259207149 97 61 51 7111817924229332332530025925 7 9O7 7 7303203432799999999999999 1381561351 5199999999999999
212171148152182227272304314296252192130 77 43 40 7112919826331333632829425 710O7 753314211433799999999999999 2221461435 3799999999999999
245195155137151191243289318322294240174109 57 29 37 8114822128633034332325 711O7 837324215234399999999999999 3 41371518 2799999999999999
279226175138130156206261305329323284221152 88 40 22 4410117524830834234125 712O7 919331222834799999999999999 3451291558 2299999999999999
308257202154124129167224278318334316266199130 70 31 27 6513220727632734625 713O710 033423 234699999999999999 4231221636 2499999999999999
329285231177134116134183241293326330300243175111 60 34 47 9716924130133625 714O71039333233334299999999999999 5 01161712 3499999999999999
338307257202152118114145198255301325318279220157101 62 52 7913720627031625 715O71118326999999999999999999999 5371111747 5199999999999999
335321280228176132109117155209262300315300259204149104 78 8211717523728925 716O7 0 433512 131599999999999999 6161081824 7699999999999999
32032429825420315511910512016021125929130028424620015512110511615320425625 717O7 036326125130199999999999999 65910519 610599999999999999
29631530827823418614211110211815620324727728627424620917314613614817922125 718O7 114315135528699999999999999 751102195913699999999999999
263293304294266224178136106 9711014318723026127727525722919917516416919125 719O7 2 1304152327899999999999999 856 96211216499999999999999
225259284294287263224178135102 87 9412216521124927528527725522620018217825 720O7 3 629517 2285999999999999991012 86224417899999999999999
191218249276291289269232184135 96 73 74 9914319524328130130028024921618925 721O7 4262921826303999999999999991129 70999999999999999999999
176182206240272294298281243190135 88 57 53 7712618624529231932129826122025 722O7 544299193332399999999999999 0121761240 5199999999999999
185165168194234274303312296254195133 78 41 34 6111718625330733733630726225 723O7 654312202834099999999999999 1231631344 3299999999999999
214172148154187235282315327308260194126 66 27 21 5612019626832435034130325 724O7 755327211435199999999999999 2201471438 1999999999999999
251197153131145188243294329338313257186114 53 17 20 6613821728933935533325 725O7 847339215435599999999999999 3 71311525 1399999999999999
286229173131119145198257308340341305242169 99 43 17 35 9316924731234934825 726O7 932345222835399999999999999 34911916 6 1799999999999999
312257199146114117157215275321344331284217147 84 40 33 6813421028033034725 727O71010344225634799999999999999 4251101640 3099999999999999
326278221166122106127176236290327334307253188126 76 52 6511518325230633525 728O71044336232033799999999999999 4571061710 5199999999999999
329292239184137109111146200255299321312274220163114 82 7911116723028431925 729O71114321234032699999999999999 5261051735 7699999999999999
32530025420215411910812616821926629630328224219414911610411915921226430125 730O71144304999999999999999999999 553108175810499999999999999
31430126521917313511511814418623026528227825421918215113413616120024327925 731O7 0 0314121828499999999999999 623113182313299999999999999
29829627223519415713012013115719322825326325623721218716816117019322425425 8 1O7 02330013 426399999999999999 659120185716199999999999999
27628327324921718315313312813816018921623624624423522020419218819420923025 8 2O7 053283142124699999999999999 750128195418899999999999999
25026326525623821218315713813113515117520022223824624723922721520620421025 8 3O7 142266163024899999999999999 9 7130214720499999999999999
22223624825425223921819016213812412213515718621624326126726224722821019825 8 4O7 31525418 1267999999999999991036121233519799999999999999
19820722324125526025122819716112910810211414218022225828229028025822820125 8 5O7 4512601856290999999999999991148102999999999999999999999
183180193218246268277267239198153112 86 79 9613418423628030631029125721825 8 6O7 6 0277193931199999999999999 0401791247 7999999999999999
183162163185222260288297282245193138 90 61 58 8413519725830532832329224725 8 7O7 655297201932999999999999999 1281601337 5599999999999999
199160141151186235280310317293244181118 66 38 42 8314721928432934532628225 8 8O7 744318205734599999999999999 2101411423 3599999999999999
228174135123146196253302332331296234163 96 44 21 39 9517024731235135231825 8 9O7 830336213235699999999999999 25112315 5 2199999999999999
263202147111111150212274324349337288217142 74 27 16 5112120328033836334725 810O7 91334922 636399999999999999 3301061544 1499999999999999
297234171118 92109163232295341356330270194120 58 22 29 8116024231235636125 811O7 953357223736499999999999999 4 7 921621 1999999999999999
326266200138 93 83117182253313350351312245172104 53 34 6112620528033636025 812O7103235623 636099999999999999 443 811656 3499999999999999
343293228164108 77 85134203270323347334286220155 99 64 6510717624930934525 813O71110348233235099999999999999 518 751729 5999999999999999
346311254190132 88 74 98153220280320331308260203149109 9110915722128032225 814O71149332235833799999999999999 554 7318 2 9199999999999999
337319275218161112 82 8111316722627630530728324219815913313015419925029325 815O71234310999999999999999999999 632 77183712899999999999999
317315289246195146107 87 9212317022026028228326623820818116616818922325925 816O7 027319133328599999999999999 718 85192316599999999999999
287298291267230188147114 9710012316020123625826726324923021119819620622625 817O7 1 7298151026899999999999999 821 96204119699999999999999
249268276273258232197160127105 9911113917421124226427427125823922020720325 818O7 215277171627599999999999999 951 99225020399999999999999
211226245261269266248218179139107 89 9011114819323727329429728325722720025 819O7 4152691839298999999999999991127 87999999999999999999999
184185202229257278285273241194144100 71 65 8713118824529131832029726021725 820O7 554285193332299999999999999 0281831243 6499999999999999
180157158184224265296310297257201140 86 50 44 7312919726331433933229724825 821O7 7 3310201634199999999999999 1271541341 4299999999999999
196152129139178231282319332312262196127 68 32 34 7614421928833635233028225 822O7 755332205435299999999999999 2121291428 2899999999999999
223166122108133186248303340345313252180109 52 25 41 9817425031535235031125 823O7 840348212635699999999999999 25210815 8 2499999999999999
253190133 98100142205270324352344298230157 90 42 33 6813621428633835533125 824O7 918354215435599999999999999 327 941543 3199999999999999
278215153104 85108163231294339352327270200132 75 46 6011318625931834834025 825O7 951353221835099999999999999 358 851612 4699999999999999
297236173119 85 88129193259313342336296234170112 74 6910416723729733634025 826O71021345223834399999999999999 426 811638 6699999999999999
309254192135 94 82106159223281321331308259201147105 8910715722027932033425 827O71048332225433499999999999999 451 8117 0 8999999999999999
314267209153108 86 9413419024829331530727322517713811612115520726130332225 828O71115316231132399999999999999 515 85172011499999999999999
312276225172127 98 9411816221426028929527724320416914614116119924428230525 829O71144296232830799999999999999 539 92174114099999999999999
30427923819114911710311214218322525727327025122519817716817419722926028225 830O71219274234928899999999999999 6 810318 716899999999999999
28827524721117414312311813115718922024125124823722320919819620321923925625 831O71315251999999999999999999999 646118184619599999999999999
26526224922720117515213713314115818020222023223924023623022321821822223025 9 1O7 018265154424099999999999999 749133203321899999999999999
23724224223622520918816714913813614416018020322624425625925424222721520825 9 2O7 128242174925999999999999999 942136233120799999999999999
20821422423424124022920718015213011711913416219723326428228427224822119625 9 3O7 4242421839285999999999999991124116999999999999999999999
182182195218243262266253224185143109 90 9011315420525429130930427924020025 9 4O7 547267191731099999999999999 0321801228 8799999999999999
168152159187227265291296276233179125 82 60 6610316122528232133331427222025 9 5O7 643297195233399999999999999 1121511318 5999999999999999
171134124145192246293322322290232165102 55 36 5410818125431434934731025325 9 6O7 731326202735399999999999999 15012314 2 3699999999999999
191136102103143205270322349339292222147 80 33 23 5913021228834436734629225 9 7O7 81635021 236799999999999999 228 971443 2299999999999999
224156100 74 93151226296348368344283205128 62 23 29 8416524932136737032925 9 8O7 859368213437499999999999999 3 6 741522 1999999999999999
262188119 68 57 96168249319366373334265186112 53 30 5612420928834937435425 9 9O7 94037622 437499999999999999 344 5616 0 3099999999999999
297222148 84 46 55111191271336371362313242168103 59 5610017525432136136325 910O71019373223236899999999999999 420 441634 5199999999999999
322254180111 58 40 68134215288341360338285220157107 82 9915322429133835525 911O71058360225835599999999999999 455 3917 8 8299999999999999
334280211144 86 49 50 9115923229433233630725820515712511914820226230933525 912O71137339232233799999999999999 530 44174011799999999999999
330295239178121 77 57 7111617723828530930527924120317115516219223627830625 913O71221311234831499999999999999 6 7 57181415499999999999999
313297260211162118 87 78 9513318222826327927726123821519618919721824627125 914O71322280999999999999999999999 652 7819 018999999999999999
28528326723820316613310910111013617020523425326126025123722421521422123325 915O7 024286152026299999999999999 758101204021499999999999999
24625425625123721618815913311611212314717821023926227327326224522621020125 916O7 146256172827599999999999999 945112232120199999999999999
20321322724325325424221718414811810010112015519924227729629728025121718725 917O7 4362551832299999999999999991129 98999999999999999999999
168168185214246272283273243199150107 80 7710214820425930132131328323919225 918O7 6 4283191432199999999999999 0321661236 7599999999999999
153132140172218264299312297256199140 89 59 62 9915922528532633731526921325 919O7 7 0312194933799999999999999 1151321325 5699999999999999
158117104127176235289326334307253187121 70 46 6311518625631434533929924025 920O7 744335202134799999999999999 15210414 6 4699999999999999
177121 87 90131195261316347342300236166101 57 49 8414922329133835032326825 921O7 823349204935199999999999999 226 831441 4699999999999999
202138 88 70 93151222289337355333278210142 85 56 6912119326532135033929225 922O7 857355211435199999999999999 257 701513 5599999999999999
227160102 66 69113181253313349348309248181121 79 7210617024130234134431025 923O7 929354213634899999999999999 326 621540 6999999999999999
250182120 74 59 85144216282330347327277216156109 8710415422128332734232025 924O7 958347215534299999999999999 353 5916 5 8799999999999999
268203140 88 61 6911418024830333433129624318714011011114720426431133432325 925O71025337221333499999999999999 417 59162810699999999999999
282222160107 72 66 9515021427231132230326221416913712714819324629231931925 926O71051322223032399999999999999 441 64165012799999999999999
289238180128 90 73 8612718323828130329827123319516514915718723127230030725 927O71119304224730899999999999999 5 4 73171214999999999999999
289249199151113 90 9011515820624827528327024521719217517318921925227828825 928O7115128323 628899999999999999 531 86173817199999999999999
28025421617614011510411313917521224125725924923321620219519821323325226425 929O71237260233026699999999999999 6 3104181219599999999999999
26425122820017114712912413215117620122223524124123622922121621522022723525 930O71426242999999999999999999999 655124193721599999999999999
2392392322202041851651491381371441591792012212382502542512412282162072042510 1O7 02124017 325499999999999999 84013623 120499999999999999
2072142232302322262101881621401261231331561872212512732802732522251991792510 2O7 3472331759280999999999999991044123999999999999999999999
171178198224247260258239205166129103 941071411872362783033062862492061672510 3O7 523261183730899999999999999 0 11711156 9499999999999999
141136157195239276296291261213158109 76 67 901402032633103323232852311752510 4O7 621297191333399999999999999 0411351247 6799999999999999
127101108147205264309330318274210144 88 52 51 901562302963413523252692012510 5O7 710331194835399999999999999 1191001332 4799999999999999
136 86 68 91150224292341358334275201129 71 40 521071852643283643583112402510 6O7 756358202336799999999999999 158 671415 3899999999999999
164 96 50 44 87163247318366373336267190117 62 42 711392222983533733472832510 7O7 840376205637399999999999999 237 411456 4299999999999999
203125 59 23 36 97183269339379373325253178111 65 611061812613273663653192510 8O7 924382212937299999999999999 316 211535 5799999999999999
245163 88 31 11 43116205288350377359305236169111 81 951512252943443633412510 9O710 6378215936399999999999999 354 111613 8099999999999999
281204127 61 18 17 63141225299349361334281221164122110138196261314345343251010O71048362222734899999999999999 432 11164910999999999999999
304240169102 49 23 38 91165239299333334304258210168143146180231281316328251011O71130338225532899999999999999 5 9 22172414099999999999999
310266207146 93 55 44 67119182242286307303278244209182170180210248282300251012O71218309232530299999999999999 549 4318 417099999999999999
298276236189142102 76 73 96137186231263279277263241219201195202221244262251013O71323280999999999999999999999 637 72185919599999999999999
271266249223190155125105101114141176211239257265262250235219208205209220251014O7 010271151126599999999999999 746100205520599999999999999
231239243240228208182154131117117132158190222250268273266250227205188181251015O7 2 4243165527499999999999999 93011523 618199999999999999
185199218236248249236210178145119108116142179221258284292281255220184156251016O7 43425017552929999999999999911 6108999999999999999999999
145153178212246270277263231188144109 93102135183235279305307285244196151251017O7 551277183530999999999999999 0 514512 9 9399999999999999
119112132174223268297303281237184132 94 81 99145203260304323312273219162251018O7 64230419 832399999999999999 0451111256 8199999999999999
113 86 92130186246295322318284229170116 81 79113170234290325330300246183251019O7 723325193833299999999999999 120 841334 7699999999999999
123 79 65 89144211274320338320273212151101 78 92141206269316337321274209251020O7 8 033820 533799999999999999 153 6414 8 7899999999999999
143 87 54 59102169241301338341308252190132 93 87120179244300333334298237251021O7 834344203133899999999999999 223 511440 8599999999999999
168105 58 44 69128201271323345331286227168119 96109157220280323337315262251022O7 9 7346205433799999999999999 253 4315 9 9599999999999999
195128 73 42 49 93162234296335340310259202149114110142198258306332324283251023O7 937342211733399999999999999 321 40153710899999999999999
220153 94 52 41 68126197263313334322282231180139121136180236287319324296251024O710 7334213932699999999999999 348 4016 412199999999999999
243179118 71 46 56 99162228283317320295253206165139139169216265302316301251025O7103632322 031699999999999999 415 45163013599999999999999
259202144 95 62 56 83134194250291307297266227190161151165201244280300297251026O711 6307222230299999999999999 441 55165715199999999999999
268222169121 85 69 78113164216259284288271243212185169170191223256279284251027O71139289224728499999999999999 5 9 68172716799999999999999
269236194150114 91 86103138182223253268267252231209191183188206230251263251028O71224270232026499999999999999 543 8518 718399999999999999
260243215182149122106106122150184215239252254246233217203196197206219232251029O71339254999999999999999999999 632104192319599999999999999
240239230212189163140124119127146172200226244255255246231213198188187193251030O7 027241153325699999999999999 753119214018699999999999999
206219230233227211187160136121118130154187221250270275265242213184163154251031O7 254233165027599999999999999 94211823 515499999999999999
1601812092352532562422131751391121011101391832302692942982792421981561252511 1O7 44225717402999999999999999911 5101235611499999999999999
114129166212254283291273233183135 98 82 951351922502963213162832291701182511 2O7 54929118223239999999999999912 5 82999999999999999999999
 83 77107162225280316323297245184127 85 71 921452132773233413232722031342511 3O7 64332519 234199999999999999 040 751256 7199999999999999
 77 44 49 96168244306345347310249181121 79 701031672413043443513162501712511 4O7 733351194035399999999999999 123 411343 6899999999999999
 98 40 14 33 96180263328364358313247178118 80 811261962693263563472972212511 5O7 822367201835899999999999999 2 6 141429 7599999999999999
139 65 12 -4 31106195279343372357307241175119 901031562272933403563322702511 6O7 910373205635699999999999999 249 -41513 8999999999999999
189109 40 -5 -6 411222122923493683452942311711241071311882533093433443062511 7O7 957368213234899999999999999 332-12155610799999999999999
239161 86 25 -7  5 611422272983443533252762201691331291612152723153343222511 8O7104335422 833599999999999999 415 -8163712699999999999999
276210139 73 24  6 29 881632382973303293012572101691461521862342793083152511 9O71129334224531599999999999999 457  6171914599999999999999
293247188127 73 37 31 60115180242287309303277241204174161171201239271289251110O71217310232629199999999999999 541 2918 416199999999999999
288265225176127 86 62 62 90136189237272287281261233204182173181202229251251111O71314287999999999999999999999 629 5919 217399999999999999
263261244215178140109 91 91112148190228256270269254232208188176176188206251112O7 022264142427199999999999999 729 89202817499999999999999
224237242236218192162135116112124150184219247264267256236210185166158163251113O7 157242154326899999999999999 84711122 715899999999999999
179200221236241233212185156132120125147180216248269274263238205171143130251114O7 3532411649275999999999999991012120231612999999999999999
134155186218245258253233201166136119122145183225260282284266231188145113251115O7 5162581737286999999999999991122117999999999999999999999
100111143186230263279273246207165131113120151196242278296290259212160113251116O7 613280181529799999999999999 0 3100121411399999999999999
 82 76100146200251287299285249202156122110126167218265297306286241184127251117O7 658299184930699999999999999 041 75125611099999999999999
 80 56 64103162224276308312286242190144114112141190244288311306270214151251118O7 737314192031399999999999999 116 55133410999999999999999
 93 53 41 66119186250300323314278228175132112123164218270306316294245181251119O7 814324195031699999999999999 150 41141011299999999999999
116 64 34 39 79143214276318328307263210159124117142191246292316310273213251120O7 849329202031899999999999999 223 31144411599999999999999
147 86 41 26 48102172242297327324292243190146122129166219270306316294244251121O7 924330204931699999999999999 255 26151712099999999999999
180115 61 29 31 69131202266311326309270220172136126148193245288311305268251122O7 958326211831299999999999999 327 25154912699999999999999
211147 88 45 28 47 97163230284314315288245198157134139172219265296304284251123O71030318214730599999999999999 359 28162113299999999999999
237178118 69 39 39 72128193251292308296263221180150140157195239275294288251124O711 3308221729599999999999999 431 35165314099999999999999
256206150 99 61 45 59101158216263290294274240203170150151174212249274281251125O71137295225028299999999999999 5 3 45172814899999999999999
266230182132 90 64 60 83127179228265282278256225193167155161185217246263251126O71218283233226699999999999999 539 59181115599999999999999
264246212169128 95 77 79103144190231261272267246219191169158163182207232251127O713 9273999999999999999999999 624 75191215899999999999999
247249235207172137108 93 95116151191229256268265247221192167152151164187251128O7 036250141526999999999999999 723 91203415099999999999999
213233242237218189156126107104119149188227257273272255225190157134126136251129O7 2 9242152727599999999999999 841103215712699999999999999
162195226247253241214178143117106115144186230265285285264226179136104 92251130O7 35025316302889999999999999910 410623 2 9299999999999999
104138184229262277270241199156122105110141189240280301299269219161108 702512 1O7 51127817243039999999999999911161042357 5699999999999999
 56 74120180238282304297263214165124103109145199254296316307267205137 772512 2O7 6163051813317999999999999991218102999999999999999999999
 36 25 521101832503023273182792251711271041131542132703113273092581871132512 3O7 71532819 032799999999999999 049 25131510399999999999999
 50  9  3 391081882623183433302872311741291071211682292843223313052451682512 4O7 810343194733299999999999999 139  014 810799999999999999
 92 29-11-10 351111962733293513342882311741291121321822432953283302952292512 5O7 9 3351203433399999999999999 230-16145911299999999999999
151 76 13-21-12 401202062823353513292812241691281171441972553033293222802512 6O7 954351212033099999999999999 319-23154711699999999999999
212135 63  5-21 -3 561372202903353423152662111601261251582112653053233082512 7O7104134422 532399999999999999 4 7-21163312199999999999999
261194121 55  6 -9 19 811592352953283252932451941501261341712212683003092512 8O71125331224831099999999999999 452 -9171612599999999999999
288239176111 54 18 15 501121832482953143022672221781431291441812252642882512 9O712 6314233229199999999999999 535 12175912999999999999999
288263217162108 64 41 48 86143204255288295278243203165139134151184221252251210O71246296999999999999999999999 616 39184513399999999999999
268264240201156114 82 70 84120168217256277276256225190159138135150178208251211O7 020269132827999999999999999 7 0 70194013499999999999999
233246243225195161129107101114145185223252266262243214182154135131141163251212O7 120247141626699999999999999 749101204813099999999999999
190214229231221200174149131125135159192224248259255237209177147126117124251213O7 242232151426099999999999999 85312522 311799999999999999
145173201222232229215192168149140145165194224248259255236205169134109 98251214O7 41823316162609999999999999910 913923 6 9799999999999999
105130164199228245246232208180157143146166197229254265259235197154114 86251215O7 53524717102659999999999999911201422356 7699999999999999
 76 89121164208243264264247217184155140145168203238264273261229183133 90251216O7 6322661757273999999999999991217139999999999999999999999
 63 58 80123175226264283279254217178148135144175215252276280259217163109251217O7 718284183928199999999999999 040 5713 513499999999999999
 66 42 47 80133193247285299286253210167137130148186230268287282250199140251218O7 8 0299191828899999999999999 120 41134812999999999999999
 84 43 28 44 89151215270302307284243196153128129157202248282295279236178251219O7 839309195729599999999999999 2 0 28142812599999999999999
115 60 25 21 50106174239289313307274227178138121133171221266294296269217251220O7 917315203529999999999999999 239 1815 512099999999999999
153 90 39 13 22 64129199262304316298257206158125119143190240281301291252251221O7 953317211230199999999999999 317 12154211799999999999999
192126 66 23 10 33 87157226282312311280234183140116123159210258291300278251222O71027316214830099999999999999 353 10161711599999999999999
228164100 47 15 17 54117188251296312296257208161125114134178229271294290251223O71059312222329699999999999999 428 11165211499999999999999
257200137 79 36 18 35 84151217271302303275231183142116118148195242276289251224O71131306225928999999999999999 5 2 18172811399999999999999
274232175116 67 35 32 62118182241282299287252207163129113124158204246272251225O712 4299234027899999999999999 536 3018 711399999999999999
276255211157106 67 47 55 92148207256285290269231188148120111126161204241251226O71240291999999999999999999999 614 46185211199999999999999
262262240200153110 79 68 82119171222262282279255218175137112105121153193251227O7 031265132228499999999999999 658 68194810599999999999999
229250252234202162126100 92105139184229263278272248210167128101 93105136251228O7 135254141427899999999999999 753 912055 9299999999999999
176214240249240216183149123113122149189230261276271247208162118 86 73 82251229O7 3 0249151527699999999999999 9 311322 7 7399999999999999
112156201236255256239208174145130131152189229261278275251209157107 69 50251230O7 43325816232799999999999999910251282316 4999999999999999
 56 88137190236266276264235198165142136152186227262281280255209151 94 50251231O7 5572761728284999999999999991147136999999999999999999999
