-12 -5 17 50 86119143153150136117101 92 93105122140152152139113 79 42 1125 1 1OM 714153173215499999999999999 0 4-121222 9199999999999999
 -9-12  1 28 63100130148152144126106 92 86 92107126144153150133104 68 3325 1 2OM 748153181615399999999999999 042-131259 8699999999999999
  6 -8 -5 13 43 78112137150148135116 97 85 83 92108128143149143124 94 6125 1 3OM 82315119 114999999999999999 121 -91340 8299999999999999
 30  8  0  8 30 60 93123142148141125105 88 78 79 89106124138142134115 8825 1 4OM 858148195114299999999999999 2 0  01425 7799999999999999
 58 33 18 16 27 50 78107131143144133115 95 80 72 74 8410011612813112410825 1 5OM 932145204913199999999999999 239 151518 7299999999999999
 85 62 44 34 36 49 70 95119135142138125106 87 72 65 66 75 9010411612011625 1 6OM10 714222 112099999999999999 320 341620 6499999999999999
104 88 72 60 55 59 71 89109126137139132118 99 80 65 56 56 63 76 9010211025 1 7OM1043140234011199999999999999 4 4 551733 5599999999999999
111106 97 87 80 77 81 90103118130137136128113 94 74 57 46 43 48 60 75 9125 1 8OM1126138999999999999999999999 457 771850 4399999999999999
103111113110104 99 96 97103112122131136135126111 90 68 48 34 28 32 45 6325 1 9OM 151113122013699999999999999 614 9620 4 2899999999999999
 83102116123124120115110107109115123131137136127110 87 61 38 20 13 18 3225 110OM 341124132413799999999999999 8 310721 7 1399999999999999
 55 81105124135137132124115110109114123133139139130110 83 54 27  8  0  725 111OM 447137142914099999999999999 93610922 2  099999999999999
 26 53 84113134145145137126114107106112124136144143132109 78 45 16 -4 -925 112OM 53214615281459999999999999910361052250 -999999999999999
  2 25 58 93123143151148135120107100101111126141149147132105 70 35  6-1125 113OM 6101511619150999999999999991119 992333-1499999999999999
-12  4 33 69104133149152143127109 96 92 98113130146152147128 97 60 25 -225 114OM 64315317 5153999999999999991154 92999999999999999999999
-13 -8 14 47 84117141151148133114 97 87 87 98116135149153143119 86 49 1725 115OM 713152174715399999999999999 011-141227 8599999999999999
 -4 -8  4 30 65100129146149138120 99 84 79 85100119138149148134108 74 4025 116OM 741149182715099999999999999 046 -91259 7999999999999999
 14  1  4 22 52 86117138147141125105 86 75 75 85102122137144139121 94 6325 117OM 8 614719 514499999999999999 118  01331 7499999999999999
 35 17 12 23 45 75105130142142130111 91 75 69 73 86104121133136127108 8225 118OM 829144194313699999999999999 148 1214 5 6999999999999999
 56 36 26 30 45 69 97121137142134118 98 80 68 66 73 87103117125124114 9625 119OM 851142202412699999999999999 215 261443 6699999999999999
 75 56 44 42 51 68 91114131139136124106 87 72 64 65 72 85 9810911411210325 120OM 914139211211599999999999999 241 411528 6499999999999999
 89 74 63 58 61 72 89108125135136128114 97 80 68 62 62 69 79 90 9910410325 121OM 938136221910499999999999999 3 8 571623 6199999999999999
 97 89 80 75 74 79 90104118128133130120106 91 76 65 59 58 63 71 81 89 9525 122OM10 6133999999999999999999999 337 741734 5899999999999999
 98 97 95 91 89 90 95103112121127128124115102 87 73 61 53 51 54 61 70 8125 123OM 019 98104312899999999999999 414 891857 5199999999999999
 91 99103105105103103105109114120123124121113101 85 69 55 45 40 42 50 6225 124OM 311105114312499999999999999 5431032013 4099999999999999
 77 93105114118117114110108109112117121124122114101 83 63 45 32 26 29 4025 125OM 41811813 712499999999999999 8191082111 2699999999999999
 58 79100116126129126118111105104108115123128126117101 78 54 32 17 12 1825 126OM 454129142112899999999999999 9431042158 1299999999999999
 35 59 86111129138137129117105 99 99106117128135133121 99 71 42 17  2  025 127OM 5241391518135999999999999991028 982239 -199999999999999
 12 35 66 98124141146139125109 96 90 95107123137144139122 94 60 27  2-1125 128OM 55414616 71449999999999999911 4 902318-1299999999999999
 -7 11 42 78112138150149135116 97 84 83 93111131147152143120 86 48 14-1025 129OM 6231511653152999999999999991137 822355-1799999999999999
-17 -7 19 55 94127148154145125102 82 73 77 93116139154156143114 76 37  425 130OM 6521541738157999999999999991211 73999999999999999999999
-14-15  3 35 74112141155152135110 85 68 64 74 95122145158156138106 67 2925 131OM 721156182315999999999999999 031-171247 6499999999999999
  2 -9 -2 21 56 95128150155144121 93 69 56 57 72 97124146155150129 97 6025 2 1OM 74915519 915699999999999999 1 7-101325 5599999999999999
 29  9  5 19 46 80114140153149131104 76 56 47 53 71 96122141147140119 8925 2 2OM 816153195814799999999999999 142  414 5 4799999999999999
 59 36 24 28 45 72103130147149138115 88 63 46 42 50 69 9311513113512710925 2 3OM 841150205113599999999999999 216 241450 4299999999999999
 86 65 50 47 55 73 97121139146141125101 76 54 41 39 47 64 8510411712111625 2 4OM 9 7146215512199999999999999 248 461542 3999999999999999
104 89 77 70 72 81 97115131140140131114 92 70 51 40 37 44 57 73 8910110825 2 5OM 932141233210899999999999999 319 701646 3799999999999999
108104 98 93 91 95102113124132136132123107 88 69 52 40 35 37 46 60 74 8825 2 6OM10 2136999999999999999999999 349 911810 3599999999999999
 99106109110110110111115119124128129126119107 91 72 54 39 30 28 34 46 6225 2 7OM10491299999999999999999999991945 28999999999999999999999
 79 96110119123124122119117116118120123124121112 96 77 56 36 23 17 22 3525 2 8OM 436124124512499999999999999 84611621 4 1799999999999999
 55 78101119131135132125117110107109115122127127119103 79 53 30 13  7 1325 2 9OM 5 4135143012899999999999999101010722 1  799999999999999
 30 56 84111131141141132120107 98 96102113125134135126106 78 47 20  3 -125 210OM 5291421537136999999999999991046 962246 -199999999999999
 10 33 64 97124141146139125107 92 85 88 99116133143142129103 71 37 10 -425 211OM 5541461627144999999999999991115 852323 -599999999999999
 -2 16 45 80113137148145131110 90 77 75 84102123141150145126 95 59 26  325 212OM 6171491710150999999999999991142 742356 -499999999999999
 -4  6 30 64100129146149137116 92 73 65 69 85108131148152142117 83 47 1825 213OM 63914917481539999999999999912 9 65999999999999999999999
  3  4 22 52 87119142150142122 97 73 59 58 69 91116138151149132104 70 3825 214OM 7 0150182415299999999999999 025  11236 5799999999999999
 16 10 20 45 77110136148145129104 77 58 50 56 73 98123141148140119 90 5925 215OM 719149185914899999999999999 052 1013 4 5099999999999999
 34 22 25 43 71102129145147135112 84 61 47 46 58 79104126139140128105 7825 216OM 737148193414199999999999999 117 211333 4599999999999999
 53 38 35 46 68 96122141147139119 93 68 50 42 48 63 85107125132129114 9425 217OM 755147201113399999999999999 141 3514 4 4299999999999999
 72 55 49 54 70 92116135144141126103 78 57 44 43 51 68 8810611912211610325 218OM 813144205212299999999999999 2 4 491439 4299999999999999
 87 73 64 65 75 91111128139139129111 89 67 51 44 45 55 70 8710110911110625 219OM 832140214311199999999999999 226 631520 4399999999999999
 97 87 80 78 83 93107122132135130117 99 80 63 51 46 48 56 68 81 92 9910125 220OM 853135231010199999999999999 248 781612 4699999999999999
100 97 93 92 93 98107116124128127120108 93 77 63 53 48 48 52 61 71 81 9025 221OM 915129999999999999999999999 3 5 921730 4799999999999999
 96101103104105107109113117120121119113104 92 79 66 54 46 42 44 50 59 7225 222OM 9491219999999999999999999991915 42999999999999999999999
 85 98108114117117115113111111113114115113107 98 84 68 53 40 32 30 37 5025 223OM 423117114911599999999999999 8281112039 3099999999999999
 67 87106119127128123116108103102105111117119116106 89 68 46 28 17 16 2625 224OM 43812814 011999999999999999 9451022136 1599999999999999
 45 70 96118133138134123109 97 91 93101114125131127114 91 63 36 14  3  525 225OM 5 01381511131999999999999991018 912219  299999999999999
 21 48 80110134145144132114 95 82 79 86102121137144138119 90 55 23  1 -725 226OM 52414616 4144999999999999991048 782259 -799999999999999
  2 25 59 96128148153143122 97 76 65 68 83107132150155145120 84 46 13 -725 227OM 5491531652156999999999999991119 642336-1099999999999999
 -9  8 39 78116144157152133104 76 56 50 60 84114142160162147116 77 38  825 228OM 6141571738163999999999999991151 50999999999999999999999
 -5  1 25 61100135156159144115 82 53 38 39 57 86120149164163143109 70 3525 3 1OM 640160182416699999999999999 011 -51226 3699999999999999
 12  7 21 50 87123149160152128 94 60 34 25 33 56 90124150162156134102 6725 3 2OM 7 4160191116299999999999999 046  713 3 2599999999999999
 39 26 29 48 78112140156156138108 73 41 22 19 32 58 91123145153145123 9625 3 3OM 728158195915399999999999999 119 251341 1899999999999999
 69 51 47 56 77104131150155145121 89 56 30 17 19 34 60 9011613413813111425 3 4OM 751155205213899999999999999 150 461423 1699999999999999
 94 77 69 71 83102124141150146130105 75 48 28 19 23 38 60 8410511812211825 3 5OM 812150215612299999999999999 218 681512 1999999999999999
108 97 90 88 94105120133142142133116 94 69 48 33 26 29 40 57 75 9110310925 3 6OM 832143234511099999999999999 242 881612 2699999999999999
110108105104106111119126132134130121107 90 72 55 42 34 33 39 50 63 77 9025 3 7OM 850134999999999999999999999 2531041738 3399999999999999
101108113116117119120121123123122119114106 94 80 65 51 40 34 34 40 52 6825 3 8OM 8521239999999999999999999991928 33999999999999999999999
 85101114122126126123118114111110111113114111104 91 75 56 40 29 26 32 4525 3 9OM 426127125411499999999999999 9591102053 2699999999999999
 65 87108123132133128118108100 96 98104113120121115100 79 56 36 22 19 2725 310OM 4391341443121999999999999991011 962147 1999999999999999
 46 71 97120134139134121106 91 83 83 90104119130132123104 78 51 28 15 1625 311OM 4571391543132999999999999991032 822227 1499999999999999
 30 55 84112133143140127107 87 73 68 75 90110129141140126101 71 42 21 1325 312OM 5161431628142999999999999991056 6823 1 1399999999999999
 20 41 71103129144146134112 88 67 57 59 73 96121140149143123 93 61 33 1725 313OM 53514717 6149999999999999991120 562330 1599999999999999
 17 33 60 93123143149140119 92 66 49 46 57 79106132149152139114 82 51 2925 314OM 5541491742152999999999999991144 452357 2199999999999999
 21 30 53 84116140151146127 99 69 46 36 42 61 88118141153149131102 71 4525 315OM 61215118161539999999999999912 9 36999999999999999999999
 31 33 50 78109135150150134107 76 48 32 31 44 69 99127146151141119 90 6325 316OM 629152185015199999999999999 022 301235 2999999999999999
 45 41 52 74102129147151140116 85 55 33 25 32 52 80109133145144129106 8125 317OM 646152192414699999999999999 047 4113 2 2599999999999999
 61 52 57 73 97123142150144124 96 65 39 25 25 38 61 89115133139133117 9625 318OM 7 4150195913999999999999999 110 521331 2399999999999999
 77 66 65 75 94116136146145130106 77 50 31 25 30 47 70 9511612812912110725 319OM 722147203813099999999999999 134 6414 2 2599999999999999
 91 79 75 80 93111128140142133114 89 64 43 31 29 38 55 76 9611111911811125 320OM 741143212611999999999999999 157 751438 2999999999999999
101 92 87 88 96108121132136132119100 78 58 43 35 36 45 59 76 9110210910925 321OM 8 0136224211099999999999999 220 871523 3599999999999999
107102 99 98101107116124129128120108 92 74 59 47 41 41 47 57 70 82 9310125 322OM 821129999999999999999999999 243 981629 4099999999999999
106108109109109110113116119120117112103 91 78 65 54 46 42 43 50 60 72 8625 323OM 8461209999999999999999999991813 42999999999999999999999
 98109116119119117113111109109110110109106 98 87 73 59 46 37 34 38 49 6625 324OM 32811911 011099999999999999 8391091954 3499999999999999
 84103118127130126118108100 96 97102109114116111 99 81 61 42 28 23 28 4325 325OM 350130134511699999999999999 921 9621 0 2399999999999999
 66 91114132139136125110 94 83 81 86 99113125130125109 86 59 34 18 14 2325 326OM 41413915 013099999999999999 950 802148 1499999999999999
 45 74105130145147136116 93 73 63 65 79100123140146138117 87 54 27 12 1225 327OM 4381481556146999999999999991020 632230 1099999999999999
 28 56 90123146155147126 97 69 49 44 54 77106135154159147120 85 50 24 1225 328OM 5 21551646159999999999999991052 4323 9 1299999999999999
 19 41 75111141158157139108 73 43 27 28 47 78114146165166149119 82 49 2725 329OM 5271601734168999999999999991126 252345 2299999999999999
 22 36 63 98132156162151122 85 47 20 10 19 45 82121152168166146115 80 5225 330OM 55216318221709999999999999912 2 10999999999999999999999
 38 41 59 89122149163158136101 61 25  4  1 17 48 87125153165159139110 8125 331OM 617163191116599999999999999 021 371239 -199999999999999
 61 55 64 85113140158161147118 80 41 12 -3  0 20 53 9012414715514812910625 4 1OM 64116220 115599999999999999 055 551319 -499999999999999
 86 75 76 88108131150158151131100 64 31  8  0  7 28 58 9011813514113512125 4 2OM 7 5158205614199999999999999 127 7414 2  099999999999999
106 94 90 95108124140150149137115 86 56 30 14  9 17 36 61 8610812212612425 4 3OM 72815122 512699999999999999 157 901451  999999999999999
116109104105110120131139142136123103 80 57 37 25 22 28 42 60 80 9710911525 4 4OM 750142999999999999999999999 2251041551 2299999999999999
117116114113115118123127130128122112 98 82 65 50 39 34 36 44 57 72 8710025 4 5OM 0 0117 8 913099999999999999 2571131713 3499999999999999
111117120121120118117116116115114112107100 90 77 63 51 42 40 43 53 67 8325 4 6OM 2491219999999999999999999991856 40999999999999999999999
 99113122126126121115108103100101104107109108101 88 73 58 46 39 41 50 6625 4 7OM 32112713 710999999999999999 9201002018 3999999999999999
 86105121130132126116104 93 86 85 90 99110117118111 97 78 59 44 37 40 5325 4 8OM 343132143911999999999999999 939 842113 3799999999999999
 72 95117131137133121103 86 74 69 73 85102118128128119100 78 56 41 36 4425 4 9OM 4 413715351299999999999999910 2 692154 3699999999999999
 61 85110130141140128107 85 66 56 57 68 88110129138136121 99 73 52 39 4025 410OM 4241421618139999999999999991026 552227 3899999999999999
 53 76103127143146135114 88 64 47 42 51 71 97122140146139119 93 67 49 4225 411OM 4431461656146999999999999991051 422257 4299999999999999
 50 69 96122142150143123 95 66 42 31 35 52 79109134149150136113 85 62 5025 412OM 5 21501732151999999999999991115 312326 4899999999999999
 51 65 89116139151149132104 72 43 26 23 35 60 92122144153148130104 79 6125 413OM 52115218 7154999999999999991141 222353 5699999999999999
 56 64 84110134150152139114 81 49 25 16 22 42 72105133150152141120 96 7525 414OM 53915318411539999999999999912 7 15999999999999999999999
 65 67 81104128146153145124 93 59 31 15 13 27 53 85116139149146132110 9025 415OM 559153191615099999999999999 019 641235 1299999999999999
 76 73 81 99121140151148132105 72 42 20 12 18 37 65 9612213914413712110325 416OM 619151195314499999999999999 045 7213 4 1299999999999999
 88 80 84 96114133145147137115 86 56 31 17 16 27 49 7610212313413512611325 417OM 641148203313699999999999999 112 801336 1599999999999999
 99 90 89 95109125138143138123 99 72 47 28 20 23 37 58 8210311912712611925 418OM 7 3143212312799999999999999 140 881413 2099999999999999
109100 96 98106117129136135126110 88 64 45 31 27 32 45 63 8210011311911925 419OM 728137223312099999999999999 211 961458 2799999999999999
115110105104106112120126129125116101 83 64 49 38 34 38 48 63 79 9410611425 420OM 758129999999999999999999999 25410416 1 3499999999999999
118118115112110110112115118118116109 99 85 71 57 46 40 40 47 58 73 8910425 421OM 023118 84711999999999999999 4341091728 3999999999999999
116122124122117111106103104106109111110104 95 82 67 53 43 39 43 53 70 8925 422OM 155124111411199999999999999 72510319 1 3999999999999999
108122131132127116104 94 88 88 93102111117116109 94 76 57 43 36 39 51 7125 423OM 240133132711799999999999999 830 872013 3699999999999999
 95117134141138125107 89 74 68 71 83100117129132123106 83 60 42 35 39 5525 424OM 312141144513299999999999999 9 9 6821 8 3599999999999999
 80107131146148137116 90 66 50 47 57 77103127143147137115 88 62 44 38 4625 425OM 340149154614799999999999999 945 462156 3899999999999999
 66 95123146155150129 99 67 40 26 28 46 76109138156159146121 92 65 48 4625 426OM 4 81551640160999999999999991022 252239 4599999999999999
 59 83113140158159144114 77 41 15  6 15 42 78116148165165150123 94 70 5825 427OM 4361611731167999999999999991059  62319 5799999999999999
 60 77103132154164156131 95 54 18 -4 -6 10 42 83122153168165148123 96 7725 428OM 5 41641822169999999999999991139 -82358 7099999999999999
 70 78 97123147162163146115 75 34  3-13-10 12 47 88125152164160143120 9925 429OM 5321651913164999999999999991220-14999999999999999999999
 86 85 96115137156163155133 99 59 22 -3-13 -5 19 53 9112414715515013611825 430OM 6 116320 615599999999999999 036 8413 3-1399999999999999
103 96 99111128145156156144119 85 50 19  0 -5  5 29 60 9212013814414012825 5 1OM 63115821 314499999999999999 112 961349 -599999999999999
116107104109120133145150145130106 77 48 24 10  8 19 39 65 9211412813313125 5 2OM 7 315022 813399999999999999 1511041439  799999999999999
124116111110115123131137138132118 99 75 53 35 24 23 32 48 69 9010812012625 5 3OM 738139232712699999999999999 2361101536 2299999999999999
126122117113112114118122125124120110 96 79 62 48 39 37 43 55 71 8910511625 5 4OM 824125999999999999999999999 3521121645 3799999999999999
123125122118113109107107109111112111107 99 87 73 60 51 47 51 60 74 9010625 5 5OM 051125101211299999999999999 62810718 3 4799999999999999
118125127124117108100 95 93 94 98104108109105 96 84 71 60 55 56 64 78 9525 5 6OM 150127124410999999999999999 8 7 931918 5499999999999999
111124131130123112 99 87 79 77 81 90101111116114105 92 77 65 59 60 70 8525 5 7OM 227131141611699999999999999 849 772018 5899999999999999
104121132136131119101 84 70 62 64 73 88105118125123113 97 80 68 62 66 7825 5 8OM 256136151712599999999999999 921 6221 6 6299999999999999
 96116132140139127108 86 65 52 48 55 71 92113129135130117 99 81 69 66 7425 5 9OM 32214116 513599999999999999 950 482147 6699999999999999
 89109129142145136117 92 66 46 36 38 53 76102125139143134117 97 80 71 7225 510OM 3451451646143999999999999991018 352223 7099999999999999
 84103124141148144127101 71 45 28 25 35 57 85114136148147134115 95 80 7525 511OM 4 81491724149999999999999991046 242256 7599999999999999
 81 97118137149149136112 81 50 27 16 20 38 66 98126146153147130110 92 8125 512OM 43115118 1153999999999999991114 162328 8099999999999999
 82 93111131147152144124 94 60 32 14 10 22 46 78110136151152142124104 9025 513OM 4551521837153999999999999991143 102358 8499999999999999
 84 90105124142152150134107 74 43 19  7 11 30 58 90120142151148134116 9925 514OM 5201531913151999999999999991214  7999999999999999999999
 90 90100117135148151142120 90 58 30 12  8 18 40 7010112614214714012611025 515OM 546151195214799999999999999 029 891247  799999999999999
 97 93 97110126141148145130105 75 46 23 11 13 27 51 8010712814014013211925 516OM 614149203414199999999999999 1 0 931323 1099999999999999
106 98 97105117131142144136118 93 65 39 22 15 21 37 61 8711012713513412625 517OM 644144212213699999999999999 134 9714 3 1599999999999999
115106101102110121132138136126108 84 60 39 26 22 30 46 67 9011112513113025 518OM 720138222013299999999999999 2161001449 2299999999999999
124115107103105111119127130128118102 82 61 44 33 31 38 52 71 9211112413025 519OM 8 7130232513199999999999999 3141031545 3199999999999999
130124116108103102106111117121120114102 85 68 53 42 39 44 57 74 9411212525 520OM 921122999999999999999999999 4411021652 3999999999999999
132132126116106 97 93 94 99106113117115107 95 79 64 52 47 50 61 78 9811625 521OM 028133111411799999999999999 621 9318 7 4799999999999999
130137136127113 98 85 77 77 84 95107117121118108 92 76 62 55 57 67 8410525 522OM 12013813 512199999999999999 732 761920 5599999999999999
124138143138124104 83 66 57 58 68 86105122132132122106 87 72 63 64 75 9325 523OM 2 1143143013399999999999999 825 562024 6299999999999999
115135147148138117 90 63 43 34 39 55 80107130143145135118 97 80 71 73 8525 524OM 238149153814699999999999999 910 342120 7199999999999999
105127146155151133105 72 41 20 14 23 47 78111138154156145126105 88 80 8425 525OM 312155163815799999999999999 954 142211 8099999999999999
 98119140156160149124 90 52 21  1 -1 14 43 80117145161162150131110 94 8925 526OM 3471601734164999999999999991038 -22259 8999999999999999
 95110131151162160143113 74 35  5-11 -9 11 44 84121149164163150131112 9925 527OM 4221631827165999999999999991123-122343 9699999999999999
 97105122142158164157135101 61 23 -4-15 -9 15 50 8912515016215914612811225 528OM 45916419191629999999999999912 8-15999999999999999999999
103104114130148160162150125 90 52 18 -5-12 -2 23 57 9412614715615213912425 529OM 53816220 915699999999999999 0261021255-1299999999999999
111105108119135149157155140115 81 47 18  1 -2 10 35 67 9912614314814313225 530OM 618158205814899999999999999 1 91051341 -399999999999999
118109106111121134145150145130106 76 47 24 12 12 25 48 7610412613814113525 531OM 7 1150214614199999999999999 1531061429 1099999999999999
125114107105110119129137139134120 99 75 52 34 26 28 41 62 8610812513413525 6 1OM 749139223413699999999999999 2441051516 2599999999999999
129119110104102106112120126128123112 96 77 59 46 41 44 56 74 9511312613225 6 2OM 848128232113399999999999999 34810216 6 4199999999999999
132125116106 99 97 98102109114117115108 97 82 69 59 55 59 70 8610311812825 6 3OM10 9117999999999999999999999 511 961659 5599999999999999
132130123112101 93 87 87 90 97104109111108101 90 80 71 68 72 81 9511012325 6 4OM 0 8133115511199999999999999 638 871759 6899999999999999
132134130120107 94 82 75 74 78 87 97107113113109100 90 82 79 82 9010311725 6 5OM 052134133811499999999999999 743 7419 3 7999999999999999
129136136129116100 83 69 62 61 68 81 96109119121118109 99 90 86 89 9811025 6 6OM 133137145512299999999999999 832 6020 6 8699999999999999
124135140137126109 88 68 54 48 51 62 80 99117128131126116104 95 91 9510425 6 7OM 210140155313199999999999999 911 4721 2 9199999999999999
118131141143136120 97 73 52 39 36 44 61 84108127138140133120107 97 9510025 6 8OM 244143163914099999999999999 946 352151 9599999999999999
111126139146144131109 83 56 36 25 28 42 65 93118138147145135120106 98 9725 6 9OM 3171461720147999999999999991020 252233 9799999999999999
105119134146149141123 96 66 40 22 16 25 45 73103129146152146133117104 9825 610OM 3491491758152999999999999991053 162310 9899999999999999
101112127142151149135111 81 50 25 12 12 27 53 8411513915215314312811210125 611OM 4211521835154999999999999991127 102345 9899999999999999
 98105119136149153146126 98 66 36 15  7 13 33 63 9512414515315013712110625 612OM 45415319121549999999999999912 3  7999999999999999999999
 99100111127143153152139116 85 52 25  9  7 19 43 7410613214815214413011425 613OM 528154194915299999999999999 019 981239  699999999999999
102 98104117133147153148131104 73 42 19  8 11 28 54 8511513714814813812325 614OM 6 5153202814999999999999999 055 981317  899999999999999
108 99 99107121136147150141122 94 64 37 19 12 20 39 66 9612214014714313125 615OM 64515021 814799999999999999 133 981357 1299999999999999
116104 97 99108122135144144133113 87 60 37 23 21 31 52 7810512814114513925 616OM 730145214914599999999999999 218 971439 2099999999999999
126111100 94 97106118130137136126108 85 61 43 33 34 45 65 9011413214214325 617OM 825138223214499999999999999 312 941526 3299999999999999
135121106 95 89 91 98110121129129122107 88 69 54 46 48 60 7810012113614325 618OM 934130231614499999999999999 417 891617 4699999999999999
141131116100 87 80 80 87 98111121124121111 96 81 68 62 64 75 9111012814025 619OM11 3124999999999999999999999 529 791716 6299999999999999
145140128111 92 76 67 65 72 85100114123125120109 96 85 79 79 8810211813425 620OM 0 1145124612599999999999999 640 651823 7899999999999999
144146140125104 82 62 50 48 55 71 90110124132131123112101 93 92 9911012525 621OM 047147142413299999999999999 744 471938 9299999999999999
139148149140121 96 69 46 32 30 39 59 8310912914114313712611310410210611725 622OM 134150154414499999999999999 842 29205110299999999999999
132145153152139116 87 56 31 16 14 27 50 8011113515015414713512111110711225 623OM 222154165015499999999999999 936 13215710799999999999999
123138151158154138111 77 44 17  2  3 19 47 8111514215816115313912311210925 624OM 3101581745161999999999999991027  0225210999999999999999
115127143157162155135105 68 33  6 -6 -3 17 49 8612114816216315213712111025 625OM 3591621833164999999999999991116 -7234010899999999999999
109117131148161164154131 98 60 25  1 -9 -1 22 56 9412815216216014713011525 626OM 44616419171639999999999999912 3 -9999999999999999999999
106108118134151162163150125 91 54 21  0 -5  7 33 6810413415315915313812125 627OM 534164195715999999999999999 0231061248 -599999999999999
107102106119136152160158143117 83 49 21  6  6 21 49 8211413915315314312725 628OM 620161203215599999999999999 1 31021330  499999999999999
111100 98105119135149155150134108 77 47 26 17 22 40 67 9812514315014613325 629OM 7 615521 515099999999999999 143 9814 9 1699999999999999
116102 94 95103117132143146140123100 73 50 35 32 41 61 8611213314514613725 630OM 752146213514799999999999999 225 931445 3299999999999999
123107 95 89 92100113125134136129114 94 73 57 48 50 62 8110412413914414025 7 1OM 84213622 514499999999999999 313 891520 4899999999999999
129114100 89 85 88 95106117124125119108 93 78 68 64 69 81 9911713214114225 7 2OM 940125223614399999999999999 4 8 851555 6499999999999999
135123108 94 84 80 82 88 98107114117114107 97 88 81 81 87 9811212613714125 7 3OM1059117231114199999999999999 513 801636 8099999999999999
139131118103 89 78 73 74 79 88 98107113114111106100 95 9510010912013113825 7 4OM1248114235414099999999999999 624 731731 9599999999999999
140137127114 98 82 70 64 64 70 80 9210411411912011711210710610911512413225 7 5OM1437120999999999999999999999 732 63185010699999999999999
138140135125109 91 74 60 53 53 61 74 9010712012813012712111511211311812525 7 6OM 046140155113099999999999999 829 52202011299999999999999
134140141135122104 83 63 48 41 43 54 72 9311413013914013512611811311311825 7 7OM 141141164014099999999999999 917 41213111299999999999999
127136143143135119 97 72 50 35 30 36 51 7410012314014814613812711611111225 7 8OM 232144172014899999999999999 959 30222111099999999999999
119130141147146134113 87 60 37 23 21 32 53 8111013414915414813612211110725 7 9OM 3191481755154999999999999991039 2023 110799999999999999
111122136148153147131106 75 46 24 13 16 33 60 9212214515615614613011510525 710OM 4 11531828158999999999999991117 12233610399999999999999
104112127143154157147126 96 63 33 13  7 16 39 7010413315316015413912110625 711OM 44315719 1160999999999999991154  7999999999999999999999
 99102115133150160158144118 84 50 22  7  7 22 50 8411814415815914812911025 712OM 524161193316099999999999999 010 991230  599999999999999
 97 94102119138155162157138108 74 41 17  7 13 34 6510013115216015513911825 713OM 6 616220 416099999999999999 046 9413 7  799999999999999
100 90 91103122142156161152130 99 66 36 18 15 27 51 8311614215715814712825 714OM 651161203616099999999999999 124 891343 1499999999999999
107 90 84 88103122141154155144122 92 62 39 27 29 45 7110213015015815313725 715OM 73815621 615899999999999999 2 5 841420 2699999999999999
116 96 82 78 85100119137147147136115 90 65 48 42 49 67 9211814115415514525 716OM 831149213715699999999999999 252 781458 4299999999999999
127105 86 74 72 79 94112128138138129112 93 75 64 63 71 8811013114715415025 717OM 93213922 915499999999999999 345 711539 6299999999999999
137118 97 78 67 64 71 84101117127130125115102 90 84 84 9310712413914915225 718OM1052130224615299999999999999 446 641624 8399999999999999
145131111 90 72 60 55 60 72 8810511812512612211510810310411012013214214925 719OM1241126233215099999999999999 557 55172410399999999999999
149142128108 86 66 52 45 47 58 74 9311112413113313012512011812012613414225 720OM1446133999999999999999999999 713 45185811899999999999999
148148142128107 84 61 43 33 34 44 62 8510812714014514313713012512312613325 721OM 035149161314599999999999999 827 32205112399999999999999
141148151145131108 81 55 33 21 21 33 55 8211013414915515214313312412012325 722OM 15015117 715599999999999999 931 1922 712099999999999999
131142152156150134109 78 47 23 10 11 27 53 8511714315816215514212811711425 723OM 2591561749162999999999999991025  9225711499999999999999
118130144157162155136107 73 39 14  3  8 28 59 9412815216416315113411810725 724OM 3581621824165999999999999991113  3233610699999999999999
106115131149162166157135102 65 32  9  2 12 37 7110813915916515814112210525 725OM 4501671856165999999999999991155  2999999999999999999999
 98101115134154166168155129 94 57 27  9  8 24 53 8812314916316214812710725 726OM 536169192516499999999999999 012 971233  699999999999999
 93 90 99116138157167164148119 84 51 26 15 22 43 7410813815716215313411225 727OM 619168195016299999999999999 045 9013 7 1599999999999999
 93 84 86 99119140156163156137108 76 48 31 29 42 67 9812715016015614011925 728OM 7 1163201316099999999999999 119 831338 2899999999999999
 97 83 78 85100120140152154145124 97 71 51 43 49 66 9211914215615714612725 729OM 741155203515899999999999999 154 7814 6 4399999999999999
105 86 76 76 85101120136145143132113 91 72 61 61 71 9011413615115615013425 730OM 823145205615699999999999999 231 741433 5999999999999999
114 94 79 72 75 85101117129135132122107 91 80 76 80 9311113014515315114025 731OM 911135211815399999999999999 313 721459 7699999999999999
123104 87 75 71 74 84 97110120124123116106 97 92 92 9911112613914814914425 8 1OM1012125214315099999999999999 4 2 711527 9199999999999999
131115 98 83 73 70 72 80 9110211111611811611210810610811412313314114514325 8 2OM1153118221514599999999999999 5 4 7016 110699999999999999
136125110 95 81 71 67 67 73 82 9310411311912212212112012012312813313814025 8 3OM143712223 614099999999999999 622 66171412099999999999999
138133123109 94 80 68 60 59 64 73 8610111412513113313212912612512713013425 8 4OM16 2133999999999999999999999 744 59195512599999999999999
137137133124110 93 75 60 51 48 53 66 8310212113514214313913212612212212625 8 5OM 035137164014499999999999999 850 48213112199999999999999
132138140137127110 89 68 50 38 36 45 62 8511013114615214914112912011511625 8 6OM 2 1140171015299999999999999 941 36221711599999999999999
124134143147143130109 82 57 36 25 27 41 64 9312214415715815013612111010725 8 7OM 3 31471738159999999999999991023 24225010799999999999999
113125140152156149130103 72 43 23 15 22 43 73106136156164159144125108 9925 8 8OM 35315618 51649999999999999911 1 152322 9899999999999999
101112130149162163152127 95 60 30 12 10 25 52 88123151166167154133111 9425 8 9OM 4381641832168999999999999991137  92354 8999999999999999
 89 97115138158170168151121 84 48 21  9 14 36 69106140163171163143117 9425 810OM 5221711859171999999999999991212  9999999999999999999999
 81 82 95119144165174167146112 75 41 19 14 27 54 90126155170169153127 9925 811OM 6 6174192517299999999999999 028 791247 1499999999999999
 78 70 77 96122149168173162138104 69 41 27 29 48 7811314416517116113810925 812OM 651173195117199999999999999 1 4 701321 2699999999999999
 82 66 63 74 96124149165167154129 98 69 49 43 52 7310313415716916514812125 813OM 738168201616999999999999999 142 621354 4399999999999999
 92 69 57 58 72 95122144157156144122 97 76 64 65 78 9912514816316615513325 814OM 829158204116699999999999999 224 561427 6399999999999999
106 80 61 52 56 70 92115134144144134118102 89 85 9010312114115616215814325 815OM 92814621 616299999999999999 312 521459 8599999999999999
121 97 74 58 51 54 67 8510512113113312912111210710611212313614815515614925 816OM1049133213515799999999999999 410 51153310699999999999999
134115 93 73 59 51 52 61 75 9110711912612912812612412512813414114715014925 817OM1311129221615099999999999999 524 50161812499999999999999
142131115 96 77 61 50 47 51 62 78 9511112513413813913813613513513714014325 818OM1548139235114499999999999999 655 47191813599999999999999
144141133120102 82 62 47 39 40 50 67 8811012914315015014613913212812813225 819OM1632151999999999999999999999 824 39213412899999999999999
138143145141129109 85 60 41 30 30 41 62 8911613915415915514513312211611825 820OM 15314517 215999999999999999 930 28221911699999999999999
126137148154150136113 84 55 32 21 23 39 66 9712815016216215213611910710425 821OM 3101541729164999999999999991020 20225210499999999999999
110124141156163158140111 78 47 24 16 24 46 78112142161167159142121102 9325 822OM 4 616317541679999999999999911 1 162322 9299999999999999
 94107127149165170161138105 69 39 21 19 33 62 97130156168165149125102 8625 823OM 4521701817168999999999999991137 172351 8199999999999999
 81 90109134157171172157130 95 60 35 24 30 52 84118148166168155132106 8425 824OM 53317318391699999999999999912 8 23999999999999999999999
 73 75 90115141162172168148118 84 54 37 35 49 76109140161169161140113 8725 825OM 612173185916999999999999999 019 721237 3399999999999999
 69 65 74 95121147164169159136106 76 54 46 53 73102132156167164147121 9425 826OM 649169191716899999999999999 049 6513 3 4699999999999999
 71 60 63 78101127149161160146123 96 74 61 62 76 9912615016416515313010325 827OM 726162193516799999999999999 118 601327 6099999999999999
 78 62 57 65 84107130147153148134113 93 78 75 82 9912214415916415713811325 828OM 8 4153195316499999999999999 150 571350 7499999999999999
 88 68 58 59 70 89110129141143137124108 95 89 9110211913815316015714412325 829OM 846143201216099999999999999 224 571413 8999999999999999
100 79 65 59 63 75 9110912313113212711810910310310811913314615315414613125 830OM 939133203215599999999999999 3 4 59143610299999999999999
112 93 76 66 63 67 77 9010311512112412311911611511712213013914514814413525 831OM11 6124205414899999999999999 356 63145711599999999999999
122106 91 78 70 66 68 74 84 9510511412012412612612712813013413713913913525 9 1OM2122140999999999999999999999 5 9 66999999999999999999999
129119107 94 82 72 65 64 67 74 85 9811112213113613713613413213013013113225 9 2OM1558137232113299999999999999 651 64203113099999999999999
132129123112 99 84 70 60 54 56 64 78 9611413114214714614013212512112112425 9 3OM1617147999999999999999999999 818 54213412199999999999999
130134135131120103 83 64 49 42 44 56 7610112414315415514913712411411011325 9 4OM 144135163915699999999999999 915 4222 311099999999999999
122133143146141126103 77 53 36 30 37 55 82112139157164158144125108 99 9925 9 5OM 25514617 216499999999999999 959 302230 9799999999999999
108125142155158149128 99 68 41 24 23 36 63 96129155169168153131107 90 8325 9 6OM 3461591725170999999999999991037 222259 8399999999999999
 90108132154168169154127 92 57 31 19 24 46 79115148169175164140111 86 7125 9 7OM 4331701749175999999999999991112 182330 6999999999999999
 71 86112141166178175155122 84 50 28 22 35 64100137165178173152121 88 6425 9 8OM 5171791813178999999999999991147 22999999999999999999999
 55 63 85117150174183175150115 78 48 33 36 56 88124156176178162133 98 6625 9 9OM 6 2183183717999999999999999 0 3 551221 3299999999999999
 47 44 59 88122155176181169143109 77 55 48 58 82114146170179170146112 7625 910OM 64818219 117999999999999999 038 431254 4899999999999999
 49 36 40 60 91125154172173159135106 82 69 70 84109137161175173156127 9225 911OM 736174192417699999999999999 116 351326 6799999999999999
 61 39 32 40 62 92123148161161148128108 93 88 9411013115316717116114011125 912OM 828162194717199999999999999 157 321356 8899999999999999
 80 54 38 35 45 65 9111713614714713812611410810811613014615816416114812625 913OM 93014820 916599999999999999 243 34142510799999999999999
101 75 55 43 41 49 65 8610612213213513312912412312613214114915515514913625 914OM11 3135203215699999999999999 341 41145012399999999999999
119 99 80 63 52 48 52 62 77 9310812012913413513613613713914114414414313925 915OM2056144999999999999999999999 5 0 48999999999999999999999
131120105 89 74 61 52 51 56 67 82 9911612913914514614313913513213113113325 916OM1545146999999999999999999999 644 51211513199999999999999
134133127116101 83 66 52 46 48 59 76 9711813714815315014313312311711612125 917OM 0 613416 615399999999999999 816 46214111699999999999999
128136140138128110 88 66 48 40 42 56 7710412814815715714813311810610110425 918OM 213141162815999999999999999 917 3922 610199999999999999
115130144151149136114 87 61 42 35 42 61 88117143159163155138117 98 87 8725 919OM 31915216491639999999999999910 2 352232 8699999999999999
 97116137154162157139111 81 54 38 36 49 74105135157166162145120 96 78 7225 920OM 4 716217 9167999999999999991038 352258 7299999999999999
 79 98123147164169158135104 73 49 39 45 65 94126153167167152127 99 75 6225 921OM 44816917291699999999999999911 9 392324 6199999999999999
 63 79104133157171170154127 95 66 49 47 61 87118147166171159136105 76 5725 922OM 5261731747171999999999999991137 462351 5199999999999999
 51 61 84114143165173166145116 86 64 56 62 83111140162171165144114 82 5725 923OM 6 217318 51729999999999999912 3 56999999999999999999999
 45 48 66 94125152168170157134106 82 68 69 83106134157170168152124 91 6325 924OM 637171182317199999999999999 017 441228 6799999999999999
 44 40 52 75104133155165161145122 99 83 78 86104128151166169157133103 7325 925OM 713166184116999999999999999 045 401253 7899999999999999
 50 39 43 60 85113138154158150134114 98 90 92104124144160166159141114 8525 926OM 750158185916699999999999999 114 391317 8999999999999999
 60 45 41 51 69 94118138148148139125111102100107121138152160158145124 9825 927OM 830149191816199999999999999 145 41134110099999999999999
 74 56 47 48 59 78 9911813213813713012111311011312113214415215314613111125 928OM 920139193715499999999999999 221 4614 511099999999999999
 89 70 58 53 56 67 82 9811312412913012712312012012413013714314514213312025 929OM1038130195614599999999999999 3 5 53143112099999999999999
103 87 73 64 60 62 69 80 9310511512312712913012912913013213513613513212525 930OM2012136999999999999999999999 410 60999999999999999999999
115104 92 80 70 64 63 66 73 84 971101221311371391371341301271251251251252510 1OM15 2139999999999999999999999 551 62999999999999999999999
123119111100 87 75 64 58 58 64 77 931121281411471471411321221151121141182510 2OM1526148999999999999999999999 730 57211011299999999999999
125129129122110 93 75 59 49 48 57 74 97120140153156150137121107 98 981052510 3OM 129129154915699999999999999 836 482133 9799999999999999
118131141143135118 95 71 51 40 42 56 79108135155164160145124102 85 79 852510 4OM 243143161216499999999999999 923 4022 0 7999999999999999
101122143156157145123 94 65 44 35 42 63 92125152169170156131102 77 62 622510 5OM 33615816351719999999999999910 4 352230 6099999999999999
 77102132157170169152124 90 60 41 38 51 78112145168177167143110 76 51 422510 6OM 4251721659177999999999999991042 3723 2 4299999999999999
 50 74108142169181175154122 87 60 46 49 69100134163179176156123 84 50 292510 7OM 5111811723180999999999999991118 452337 2699999999999999
 27 44 76114151176185176151118 87 65 58 68 92124154175181168139 99 59 292510 8OM 5581851748181999999999999991154 58999999999999999999999
 15 20 44 80120155177182170145116 90 76 76 91116145168180175153118 77 412510 9OM 646183181318099999999999999 013 141228 7499999999999999
 16  9 21 48 85123154171173161139116 98 91 97114137159173175162135 99 62251010OM 737174183817699999999999999 053  913 2 9199999999999999
 32 14 13 27 54 88121146160160150134119109108117132149164170164147119 87251011OM 83216219 317099999999999999 135 11133510799999999999999
 56 33 21 22 36 60 88115135146147142132124120123130141152159159150133109251012OM 939148192716099999999999999 224 2014 812099999999999999
 83 60 42 33 34 45 64 85106123133138137134131130132136142146148145136123251013OM1119138195214899999999999999 322 32145313099999999999999
106 88 70 56 47 46 52 64 80 97113126134138139137135134133133133132131127251014OM1348139999999999999999999999 441 45999999999999999999999
121111 98 83 70 59 53 55 62 75 92109124136142144140134127121117116118121251015OM1444144999999999999999999999 620 53204911699999999999999
124125120110 96 80 66 57 55 61 74 92112130143149146138126113103 99101108251016OM 034125151214999999999999999 746 542114 9999999999999999
118128133131121105 86 68 57 54 62 78100122141152153144129110 94 84 82 90251017OM 216134153515499999999999999 846 542140 8299999999999999
105122137144142129109 86 67 56 56 68 89113137153158152135112 90 73 66 71251018OM 316144155715899999999999999 929 5522 6 6699999999999999
 86108131147154148131108 84 65 58 63 80105131152162159143119 91 68 54 54251019OM 4 215416171629999999999999910 5 582231 5299999999999999
 67 90117142158161150129103 80 65 64 76 97124148163164152127 97 68 47 41251020OM 4421611637166999999999999991037 632257 4199999999999999
 49 70100130154165163147123 97 78 70 75 92117143161167159137106 73 46 33251021OM 51916616561679999999999999911 6 692323 3199999999999999
 34 51 80112142162168160140115 93 79 78 90111136157168164146116 82 51 31251022OM 5551681715168999999999999991134 772350 2599999999999999
 25 36 60 92125151166166153131108 91 85 91107130151165166153127 94 61 35251023OM 63016817351679999999999999912 1 85999999999999999999999
 23 26 44 73105135156164159143122104 93 94105123144160165157137107 74 45251024OM 7 5164175616599999999999999 017 221228 9299999999999999
 27 23 33 56 85116140155157149133116103 99105118136152161158143119 89 59251025OM 742158181716199999999999999 047 221255 9999999999999999
 37 27 29 44 68 95121140149148139125113106107116129143153155146128103 75251026OM 822150184015699999999999999 118 26132410699999999999999
 52 37 32 39 55 77101122136141139131122115112116124135144148145133114 91251027OM 91114119 414899999999999999 154 32135511299999999999999
 69 52 42 40 48 63 82102118129134133129123119119122128134139139133121105251028OM1018134193013999999999999999 237 40144111899999999999999
 87 70 57 49 49 55 67 83 99113124131132131128125123123125127129127123115251029OM115913220 812999999999999999 334 48162612299999999999999
103 90 76 65 57 55 58 67 80 95110123132137137133127121117115115116118118251030OM1327137223311899999999999999 455 54192611599999999999999
115109 98 86 73 63 57 57 64 77 94112128139144143135124112103 99100105113251031OM1413145999999999999999999999 627 562019 9999999999999999
120123120111 97 81 66 57 55 62 77 98119138150152145130112 95 83 79 85 972511 1OM 1 4123144415299999999999999 742 552052 7999999999999999
113127136135125107 87 68 56 54 64 83107132151160156140117 92 70 59 60 732511 2OM 225136151216099999999999999 839 542125 5899999999999999
 95119140151150137115 90 69 57 58 71 94122147163166153128 96 66 44 36 442511 3OM 325152154016699999999999999 927 5622 0 3699999999999999
 66 97128153165162146120 93 72 62 67 85111140162172165143109 71 38 19 172511 4OM 41816616 7172999999999999991011 622236 1699999999999999
 33 64102138164175169150122 96 77 72 81102130156173174158127 86 46 15  12511 5OM 5 91751635175999999999999991052 712314  099999999999999
  6 30 67108146171179171150123 99 85 85 98121147168177169145108 65 26  02511 6OM 55917917 4177999999999999991132 832355 -999999999999999
 -9  3 32 72114149171176166146123104 95 99115137159173174159130 90 49 142511 7OM 6501761734175999999999999991211 95999999999999999999999
 -6 -8  8 38 77116147165168158141122109106113128147163171165146115 77 412511 8OM 74316918 617199999999999999 038-10124910699999999999999
 12 -2  0 17 47 82116141156158149136123115115123136150160162152132103 712511 9OM 839158183916399999999999999 123 -3132911499999999999999
 41 19  9 13 30 55 85113134145147141132124120121127137146151149139121 97251110OM 942147191615199999999999999 213  9141711999999999999999
 71 48 31 24 28 42 63 87109127137140137131125121121125130134136134127114251111OM105514020 313699999999999999 3 9 24153112199999999999999
 96 77 60 47 40 43 53 69 88107122132136135131125120116115117119121121119251112OM1214136213912299999999999999 415 40175211599999999999999
112101 87 73 61 55 55 62 74 91108123133137136130122113105101100103108113251113OM1316137999999999999999999999 530 54194210099999999999999
116115109 98 85 74 65 64 69 80 96113127137141137127114101 90 83 83 89 99251114OM 016116135714199999999999999 647 632030 8399999999999999
110118122118109 95 82 73 70 75 87104121136144144135120101 84 71 66 70 81251115OM 159122142914599999999999999 752 7021 5 6699999999999999
 97113126131128117102 87 77 75 82 96114132145149144128107 84 64 53 52 61251116OM 3 6131145614999999999999999 844 752135 5199999999999999
 79101122136141135122105 89 81 81 91107127143153151138115 89 63 45 37 43251117OM 356141152215399999999999999 928 8022 4 3799999999999999
 60 85111134147148139123104 90 84 88101120139153156147126 97 67 42 28 28251118OM 43814915461569999999999999910 6 842232 2699999999999999
 41 65 95124145155152139120102 91 89 97114133150158154136109 76 46 25 17251119OM 5171561610158999999999999991041 8823 0 1799999999999999
 25 46 76108136154159152135116100 92 95108126145157158146121 89 56 29 13251120OM 5531591635159999999999999991113 922330 1299999999999999
 14 29 56 89121146159158147128110 98 95103119138153159152133103 69 38 17251121OM 62816017 0159999999999999991144 95999999999999999999999
  9 17 38 69102131151158153138121106 98101112129146156155142117 85 53 26251122OM 7 3158172615799999999999999 0 0  91215 9899999999999999
 11 11 25 50 81112137151153144130114103101107121137150154147128101 70 41251123OM 740154175415499999999999999 032  9124610199999999999999
 21 12 18 36 63 92119139148146136122110103105114127140148147136114 87 59251124OM 819148182414999999999999999 1 5 12131910399999999999999
 35 21 18 28 48 73100123137143139129118109105109118129139142137124103 78251125OM 9 3143185714299999999999999 142 18135910599999999999999
 54 35 26 27 39 58 82105124135138134126116109107111118126132133127114 95251126OM 953138193913499999999999999 223 25145210799999999999999
 74 55 40 34 37 48 66 87108124134136132125116109106107112118122123119108251127OM1051136204112399999999999999 312 34161310699999999999999
 94 77 61 49 44 47 57 73 92110126135137133125115106100 98100105111115114251128OM1151137222611599999999999999 411 441754 9899999999999999
109 99 85 72 60 54 55 64 78 96114129139140135124110 96 86 82 84 91100110251129OM1244141999999999999999999999 522 541911 8299999999999999
115115109 98 85 72 64 63 70 84102121136144144135119 99 80 66 61 65 77 93251130OM 031116132814599999999999999 637 6320 5 6199999999999999
109122127124113 98 84 74 71 77 91110129144151147132108 82 59 43 39 47 652512 1OM 2 712714 715199999999999999 748 712050 3999999999999999
 89113132141139127111 94 82 79 85100120140153156146124 94 61 35 19 18 332512 2OM 319141144415799999999999999 850 792133 1799999999999999
 58 90120143154151138120101 89 86 94111132151161159142112 76 40 12 -1  32512 3OM 419154152016299999999999999 945 862216 -299999999999999
 23 56 93128152163160145125106 95 94104122143160166157134 99 58 21 -5-152512 4OM 5141641557166999999999999991034 9323 1-1599999999999999
 -6 20 58 98134158168162146126109100101114133152166167153124 85 44  7-162512 5OM 6 71681635168999999999999991121 992346-2199999999999999
-21 -7 23 63104138160167160143124109103108121140158167163145114 74 34  12512 6OM 65716717151679999999999999912 5103999999999999999999999
-18-18 -1 31 70108139158161153137120108105112126144158163156135103 66 292512 7OM 747162175716399999999999999 032-20124810599999999999999
  2-12 -8 11 42 78112138152153144129115106106114128142153155145124 95 612512 8OM 834154184115599999999999999 118-13133210599999999999999
 31  9  0  7 26 55 87116136146144135121110104105113124136143143133114 892512 9OM 920147192914499999999999999 2 5  0142110399999999999999
 61 37 21 17 25 44 69 96119134140137127115105100101107116125130130121106251210OM10 5140202413199999999999999 251 17152110099999999999999
 86 65 47 37 36 44 61 83104122133136131121110101 95 95 98105112116117112251211OM1049136213711799999999999999 337 351639 9499999999999999
102 88 73 60 53 54 62 77 94112125133133127117105 95 88 85 86 91 98104107251212OM1133134232310899999999999999 426 531810 8599999999999999
107102 93 83 74 69 70 77 89104118129134132125113100 87 77 72 72 77 86 95251213OM1218134999999999999999999999 521 691926 7199999999999999
103108107102 95 88 83 83 89 99111123132135132123108 91 75 63 57 58 66 79251214OM 12410813 213599999999999999 628 822020 5799999999999999
 93105114116113106 98 93 92 96105117128136137132118100 79 61 48 43 47 59251215OM 255116134413899999999999999 741 9221 2 4399999999999999
 77 96113123127123115105 99 97101110122133140139129111 88 64 44 33 31 40251216OM 356127142314099999999999999 848 972139 3099999999999999
 58 81105124135136130119108100 99104115128139143138123100 73 47 28 20 23251217OM 44213715 014399999999999999 943 992213 1999999999999999
 39 63 90116135144143133119107 99100108121135144145134114 86 57 31 14 11251218OM 5201451535146999999999999991027 992246 1099999999999999
 21 43 72102128145150144130115103 98101113128141148144128102 70 40 16  4251219OM 55515016 81489999999999999911 4 982319  499999999999999
  7 24 51 84115138150150140124108 98 97105119135147149139117 87 54 25  5251220OM 6291521642150999999999999991138 962352  099999999999999
  0  9 32 63 97126145152146132115101 95 98110126142150147131105 72 40 14251221OM 7 21521716150999999999999991210 95999999999999999999999
  0  1 17 44 77109134148149139123107 95 93101116132145149141121 91 58 28251222OM 735150175014999999999999999 026 -21242 9399999999999999
  7  0  8 28 58 91120139148143130114 99 92 94105120136145145132109 79 48251223OM 8 9148182714699999999999999 1 0  01317 9199999999999999
 22  7  6 19 43 73103128142145137122105 94 90 94107122135141137122 98 69251224OM 84314519 814199999999999999 135  51356 9099999999999999
 42 22 13 17 33 58 87114133142140129114 99 89 87 93105119130133128112 90251225OM 918143195513399999999999999 211 121443 8799999999999999
 65 42 28 24 31 49 74100122137141136123107 93 84 83 89100112121124119106251226OM 955141205412499999999999999 250 231540 8299999999999999
 87 67 50 39 39 48 66 88110128138139131117101 86 77 75 79 89101110115113251227OM1034140221211599999999999999 333 381649 7599999999999999
104 90 75 63 56 56 65 81100118132139137127112 94 78 67 62 65 75 87100108251228OM1117139235911199999999999999 424 5518 4 6299999999999999
111108100 89 79 74 74 81 93109124135139136124107 86 67 53 46 48 58 73 90251229OM12 4139999999999999999999999 528 731915 4699999999999999
105114117113106 97 90 89 93102115128138141136123102 77 54 36 27 29 42 61251230OM 155117125614199999999999999 649 892018 2799999999999999
 84105121129129123114105101102109119131141143137120 95 66 39 18  8 12 27251231OM 330130134914399999999999999 8191002115  899999999999999
