276169 78 19  6 4512422432340445044840032123315911812417826335141944742425 1 1OU102845522 444899999999999999 345  5162311499999999999999
349242134 48  3  8 6515826336043145943737028219513110713420429537943744925 1 2OU11 4460224445199999999999999 424 -2165910799999999999999
406316205102 29  1 26 9920030539344845541133224116211411015423332239844025 1 3OU1138458232444599999999999999 5 2  1173510599999999999999
435376279172 81 26 18 6114424734441745043437428820313810712117625734040325 1 4OU1211451999999999999999999999 539 14181210699999999999999
430410342247151 77 41 5110619328937242543740333325017512511013519427034325 1 5OU 0 5431124543999999999999999 618 39185310999999999999999
394409381315230150 94 73 9515323431738441841336929922416012111514319826725 1 6OU 051410132242199999999999999 7 0 73194111399999999999999
33137438535830223216812611513819026032837940138834328021215612211513918725 1 7OU 14738514 740199999999999999 750114204311499999999999999
24830835036534930825420216615417021126732336438137033227621415812010712225 1 8OU 25936515 638299999999999999 855154215910799999999999999
163221281330356355329287240203183187214258307347368365335284222161114 9025 1 9OU 42835916223709999999999999910211822318 8999999999999999
 9713319225931835937336032327523019818720324028933536637234929923116010225 110OU 6 03731744373999999999999991155187999999999999999999999
 68 6910416724431637139839135429924219717518322027533237438836831323615425 111OU 717399185738899999999999999 030 64131517499999999999999
 86 45 43 8115224032439042341637330924018415416220627233939040838532123325 112OU 820425195840899999999999999 134 39141815399999999999999
142 67 24 23 6915124834141244543137830122316113214720328135641042539331825 113OU 913446205042699999999999999 231 18151013199999999999999
220123 47  7 15 7316627136643545843136327719313411514621630238043043438825 114OU 958458213643999999999999999 320  4155311599999999999999
299194 97 27 -1 24 9719930639745345841132923715811011116124433340644242825 115OU1035463221544499999999999999 4 2 -1163010499999999999999
363264159 69 15  8 5514324935042745943837027919012510012519328236642444025 116OU11 6459224844199999999999999 437  417 110099999999999999
403321218120 48 18 3810620430739344444539631322214710510715523532139242825 117OU1132451231843199999999999999 5 7 18172710099999999999999
418360269171 90 44 43 8917227036042244041033925217211810413219627635140125 118OU1153441234641499999999999999 531 37175010399999999999999
413380308219136 80 62 8815324032739542741435927919913811012016523330536325 119OU1213428999999999999999999999 555 62181410999999999999999
392382334262185125 9410114421429436340440837130623116612611914519525731625 120OU 016393123541299999999999999 619 92184211899999999999999
35636734529623417713812814919726132437239037432826520215513113616521126325 121OU 05036713 339099999999999999 650128192013099999999999999
30833533731527623119217017019223428332935936334129824519515914314917321025 122OU 136340134036599999999999999 730167201414399999999999999
25228831131530327824822220620521924828331633633832028724420216915014816425 123OU 245316143634099999999999999 835203213514799999999999999
19423126629430931029827725423522422524126729531732631929425621317414513425 124OU 43431116 432699999999999999102322323 413499999999999999
14317020925229031933132730827924822321322124627931133233431427222016812725 125OU 61433217363369999999999999912 4213999999999999999999999
10811414519324830134136135733129024420718919722827432135436133728521815125 126OU 720363184436299999999999999 016107131318999999999999999
 99 75 8412418625732337239338334428622618016017522028334438439135729020525 127OU 810394194039399999999999999 114 7414 516099999999999999
125 66 42 5811219127735340642340034326919714613116022530437541841836928425 128OU 855423203042499999999999999 2 6 42145113199999999999999
183 93 31 12 4111320930739044144640432723916011210915824133340944943636925 129OU 937450211745199999999999999 254 12153310499999999999999
265153 58  0 -7 41131241347429469455390296198120 8210016926836744147144025 130OU101547122 147199999999999999 338-111612 8199999999999999
353235118 27-20 -8 62169286391463483442355250152 83 6510619430139946547725 131OU1050484224248099999999999999 419-231649 6499999999999999
425322198 86  7-19 17106222338432482473406303196108 59 6612822833542347225 2 1OU1121486232147699999999999999 456-191724 5599999999999999
463392281162 65  8  8 66167282386457477437350244146 77 53 8316126236043225 2 2OU1150478999999999999999999999 531  01757 5399999999999999
460430349241138 64 34 58131232335417458447384290191111 66 6511119228536825 2 3OU 0 0460121846099999999999999 6 4 341831 5999999999999999
422430388308215136 88 81121196286368422434400328240158 99 74 8813821229125 2 4OU 040433124643599999999999999 638 7819 9 7399999999999999
357394391349283212157130138180245315372402395353287214150107 9310915321325 2 5OU 126397131940499999999999999 7171291958 9399999999999999
27732935735532628123319718118922026631535236735632227121516512911312014925 2 6OU 22636014 536799999999999999 810180211211299999999999999
19524729432433532530127024222422123425929031733333231528223819215112411525 2 7OU 4 0335152833599999999999999 942220225411599999999999999
12916321126130533434433531228025022822123025328331233033131127221916512025 2 8OU 6 13441734333999999999999991157221999999999999999999999
 96 9712717924230335137637434630225321218919121826331034736334830223616525 2 9OU 72537819 236399999999999999 026 93132518799999999999999
104 67 64 9816224131937941140436430223518015015719826132737839837831923525 210OU 82041320 139899999999999999 135 61142014899999999999999
149 78 37 39 8616626034841343941935928020014011613719928035841342739231525 211OU 9 4439204842899999999999999 228 3215 211599999999999999
216121 48 14 31 97193296387445454411331239156103 9614022131439544244038425 212OU 940457212844899999999999999 311 131538 9299999999999999
288181 86 22  7 47133240345426464446378283187112 78 9716526135642845843025 213OU101146522 245899999999999999 347  616 9 7799999999999999
351244137 53 11 23 90191301397456462412322221133 79 7412220930939645045225 214OU1036467223245899999999999999 417  81636 6999999999999999
397300190 94 33 22 66155263365438464433353252157 89 65 9316626235642545125 215OU1057464225945199999999999999 442 191658 6599999999999999
422344241140 67 37 59131231334416456443378281183106 68 7713321931239043325 216OU1116458232543799999999999999 5 5 361718 6599999999999999
428374285188108 64 68119206303388439443394308211128 79 7311018226834740225 217OU1134448235141899999999999999 526 601738 7099999999999999
417387319233155103 90121188274355413431401331241158101 8010015322730136025 218OU1153431999999999999999999999 548 8918 0 8099999999999999
39038233827220315012513618124832037840639534627219413310110213519125431225 219OU 018392121440799999999999999 6121251827 9799999999999999
35036134229924619917016618823228633737037534929723317513512013116421125925 220OU 051361124037799999999999999 64016419 412099999999999999
30032432731028024622020620922926029532634233731127022418315514515217520725 221OU 137329131734399999999999999 71920520 514599999999999999
24327429530229828526825324324124726027929830930929627224120818016115416325 222OU 3 4302143031199999999999999 850241215615499999999999999
18421324527429630831030328826925123923824826628730330829927423719616013625 223OU 5433111654309999999999999991138237234413199999999999999
13214718022326930933734833931427723921120021224228232034234031126019914225 224OU 7 43481826344999999999999991259200999999999999999999999
103 9110815321528133937738936932426520916915918223329735338638434327118725 225OU 752389192739099999999999999 055 91134915899999999999999
112 62 48 7613922330837942142438531623616612212116424032539543242236226725 226OU 834428201943599999999999999 150 48143311699999999999999
164 76 22 15 59145248348424461446382289194116 78 9416226036043847244736525 227OU 91346221 647299999999999999 238 111513 7799999999999999
250134 41 -9 -1 65171289394467487445356245142 68 45 8517729139847449645125 228OU 950488215049799999999999999 323-131552 4599999999999999
349222102 14-21  9 97218340440496489418308189 89 30 31 9720632843349850025 3 1OU1024501223250799999999999999 4 3-211629 2299999999999999
432317188 76  5 -7 48153277392474501461365244131 46 12 4112824536245550025 3 2OU1055502231150199999999999999 441-1117 3 1299999999999999
478394275156 64 19 35110222338432484476406296180 83 24 19 7216928338745925 3 3OU1123489234947999999999999999 515 171735 1499999999999999
478436345236139 74 59 99184288384448465425337230130 59 29 4911521031039225 3 4OU1148466999999999999999999999 547 5718 7 2999999999999999
439436383300212143108117169250335402434420362275183109 64 57 9015523631525 3 5OU 027444121343599999999999999 6181061840 5599999999999999
375401386338273212170157178227291350388395366308237169118 93 9612617824025 3 6OU 1 8401124139799999999999999 6531571924 9099999999999999
29833935534431327223521220922525829733235034732128023318715213212914517725 3 7OU 2 5355132135199999999999999 741208203912899999999999999
21926329831932431429527425624624525527229130430830228526022819416514514125 3 8OU 348324145530899999999999999 931244224514099999999999999
15418422426630332833933331328625823522422824426929431231730427222717913925 3 9OU 6 83391748318999999999999991215224999999999999999999999
11711914819625431135437537033929324320117818121025630634536234830423917125 310OU 71737719 436299999999999999 024115132317699999999999999
115 83 8612519026733939241139234227420615413214920027033838940537831322925 311OU 8 1411195340599999999999999 126 8014 413299999999999999
145 82 52 6712521030138042843339231923415810810114121630338142943138329725 312OU 836437203343799999999999999 210 521439 9899999999999999
199110 50 36 73152252348422454433366274181108 74 9215825234842345743636325 313OU 9 745421 845799999999999999 247 341510 7499999999999999
261158 75 31 41104202308399455458406316214125 69 6110919730039345446441625 314OU 934464214046799999999999999 320 281538 5799999999999999
323214115 49 32 72159267368442468436355250150 77 47 7214724935143146844825 315OU 958469221046999999999999999 348 3116 3 4799999999999999
375270164 82 42 58127228335421466455388286179 94 47 5110720030439545346025 316OU1019469223846499999999999999 414 411625 4299999999999999
411320216124 68 60108196300393453461412319211117 57 43 8015925835242345225 317OU103946423 445299999999999999 438 571646 4199999999999999
428358263171104 79103173268361429454424346244146 76 48 6712921730838342725 318OU1058454232943399999999999999 5 1 7817 6 4799999999999999
426379301217147110114163241327397434423365275180104 64 6711018326634039125 319OU1118436235540899999999999999 5241061727 6099999999999999
408384327256191149139166223295361403409372301216141 92 8010415822729534825 320OU1138412999999999999999999999 5461381750 7999999999999999
37637233828623219117318221726932436638236631925218413310711114219224829925 321OU 02337912 238299999999999999 611172182210599999999999999
33434733530626823421320822325228932334534732528323318515113614216620224325 322OU 1 1347123434999999999999999 644208191313699999999999999
28030631631229727725824524124626027929831131330127824621318416515816518625 323OU 210317133931499999999999999 757241205815899999999999999
21524827729931131330729327625824524024526027929630530228525521718115314225 324OU 444314161730699999999999999105924023 614299999999999999
15017621526030233335034732629225221819920022226030233434833629724017913025 325OU 62335118 3348999999999999991228196999999999999999999999
10310513819426132537239538634728822517314615319525932637940238532924816425 326OU 71439619 640299999999999999 025100131914599999999999999
 97 61 66114192281361418438412348264181119 9411718427436242845142334624225 327OU 757438195845199999999999999 123 5814 2 9499999999999999
141 63 27 43110209315405461467418328223129 65 52 9718930040247148944334525 328OU 837471204749099999999999999 213 251444 5099999999999999
226116 37  9 42129244358447492475399287171 75 21 27 9720933243850350744225 329OU 915494213351499999999999999 259  91524 1599999999999999
330204 95 25 12 66170292403480502457357233116 29 -6 2511724036546651850225 330OU 950503221752199999999999999 341  916 3 -699999999999999
421302181 83 30 41114225343440494486413297173 67  1 -9 4715227639347951025 331OU1023499225851099999999999999 421 261639-1399999999999999
474383269162 84 57 91176285387460483444351233121 37 -2 15 8719431041047225 4 1OU1053484233748499999999999999 458 571713 -499999999999999
480429338239154104102153239334413455446384286180 91 34 21 5813523333040725 4 2OU1121458999999999999999999999 532 961746 2099999999999999
445433378299222164140157213288361411424393324236152 89 58 6410617625733125 4 3OU 016446114842599999999999999 6 51391821 5599999999999999
384402383336277224190184208255311358383377339280214155115 9911014519825825 4 4OU 059402121938499999999999999 64218319 6 9999999999999999
31134735934631627824622622424026830232833933030426622418615814314416319725 4 5OU 15735913 433999999999999999 737222202514199999999999999
23827931132933232030027725724524325126728429730229828326023019917215615725 4 6OU 33933315 530299999999999999 941242222815599999999999999
17620925029132334234432930227023921821222224427330132032230426922417914625 4 7OU 5363451738323999999999999991153212235813499999999999999
13414818523729334137137535231025820917616618422427632635936634129022516425 4 8OU 6393761843368999999999999991251166999999999999999999999
12010712717924831937540439735629322316412912916623030336640340135828620525 4 9OU 719406192740799999999999999 054106133012499999999999999
135 92 88126197281359413429401336253174114 9111217425934440943741635126225 410OU 75242920 543799999999999999 136 8414 2 9199999999999999
173104 72 87147235328403443436380294200120 73 7212020430238944545440932525 411OU 821446204045799999999999999 212 711432 6699999999999999
226138 80 68108189288378440456419337236142 74 49 7614924934942846745138425 412OU 848457211346899999999999999 244 6615 0 4999999999999999
287187109 70 84148244343423462447379279174 90 43 4610119329839245546942825 413OU 915464214547199999999999999 315 681526 3799999999999999
344243152 91 78119202302393452461414322214117 52 33 6614424534642546545225 414OU 940465221646799999999999999 345 761552 3299999999999999
390297203127 91106169262356429460435360255152 74 35 4710719829738444245425 415OU10 5460224545699999999999999 414 891616 3499999999999999
417341252171119110150227317396443441387294191104 52 44 8416025233940643825 416OU1029449231243999999999999999 4411081640 4199999999999999
424370292215156131148204283360415432400326230141 79 55 7513221329636540825 417OU1052432233941799999999999999 5 713017 3 5599999999999999
415382322254195161159194255324381410399348268183115 78 7911617925332137125 418OU1115411999999999999999999999 5321551730 7499999999999999
392381341286234196182196236290342377385358301230163116 9811115221027132425 419OU 0 9392114338699999999999999 6 018218 4 9899999999999999
35736634931427223621320922625929933535535232427622117113712613917121726625 420OU 049367122335799999999999999 640208185812699999999999999
30833534433431128225523623023725628330832632731228124220116815014916720025 421OU 156344133632999999999999999 758230203214799999999999999
24228431733734133030828025223222222724627430232132631328324119616014114425 422OU 34534115473279999999999999910 9222222313999999999999999
16921226431334936836433929825221018518120224429333736236133127821315611925 423OU 5203691728366999999999999991139179234511099999999999999
11113618925832637840640136230023017013312916322730236840941337530321814225 424OU 6214081836416999999999999991236126999999999999999999999
 93 81112181268352415443427369282192119 79 8413722532340545545640531521425 425OU 7 9444193246299999999999999 047 801324 7599999999999999
127 72 63106191293386450471437355249146 68 33 5312823734944049048441931625 426OU 753471202449599999999999999 141 6014 9 3299999999999999
206115 61 61118216325419476481426324205 99 25  2 4213525637546751249341625 427OU 835487211351399999999999999 230 541453  299999999999999
307196108 63 76147252360446489473396281160 58 -4 -9 5015628139748351648425 428OU 91549122 151699999999999999 317 601535-1499999999999999
399290186108 78107188292392462484445352233119 31-13  3 7518630741448650225 429OU 953485224650499999999999999 4 1 781615-1599999999999999
458371269177116105149233330414463461402302189 90 22  0 3311422033042147325 430OU1028470232948099999999999999 4421031654  099999999999999
472420336247174135142195275358421446423352256158 79 34 32 7615625234441425 5 1OU11 2447999999999999999999999 5211311732 2799999999999999
446431378305233181162182235305369409413376307223146 90 64 7612219227234525 5 2OU 011447113641799999999999999 6 01621812 6499999999999999
39541039034328523219819221526131435838037233527721315711910511915821527825 5 3OU 056411121538199999999999999 64219119 010599999999999999
33236837736032328024221921623226430133034433731127122618515514315017722125 5 4OU 150377131034499999999999999 74021520 914299999999999999
27031434435634732229025823422322824627229731431931028725521918716616317925 5 5OU 3 3356145331999999999999999 912223214216299999999999999
21325730033535435433430326623220920221323927130332533131828724520317115825 5 6OU 428356165033199999999999999105320223 415899999999999999
16820225030134437037134930725721017716618021626531435036435031025620115925 5 7OU 53437418 0364999999999999991157166999999999999999999999
14315719925832036939538935229422917213613015821328034338639837331724818425 5 8OU 620396184939899999999999999 0 3143124012899999999999999
140128154210282352401417395338262185126 9810815623131238142142137930822825 5 9OU 656417193042699999999999999 0491281315 9699999999999999
161122123165237319389429428384306216137 85 7210417426335141744642936928625 510OU 72943420 844799999999999999 1291171347 7199999999999999
203139112130190275359422446423355261166 92 55 6411820530238944545842134725 511OU 8 1446204545999999999999999 2 71121419 5299999999999999
258177124114151226316396445448399312210119 59 42 7414824534141946145440025 512OU 833453212246499999999999999 2431121451 4199999999999999
318229157118127183268356425455432361262161 82 40 4710118828637644046243625 513OU 9 5455215746299999999999999 3191161522 3799999999999999
369284202143124154223310390442447400313210118 57 39 6914023232640344844925 514OU 937451223145599999999999999 3541241553 3999999999999999
405331250180140143190267349414443423356260163 88 49 5510518627635941944225 515OU10 744323 344299999999999999 4261351622 4599999999999999
423367293221168149173232307378423428386306211127 72 57 8414723031338142125 516OU1037432233442799999999999999 4571491652 5699999999999999
424388328260202169170208270338392416400343261176109 74 7811918726633738925 517OU11 7416999999999999999999999 5281651724 7199999999999999
411398355297239197181196238296352389397368307231160109 9010515021628634625 518OU 0 8411114239899999999999999 6 218118 4 9099999999999999
38539537533328123420419621425330234737337334429022516612511212716922728925 519OU 050395123037799999999999999 647196185811299999999999999
34237538336432728224121220321624628732735335833829624218914913113917222225 520OU 146383134235999999999999999 755203201213199999999999999
28133336938137033729424921319419521925830233935835332427622117214213816125 521OU 3 0381151836099999999999999 925192213913699999999999999
20826832837239438835630624919816515717922428333837538536431525018814412825 522OU 4173951649386999999999999991046157225912899999999999999
14619426133138741641237431023516812311113719727434940342440534927319714125 523OU 52341818 2424999999999999991150111999999999999999999999
118133186264344408440432382301209130 79 6810418027636643245843837428720225 524OU 61944219 445999999999999999 0 71171244 6799999999999999
139111129189276363429459442377280177 91 40 36 8517628438445648445838729425 525OU 71046020 248499999999999999 1 81111335 3199999999999999
204138111133201293382446470441362254145 59 13 19 8018129640047349746639025 526OU 758470205649799999999999999 2 41111424  899999999999999
294204139116145219313400458471428338226118 38 -1 16 8819431041248149946125 527OU 845473214950099999999999999 2571161513 -299999999999999
382287200141126164242334414462462407310199 98 26  0 2910721432642248248925 528OU 930469223849399999999999999 3471251559  099999999999999
444364273193144141188268354424458443378279174 85 27 15 5513724134442847325 529OU1013460232347799999999999999 4331361644 1499999999999999
468416336252185150162216293370426444415344249155 81 41 44 9217427036142825 530OU1054444999999999999999999999 5161491726 3799999999999999
455437380305233181164187243314378417419381309224146 90 67 8313621329837225 531OU 0 5456113442399999999999999 55616318 6 6799999999999999
41942940134427822018518121026432337239738834628221115011110212517724631625 6 1OU 045431121539899999999999999 636178184810199999999999999
37340340136831626021619319722627131935537035932226921316714013816220826725 6 2OU 12540613 437099999999999999 722191193613599999999999999
32536838737834630025421820020322726430333434834131427322819116816518622625 6 3OU 211387141134899999999999999 821198203616499999999999999
27732636137636733729525221619619421324528331733834032329025021218718019625 6 4OU 3 7376153834299999999999999 934193214818099999999999999
23228032736137636833829424620417817319022527131434535634531326922519318225 6 5OU 4 837717 0356999999999999991044172225718299999999999999
19623328333437138737634028722917914914416821427132636638236933027822618825 6 6OU 5 638718 3382999999999999991139143235617599999999999999
17619223529334938940238333526920014511612015621628635139540838733827621725 6 7OU 5554021853408999999999999991224113999999999999999999999
177167192245310371410415383319240165110 8910515723131238042242739533526425 6 8OU 639418193843099999999999999 04716713 4 8899999999999999
202165163198262334395428421372293205129 81 7110417125634040744243639132225 6 9OU 720430202144499999999999999 1331591343 7099999999999999
248186155164212285361418440416350260169 97 60 6611519428536842945343437825 610OU 8 044021 345399999999999999 2171531422 5799999999999999
303227171150173233312387436443401321225135 73 50 7313622331539444545542225 611OU 839446214345799999999999999 25915015 0 5099999999999999
357278206159152190261342410446436377286188106 56 50 9016525734641745444825 612OU 918449222245799999999999999 3391491538 4799999999999999
401328250185152163215292371429448419345248153 82 48 6111720129337643445425 613OU 955448225745499999999999999 4161501614 4799999999999999
431371295222170154182246325396439439392307209123 67 52 8315224132940244425 614OU1031445233145099999999999999 4521541649 5199999999999999
445404337262198162165208277352411437420359270177103 64 6811319027936041925 615OU11 8438999999999999999999999 5261581726 6099999999999999
443426374303234184164181232301368414425395328241158 99 76 9314722631038125 616OU 0 6443114742699999999999999 6 216418 5 7599999999999999
425433404345277216177169195247311369406408373307229158110 9712117825332925 617OU 043435123541299999999999999 6451681851 9799999999999999
39042342138432626120717517119724630535939239436330523617413312314619926825 618OU 126426133439799999999999999 738169194812299999999999999
33739141741137431725520216816118322928734237938936832025920116014616320825 619OU 218419144939099999999999999 844160205714699999999999999
27133738841440937431725219415314015620126332637439638734829123118516317125 620OU 320416161239799999999999999 957140221416299999999999999
20926833338741641438032124918013010912317124131637741241338032325820417325 621OU 42741917324179999999999999911 7109233016899999999999999
172205263331389423424390323241162103 77 9214522531238543144041035027921725 622OU 5334281843442999999999999991210 77999999999999999999999
177170199259330394433435397323231143 79 50 6712621531239544946243236929325 623OU 635439194846399999999999999 04216813 9 5099999999999999
223176165194257333401443445401319220127 60 31 5111721331540446347844637825 624OU 733450204847999999999999999 14816414 6 3199999999999999
297222171158191259340411453451401312208113 46 20 4511821832541647548644825 625OU 828458214348899999999999999 24715715 1 2099999999999999
375289212161153194268352423461452394299193100 37 18 5213123534243148348525 626OU 920464223249199999999999999 3401501552 1899999999999999
437357269194151154205285369435464445376277174 88 35 29 7416026536744648425 627OU10 7465231448599999999999999 4261461637 2599999999999999
469410326240174146165226309388443458424347248152 79 43 5511320430439545625 628OU1049459234947399999999999999 5 71451716 4199999999999999
472439369285210160151186254334402441439391309217135 81 66 9616525534541725 629OU1127446999999999999999999999 5421491750 6699999999999999
454446396322245186157168214283353406427408351272192130 9810414822130337725 630OU 02045612 342799999999999999 6151561821 9699999999999999
42643740935027921617516518924030235939640237231524618414112914920026833825 7 1OU 047438124040499999999999999 647165185312999999999999999
39341941137131124920117517820725430735237737434429423919316616619224030025 7 2OU 116421132437999999999999999 725173193216399999999999999
35539340338434128723519717918521225429933735735533129325121619619822226325 7 3OU 151403142435999999999999999 815179202619499999999999999
31235638338636632627723119617818220424228432234535133730927424222121823525 7 4OU 238388154635199999999999999 921177214021799999999999999
26831034937437836032427722919016716618722527131534836235733329826223422325 7 5OU 342379171336399999999999999103316423 222399999999999999
23326230334337238136632827622117414714416821226732136238438135531426923325 7 6OU 4533811823386999999999999991135142999999999999999999999
21522325429934638139337633127020515112212315420827333738540840236931926425 7 7OU 555393191741099999999999999 013215122811899999999999999
221201211249304359399409385329255182125 9710614821328935940943041637331225 7 8OU 64941020 643099999999999999 1102011316 9699999999999999
250203186204253318380420424388319234155 98 77 9615022831138443344642136525 7 9OU 737427205044799999999999999 2 018614 2 7799999999999999
295228183173203265340405441435384301208126 73 61 9416225033941245445641625 710OU 822444213246099999999999999 2451711446 6099999999999999
348270202163165211286367430458438371276177 97 52 5410218428137143947145625 711OU 9 6458221147299999999999999 3271581528 4799999999999999
400321239175147167230314396453468431348243143 70 39 5812421831940646447925 712OU 948469224748099999999999999 4 614716 8 3999999999999999
444372284205151141180256346423469466411315206112 53 40 7916026236143948025 713OU1028474232048399999999999999 4431391645 3899999999999999
472416332244173136146203287375442472451380277173 91 50 5811620831040146325 714OU11 7473235248199999999999999 5181341721 4799999999999999
481449376287205149132162230315395449462425344243151 87 66 9316425935443025 715OU1146464999999999999999999999 5521321757 6699999999999999
470464412331246177138138180252333402443442394314223148103 9913921330338425 716OU 023474122944899999999999999 6291331835 9599999999999999
44146043537329321716013514719426233639542641737129922416513514118425333025 717OU 056460131842799999999999999 711135191913399999999999999
39643643940534326920215613715119525732337740439836130424419717418121827525 718OU 135443142040699999999999999 8 4137201617399999999999999
33839141941738432826220115713714518123830035438739236932727823521121023425 719OU 225422154039399999999999999 913136213220799999999999999
27732937440140337833027020815812912815720927333437839839035931527023722225 720OU 334405171339999999999999999103212523 622299999999999999
23226431035638940138734628521715611610512717924932137941441939434829524825 721OU 4594011839421999999999999991150104999999999999999999999
219217242288342388412406367301222149 98 79 9815423331638943644842337030525 722OU 620414194944899999999999999 03621413 0 7999999999999999
245204194219273339397431430388312222138 78 55 7613822832340545947244037625 723OU 728436204747399999999999999 14719314 2 5599999999999999
299228180170203269347414453450400313213122 59 37 6513923834142848148644225 724OU 826458213649099999999999999 2451691457 3799999999999999
365278202155153200279365436473461398301194103 43 31 7315926637145449648425 725OU 917475221749899999999999999 3321481544 2999999999999999
424336244171135150213302391458484456378272167 82 36 4310320030940847749725 726OU10 0484225249899999999999999 4131341623 3299999999999999
462385290203143128165243335418472478430340233137 69 47 7715525836144448825 727OU1038482232049199999999999999 4471271656 4699999999999999
478418329238165128140197282370439471454387291192114 72 7813322232240946625 728OU1110472234247999999999999999 5171271723 6999999999999999
477437359269191141132168238321397445452412335244163110 9813020129037744125 729OU1140455999999999999999999999 5421301747 9699999999999999
46544438129721716013715320427735040743241736428921215512914219126534541025 730OU 0 246512 943399999999999999 6 6136181112899999999999999
44644139632424818615115018223730236139840537832426120517116719424731337425 731OU 023449124240799999999999999 632146183816599999999999999
41642740234828222017716017120625630935237637334630425822320521123928433425 8 1OU 048428132437899999999999999 7 5160191620499999999999999
37739939536431626221518517618721725629833235035033330627725424324726629625 8 2OU 121401142935299999999999999 755175201624299999999999999
33135937336734230526322519818619021024127731033334334132730828727126426925 8 3OU 212373161834499999999999999 91418522 526499999999999999
28731233635235434231427823920518217719021825629633135536435733730928126025 8 4OU 34135518 4364999999999999991048176235225499999999999999
25426528932034736235933529424519816415116319624329634537939438535631527225 8 5OU 52036319 73949999999999999912 2151999999999999999999999
24022924127531936138738635730423917813512013718124331137141142340536130425 8 6OU 629390195442399999999999999 059229125812099999999999999
249210201224273334389419414372302220148101 9011717725633740444444741335225 8 7OU 723422203645099999999999999 1482001347 8999999999999999
279216177177217286362423452437377288192113 68 6610918828237244147446240825 8 8OU 810453211547599999999999999 2311721433 6199999999999999
328245178147163224310395458479448369263158 79 41 5411721431941247649546125 8 9OU 855479215149699999999999999 3111461515 3999999999999999
386292203142125162243341430487495444346229124 51 27 6114525536545450550025 810OU 938499222651099999999999999 3491241555 2799999999999999
441347245160112116176272375460506495423312193 94 37 35 9219230841348951525 811OU1019509225751599999999999999 4251071632 2899999999999999
483400295196123 96125203307407481508476387272161 79 44 6714425236345450525 812OU1059508232751199999999999999 5 0 9617 7 4399999999999999
502441343239152100 98148238339429485492440345236143 85 7512020831340947625 813OU1137496235449899999999999999 533 921740 7299999999999999
497464384284191124 9611618026936143447145939830721614611412618427036143425 814OU1216473999999999999999999999 6 6 96181411299999999999999
47346641332823716211610914120728836542144242036228721917216018424131438425 815OU 021476125944299999999999999 641107185115999999999999999
43344742336428821415812813016322028735039340638834429124421421023327733025 816OU 053448135540799999999999999 727125193920899999999999999
37940841138433627621917414914717021326631935837737335031628325925125928425 817OU 135413151837899999999999999 83414521 025199999999999999
31835137337936533429124420016715215918723228333036337937535532529527126025 818OU 2473791717380999999999999991013152231225999999999999999
26528531434336437035732527822417514213215119425331536840241139435731126725 819OU 4523701850411999999999999991150132999999999999999999999
237228245282328370395395364307236168119 9911516623931938943544742337130525 820OU 629399195044899999999999999 05022813 4 9999999999999999
243200188212266333393431434394321232149 90 67 9115624634042046947443336225 821OU 733438203647799999999999999 15018714 0 6799999999999999
279206160155196271355426467461406315212122 62 48 8716927337545549548142025 822OU 824471211549699999999999999 2361511446 4699999999999999
331239164127140203294388460492469395289181 93 44 4810820731841848650446625 823OU 9 6492214950599999999999999 3151251525 3999999999999999
383284191127110148231331424486499454361249145 71 44 7415626437345950449125 824OU 944501221750699999999999999 3491091559 4499999999999999
424327226145104115178274374455497484415311203114 64 6712522333142748849825 825OU1017500224150199999999999999 4181011627 5899999999999999
451362260170112101142224323413474488447361257162 98 8011519529739546649325 826OU104649023 049399999999999999 443 991651 7999999999999999
46538929019612810112218727636743847245739530321114010612118127036444047925 827OU1113473231848199999999999999 5 4101171310599999999999999
46840831822314911111516123732239644244941133925618514314017925033440945525 828OU1139452233646499999999999999 524107173413699999999999999
46041834225417713012014820728035040242440936129623218717219124030737342225 829OU12 6425235743999999999999999 545119175717299999999999999
43941736028521216013814818724430435538739136732427523521321624328733838225 830OU1239393999999999999999999999 610137182421199999999999999
40540136731225120117016418121626130433935735533630828026025225928030934025 831OU 021407132535999999999999999 64516319 225299999999999999
36337136033028924821519519120222525428531132733232831830629528828629130325 9 1OU 05537115 133299999999999999 746191204528699999999999999
31833133733331929727024322020520120922825528331033134434734132730828927725 9 2OU 2 9337175134799999999999999 951201234027499999999999999
27528430031933333732830427023219817817619322626831335137738437234330526725 9 3OU 4503381853384999999999999991136174999999999999999999999
24223625128432435837636933628422417214013516020927233638841841939134028025 9 4OU 614377193242399999999999999 047235123913399999999999999
228198198231287350400422408357281200133 96 9813921029437443345844439231725 9 5OU 7 842320 945999999999999999 1291941328 9299999999999999
240180154170227308388446466436362263166 92 58 7313623033141947648945137325 9 6OU 755466204549199999999999999 2 81531412 5799999999999999
279191132118157239339430489498448351235130 57 34 6915426637746551150243725 9 7OU 840501212151599999999999999 2461161455 3499999999999999
336229140 90 96161264376468520512441327203 99 36 31 8919431542550352949125 9 8OU 923525215552999999999999999 324 851535 2599999999999999
399284175 94 63 94182298411498535506416293172 79 35 5413425037046852552125 9 9OU10 5535222753199999999999999 4 1 631613 3399999999999999
453343224124 62 57113216334441513529479377257149 77 5910219631241949552125 910OU1045531225652199999999999999 436 511649 5799999999999999
484393277168 87 52 73148255366457507501435333227143 9810616726536845249725 911OU1124512232250199999999999999 5 8 511722 9499999999999999
490426326218129 74 6510719029038445448145638729821515713916723532240245725 912OU12 2481234847299999999999999 540 63175413999999999999999
472438363268180116 87 9814822430838242943940834928122419219322728735340725 913OU1244441999999999999999999999 614 86182918899999999999999
43542638231323817413211913517923930335839139537233228825423724226930935125 914OU 017436133939799999999999999 657119191623699999999999999
38239337934329324219816815616319023027732035036335934131729527927428129825 915OU 056393151336499999999999999 8 8156205527499999999999999
31933834834633230727524020718217017620123828232335437137135733230327726125 916OU 2213491731373999999999999991011170233725999999999999999
26027229431934135234732328223418815514516220325931837040341139135130125325 917OU 5133521846411999999999999991153145999999999999999999999
21921022726531536239339636631024017312510812918425933840444244440834527325 918OU 636398193244899999999999999 052209125710899999999999999
209169165199262336401439437391313223143 91 8011619128437544447545839831425 919OU 72744420 947699999999999999 1371611344 7899999999999999
228159125138197284373444477458390293192110 65 7113022432942148049044736325 920OU 8 9478204149399999999999999 2141231423 6199999999999999
264174113 98138221322416481496454365256154 82 57 8917027738246350148140925 921OU 846498211050199999999999999 247 971457 5799999999999999
308205124 83 96163263368455502492425321212121 69 7213123033943449349844525 922OU 921505213650399999999999999 316 811528 6399999999999999
350242147 86 74118207313412482503465378270170100 7711019329940047350046925 923OU 952503215850099999999999999 343 721555 7799999999999999
386279176101 70 91161261363446491482420323222141 9910816826336544749047925 924OU1021494221949399999999999999 4 7 691620 9699999999999999
414313208123 77 7913021631540346347844236427118713212115923633041546947725 925OU1048479223948099999999999999 428 71164411999999999999999
431344241152 94 8011218227135842445644438931123217214716422030038043946125 926OU1114458225946199999999999999 448 7917 714799999999999999
436367274185121 9410816023531438142242939733827121518218321827834640343425 927OU1140431231943699999999999999 5 9 93173017899999999999999
42637830322115611911815120827533638139938835130125522221222826731736539725 928OU12 8400234140499999999999999 532114175321299999999999999
40337732425819815714215519124129133436036535032128926324825026829732935625 929OU1245366999999999999999999999 6 1142182424799999999999999
36936233429124420518117518721324728231133033633031730228928128028629831325 930OU 010369135733699999999999999 649175193928099999999999999
3263323293142902622362142011992082272532803053243353383333213052892762712510 1OU 110333165233899999999999999 84119923 227199999999999999
2752883043183243193022742412091871791902172562983363643763703463102722402510 2OU 4 73241810377999999999999991055179999999999999999999999
2252312572953333613683493072511951541371491892483133704094203993522912312510 3OU 547368185142099999999999999 01422512 613699999999999999
188173192242308370412421390326244167112 941161772603464164564554113372522510 4OU 644422192946199999999999999 0571731258 9499999999999999
177131126169247337416464466416327223133 74 631031872913904634944724013012510 5OU 73247220 649499999999999999 1361231344 6199999999999999
200120 80 94163266374461507495424314198103 49 511132173334355015144663692510 6OU 818510204351799999999999999 215 781428 4399999999999999
251144 68 43 82175295411497533503414292174 84 42 631452613794745245124362510 7OU 9 4533211952799999999999999 254 431511 4199999999999999
319195 92 30 27 90201328442520540491389267155 79 56 981943134224995244832510 8OU 948541215452499999999999999 333 201552 5699999999999999
385260141 53 12 35117236359463524525461355241146 90 911512523624535055002510 9OU1031533222551199999999999999 410 121630 8399999999999999
433323202100 34 19 64156272382468509490418319223150119141211307399464487251010OU1112510225548799999999999999 445 1817 611999999999999999
454372263159 80 40 49107198300392455474443374291218170162197266345413451251011OU1152475232545599999999999999 520 38174216099999999999999
447397315222141 88 70 93151230313382425429397340279229203209245300358400251012OU1237432235841699999999999999 557 70182020299999999999999
415397347278208153119113136182243305356385387364327287256241246270306341251013OU1334390999999999999999999999 642112191424099999999999999
365369352317272226187162154164193234280322350361355336311287269262266282251014OU 04337015 836199999999999999 75715421 626199999999999999
302320330330318295265232201178170181209250294333360370362340308276249235251015OU 22933117 337099999999999999 957170232023499999999999999
238255282311335346338310269221180155155181228285340382400392358309256212251016OU 5 63461811401999999999999991130152999999999999999999999
188190219266320365389382345285218161128128164227300369417432409355285215251017OU 618390185443299999999999999 025185122912499999999999999
162139155206277351408432414357277196132102115169250337410451450404326239251018OU 7 5432192845699999999999999 1 6139131310199999999999999
162112105144219310393449461423345251164105 89122197292383449473445373277251019OU 744463195847399999999999999 1401021350 8899999999999999
182110 76 93158254354435479469409315215133 89 94152244345429477473416322251020OU 820482202648299999999999999 211 751424 8499999999999999
217126 70 61106194299398468490457376275179111 89121199300397464485450366251021OU 854490205348699999999999999 240 581455 8999999999999999
259156 81 48 69140241347435485482426334234150104107164256356438481471405251022OU 927491211948499999999999999 3 7 481526 9999999999999999
303194105 53 50100188292389459484456383288198134113143218313402462475433251023OU 959484214447799999999999999 333 45155511399999999999999
345237139 71 48 75146241339419465463415334247174134140192274362432464446251024OU102947022 946599999999999999 358 48162313199999999999999
377278178100 60 66117199291374432451427366289217167153181245324395440442251025OU1057452223344799999999999999 422 57165015299999999999999
397314219136 84 73104169250329392425421382320255203178186229292358407424251026OU1124428225742499999999999999 446 72171617699999999999999
401340258177118 92103149215287349390402383340287239209203225269322369395251027OU1153402232439899999999999999 512 91174320299999999999999
392355292222161124117140187246303348372373350314275244228232255290328357251028OU1231376235936899999999999999 544116181922799999999999999
368355319267214172148147169206252296331350350335311284262250251263284308251029OU1332352999999999999999999999 632145192924999999999999999
329337330307272234200177169178202236275310335346344330308283261247244253251030OU 1 4337151834799999999999999 758169214524499999999999999
273296317327323304272234198173165177208251298338364373361333293252219202251031OU 315328165637399999999999999 954165231720199999999999999
2072332743163493633513152612051601371441792363013593994113933462832191702511 1OU 5 33631754411999999999999991117136999999999999999999999
1471582022673363894134003502761981371061141622373213944394474113402531712511 2OU 610414184144999999999999999 012146121810499999999999999
113 93119187278367434461439372278184113 81 981612553534324744684103152082511 3OU 7 4461192347899999999999999 057 921311 8199999999999999
116 58 49 96188299401473497462378271170 97 70 991792853884654964713902752511 4OU 75549720 449799999999999999 140 4614 0 7099999999999999
159 67 16 24 91202324431501516468372260159 91 741182093204204875014543532511 5OU 844518204550399999999999999 223 121447 7399999999999999
229113 28 -8 18103223348452514517457357246153 96 931492473554444944884212511 6OU 933524212450099999999999999 3 6 -81533 8799999999999999
308184 77  6-12 321282493684635125014343342331511101231892863844574864592511 7OU101951522 248699999999999999 348-13161610899999999999999
376262147 55  4  5 621602753824624944704003092201561331612313204024544622511 8OU11 5494223946599999999999999 429 -3165813399999999999999
417329222124 52 21 381011952973874484634313642852141701642002673424044352511 9OU1149464231643799999999999999 510 20173816199999999999999
425371288197119 69 54 80142224309380422426392334270218191195231287345387251110OU1235429235740299999999999999 552 54182218899999999999999
402382332263192135101 96122175242309363392391362316269231213218246286327251111OU1327395999999999999999999999 639 94191721299999999999999
356363347309259208165139134153192245298342367369349315278246227224238265251112OU 049364143437199999999999999 743134203922399999999999999
296320333329310277238201172159167194237285327356365353325289252223208211251113OU 218334155636599999999999999 910159222020799999999999999
231261294321335330307270228190166164186227278327363378368336291241199175251114OU 41733517 6378999999999999991035162233217199999999999999
174197238287331359362339294239190157152177226287344385399382336274211160251115OU 5373641757399999999999999991141150999999999999999999999
133139176235302359393394360300233175141141176239311374413417383318240166251116OU 631398183642099999999999999 020131123013699999999999999
114 96118175253333395426414364290214154126139190266345407436422365282192251117OU 714427191143799999999999999 058 96131212599999999999999
118 75 74117194286371429447419352268189135119149217303383436447409331234251118OU 753448194444899999999999999 132 69135111999999999999999
142 76 49 70135228325406453454407328240165123125173254343416453441379284251119OU 831460201645599999999999999 2 4 49142811799999999999999
182 97 46 42 86168268363433464445383298212147120142207295380439455418337251120OU 9 7464204845699999999999999 236 3815 412099999999999999
233135 63 33 52116209308394449460423350264186136129170246334409450441381251121OU 943462212045399999999999999 3 7 33153812699999999999999
286183 96 44 38 79157252345416452442390312231167136151207288369427444411251122OU1017454215144599999999999999 338 34161113599999999999999
334234139 70 41 58118203294374427441411350274204158149183249326393430423251123OU1049442222143399999999999999 4 8 41164214799999999999999
369282187107 59 54 92162248330393424417374309241187162173220287354403417251124OU1119427225141899999999999999 437 51171216199999999999999
389322235151 90 65 80131205285353398410387337276220184176201252313366396251125OU1151411232439999999999999999 5 8 65174417599999999999999
392351282202134 92 84111167238308362392390360310257214191194223270321361251126OU1227395999999999999999999999 543 82182218999999999999999
378364321258191137107108138192255315360380374343299253217200204228267309251127OU 0 5378131538199999999999999 629104191919999999999999999
342356345310258202156130129154199256311353373369343303259222200196211243251128OU 1 5356142037499999999999999 732126204219599999999999999
283320342343321280230183150140155193246302349376378356316266218183167175251129OU 233346153638099999999999999 855140221016799999999999999
207254304343360352317265209163140145179234298354390398377328264200149124251130OU 4103611647399999999999999991020138231912299999999999999
1301692313003583913913572962271681331311652273023684124223943322501681062512 1OU 5303961747423999999999999991133128999999999999999999999
 76 871392193073814264303903192381681251211582293133884354414023242251312512 2OU 635433184044499999999999999 015 74123711799999999999999
 63 33 531202183204054564594133332431661201161592393304074534524003061962512 3OU 734464193045999999999999999 1 7 33133511299999999999999
 96 27  3 341142233344254774774243382441641171171682543474244644533882832512 4OU 830484201946799999999999999 157  3143011199999999999999
168 68  2-14 281182343474384884824243342391601171241822723654364684453682512 5OU 92449221 646899999999999999 247-15152211399999999999999
258143 48-10-16 361322483604474894754123212281541201372022923804434634272512 6OU1015491215246399999999999999 336-20161111999999999999999
343232122 36-10 -3 571562693744514814563872982111481271562263143934434472512 7OU11 3481223645299999999999999 423-14165612799999999999999
400312206107 35  4 24 911882933864474614253532691941471411812523313974312512 8OU1146462231843399999999999999 5 7  4173713899999999999999
421366279183101 47 32 631332253173934344313863162421831531612052713393892512 9OU1226438999999999999999999999 549 32181815199999999999999
408387330251171107 71 71109177258335390413396348284224180164180223280333251210OU 0 040813 541399999999999999 630 6619 016499999999999999
369377353301236173126105114153214282341380388365319264216184175191227273251211OU 045378134538999999999999999 713104195117499999999999999
316343348328287237189154140151185237293340367368345304256214186176187216251212OU 142349143437199999999999999 8 5140205817699999999999999
255293320330320292253213182168174203246294335358359338300254211178163169251213OU 3 0330153336299999999999999 912167221416399999999999999
195233275310330331311276236202182183206247294335360362341300248198158138251214OU 4313331637364999999999999991028179231913799999999999999
143172218270317347354335297251208182179202245297343371373346296234173128251215OU 5463541734376999999999999991137177999999999999999999999
108118157216281337373380356309253203172170198249309359388384346282208141251216OU 643381182339099999999999999 010108123416799999999999999
 95 81103156228303365400400366308243189158162200261328381404389336259176251217OU 73140519 740599999999999999 054 81132415699999999999999
106 66 63100167250331392421410364297226170146160210281352402416385317228251218OU 814422194941699999999999999 134 5914 814599999999999999
141 75 45 57109189279360415433409351276203152138166229308378420419371288251219OU 855433202842599999999999999 213 44145013799999999999999
192107 50 34 63130219310387432435397328248178137138182256338403431412346251220OU 93543921 743199999999999999 251 33152913199999999999999
252155 76 32 34 81160254343410441427373296216155129148208289368421432393251221OU1011442214343499999999999999 328 2716 512899999999999999
312212117 50 24 46110199294375428439406339258185137131170242324394431421251222OU1045441221943399999999999999 4 3 24163812899999999999999
362270169 85 35 30 72150244333402436425374298220159131145200277354410427251223OU1116437225342799999999999999 436 26171013099999999999999
397323226131 62 33 49109195288368419431400335258188144135167231307373412251224OU1146432232841799999999999999 5 9 32174213399999999999999
411364283189107 56 47 81152240326391423415367297224167139147189255324378251225OU1218425999999999999999999999 543 45181713799999999999999
402387332252167101 68 74119192276350400415392336267202156140156201263324251226OU 0 8402125341699999999999999 621 6519 014099999999999999
369384364311239167115 92106152222297360398402371315250191152139156197253251227OU 057384133640499999999999999 7 8 92195613999999999999999
310352368352308247187141123135176237303358389389359306244187146130140177251228OU 2 0368143039399999999999999 8 712221 712999999999999999
231289336360355323273218174151155186238298350381384359309246184135109113251229OU 321361153638799999999999999 921149222310799999999999999
146201266324361371351308253204171164185230287342378388368319250178118 82251230OU 44937216503899999999999999910461632335 7699999999999999
 80112173247318370394384344287230186166177217275335379397380329253169 98251231OU 61339518 2397999999999999991210166999999999999999999999
