 16 30 45 57 64 64 57 48 40 32 28 28 35 46 58 68 72 66 54 38 24 13  5  325 1 1Q2 423 651557 72999999999999991027 272246  399999999999999
  9 21 36 51 62 66 62 53 44 35 28 24 27 36 49 61 69 70 62 48 33 20 10  425 1 2Q2 458 661637 719999999999999911 8 242323  399999999999999
  5 13 27 42 56 64 65 58 48 39 30 24 22 27 38 51 62 68 66 57 42 28 17  925 1 3Q2 535 651719 68999999999999991148 22999999999999999999999
  5  9 20 34 48 59 64 62 54 43 34 26 21 21 28 40 51 60 64 61 51 37 25 1625 1 4Q2 613 6418 5 6499999999999999 0 1  51229 2099999999999999
 10  9 15 27 40 52 60 63 58 49 39 30 23 19 21 29 40 50 57 60 56 46 34 2425 1 5Q2 652 631856 6099999999999999 039  91313 1999999999999999
 18 14 15 22 33 45 54 60 60 54 44 35 27 21 18 21 28 38 47 53 55 51 43 3325 1 6Q2 733 611951 5599999999999999 118 1414 4 1899999999999999
 26 21 19 22 29 38 48 55 59 57 50 41 33 26 21 18 20 27 35 43 49 51 48 4225 1 7Q2 814 592054 5199999999999999 2 3 1915 6 1899999999999999
 35 30 27 25 27 33 41 49 55 57 55 48 40 33 27 21 18 19 24 32 39 45 48 4725 1 8Q2 9 1 572213 4899999999999999 3 0 251619 1799999999999999
 43 39 35 32 30 31 36 43 49 54 55 54 49 42 35 28 21 16 16 20 28 36 43 4725 1 9Q2 959 552357 4999999999999999 414 301733 1599999999999999
 49 47 44 40 36 33 33 37 43 49 53 55 55 51 45 37 28 19 13 12 17 24 33 4225 110Q21125 55999999999999999999999 532 331840 1299999999999999
 49 52 52 49 44 39 35 34 37 42 48 53 57 58 56 48 38 27 17 10  8 13 22 3225 111Q2 124 531254 5899999999999999 646 341942  899999999999999
 43 52 57 56 51 45 39 34 33 35 41 48 55 61 63 59 49 37 24 13  6  5 11 2125 112Q2 220 581356 6399999999999999 755 332038  599999999999999
 34 47 58 62 59 52 45 38 32 30 33 40 49 58 65 67 60 48 34 21 10  3  3 1125 113Q2 3 4 621445 6799999999999999 856 302129  299999999999999
 24 38 53 63 65 59 50 42 35 28 27 31 41 52 62 69 68 59 44 30 17  6  0  325 114Q2 344 651527 6999999999999999 948 262213  099999999999999
 14 29 45 58 66 65 57 47 38 30 24 24 31 43 55 65 70 66 54 39 25 13  3  025 115Q2 421 6716 6 70999999999999991032 232253  099999999999999
  6 20 36 52 63 67 62 52 41 32 24 20 23 33 46 58 66 68 61 47 33 20 10  225 116Q2 456 671643 68999999999999991111 202328  199999999999999
  3 13 28 44 58 65 65 57 46 35 26 20 18 24 36 49 59 64 63 54 40 27 16  825 117Q2 529 661719 65999999999999991146 17999999999999999999999
  4  9 21 37 51 61 65 61 51 39 29 21 17 18 27 39 51 58 61 57 47 34 23 1525 118Q2 6 0 651755 6199999999999999 0 1  41220 1699999999999999
  9  9 17 30 44 55 62 62 55 44 33 24 18 16 20 30 41 50 56 56 50 40 30 2125 119Q2 630 631831 5699999999999999 031  91252 1699999999999999
 16 14 16 25 38 49 57 60 57 48 37 28 21 18 18 24 32 42 49 52 50 44 36 2825 120Q2 659 601912 5299999999999999 1 0 141325 1899999999999999
 22 19 19 24 32 42 51 56 56 51 42 33 26 21 19 21 26 33 41 46 48 46 40 3425 121Q2 731 571958 4899999999999999 130 1914 5 1999999999999999
 29 26 25 26 30 37 45 51 54 52 46 38 31 26 23 22 23 27 33 39 43 44 43 3925 122Q2 8 6 542056 4499999999999999 2 8 2515 4 2199999999999999
 36 33 31 30 31 34 39 46 50 51 49 44 37 32 28 24 22 23 26 31 36 40 42 4225 123Q2 848 512227 4299999999999999 311 301625 2299999999999999
 41 39 38 36 34 34 36 40 45 49 49 47 44 39 34 29 25 21 21 23 28 33 38 4225 124Q2 945 49999999999999999999999 438 341743 2199999999999999
 44 45 44 42 39 36 35 36 40 44 48 49 49 46 42 36 29 23 18 17 20 25 31 3825 125Q2 113 451114 4999999999999999 558 351849 1799999999999999
 44 48 50 48 45 40 36 34 35 39 44 48 52 53 50 44 36 27 19 14 13 16 22 3125 126Q2 2 7 501248 5399999999999999 7 8 341946 1399999999999999
 40 48 53 54 51 45 39 34 32 33 38 44 51 56 58 54 45 34 23 14  8  8 13 2225 127Q2 241 541345 5899999999999999 8 7 322035  799999999999999
 33 45 54 58 56 51 43 36 30 28 31 37 47 56 62 62 55 43 29 17  8  3  4 1225 128Q2 311 581430 6399999999999999 857 282118  399999999999999
 24 38 51 60 61 56 48 39 30 24 23 29 38 50 61 67 64 53 39 24 11  2 -1  325 129Q2 341 611511 6799999999999999 941 232158 -199999999999999
 14 29 45 58 64 61 53 43 33 24 18 19 28 41 55 66 69 63 49 33 18  6 -2 -325 130Q2 412 641552 69999999999999991020 182235 -399999999999999
  6 20 37 52 63 65 59 48 36 25 16 12 17 29 45 59 68 68 59 43 27 14  3 -325 131Q2 444 661633 69999999999999991058 122311 -399999999999999
  0 12 29 45 59 66 64 54 41 29 18 10  9 18 32 48 60 67 65 53 37 22 11  225 2 1Q2 517 671715 67999999999999991136  82346  099999999999999
  0  7 21 38 53 63 66 60 47 34 22 12  6  9 20 35 49 60 64 59 46 32 19 1025 2 2Q2 550 661758 64999999999999991213  6999999999999999999999
  5  6 16 31 46 57 64 63 54 40 27 17  9  6 11 23 37 49 57 59 53 40 28 1925 2 3Q2 623 651843 5999999999999999 020  41252  699999999999999
 13 11 15 26 39 51 59 62 58 47 34 23 14  9  8 15 26 37 47 53 53 47 37 2825 2 4Q2 657 621932 5499999999999999 054 111335  899999999999999
 22 18 19 24 34 45 53 59 59 52 42 31 22 16 12 12 17 26 36 43 48 48 42 3525 2 5Q2 731 592027 4899999999999999 129 181428 1199999999999999
 30 27 25 26 31 39 47 53 55 54 48 39 31 25 19 15 15 18 25 32 39 43 44 4125 2 6Q2 810 562141 4499999999999999 213 251540 1499999999999999
 38 35 33 32 32 35 41 46 50 51 50 46 40 34 29 23 18 15 17 22 28 34 39 4225 2 7Q2 9 1 512355 4399999999999999 326 3217 8 1599999999999999
 43 42 41 39 37 35 36 39 43 46 48 49 47 44 39 33 26 18 14 14 18 24 31 3825 2 8Q21052 49999999999999999999999 512 351832 1399999999999999
 44 48 48 46 43 39 35 34 36 39 43 47 50 52 50 44 35 26 16 10  9 13 21 3025 2 9Q2 141 481259 5299999999999999 653 341940  999999999999999
 40 49 54 53 49 44 37 32 30 31 35 41 48 54 57 54 46 34 23 12  5  5 11 2125 210Q2 225 5414 0 5799999999999999 8 8 292035  499999999999999
 33 45 55 59 56 49 41 33 27 24 27 33 42 52 59 61 55 44 31 18  7  1  2 1125 211Q2 3 0 591445 6299999999999999 9 0 242120  099999999999999
 24 39 52 61 61 55 46 36 27 20 18 24 34 46 57 64 63 53 39 25 12  2 -2  325 212Q2 333 621524 6499999999999999 942 182159 -299999999999999
 15 31 46 59 64 60 50 39 29 19 13 15 24 37 51 61 65 60 48 33 19  7 -1 -225 213Q2 4 4 6416 0 65999999999999991019 132234 -399999999999999
  7 23 40 54 64 64 56 43 31 21 12  9 15 28 42 55 63 63 55 40 26 14  3 -225 214Q2 434 651634 64999999999999991052  923 6 -299999999999999
  3 16 33 49 60 65 60 48 35 23 13  7  8 18 33 47 58 62 59 47 33 20 10  325 215Q2 5 1 6517 6 62999999999999991123  62335  199999999999999
  2 11 26 42 55 63 62 53 40 26 15  8  6 11 24 38 50 58 59 52 40 27 16  925 216Q2 527 641737 59999999999999991151  6999999999999999999999
  6  9 21 36 50 59 62 57 45 31 19 11  7  8 17 30 42 52 56 53 45 33 23 1525 217Q2 552 6218 9 5699999999999999 0 1  61217  699999999999999
 11 12 18 30 44 54 59 58 49 37 24 15 10  9 13 23 34 44 51 52 47 39 29 2225 218Q2 617 601842 5299999999999999 025 111242  999999999999999
 17 16 19 27 38 48 55 56 52 42 30 20 14 12 14 19 28 37 44 48 47 42 34 2825 219Q2 643 571919 4899999999999999 048 1613 8 1299999999999999
 24 22 23 27 34 43 50 53 52 45 36 27 20 17 16 18 23 30 37 42 44 42 38 3325 220Q2 714 5320 5 4499999999999999 111 221345 1699999999999999
 30 29 28 30 33 38 44 48 50 47 41 33 27 23 21 20 21 25 29 34 38 40 39 3725 221Q2 750 502113 4099999999999999 142 281452 2099999999999999
 35 35 34 34 34 36 39 43 46 46 44 39 34 30 27 24 22 21 23 26 30 34 37 3825 222Q2 839 46999999999999999999999 310 341647 2199999999999999
 39 40 40 39 37 36 36 38 40 43 44 43 41 38 34 30 25 20 18 18 21 25 31 3625 223Q2 137 4010 9 4499999999999999 525 361824 1899999999999999
 41 44 45 44 41 37 34 33 34 37 41 44 46 46 43 37 30 22 16 12 12 16 22 3025 224Q2 2 8 451223 4699999999999999 7 1 331931 1299999999999999
 39 46 50 50 46 41 34 30 28 29 34 41 47 51 52 47 38 28 18  9  5  6 12 2225 225Q2 231 501333 5299999999999999 8 2 282020  599999999999999
 33 45 52 55 52 45 36 28 23 21 25 33 43 52 58 57 49 37 23 12  3 -1  3 1225 226Q2 254 551420 5899999999999999 846 2121 1 -199999999999999
 25 40 52 58 57 50 40 29 20 14 15 22 34 47 58 63 59 47 32 18  5 -3 -4  325 227Q2 320 5915 2 6399999999999999 925 132139 -599999999999999
 16 32 48 59 62 56 45 32 20 10  6 10 22 38 53 64 66 58 43 27 12  1 -6 -325 228Q2 348 621543 669999999999999910 1  62215 -699999999999999
  8 24 42 56 65 62 52 37 23 11  2  0  9 25 42 57 66 65 54 37 21  8 -2 -525 3 1Q2 418 651623 67999999999999991038  02250 -599999999999999
  2 17 35 51 63 66 59 44 29 15  3 -4 -1 12 30 47 60 66 61 47 31 17  6 -125 3 2Q2 449 6617 4 66999999999999991114 -42324 -199999999999999
  0 11 28 45 58 66 64 52 36 20  8 -2 -5  2 17 34 49 60 62 55 40 26 15  725 3 3Q2 520 671745 63999999999999991150 -52357  499999999999999
  4  9 23 39 52 62 65 59 44 28 15  4 -3 -2  7 23 38 50 57 56 47 35 24 1625 3 4Q2 551 651826 58999999999999991228 -3999999999999999999999
 12 12 20 33 46 56 62 60 51 37 23 13  5  1  4 14 27 39 47 52 50 41 31 2425 3 5Q2 622 621911 5299999999999999 029 1113 9  199999999999999
 20 18 21 29 40 49 56 58 54 44 32 22 15 10  8 11 18 28 37 43 46 44 37 3225 3 6Q2 654 5820 3 4699999999999999 1 3 181359  899999999999999
 28 26 26 28 35 42 49 52 52 48 40 31 25 20 16 14 15 20 27 33 38 40 40 3725 3 7Q2 730 522117 4199999999999999 142 261510 1499999999999999
 35 34 33 32 33 37 41 44 46 46 43 39 34 30 26 22 18 16 19 23 28 33 37 3925 3 8Q2 822 46999999999999999999999 3 2 321650 1699999999999999
 40 40 40 38 35 34 34 36 39 40 42 42 42 40 36 31 24 18 14 15 18 24 30 3725 3 9Q2 034 4011 0 4299999999999999 517 341825 1499999999999999
 42 45 46 44 40 35 31 29 30 33 36 41 45 47 45 40 33 24 15 10 10 14 22 3125 310Q2 141 4613 9 4799999999999999 7 6 291931  999999999999999
 40 48 51 50 45 38 31 25 22 24 29 35 43 50 52 49 41 31 20 10  5  6 13 2325 311Q2 212 511359 5299999999999999 8 5 222019  499999999999999
 35 46 54 55 50 42 33 24 17 16 20 28 38 48 55 56 50 39 26 14  4  1  5 1525 312Q2 241 551438 5799999999999999 846 1621 0  199999999999999
 28 41 53 58 55 47 36 25 16 10 11 19 30 43 53 59 57 47 33 20  8  0 -1  725 313Q2 310 581513 5999999999999999 922  92136 -299999999999999
 21 36 49 59 60 52 40 27 16  7  4  9 21 35 48 58 61 54 41 27 14  4 -2  225 314Q2 337 601546 6199999999999999 955  422 9 -299999999999999
 14 29 45 56 61 57 45 31 18  8  1  2 12 27 42 54 60 58 48 33 20  9  1  025 315Q2 4 3 611618 61999999999999991025  02239  099999999999999
  8 23 39 53 61 60 51 36 21 10  1 -1  4 18 34 48 57 60 53 41 27 15  7  325 316Q2 428 621647 60999999999999991053 -223 7  399999999999999
  6 18 34 48 58 61 55 42 26 13  4 -1  0 10 25 41 52 58 56 46 33 21 13  725 317Q2 451 611716 58999999999999991119 -22332  699999999999999
  7 15 28 43 54 60 58 47 33 18  8  2  1  6 18 33 46 54 55 50 39 28 19 1325 318Q2 514 601744 55999999999999991142  02355 1199999999999999
 11 15 24 37 49 57 58 51 39 25 13  6  3  6 14 26 39 48 52 50 43 33 25 1925 319Q2 538 581814 529999999999999912 3  3999999999999999999999
 16 17 23 33 44 52 56 53 44 31 20 12  8  8 13 22 32 41 47 48 45 38 30 2525 320Q2 6 4 561847 4999999999999999 016 161226  799999999999999
 22 22 24 31 39 47 51 52 46 37 26 18 13 12 14 19 26 34 40 44 44 40 34 3025 321Q2 633 521929 4499999999999999 038 211255 1299999999999999
 27 27 27 31 36 41 46 48 46 41 33 25 20 17 17 19 22 27 32 37 39 39 37 3425 322Q2 7 8 482030 3999999999999999 1 1 271343 1799999999999999
 32 32 32 32 34 37 40 43 44 42 38 32 27 24 22 20 20 22 24 28 32 35 36 3725 323Q2 757 44999999999999999999999 148 321539 2099999999999999
 37 37 37 35 34 34 34 36 38 40 40 38 35 32 28 25 21 18 17 19 22 27 33 3725 324Q2 0 0 37 932 4099999999999999 456 341749 1799999999999999
 40 41 41 40 36 32 29 29 31 34 38 41 42 41 37 32 25 18 13 11 13 18 25 3325 325Q2 133 421157 4299999999999999 642 2919 1 1199999999999999
 40 45 46 44 39 33 26 22 22 25 31 39 45 48 47 41 32 23 13  7  5  9 17 2725 326Q2 153 461315 4899999999999999 736 211950  599999999999999
 38 47 51 50 44 35 26 18 13 14 21 31 42 51 55 52 43 30 18  8  1  1  8 1925 327Q2 218 5114 4 5599999999999999 817 132031  099999999999999
 32 45 54 56 50 40 28 16  8  4  9 20 34 47 57 60 54 41 26 13  3 -2  1 1125 328Q2 245 561447 6099999999999999 855  42110 -299999999999999
 25 40 53 60 58 47 33 19  6 -2 -2  7 22 38 53 63 62 52 37 22  9  0 -2  425 329Q2 315 601528 6499999999999999 933 -32147 -299999999999999
 18 35 50 61 64 55 40 24  9 -2 -9 -5  8 26 44 58 65 61 47 32 18  7  0  125 330Q2 345 6416 8 65999999999999991010 -92223  099999999999999
 12 28 44 58 66 63 50 32 16  2 -8-11 -3 13 32 49 61 64 56 41 27 16  7  325 331Q2 417 661648 64999999999999991048-122259  399999999999999
  9 22 38 53 63 66 58 42 24 10 -2-10 -9  2 19 37 51 60 60 50 36 24 16 1025 4 1Q2 449 661728 61999999999999991127-112334  999999999999999
  9 18 32 47 58 64 63 52 35 19  7 -2 -7 -3 10 26 40 51 57 53 43 32 23 1825 4 2Q2 521 6518 9 579999999999999912 6 -7999999999999999999999
 15 17 27 40 51 59 61 56 44 29 17  8  2  0  5 17 30 41 48 51 47 38 30 2525 4 3Q2 553 611854 5199999999999999 010 151248  099999999999999
 22 21 25 33 44 51 55 55 49 38 27 19 13  8  8 13 21 31 39 44 45 42 36 3225 4 4Q2 627 561947 4599999999999999 048 211339  799999999999999
 29 27 27 30 36 43 47 49 48 43 35 28 23 19 15 14 17 23 29 35 39 41 40 3725 4 5Q2 7 8 4921 1 4199999999999999 138 271449 1499999999999999
 35 34 32 31 32 35 39 41 42 42 39 36 32 29 25 21 18 18 21 26 31 36 39 4025 4 6Q2 815 432321 4099999999999999 3 5 311627 1799999999999999
 40 39 38 35 32 30 31 32 35 37 39 39 39 37 34 29 22 17 15 17 22 28 34 4025 4 7Q211 5 39999999999999999999999 515 301759 1599999999999999
 43 44 43 39 34 29 25 24 26 30 34 39 42 44 42 37 29 21 14 12 14 20 28 3625 4 8Q2 056 441256 4499999999999999 645 2419 1 1299999999999999
 43 48 48 44 38 30 23 18 17 21 27 34 42 47 48 44 37 27 17 10  8 12 21 3025 4 9Q2 134 481344 4999999999999999 736 171948  899999999999999
 40 48 52 49 42 33 23 15 11 12 19 28 38 47 52 51 44 33 22 12  6  6 13 2425 410Q2 2 5 521421 5399999999999999 814 102028  599999999999999
 36 46 53 54 47 36 25 15  7  5 10 20 32 43 52 56 51 41 28 17  8  4  8 1825 411Q2 235 541455 5699999999999999 849  521 4  499999999999999
 31 43 52 57 53 42 28 16  7  1  2 11 24 38 50 57 56 48 35 23 13  6  5 1225 412Q2 3 2 571527 5899999999999999 921  02137  599999999999999
 25 39 50 57 57 48 34 20  8  0 -2  3 16 31 45 55 59 54 43 30 19 10  6  925 413Q2 328 581557 5999999999999999 952 -222 9  699999999999999
 20 34 47 57 59 54 40 25 12  2 -3 -2  8 23 38 51 58 57 49 36 25 16 10  925 414Q2 352 601626 59999999999999991020 -32237  999999999999999
 16 29 43 54 60 58 47 32 17  6 -1 -2  3 16 31 45 55 58 53 43 31 21 15 1225 415Q2 415 601654 58999999999999991046 -323 4 1299999999999999
 15 24 38 50 58 59 53 39 24 12  3  0  2 11 24 39 50 56 55 47 37 27 20 1625 416Q2 440 601722 56999999999999991110  02329 1599999999999999
 16 22 33 45 55 59 56 45 31 18  9  4  3  9 19 32 44 51 54 50 41 32 25 2125 417Q2 5 6 591752 54999999999999991135  32355 1999999999999999
 19 22 30 40 49 55 56 49 38 25 15  9  7  9 16 26 37 45 50 50 44 37 30 2625 418Q2 534 561826 509999999999999912 2  7999999999999999999999
 23 24 28 35 43 50 53 51 43 32 22 15 11 11 15 22 30 38 44 46 45 40 34 3025 419Q2 6 7 531910 4699999999999999 023 231234 1199999999999999
 28 27 28 32 38 44 48 49 45 38 29 22 17 15 16 19 24 30 36 40 42 41 38 3525 420Q2 646 492011 4299999999999999 1 0 271322 1599999999999999
 32 31 30 31 33 37 41 43 44 41 36 30 25 21 19 18 20 23 27 32 36 39 40 3925 421Q2 745 442144 4099999999999999 210 301454 1899999999999999
 37 35 34 32 30 31 33 36 39 41 40 37 33 29 25 22 19 18 19 23 28 34 39 4125 422Q2 920 412342 4299999999999999 421 301654 1899999999999999
 41 40 38 34 30 26 25 26 30 35 40 42 41 38 34 28 22 16 14 15 20 27 34 4125 423Q21119 42999999999999999999999 557 251812 1499999999999999
 45 46 43 38 31 24 18 17 20 26 34 41 46 47 44 37 28 20 13 10 12 19 28 3725 424Q2 045 461244 4799999999999999 653 1719 5 1099999999999999
 45 50 50 44 35 25 16  9  9 14 24 35 45 52 53 48 38 27 17 10  7 12 21 3225 425Q2 125 501340 5499999999999999 737  81951  799999999999999
 43 52 56 52 42 30 17  7  1  2 11 24 38 51 58 58 49 37 24 14  8  7 14 2625 426Q2 2 1 561426 5999999999999999 819  02033  799999999999999
 39 51 59 60 51 37 22  9 -2 -6 -2 11 27 43 56 63 59 47 34 22 13  8 10 2025 427Q2 236 6015 9 6399999999999999 9 1 -62114  899999999999999
 34 47 58 64 61 48 31 15  2 -8-10 -1 14 32 48 60 64 57 44 31 20 13 10 1525 428Q2 311 651551 6499999999999999 943-102155 1099999999999999
 27 42 55 64 67 59 42 24  9 -2-10 -9  2 19 37 52 62 63 53 40 28 20 14 1425 429Q2 346 671632 64999999999999991025-112236 1399999999999999
 21 35 49 61 67 66 54 36 19  7 -3 -9 -5  8 25 41 54 61 58 48 36 27 21 1725 430Q2 421 681713 619999999999999911 7 -92317 1799999999999999
 19 28 42 54 63 66 61 47 31 17  7 -1 -4  2 16 31 44 54 58 53 43 34 28 2325 5 1Q2 457 661756 58999999999999991151 -4999999999999999999999
 21 24 34 46 55 61 61 54 42 28 17  9  4  3 10 22 34 45 52 53 48 40 34 2925 5 2Q2 534 621843 5499999999999999 0 0 211236  299999999999999
 26 25 29 38 47 53 56 55 48 37 27 20 14 10 10 16 26 36 43 49 49 45 39 3525 5 3Q2 615 561936 4999999999999999 046 251326  999999999999999
 31 29 28 31 38 44 48 50 48 43 36 29 24 19 16 16 20 27 35 41 45 46 44 4025 5 4Q2 7 5 502041 4699999999999999 142 281428 1599999999999999
 37 34 31 29 31 35 39 42 44 43 40 36 32 28 24 20 19 21 27 33 39 43 45 4425 5 5Q2 819 4422 2 4599999999999999 259 291547 1999999999999999
 41 38 35 31 28 28 30 33 37 40 41 41 39 36 31 26 22 19 21 25 32 38 43 4625 5 6Q21015 412327 4699999999999999 438 2717 8 1999999999999999
 45 43 39 34 29 24 22 24 28 33 38 41 43 42 39 33 27 21 18 19 25 32 39 4425 5 7Q21210 43999999999999999999999 557 221811 1899999999999999
 48 48 44 38 31 24 18 17 20 26 32 39 44 47 46 41 33 25 19 16 18 25 34 4125 5 8Q2 029 481312 4799999999999999 650 1719 2 1699999999999999
 47 50 49 43 35 26 17 12 12 17 25 34 42 49 51 48 40 31 23 16 15 19 28 3725 5 9Q2 114 511355 5199999999999999 732 111945 1599999999999999
 46 52 53 49 40 29 19 11  7  9 17 27 38 47 54 54 48 38 28 20 15 16 22 3325 510Q2 150 531432 5499999999999999 810  72025 1599999999999999
 43 51 56 55 47 35 22 12  5  4  9 19 32 44 53 57 54 45 35 25 18 16 19 2725 511Q2 221 5615 5 5799999999999999 845  421 1 1699999999999999
 39 49 57 59 53 42 28 15  7  2  3 12 25 38 50 58 58 52 41 31 23 18 18 2325 512Q2 249 591536 5999999999999999 918  22136 1799999999999999
 34 46 56 61 59 49 35 21 10  3  1  6 17 31 45 55 60 57 48 37 28 22 19 2125 513Q2 316 6116 6 6099999999999999 949  122 8 1999999999999999
 29 41 53 61 63 56 43 28 16  7  2  3 11 24 39 51 59 59 53 43 34 26 22 2125 514Q2 344 631635 60999999999999991020  22240 2199999999999999
 26 36 48 58 63 61 51 36 22 12  6  4  8 18 32 45 55 59 56 48 39 31 26 2325 515Q2 412 6417 5 59999999999999991050  42312 2399999999999999
 25 32 43 53 61 63 56 44 30 19 10  6  7 14 25 38 49 56 57 52 44 36 30 2625 516Q2 443 631739 57999999999999991122  62346 2599999999999999
 25 29 37 47 56 60 59 51 38 26 17 11  9 12 20 31 42 50 55 54 48 40 34 3025 517Q2 517 611818 55999999999999991156  9999999999999999999999
 27 27 32 41 49 55 57 54 45 33 24 17 13 12 17 25 34 43 50 52 50 45 39 3425 518Q2 556 5719 4 5299999999999999 024 271234 1299999999999999
 30 28 30 34 41 48 52 53 49 41 31 24 18 16 16 20 27 35 42 48 50 48 43 3825 519Q2 643 5320 1 5099999999999999 110 281323 1599999999999999
 34 31 29 30 34 39 44 48 49 46 39 32 26 21 19 19 22 27 34 41 46 48 47 4325 520Q2 747 4921 5 4899999999999999 214 291431 1899999999999999
 39 35 31 28 28 30 35 40 44 47 45 40 35 29 25 21 20 22 27 33 40 46 49 4825 521Q2 9 6 472214 4999999999999999 342 281557 2099999999999999
 44 40 35 29 25 23 24 29 36 42 46 47 44 39 33 27 22 20 21 26 33 41 47 5025 522Q21037 472322 5199999999999999 5 4 231713 2099999999999999
 50 46 40 33 25 19 16 18 25 33 42 48 50 48 43 36 29 22 19 21 27 35 44 5025 523Q212 4 50999999999999999999999 6 6 161813 1999999999999999
 54 53 48 39 29 20 12  9 13 22 32 43 51 55 53 46 37 29 22 19 22 29 39 4825 524Q2 022 541311 5599999999999999 657  919 5 1999999999999999
 55 59 57 49 37 24 13  5  3  9 20 33 45 55 60 56 48 37 29 22 20 24 33 4425 525Q2 113 5914 5 6099999999999999 745  31954 2099999999999999
 53 61 64 60 48 33 19  7  0  0  8 21 35 49 60 63 58 47 37 29 23 22 27 3725 526Q2 159 641453 6399999999999999 833 -12043 2199999999999999
 49 59 66 68 60 45 29 15  4 -3 -2  8 23 39 53 63 64 57 45 36 29 24 24 3125 527Q2 241 681537 6599999999999999 921 -42132 2399999999999999
 42 54 64 70 69 58 41 25 12  2 -4  0 12 27 43 57 65 63 54 43 35 29 25 2625 528Q2 322 711620 669999999999999910 9 -42221 2499999999999999
 34 47 58 68 72 67 54 37 23 11  2 -2  4 17 33 48 60 65 61 51 42 35 29 2625 529Q2 4 3 7217 3 65999999999999991056 -223 9 2699999999999999
 28 38 50 61 68 70 63 49 34 22 12  4  2  9 23 38 51 60 63 57 48 41 35 2925 530Q2 444 701748 63999999999999991142  22356 2799999999999999
 27 31 41 52 61 66 65 57 44 32 22 13  7  8 16 29 42 53 59 60 54 46 39 3425 531Q2 525 671833 61999999999999991227  6999999999999999999999
 29 28 33 42 51 58 61 59 52 41 31 23 16 12 14 22 34 44 53 58 57 51 44 3825 6 1Q2 610 611921 5899999999999999 043 281312 1299999999999999
 33 29 29 34 42 49 54 56 54 47 39 31 25 19 17 20 27 37 46 53 56 54 49 4325 6 2Q2 7 1 562011 5699999999999999 134 2914 1 1799999999999999
 38 33 29 29 33 39 45 49 51 49 44 38 32 27 23 21 24 30 38 46 52 54 52 4825 6 3Q2 8 3 5121 3 5499999999999999 234 291459 2199999999999999
 42 37 32 29 28 30 35 41 45 47 46 43 39 35 30 26 24 26 32 39 46 51 53 5125 6 4Q2 918 472158 5399999999999999 346 2816 4 2499999999999999
 47 42 36 31 27 25 27 32 38 42 45 46 45 42 37 33 28 26 27 33 40 47 51 5325 6 5Q21049 462257 5399999999999999 458 2517 9 2699999999999999
 51 47 41 35 28 23 21 24 29 36 42 46 48 48 45 40 34 29 26 28 34 42 48 5325 6 6Q21221 48999999999999999999999 557 2118 5 2699999999999999
 54 52 48 40 32 24 19 18 21 28 36 43 49 52 51 47 41 34 29 27 30 36 44 5125 6 7Q2 0 0 541323 5299999999999999 646 181855 2799999999999999
 55 56 54 47 38 28 20 15 15 20 29 38 46 53 56 54 48 40 33 29 28 32 39 4825 6 8Q2 054 5614 9 5699999999999999 730 141941 2899999999999999
 54 59 59 54 45 34 23 16 12 14 21 31 41 51 57 59 55 47 39 33 29 30 35 4325 6 9Q2 137 601446 5999999999999999 811 122024 2999999999999999
 52 59 63 61 53 41 29 19 12 10 14 23 35 46 56 61 60 54 45 38 32 30 32 3825 610Q2 213 631520 6299999999999999 850 1021 5 3099999999999999
 48 58 64 66 61 50 36 24 15 10 10 16 27 40 52 61 63 59 51 43 36 31 30 3425 611Q2 247 661551 6399999999999999 929  92146 3099999999999999
 43 53 63 69 67 58 45 31 20 12  9 11 20 32 46 57 64 63 56 48 40 34 31 3125 612Q2 320 691623 649999999999999910 6  92225 3099999999999999
 37 47 58 67 70 65 54 39 26 17 10  9 14 25 39 52 61 64 61 53 45 38 33 3025 613Q2 354 701657 64999999999999991043  923 4 3099999999999999
 33 41 52 62 69 69 61 48 34 23 14 10 11 19 31 44 56 63 63 58 50 42 36 3125 614Q2 430 701733 64999999999999991119 102343 3099999999999999
 30 34 44 55 64 68 65 56 43 30 20 14 11 15 24 37 49 58 63 61 55 47 40 3425 615Q2 5 9 681813 63999999999999991156 11999999999999999999999
 30 30 36 46 56 63 65 61 51 38 28 19 14 14 20 30 41 52 59 62 59 52 44 3725 616Q2 553 651856 6299999999999999 024 291235 1399999999999999
 32 29 31 37 46 54 60 61 56 47 36 27 20 17 18 24 34 44 53 59 61 56 49 4125 617Q2 643 621942 6199999999999999 110 291317 1799999999999999
 35 30 28 30 36 44 52 57 58 53 45 35 28 23 21 22 28 37 46 54 59 59 54 4725 618Q2 741 582030 6099999999999999 2 2 2814 7 2199999999999999
 40 34 29 27 28 34 41 49 54 55 52 45 37 31 27 25 26 32 40 48 56 59 58 5325 619Q2 846 552119 6099999999999999 3 6 2715 8 2599999999999999
 46 39 33 27 24 25 30 38 46 52 54 52 47 40 35 31 28 29 34 42 50 57 60 5925 620Q2 959 542214 6099999999999999 417 241616 2899999999999999
 54 47 39 31 24 20 21 26 35 44 51 54 54 50 45 39 34 31 32 37 45 53 58 6125 621Q21124 552318 6199999999999999 523 201721 3199999999999999
 60 56 48 39 29 21 16 17 23 33 42 51 56 57 54 48 42 36 33 34 39 47 55 6125 622Q21247 58999999999999999999999 623 151822 3399999999999999
 64 64 59 49 38 26 17 12 13 20 31 42 52 59 62 58 51 44 38 35 35 41 49 5725 623Q2 029 651352 6299999999999999 720 111922 3499999999999999
 64 68 68 61 49 36 24 14  9 10 19 30 43 55 64 65 60 52 45 39 35 36 42 5125 624Q2 131 691444 6699999999999999 816  82023 3599999999999999
 60 67 73 72 63 48 34 21 11  6  9 19 32 46 59 67 68 61 52 45 39 35 36 4225 625Q2 224 731530 6999999999999999 911  62123 3599999999999999
 52 63 71 76 73 61 46 31 19  9  5  9 21 35 51 64 70 68 60 51 44 38 33 3525 626Q2 310 761614 709999999999999910 2  52217 3399999999999999
 43 54 65 74 77 72 58 43 29 17  8  5 12 25 41 56 67 71 66 57 49 42 35 3125 627Q2 354 771656 71999999999999991049  523 5 3199999999999999
 35 45 57 67 74 75 68 54 39 27 16  8  8 17 32 47 61 69 70 64 54 46 39 3225 628Q2 437 761737 71999999999999991132  72349 3099999999999999
 30 35 46 58 67 72 71 62 49 36 25 16 11 13 24 39 53 64 70 68 60 51 43 3525 629Q2 519 731817 70999999999999991212 10999999999999999999999
 30 30 37 48 58 65 68 65 56 44 33 24 17 15 20 32 45 57 66 68 65 56 47 3925 630Q2 6 2 681856 6899999999999999 032 291251 1599999999999999
 32 29 30 38 48 57 62 63 59 51 41 32 25 21 21 27 39 50 60 66 66 61 52 4325 7 1Q2 647 641934 6799999999999999 114 291329 2099999999999999
 36 31 29 32 39 47 54 58 59 54 47 39 33 28 25 27 34 44 53 61 64 63 56 4825 7 2Q2 736 592012 6499999999999999 159 291410 2599999999999999
 41 35 31 29 32 38 45 51 55 55 51 45 40 35 32 30 32 38 47 55 61 62 60 5325 7 3Q2 830 552051 6299999999999999 253 2915 0 3099999999999999
 46 40 35 31 29 32 37 43 49 52 52 50 46 42 39 36 34 36 42 49 56 60 61 5725 7 4Q2 935 532136 6199999999999999 356 2916 2 3499999999999999
 52 46 40 35 30 28 30 35 42 47 51 52 51 49 46 43 39 37 39 44 51 56 60 6025 7 5Q211 7 522231 6099999999999999 5 2 2817 6 3799999999999999
 57 53 47 40 34 29 27 29 34 41 47 51 54 55 53 50 45 41 39 41 46 52 57 6025 7 6Q21253 552344 6199999999999999 6 2 2718 6 3999999999999999
 61 59 54 47 39 32 26 24 27 33 40 47 53 57 59 57 52 47 42 40 42 47 53 5925 7 7Q21354 59999999999999999999999 656 2419 2 4099999999999999
 63 64 62 56 47 37 28 23 22 25 32 41 50 57 62 62 59 53 47 42 41 43 48 5525 7 8Q2 054 641436 6399999999999999 746 221956 4199999999999999
 62 67 68 64 55 44 33 24 20 19 24 33 43 54 62 66 64 58 52 45 41 40 43 5025 7 9Q2 144 681511 6699999999999999 833 192047 4099999999999999
 58 66 71 71 64 53 40 28 20 16 18 24 35 48 59 67 68 64 57 50 43 39 39 4325 710Q2 226 721543 6899999999999999 917 162135 3899999999999999
 52 62 71 75 72 62 48 35 24 16 14 17 27 40 54 65 70 69 62 54 46 40 36 3725 711Q2 3 5 751615 7099999999999999 958 142217 3699999999999999
 44 55 67 75 77 70 58 43 30 20 13 13 19 31 46 60 69 72 67 59 50 42 36 3325 712Q2 343 771649 72999999999999991035 122258 3399999999999999
 37 46 59 70 77 76 66 52 38 26 16 12 14 24 38 53 65 72 71 64 55 46 37 3125 713Q2 423 771723 73999999999999991112 122336 3099999999999999
 31 37 49 61 71 76 72 61 47 34 23 15 13 19 31 45 59 69 73 69 60 50 41 3325 714Q2 5 5 761759 73999999999999991147 13999999999999999999999
 28 30 39 51 62 71 73 68 56 42 30 21 16 17 25 38 52 64 71 72 66 55 45 3625 715Q2 549 731836 7399999999999999 015 281223 1599999999999999
 29 26 30 40 52 62 69 70 63 51 39 29 23 20 23 33 46 58 67 72 70 61 50 4125 716Q2 636 701913 7299999999999999 056 2613 0 2099999999999999
 33 27 26 31 41 51 60 66 65 59 48 38 31 26 26 31 40 51 61 68 70 66 57 4725 717Q2 727 661951 7199999999999999 140 261339 2599999999999999
 38 31 27 27 32 40 50 58 62 62 56 47 40 35 32 32 37 46 55 64 68 69 63 5525 718Q2 823 632032 6999999999999999 233 261425 3299999999999999
 45 38 32 27 27 31 39 47 55 59 59 55 49 44 40 38 38 42 50 58 64 68 67 6225 719Q2 928 602120 6899999999999999 337 261525 3899999999999999
 54 47 39 32 27 26 29 36 44 52 57 58 56 53 49 45 43 43 46 52 59 64 67 6625 720Q21055 582225 6799999999999999 450 261638 4299999999999999
 63 57 49 41 33 26 24 26 33 41 49 55 59 60 58 54 50 46 45 47 52 58 63 6725 721Q21240 60999999999999999999999 6 2 241756 4599999999999999
 68 66 61 52 42 32 24 21 23 29 38 48 57 63 65 62 57 52 48 45 46 51 57 6325 722Q2 0 2 681353 6599999999999999 7 9 211914 4599999999999999
 68 72 71 64 54 42 31 22 17 19 27 37 49 60 68 70 65 59 53 47 44 44 49 5625 723Q2 122 721444 7099999999999999 811 172025 4399999999999999
 64 71 76 75 66 53 40 28 18 14 17 26 39 53 66 73 73 66 58 51 44 40 41 4725 724Q2 219 771526 7499999999999999 9 6 142124 3999999999999999
 56 66 75 80 76 65 50 37 24 15 11 17 29 44 59 71 77 73 65 56 48 40 35 3825 725Q2 3 7 8016 5 7799999999999999 954 112213 3599999999999999
 46 58 69 78 81 75 61 46 33 21 12 11 20 34 51 66 76 78 71 61 51 42 34 3125 726Q2 350 811641 78999999999999991036 102255 3199999999999999
 36 48 60 72 79 79 70 56 41 29 18 12 15 26 43 59 72 78 76 67 56 46 36 3025 727Q2 430 801716 79999999999999991114 122334 2899999999999999
 29 37 50 63 73 78 74 64 50 37 26 17 15 21 35 52 66 75 78 72 61 49 40 3125 728Q2 5 9 781749 78999999999999991149 14999999999999999999999
 27 30 40 53 64 72 74 68 57 44 33 25 19 20 30 45 59 70 76 75 66 54 43 3525 729Q2 547 741820 7799999999999999 010 271222 1999999999999999
 28 27 32 43 55 64 69 69 62 51 40 32 26 24 28 39 53 65 72 75 70 60 48 3925 730Q2 625 701850 7599999999999999 045 271253 2499999999999999
 32 28 29 36 46 56 63 66 63 56 47 39 33 30 31 37 47 58 67 72 71 64 54 4425 731Q2 7 5 661921 7299999999999999 120 281324 3099999999999999
 37 32 30 32 39 48 55 60 62 59 53 46 41 37 36 38 44 52 61 67 69 66 59 5025 8 1Q2 749 621954 6999999999999999 159 301359 3699999999999999
 43 37 34 33 35 41 47 54 58 58 56 52 48 45 43 42 44 49 55 62 66 66 63 5625 8 2Q2 842 582032 6799999999999999 251 331450 4299999999999999
 49 44 39 36 35 36 40 46 51 55 56 55 53 51 50 48 47 48 51 57 62 64 64 6125 8 3Q2 957 562121 6599999999999999 4 2 3516 6 4799999999999999
 56 51 46 41 37 35 35 39 44 49 53 56 57 57 56 54 51 49 50 52 56 61 63 6325 8 4Q21245 572235 6499999999999999 519 341727 4999999999999999
 62 58 54 48 41 36 32 33 36 41 47 53 58 61 62 60 57 53 50 50 52 56 60 6425 8 5Q21356 62999999999999999999999 629 321842 4999999999999999
 65 65 62 56 48 39 32 29 29 33 39 47 55 62 66 66 63 57 52 49 48 50 55 6125 8 6Q2 017 651433 6699999999999999 728 281948 4899999999999999
 66 69 69 64 56 45 35 28 24 25 30 39 50 60 67 70 68 62 56 49 45 44 48 5425 8 7Q2 125 7015 3 7099999999999999 819 242042 4499999999999999
 63 70 74 72 65 53 41 30 22 19 22 30 42 55 66 73 73 68 60 52 44 40 40 4625 8 8Q2 212 741531 7499999999999999 9 3 192126 4099999999999999
 56 67 75 78 74 62 49 35 24 17 16 21 33 48 62 73 77 73 65 55 46 38 34 3725 8 9Q2 254 781559 7799999999999999 942 1522 5 3499999999999999
 46 59 71 79 80 72 58 43 30 19 14 15 25 39 55 70 78 78 70 60 49 38 31 2925 810Q2 334 811629 79999999999999991018 132243 2999999999999999
 36 48 63 75 81 79 68 52 38 25 16 13 19 32 48 64 76 81 76 65 53 41 31 2525 811Q2 415 8217 0 81999999999999991053 132319 2499999999999999
 27 37 51 66 77 81 75 62 47 33 23 16 16 26 41 57 71 80 80 72 58 46 34 2525 812Q2 456 811732 81999999999999991127 152356 2299999999999999
 22 27 40 55 68 77 78 70 56 42 31 23 19 23 35 51 65 76 81 77 65 51 39 2925 813Q2 539 7918 4 819999999999999912 0 19999999999999999999999
 22 22 30 43 57 68 75 73 64 51 40 31 26 25 33 45 59 71 78 79 72 59 46 3525 814Q2 623 751837 7999999999999999 033 211234 2599999999999999
 27 22 24 33 46 57 66 71 68 59 48 40 34 32 34 42 54 65 73 77 75 66 54 4225 815Q2 7 9 711911 7799999999999999 114 2213 8 3299999999999999
 34 28 25 28 36 46 56 63 66 63 56 48 43 40 39 42 49 59 67 73 74 70 62 5125 816Q2 8 1 661948 7499999999999999 2 2 251347 3999999999999999
 43 36 31 29 31 37 45 53 59 61 60 55 51 48 46 46 48 54 61 67 70 70 67 6025 817Q2 9 6 622034 7199999999999999 3 5 291444 4699999999999999
 53 46 40 35 31 31 36 42 49 55 58 59 58 56 54 52 51 52 55 60 64 66 67 6625 818Q21046 592149 6799999999999999 427 311618 5199999999999999
 62 57 51 44 37 31 30 32 38 45 52 58 61 63 62 60 56 53 51 53 56 60 63 6625 819Q213 2 63999999999999999999999 553 3018 3 5199999999999999
 67 66 62 55 46 37 29 26 28 34 42 51 60 66 68 67 62 57 52 48 48 52 56 6225 820Q2 0 5 6714 0 6899999999999999 7 7 261930 4899999999999999
 68 71 71 66 56 45 34 25 21 24 32 42 54 65 72 73 69 62 55 48 43 43 47 5525 821Q2 127 721438 7499999999999999 8 6 212032 4299999999999999
 63 71 76 75 67 55 42 30 21 18 22 32 46 60 72 78 75 68 59 50 41 36 38 4525 822Q2 219 771513 7899999999999999 854 172119 3699999999999999
 55 66 75 80 76 64 50 37 25 17 16 24 37 53 67 78 80 74 64 53 43 34 30 3525 823Q2 3 2 801545 8199999999999999 936 152159 3099999999999999
 45 58 70 79 81 73 59 45 32 21 15 17 29 45 61 75 82 80 69 57 45 35 27 2725 824Q2 341 811616 82999999999999991014 142236 2699999999999999
 35 48 62 74 80 78 67 53 39 27 18 16 23 38 55 70 80 82 75 62 49 37 28 2325 825Q2 418 811645 83999999999999991048 1623 9 2399999999999999
 26 38 53 66 75 79 73 60 46 34 25 19 21 32 48 64 76 82 79 68 54 41 31 2325 826Q2 453 791713 82999999999999991120 192341 2299999999999999
 22 29 43 57 69 75 75 66 53 41 32 25 23 29 42 58 71 79 80 73 60 46 34 2725 827Q2 527 761739 80999999999999991149 23999999999999999999999
 23 25 35 49 61 69 72 69 60 48 39 32 29 30 39 52 65 75 78 75 65 52 40 3125 828Q2 6 0 7218 4 7899999999999999 010 231215 2899999999999999
 26 25 31 41 53 62 68 68 63 54 45 39 35 35 39 48 59 69 75 75 69 58 46 3725 829Q2 634 691830 7599999999999999 038 251239 3499999999999999
 31 29 30 37 46 55 62 65 64 58 51 45 42 40 42 47 55 63 70 72 70 62 52 4325 830Q2 712 6519 0 7299999999999999 1 7 2913 4 4099999999999999
 37 34 33 35 41 48 55 59 61 59 55 51 48 47 47 48 52 58 64 68 68 64 57 5025 831Q2 758 611935 6999999999999999 144 331336 4699999999999999
 44 40 37 37 38 42 47 52 56 58 57 55 54 53 52 52 53 55 59 63 65 64 61 5625 9 1Q2 9 6 582021 6599999999999999 247 371455 5299999999999999
 51 46 43 40 38 38 41 44 49 53 56 57 58 58 58 57 55 54 55 57 60 62 62 6025 9 2Q21318 582138 6299999999999999 429 3817 4 5499999999999999
 57 54 50 45 40 37 35 37 40 45 51 56 60 62 63 62 59 55 52 52 54 57 60 6225 9 3Q21354 632345 6399999999999999 6 2 351843 5299999999999999
 63 61 58 52 45 38 33 30 32 36 44 52 59 65 67 67 63 57 51 48 47 49 54 6025 9 4Q21418 68999999999999999999999 7 7 301944 4799999999999999
 65 67 66 60 52 42 33 27 25 27 35 45 56 65 71 72 68 61 52 45 41 41 46 5425 9 5Q2 1 8 671440 7299999999999999 756 252028 4199999999999999
 63 70 73 69 61 49 37 27 21 20 26 36 49 62 72 76 73 65 55 45 37 33 36 4425 9 6Q2 158 7315 3 7699999999999999 837 2021 6 3399999999999999
 56 67 75 77 70 58 44 31 21 16 18 27 41 57 70 78 78 71 59 47 36 28 27 3325 9 7Q2 241 771529 7999999999999999 914 162142 2699999999999999
 45 60 73 80 79 68 54 39 26 17 15 20 33 50 66 78 82 77 65 51 38 27 20 2225 9 8Q2 322 811557 8299999999999999 950 142218 2099999999999999
 33 48 64 77 82 77 64 48 34 23 16 17 27 43 60 74 83 83 72 57 42 29 19 1525 9 9Q2 4 2 821627 84999999999999991025 152254 1599999999999999
 21 36 53 68 79 81 73 58 43 31 22 18 23 37 54 69 81 85 79 65 49 34 22 1425 910Q2 442 821657 85999999999999991059 182330 1399999999999999
 15 25 41 57 71 79 78 67 52 40 31 25 24 33 48 63 76 84 83 73 57 41 29 1925 911Q2 523 801728 85999999999999991133 23999999999999999999999
 14 18 30 46 60 71 76 72 61 48 39 33 30 33 43 57 70 79 82 78 66 50 37 2725 912Q2 6 5 7618 0 8299999999999999 0 8 1412 6 3099999999999999
 20 18 24 35 49 60 68 71 66 56 47 41 38 37 42 52 64 73 78 78 71 59 46 3625 913Q2 650 711832 7999999999999999 049 181239 3799999999999999
 29 24 24 29 39 49 58 64 65 61 54 48 45 44 45 49 57 66 71 73 72 65 55 4625 914Q2 742 6519 8 7499999999999999 136 231318 4499999999999999
 39 34 30 29 33 40 47 54 59 60 58 55 52 51 50 51 54 58 63 67 68 66 61 5525 915Q2 852 601957 6899999999999999 241 291425 5099999999999999
 49 44 40 35 33 34 38 44 50 55 58 59 59 58 57 55 53 53 55 58 61 62 62 6125 916Q211 0 592140 6299999999999999 411 321628 5399999999999999
 58 54 50 44 37 32 31 34 40 46 53 59 63 64 63 61 56 52 50 50 52 55 58 6225 917Q21310 64999999999999999999999 545 311827 4999999999999999
 63 63 59 53 45 36 29 27 30 37 45 55 63 68 69 66 61 54 47 43 43 46 51 5725 918Q2 019 641346 6999999999999999 655 271935 4299999999999999
 64 68 68 62 54 43 32 25 23 27 36 47 59 69 74 72 66 58 48 40 35 36 42 5025 919Q2 128 681417 7499999999999999 747 232020 3599999999999999
 59 68 73 71 62 51 38 28 21 21 28 40 53 66 75 77 72 62 51 40 32 28 32 4125 920Q2 213 731446 7799999999999999 830 202059 2899999999999999
 52 64 73 76 70 59 45 33 23 18 21 32 46 61 73 79 77 67 54 42 31 24 23 3125 921Q2 251 761515 8099999999999999 9 9 182134 2399999999999999
 43 57 69 76 76 66 53 40 28 20 18 25 39 55 69 79 81 73 59 45 33 23 19 2225 922Q2 327 771543 8199999999999999 944 1822 8 1899999999999999
 33 48 62 73 77 73 61 47 35 25 20 22 33 49 64 76 81 78 66 50 36 25 18 1725 923Q2 4 1 7716 9 82999999999999991017 202239 1699999999999999
 25 39 54 67 75 75 67 54 41 32 25 23 29 43 59 72 80 80 72 57 41 29 20 1625 924Q2 433 761634 81999999999999991047 2323 7 1699999999999999
 19 31 46 60 70 74 71 60 48 38 31 27 29 39 53 67 77 80 75 63 47 34 24 1925 925Q2 5 4 741657 80999999999999991114 272333 1899999999999999
 19 26 38 53 64 71 71 65 54 44 37 33 32 37 48 61 72 78 76 68 54 40 30 2325 926Q2 534 721720 78999999999999991138 322357 2199999999999999
 21 24 33 46 57 65 69 66 59 50 43 38 37 39 46 56 67 73 75 70 60 47 36 2925 927Q2 6 5 691746 759999999999999912 0 37999999999999999999999
 25 26 31 40 50 59 64 65 61 54 48 44 42 42 46 53 61 68 71 70 63 53 43 3525 928Q2 639 651814 7299999999999999 022 251221 4299999999999999
 31 30 32 37 44 52 58 61 60 57 52 49 47 47 48 52 57 62 66 67 64 57 49 4125 929Q2 723 611848 6799999999999999 052 301244 4799999999999999
 37 34 34 36 40 45 50 54 57 57 55 53 52 52 52 52 54 57 60 62 62 59 54 4825 930Q2 828 571934 6299999999999999 139 341342 5299999999999999
 43 40 38 37 37 39 42 46 51 54 56 56 56 56 56 54 53 53 54 55 57 58 57 542510 1Q21253 562058 5899999999999999 320 371648 5399999999999999
 50 47 43 40 36 35 35 38 42 48 53 57 59 61 60 58 54 50 48 48 50 53 56 582510 2Q21318 612312 5899999999999999 520 351830 4899999999999999
 57 55 51 45 39 33 30 30 33 40 48 55 61 64 65 62 56 50 44 41 41 45 51 572510 3Q21336 65999999999999999999999 631 291920 4199999999999999
 61 62 59 53 45 36 28 24 25 31 40 50 60 67 69 67 60 51 42 35 32 35 42 522510 4Q2 045 621358 6999999999999999 719 241958 3299999999999999
 61 67 68 63 53 42 31 23 20 23 32 44 56 67 73 73 65 54 43 32 25 25 31 422510 5Q2 139 681423 7499999999999999 8 0 202034 2499999999999999
 55 66 73 72 63 51 37 26 19 18 24 36 51 65 75 78 72 60 46 33 22 16 19 302510 6Q2 223 731451 7899999999999999 839 172111 1699999999999999
 45 60 72 77 73 61 46 33 23 18 20 30 45 60 73 81 80 68 52 37 23 13 10 172510 7Q2 3 4 771521 8299999999999999 916 172148 1099999999999999
 32 49 65 76 79 71 57 42 30 22 19 25 38 54 69 81 84 77 61 43 28 15  8  82510 8Q2 345 791552 8499999999999999 953 192226  799999999999999
 19 36 54 69 78 77 66 51 39 30 24 24 33 48 64 77 85 83 71 53 36 22 11  62510 9Q2 425 791623 85999999999999991029 2323 5  699999999999999
 11 24 42 58 71 77 73 60 47 38 31 28 31 43 58 71 81 84 79 64 46 31 19 11251010Q2 5 6 771655 849999999999999911 6 282345  999999999999999
  9 16 31 47 60 70 73 67 55 45 39 34 34 39 51 64 75 80 80 71 56 41 29 21251011Q2 548 731728 81999999999999991142 33999999999999999999999
 15 15 24 37 49 60 67 67 61 52 45 42 39 40 46 57 67 73 76 73 64 51 40 31251012Q2 634 6818 2 7699999999999999 028 141222 3999999999999999
 25 21 22 30 40 50 57 62 62 57 52 48 46 45 46 51 59 65 69 69 66 58 49 41251013Q2 728 631842 6999999999999999 118 211311 4599999999999999
 35 31 27 28 33 40 47 54 58 59 56 54 52 50 49 49 52 56 59 62 62 60 55 50251014Q2 841 591943 6299999999999999 222 271432 4999999999999999
 45 41 36 32 31 33 38 44 50 55 58 58 57 56 54 51 49 48 50 52 54 56 57 55251015Q21037 582147 5799999999999999 349 311635 4899999999999999
 53 50 45 39 34 30 31 35 42 49 55 60 62 61 59 55 49 44 42 43 45 49 53 56251016Q21223 62999999999999999999999 520 301816 4299999999999999
 58 57 54 48 40 32 28 28 33 41 49 57 63 66 64 59 52 44 37 34 36 40 46 53251017Q2 010 5813 6 6699999999999999 625 271911 3499999999999999
 59 62 61 55 47 37 29 24 26 33 42 53 62 68 69 64 56 46 37 29 27 31 38 47251018Q2 114 621340 6999999999999999 715 241952 2799999999999999
 56 63 66 63 54 44 33 25 22 26 35 47 58 67 72 70 61 50 38 28 22 22 29 39251019Q2 157 661411 7299999999999999 757 222028 2199999999999999
 50 61 68 68 62 51 39 29 22 22 29 41 53 65 73 74 67 55 41 29 20 16 20 30251020Q2 234 691440 7599999999999999 835 2121 3 1699999999999999
 43 56 66 71 68 58 46 35 26 22 25 35 48 61 71 76 73 61 46 32 21 14 14 21251021Q2 3 9 7115 7 7699999999999999 911 222135 1399999999999999
 34 49 61 70 72 65 53 41 32 26 24 30 42 57 69 76 76 68 53 37 25 16 12 15251022Q2 342 721533 7799999999999999 944 2422 6 1299999999999999
 26 41 55 66 72 69 60 48 38 31 27 29 38 51 65 74 78 73 60 44 29 19 13 13251023Q2 412 721557 78999999999999991015 272235 1299999999999999
 20 33 48 61 69 71 65 54 43 36 31 30 35 46 60 71 77 76 66 51 36 24 17 14251024Q2 442 711621 77999999999999991043 3023 1 1499999999999999
 17 27 41 55 65 69 67 59 49 41 36 33 35 43 54 66 74 76 70 58 43 31 22 18251025Q2 510 691646 769999999999999911 9 332326 1799999999999999
 18 24 35 48 59 65 66 62 54 46 40 37 37 41 50 60 69 73 71 63 50 37 28 22251026Q2 541 671714 73999999999999991134 372353 2199999999999999
 21 24 31 42 52 60 63 62 57 50 45 41 40 42 47 54 62 68 69 65 55 44 34 28251027Q2 615 641745 699999999999999912 2 40999999999999999999999
 25 25 29 36 45 53 58 60 58 53 49 46 44 44 46 50 56 61 64 63 58 50 41 34251028Q2 659 601822 6499999999999999 025 241239 4499999999999999
 30 28 29 33 39 45 51 55 57 55 52 50 48 47 47 48 50 54 57 59 58 54 47 41251029Q2 8 1 571915 5999999999999999 1 9 281347 4699999999999999
 36 33 31 31 34 38 42 48 52 55 55 53 52 51 49 47 46 47 49 52 54 54 52 48251030Q2 929 552041 5599999999999999 225 3116 2 4699999999999999
 43 39 36 33 31 32 34 39 45 51 55 56 56 55 52 48 44 41 41 43 46 51 53 53251031Q21117 562233 5499999999999999 417 311742 4099999999999999
 51 47 43 37 32 28 28 31 37 45 52 57 60 59 56 51 44 38 33 33 36 43 50 552511 1Q21220 60999999999999999999999 538 281836 3299999999999999
 57 56 52 45 37 30 25 25 29 38 47 56 62 64 62 56 47 37 29 24 25 32 41 512511 2Q2 0 9 5713 0 6499999999999999 633 241917 2499999999999999
 59 63 61 54 45 35 27 22 23 30 41 52 62 68 69 63 52 40 28 19 16 20 30 422511 3Q2 112 631336 6999999999999999 718 221957 1699999999999999
 55 64 68 65 55 43 32 24 21 25 34 47 59 69 74 71 61 46 31 19 10  9 17 302511 4Q2 2 1 681411 7499999999999999 8 0 212038  999999999999999
 45 59 70 72 65 53 40 30 24 22 29 41 54 67 76 78 71 55 38 23 11  4  6 172511 5Q2 246 721446 7899999999999999 841 222119  499999999999999
 33 49 64 73 73 63 50 38 30 25 26 34 48 62 74 81 79 67 49 31 17  6  2  62511 6Q2 328 741521 8299999999999999 923 2422 2  299999999999999
 20 37 54 68 74 71 59 46 37 30 27 30 41 56 69 79 83 77 61 42 26 14  5  32511 7Q2 410 751556 839999999999999910 5 272245  299999999999999
 10 25 42 58 69 73 66 55 44 37 32 31 36 48 62 73 80 81 71 55 37 24 14  72511 8Q2 452 731632 81999999999999991048 302330  699999999999999
  7 16 31 47 60 68 69 62 51 43 38 35 35 41 53 65 74 78 75 64 49 35 24 162511 9Q2 535 701710 78999999999999991132 34999999999999999999999
 11 13 23 36 49 59 65 64 57 50 44 40 37 38 45 56 65 70 72 68 58 45 35 27251110Q2 622 661750 7299999999999999 015 111219 3799999999999999
 20 17 20 29 40 50 57 62 60 55 49 45 42 40 41 47 54 60 64 64 61 53 44 36251111Q2 716 621838 6599999999999999 1 5 171315 4099999999999999
 30 25 23 25 32 41 49 55 59 58 54 50 47 44 42 42 45 50 54 57 57 55 50 44251112Q2 819 591945 5899999999999999 2 2 231427 4199999999999999
 39 34 30 27 28 33 40 47 53 57 57 55 52 49 45 41 40 41 44 47 50 52 52 50251113Q2 933 572124 5399999999999999 313 2716 3 3999999999999999
 46 42 38 33 29 29 33 39 46 53 57 58 56 53 49 44 38 35 35 37 42 46 50 52251114Q21052 582323 5299999999999999 431 281731 3499999999999999
 52 49 45 40 33 29 28 32 39 47 54 58 60 58 54 47 40 33 28 28 32 38 45 50251115Q21159 60999999999999999999999 539 281829 2899999999999999
 54 55 52 47 40 32 27 27 32 40 49 56 61 62 59 52 43 34 26 22 23 30 38 46251116Q2 044 551248 6299999999999999 632 261914 2299999999999999
 53 58 58 54 46 38 30 26 27 34 43 52 60 64 64 58 48 37 27 19 17 21 29 39251117Q2 135 591328 6599999999999999 718 261953 1799999999999999
 49 58 62 61 54 44 35 28 26 29 37 48 57 64 67 64 55 42 30 20 14 14 21 32251118Q2 215 6214 2 6799999999999999 8 0 262030 1399999999999999
 44 54 63 65 61 51 41 33 28 27 32 42 53 63 69 69 62 49 35 23 14 11 14 23251119Q2 251 651433 7099999999999999 838 2621 5 1199999999999999
 36 49 60 66 66 58 48 38 32 28 29 37 49 60 68 72 68 57 42 28 17 11 10 17251120Q2 324 6715 1 7299999999999999 915 282138 1099999999999999
 28 42 55 64 68 63 54 44 36 31 29 34 43 55 66 73 72 64 50 34 22 14 10 13251121Q2 355 681528 7399999999999999 949 292210 1099999999999999
 22 35 49 60 67 66 59 49 41 35 31 32 39 50 62 71 74 69 57 42 29 19 13 12251122Q2 424 671556 74999999999999991022 312241 1199999999999999
 17 28 42 55 64 66 62 54 45 39 34 33 36 44 56 66 72 72 63 50 36 24 17 13251123Q2 454 661626 73999999999999991054 332311 1399999999999999
 15 23 35 48 58 64 64 58 50 43 37 34 35 40 49 59 67 70 67 56 43 31 22 17251124Q2 526 651658 70999999999999991127 342342 1599999999999999
 16 20 29 41 52 60 63 60 54 47 41 37 35 37 43 52 60 66 66 60 50 38 28 21251125Q2 6 2 631734 679999999999999912 4 35999999999999999999999
 18 19 25 34 44 53 59 60 57 51 45 40 37 37 39 45 52 58 62 61 54 45 35 27251126Q2 646 601817 6299999999999999 017 181247 3699999999999999
 23 21 23 29 37 45 52 57 57 54 49 44 40 38 37 39 44 50 54 57 56 50 42 34251127Q2 738 581914 5799999999999999 059 211345 3799999999999999
 29 25 24 26 31 37 45 51 55 56 53 48 44 41 38 36 37 40 45 50 53 53 49 42251128Q2 837 562028 5399999999999999 155 2415 8 3699999999999999
 36 31 28 26 27 31 37 44 50 55 55 53 49 44 40 35 32 32 35 40 46 50 52 50251129Q2 941 562154 5299999999999999 313 261637 3299999999999999
 45 40 35 30 27 27 30 37 44 51 56 57 54 50 44 38 31 26 25 29 36 43 50 53251130Q21047 572325 5399999999999999 435 271742 2599999999999999
 53 49 44 38 32 27 27 30 38 46 54 58 60 57 51 42 33 25 19 18 24 33 42 512512 1Q21149 60999999999999999999999 541 261835 1899999999999999
 56 57 54 47 39 32 27 27 32 40 49 57 63 64 60 50 39 27 17 12 12 20 31 432512 2Q2 042 581245 6499999999999999 634 261922 1199999999999999
 54 61 62 57 48 39 32 27 28 34 44 54 62 68 68 61 48 34 21 11  6  8 18 312512 3Q2 141 621333 6999999999999999 724 272010  699999999999999
 45 57 65 65 58 48 38 32 28 30 37 48 59 68 73 71 61 45 29 16  6  2  6 182512 4Q2 231 661417 7499999999999999 813 282059  299999999999999
 33 49 62 69 67 57 46 38 32 29 32 41 53 64 73 77 72 58 40 25 12  3  0  72512 5Q2 316 6915 0 7799999999999999 9 3 292147  099999999999999
 21 37 53 65 70 65 55 45 37 32 29 34 44 57 69 77 78 70 54 36 22 10  2  12512 6Q2 4 0 701541 7999999999999999 954 292235  099999999999999
 10 25 42 57 67 69 62 52 43 37 31 30 36 48 60 71 77 76 65 49 33 20 10  32512 7Q2 443 701622 78999999999999991044 302321  399999999999999
  5 15 31 46 59 67 67 59 49 42 36 31 31 38 50 62 70 74 70 59 44 31 20 112512 8Q2 526 6817 4 74999999999999991132 30999999999999999999999
  7 10 22 36 50 60 66 63 55 47 40 34 30 32 40 51 60 67 68 64 53 40 30 212512 9Q2 611 661749 6899999999999999 0 6  71219 3099999999999999
 14 12 17 28 41 52 60 63 60 52 45 39 33 30 33 40 49 57 61 62 57 48 38 30251210Q2 657 631838 6299999999999999 050 1213 9 3099999999999999
 23 18 17 23 33 44 53 59 60 57 50 43 38 33 30 33 39 46 51 55 55 51 44 37251211Q2 745 611935 5699999999999999 136 1714 4 3099999999999999
 31 26 23 23 28 36 45 53 57 58 54 48 42 37 32 30 31 36 41 46 50 50 48 43251212Q2 835 582045 5099999999999999 228 221512 3099999999999999
 38 34 30 27 27 31 38 46 52 56 56 52 47 41 36 31 28 28 32 37 42 46 48 47251213Q2 927 562211 4899999999999999 330 261628 2899999999999999
 44 41 37 33 29 29 32 39 46 52 55 55 52 47 41 35 29 25 24 28 34 40 44 48251214Q21026 552356 4999999999999999 439 281736 2499999999999999
 49 47 44 40 35 31 30 33 40 47 52 55 55 52 47 40 32 25 21 21 25 32 39 45251215Q21133 55999999999999999999999 542 291831 2099999999999999
 50 52 51 47 41 35 31 30 34 41 48 53 57 57 54 47 37 28 21 17 18 24 32 40251216Q2 112 521237 5799999999999999 637 301918 1699999999999999
 48 54 56 54 48 41 35 31 31 36 43 51 56 60 59 54 44 33 23 16 13 16 24 33251217Q2 2 1 561326 6099999999999999 727 3020 1 1399999999999999
 43 52 58 59 55 47 40 34 31 32 38 46 54 61 64 61 52 40 28 19 12 11 16 25251218Q2 240 6014 5 6499999999999999 814 312042 1199999999999999
 37 48 57 62 60 54 45 38 33 31 33 41 50 59 65 66 60 49 35 23 14 10 11 18251219Q2 314 621439 6799999999999999 857 312121  999999999999999
 29 42 54 62 64 59 51 42 36 31 31 35 45 55 65 69 67 57 43 29 18 11  8 12251220Q2 345 641511 6999999999999999 937 302158  899999999999999
 21 35 48 59 64 63 56 47 39 33 30 31 38 49 61 68 70 64 51 37 24 14  9  9251221Q2 415 651543 70999999999999991015 302232  899999999999999
 15 27 41 54 63 64 60 51 43 36 30 29 33 42 54 64 70 68 58 45 31 19 11  8251222Q2 445 651617 70999999999999991051 2923 5  899999999999999
 11 20 33 47 58 64 62 56 47 39 32 28 28 35 45 57 65 68 63 52 38 26 16 10251223Q2 517 641653 68999999999999991127 272338  999999999999999
  9 15 26 40 52 61 63 59 51 43 35 29 26 29 37 48 58 64 64 57 46 33 22 15251224Q2 552 631733 659999999999999912 4 26999999999999999999999
 11 13 21 32 45 55 61 61 55 47 39 32 27 26 30 39 48 56 61 60 52 40 29 21251225Q2 631 621818 6199999999999999 012 111244 2699999999999999
 15 14 18 26 37 48 56 60 58 51 43 35 29 26 26 30 38 47 54 57 55 47 37 28251226Q2 711 601910 5799999999999999 049 141329 2599999999999999
 22 18 18 23 31 41 50 56 58 55 48 40 33 28 25 25 29 36 44 50 53 51 45 37251227Q2 755 5820 9 5399999999999999 131 171426 2499999999999999
 30 25 22 23 27 35 43 51 56 57 53 46 38 32 27 23 23 27 33 41 47 51 50 45251228Q2 841 572118 5199999999999999 223 221536 2399999999999999
 39 33 29 27 27 30 37 45 52 56 56 52 45 38 32 26 21 20 23 29 37 44 49 50251229Q2 932 562242 5099999999999999 331 261650 2099999999999999
 47 42 38 34 30 30 33 39 46 52 56 56 53 47 39 31 24 17 15 18 25 34 42 49251230Q21035 57999999999999999999999 445 301756 1599999999999999
 52 51 47 42 37 33 32 34 40 48 53 57 58 56 49 40 30 21 13 11 14 22 32 42251231Q2 017 521153 5899999999999999 554 321856 1099999999999999
