112 51  6-11  2 43103168222255263248214169126 99 9611615520124025524520925 1 1QD 95126321 525699999999999999 3 3-111538 9499999999999999
156 91 31 -7-14 11 61127191239262260237196148108 89 9512416921624825623725 1 2QD1025264214625799999999999999 342-151615 8899999999999999
195137 73 20 -9 -5 29 85151210249261251221176129 95 84 9813317922324824825 1 3QD11 2261223025199999999999999 423-111656 8499999999999999
224180122 63 19  1 14 55112174223251254236202157114 87 8310213918422124025 1 4QD1138255231724199999999999999 5 4  11739 8199999999999999
235209166114 64 29 22 42 84138191229246242219183140102 81 8210414018021125 1 5QD1217247999999999999999999999 546 211827 7999999999999999
225219196159115 75 51 50 73112158200227236227203167128 94 77 8010113316825 1 6QD 012226125923699999999999999 632 471921 7699999999999999
195209206189160126 96 79 81101134170201221225214190157120 89 72 73 9111925 1 7QD 119210134622599999999999999 723 772025 7099999999999999
150177194198189170145122108109123146173197212216206184152116 84 65 62 7525 1 8QD 246198144521699999999999999 8281062139 6199999999999999
100131162186198198187169148132128134149169190206211204184152114 78 53 4625 1 9QD 430199155621299999999999999 9551282256 4699999999999999
 56 80115152185205213208191168147135134144162185205214209188154111 69 3825 110QD 6 42131710214999999999999991136133999999999999999999999
 27 36 63105151192219231226207179150131126135156185210223218195155105 5525 111QD 713231181422499999999999999 0 3 27125312699999999999999
 20  8 20 54104159206236247239213177142120114127155191222235227198151 9325 112QD 8 424719 823699999999999999 1 0  8134711499999999999999
 38  2 -7 12 5511417522425225824320816512610410412416120423624623219614125 113QD 846259195524699999999999999 149 -7143110199999999999999
 77 21-12-13 15 67134197242263260235192144107 91 9912917421924825223018525 114QD 923264203725499999999999999 233-1715 9 9199999999999999
124 58  6-18 -9 30 91160219255265252217168121 90 8410314219123425524821825 115QD 955265211625599999999999999 313-191544 8399999999999999
167103 40 -2-13  9 57123188237259257233191141100 80 8511415920724125123625 116QD1024261215225299999999999999 349-131617 7999999999999999
198144 82 29  1  5 38 93157213246254240207162116 85 77 9412917521724023925 117QD1050255222724299999999999999 423 -11648 7799999999999999
215174121 67 28 16 33 75131187228246240216178134 97 78 8210714518721722925 118QD111424623 222999999999999999 454 161719 7799999999999999
219192151104 63 40 42 69114164208233236220190151113 87 79 9212015618920925 119QD1139237233821399999999999999 524 371752 7999999999999999
212198170134 97 70 61 74106147187216227220197165130100 84 8410112915918325 120QD12 4227999999999999999999999 554 611827 8299999999999999
195193179155128103 88 89107136170198214215201177148118 96 86 9010713015225 121QD 022196123321699999999999999 626 861911 8599999999999999
170178177167151133118111117133156179197204200186164139114 96 88 9210512225 122QD 120179131020499999999999999 7 411120 9 8899999999999999
140156165168165157147137134138149163177188193189178160138115 96 87 87 9525 123QD 25816814 419399999999999999 7591342131 8699999999999999
109126144159169174172165156150149152159169179186186179163141115 93 79 7325 124QD 512174153218799999999999999 95014923 0 7399999999999999
 79 93115140163180190190182170157148144149160174186192187170144112 83 6225 125QD 63119117 4192999999999999991156144999999999999999999999
 54 60 80110144176199210208194173152136131138155177196205199177143103 6525 126QD 71821118 720599999999999999 0 5 54125613199999999999999
 40 32 44 73115159197222230220197166137119116131158189214223211180136 8525 127QD 755230185622399999999999999 054 32133811599999999999999
 41 14 11 33 75129182223244244224189148115 9910513016920923624021917712125 128QD 829246193924199999999999999 136  91414 9999999999999999
 61 14 -9 -2 33 88153211248261249217170123 91 8310013818823225625122016725 129QD 9 1261202025899999999999999 215-101449 8299999999999999
101 36-10-23 -4 45112183239267268245199143 94 69 7210215220925326925521425 130QD 93227121 026999999999999999 254-241524 6699999999999999
152 79 14-23-25  8 69144214261277265228173113 68 53 6811016922826627224925 131QD10 3277214227499999999999999 332-2916 0 5399999999999999
200133 60  2-22-10 35103178239272274250203142 84 49 45 7212318523926726525 2 1QD1034276222427099999999999999 410-231637 4399999999999999
235183116 50  6 -5 19 71140207253270259225172112 62 38 46 8113519423825725 2 2QD11 5270231025799999999999999 448 -61715 3799999999999999
248216166106 54 24 27 58111172224254257236196143 90 51 38 53 9114219222625 2 3QD1136258999999999999999999999 526 211757 3899999999999999
238227198155108 71 56 67100146193228242235210170123 79 50 45 62 9814017925 2 4QD 0 023812 924399999999999999 6 5 551843 4499999999999999
205214206184153121 98 93106135169200220224212187153114 79 57 54 69 9612825 2 5QD 059214124522499999999999999 647 921940 5399999999999999
159181191190180162144130128138155175193203204194175149118 88 68 61 68 8525 2 6QD 224192133420599999999999999 7401272058 6199999999999999
109136159176185186180169159153154159168177186190187176156129100 75 60 5825 2 7QD 43918715 719099999999999999 9251532242 5799999999999999
 67 88116145172191201201192178164153148151161174187192188170142108 75 5025 2 8QD 62820317 51939999999999999912 8148999999999999999999999
 40 47 70104144181208221220206183157137129133149172195208205186151108 6425 2 9QD 726222182020999999999999999 0 5 40131112899999999999999
 33 21 31 61106157200228239231207172137114108119147182213228221195151 9725 210QD 8 5239191122899999999999999 1 2 21135110899999999999999
 45 13  6 24 66123180224247250231193148110 90 9311615720223424423019413925 211QD 836251195424499999999999999 146  51423 8999999999999999
 76 24 -3  0 31 86151209247259249216167117 83 73 8812517722525225222818125 212QD 9 3259203125599999999999999 224 -51454 7399999999999999
117 52  6 -9  8 53118186237261259235189134 87 63 66 9514520124426024921425 213QD 92626321 526099999999999999 257 -91522 6199999999999999
158 91 32 -1  0 32 89158219255263246208154 99 63 53 7211417022325425723525 214QD 948264213725999999999999999 329 -51549 5399999999999999
191130 67 21  6 23 69132197243261252221173117 71 49 56 8813819323625324325 215QD10 826122 825399999999999999 357  61616 4899999999999999
212163104 53 25 27 59112174226253253229187135 85 54 48 6911116220923724125 216QD1029256223824299999999999999 425 221642 4799999999999999
222185137 87 52 42 60101155206240248233199152103 65 49 58 8913317921322725 217QD1050249231022899999999999999 451 4217 9 4999999999999999
221197161119 83 65 71 98141187223238232206167123 83 58 55 7410814918420625 218QD1111239234521199999999999999 517 641738 5499999999999999
210199175144114 93 89104134171204223225208179142104 76 63 68 9012215417825 219QD1134226999999999999999999999 543 881811 6299999999999999
191190179161140121113117134160186205212205186159128100 80 74 8210112414725 220QD 02819212 121299999999999999 6111121855 7499999999999999
164172173168158147139136143156171185194195186170150127105 90 84 8910011525 221QD 135174123519599999999999999 64713620 2 8499999999999999
131146157164168167164160158159163168173178179176167154136116 99 88 84 8725 222QD 429168134717999999999999999 8 615822 3 8499999999999999
 97113131150167180186185179170162156153157164172177177168150127102 81 6825 223QD 62018616291789999999999999911551532341 6599999999999999
 66 76 97125155183202208204189170150136133141157177192197187164131 94 6225 224QD 7 32081751197999999999999991247133999999999999999999999
 42 41 57 90131174209227229214187154126111113132162194217222206172126 7625 225QD 735230184322399999999999999 035 39132111099999999999999
 35 15 20 48 95151204238251242213170126 94 85 9913217822124624421817211225 226QD 8 4251192624999999999999999 118 131354 8599999999999999
 51  7 -8  9 52115183237265266242197140 89 62 64 9314320325127126022316325 227QD 83226920 827199999999999999 157 -81426 5999999999999999
 91 25-14-17 13 72147219266282268228168101 53 36 52 9716323027528626521825 228QD 9 1282205028799999999999999 235-2015 0 3699999999999999
148 70  7-21-10 34105186251285285256201129 62 23 20 5111118525128728926025 3 1QD 930289213229299999999999999 313-221535 1699999999999999
204129 54  3-10 14 70146221271288272230164 90 31  5 17 6112920426128627925 3 2QD 959288221628799999999999999 351-111611  599999999999999
244186115 51 16 17 52113184244276275247195127 60 14  3 26 7814621225627125 3 3QD102927923 127199999999999999 428 121649  299999999999999
258223169109 62 44 57 97154211251264251215161 99 44 14 14 44 9515520723825 3 4QD1058264235024699999999999999 5 5 441729 1099999999999999
246232201158115 86 81101138183221242242221184135 85 45 27 34 6410715319025 3 5QD1127245999999999999999999999 541 801813 2799999999999999
212217207186157132117120138166194215222214193162125 88 60 49 56 7710813925 3 6QD 049217115922299999999999999 62111619 7 4999999999999999
166184191190181168155149151162175188196197191176156130104 82 70 70 80 9825 3 7QD 220192124019899999999999999 7121482031 6999999999999999
119141161176185188185179172168166166169173176178174164148126103 84 73 7125 3 8QD 45818814491789999999999999910181662238 7199999999999999
 80 99123150175194204204196182166153145146153166179186183169145114 85 6325 3 9QD 6322051714187999999999999991228144999999999999999999999
 55 63 84117154188212222219202175148128120125144170194207205187154113 7325 310QD 714223182120899999999999999 0 1 5513 512099999999999999
 46 38 51 83127174211232236222192153119 99 98115148186217229222195151 9925 311QD 74323719 722999999999999999 051 381334 9699999999999999
 53 28 28 52 96151202236248240212167120 87 75 8611816521124024622919013525 312QD 8 6248194424799999999999999 130 2514 1 7599999999999999
 76 33 17 30 67124185232255254230187132 85 60 62 8813519123625725222317325 313QD 827257201725899999999999999 2 3 171427 5899999999999999
110 53 20 19 46 98163221255262245206150 93 55 44 6210416221925526424720725 314QD 846263204926499999999999999 233 161452 4499999999999999
148 85 37 20 34 77138202248265255222170109 59 35 42 7613019224126425923125 315QD 9 6265211926599999999999999 3 2 201517 3499999999999999
182120 65 34 34 64117181235262261234187128 71 36 30 5310116121825326124525 316QD 926265214826299999999999999 329 301541 2899999999999999
207154 98 57 44 61103160216253261242202147 89 45 27 38 7613018823225224825 317QD 946261221825399999999999999 356 4416 6 2799999999999999
223180130 86 63 67 96143196238255245214166110 62 33 32 5810315720523424125 318QD10 7255224824199999999999999 422 611632 2999999999999999
227198157116 87 81 97133178219242242220181133 84 49 37 49 8212817420822425 319QD1029245232122599999999999999 447 8017 0 3799999999999999
222204175142114101107129164199225232220192153110 73 52 51 7110414317719925 320QD1052232999999999999999999999 5131011732 4999999999999999
206200184162140125123134156182205216213196168135102 76 65 70 8911714516825 321QD 0 0206111821799999999999999 5411221812 6499999999999999
183187183174161150144146156171186196199193177156131107 89 81 84 9711513425 322QD 059187114919999999999999999 6171431912 8199999999999999
151165173176176173167164163166170175179181178170158141122105 93 89 9210125 323QD 327176125418199999999999999 73916321 5 8999999999999999
116134152169183191191186178168160155155160168175178173160140117 96 80 7425 324QD 538192155917899999999999999112715423 3 7499999999999999
 80 96122151180202213212200180157138129132146166186199198183156122 87 6025 325QD 6232141728201999999999999991215129999999999999999999999
 50 58 83121165204229236226201166130106100112140176210229226203165116 6825 326QD 654236182223099999999999999 0 3 501249 9999999999999999
 36 27 44 82135191235256253229187136 92 69 7310014619924125925021716510325 327QD 72225819 825999999999999999 049 271321 6899999999999999
 46 15 14 43 96163225265275258218158 95 50 36 54 9916322827228426522215725 328QD 751276195228499999999999999 130 101355 3699999999999999
 85 28  4 15 57124198258286282249191118 51 13 13 4710918625429329727021725 329QD 821288203629999999999999999 210  31431  999999999999999
144 71 21  8 32 86160233281293273226155 76 14-11  3 5212720927230229726425 330QD 851293212230499999999999999 250  815 8-1199999999999999
205131 65 28 28 62123196258288285252193116 41 -8-18  9 6814722427629628525 331QD 92329122 829699999999999999 330 231546-2099999999999999
249189122 70 48 60100161224267280263221157 84 21-12-10 27 8916322726627725 4 1QD 954280225627799999999999999 4 9 481625-1699999999999999
264228175122 87 78 97138190236261260234189129 66 19  0 12 5110816921724525 4 2QD1026264234825199999999999999 448 7817 7  099999999999999
251238208168132112112133167205233242232205163113 66 34 25 40 7411916419825 4 3QD1059242999999999999999999999 5281091753 2599999999999999
218223214194170148138142159181203216217205182150114 81 59 53 65 8911915025 4 4QD 050223113521899999999999999 6131381849 5399999999999999
176193201200192179167161162168178187193193186172152128104 86 77 80 9211125 4 5QD 224201123019499999999999999 7221602015 7799999999999999
133156175190198198193183173165161161164170176179176166149128107 91 83 8625 4 6QD 43519915 51799999999999999910351612215 8399999999999999
 98119145171193207210204190171153141137142155171185191186170145116 91 7625 4 7QD 55221017 41919999999999999911551372332 7499999999999999
 75 89114148181207221222208184154128114114127151180202211205184151113 8125 4 8QD 63122318 5211999999999999991232112999999999999999999999
 64 67 87122164202227235226201164125 98 89 98124162199224230218188145 9925 4 9QD 658235184923099999999999999 022 6313 0 8999999999999999
 67 55 66 97142191227244241219180132 92 70 71 9413418322324424322118012925 410QD 720245192624699999999999999 1 0 551327 6899999999999999
 82 55 54 77119173221249253235198147 95 60 50 6610415721024625824621416325 411QD 740254195925899999999999999 133 511352 5099999999999999
108 67 52 63 99152207246260249216166107 60 37 43 7412618623626226224019725 412QD 8 1260203126599999999999999 2 4 521418 3699999999999999
141 90 60 59 84131188237262259232185126 69 33 27 49 9615721525526825722425 413QD 82326421 126899999999999999 233 561443 2699999999999999
174120 79 64 76113167221256263244204147 87 40 20 31 6812518723726326424325 414QD 846264213226799999999999999 3 2 6415 8 2099999999999999
202151104 78 77102148201243261252220170110 56 24 21 47 9515621124826125125 415QD 9 926122 326199999999999999 330 741535 1999999999999999
222179132 98 87100133180225252253231190135 79 38 22 35 7112418022424724825 416QD 933256223425099999999999999 358 8716 3 2299999999999999
232200159123104105126163204236247235204159108 62 35 34 56 9814819422423625 417QD 959247231023699999999999999 4271011634 3199999999999999
230211181149125117127152185215233232212179136 92 59 45 52 7911916019421425 418QD1026235235222099999999999999 45711717 9 4499999999999999
220212194171149136136148170195213220212191160124 90 67 61 72 9612916018525 419QD1058220999999999999999999999 5321341753 6199999999999999
200204199187172159151152162176191201203195177152125100 82 77 8510312715125 420QD 054204114120399999999999999 6221501854 7799999999999999
172187195196191182172163160162169177184188185175159138116 98 88 88 9811625 421QD 24019613 718899999999999999 8 51602028 8699999999999999
138161182197205205196182167154148149157169181188188177158133108 89 81 8525 422QD 42520615271899999999999999910231472211 8099999999999999
102128158188212223221207183156133121122136159184204211202179147112 82 6725 423QD 52022416562119999999999999911231202319 6699999999999999
 70 91125167207234243234208171131 99 87 95121160200230239228198156109 7025 424QD 55824317562409999999999999912 5 87999999999999999999999
 53 60 89134187233258259238198145 93 59 53 7311517022425926724921115810125 425QD 632262184726799999999999999 012 521243 5299999999999999
 58 44 58 97153214259277266231175108 51 22 26 6111918925028428726421715425 426QD 7 5277193628999999999999999 059 441322 2099999999999999
 92 53 45 68116180242280285261212143 69 14 -6 11 5913221027130029826821525 427QD 740287202530299999999999999 144 4414 1 -699999999999999
147 88 55 56 87143209264289282246185108 34-12-20  9 6914922728230429726325 428QD 815290211430599999999999999 228 521442-2299999999999999
206141 90 67 77114171232275286267223155 78 12-22-18 20 8616623628129628525 429QD 85128622 429699999999999999 312 671524-2599999999999999
250195138 99 86102142196245273272246196129 59  6-16 -3 4010617723527027925 430QD 928276225527999999999999999 355 8616 8-1699999999999999
266232185140113109129166211246261252221173113 55 15  4 21 6412218022525125 5 1QD10 7261234925799999999999999 4391081653  399999999999999
257244216180148130132151181213235241228199157108 64 36 30 49 8613217621025 5 2QD1048241999999999999999999999 5251291742 2999999999999999
230235225205179158146149163184204218219207184151114 82 61 58 7310013416825 5 3QD 049235113722099999999999999 6191461839 5799999999999999
195212218214201183167157156163175188197200193178156129103 86 81 8910713325 5 4QD 2 5218124820099999999999999 7361551952 8199999999999999
160184201211211203188172159152152158168180188189183168147123104 95 9610925 5 5QD 333212144419099999999999999 9311512122 9499999999999999
130155181201213215207190169149136132138152170186195195183163137114 99 9725 5 6QD 44121616271979999999999999910521322238 9699999999999999
108130158187210222221207184155129114111122143170195209210197173143114 9725 5 7QD 52522317332119999999999999911401112334 9499999999999999
 96110137170203225232224201168132103 90 9411414618221122622420617613910825 5 8QD 5572321822227999999999999991216 89999999999999999999999
 93 97117151190222239237219185142102 76 70 8411615920223124123320817013025 5 9QD 62424119 324199999999999999 018 921246 6999999999999999
100 91102131172213241248235204160110 71 53 59 8613118222524925223620215825 510QD 650249193925399999999999999 057 911315 5299999999999999
118 95 94114152197236254249223180127 77 45 39 5910015420824626225623118925 511QD 716255201426299999999999999 132 911343 3899999999999999
143108 94103133177222252258240202149 93 48 29 37 7012318223126026725221825 512QD 744259204726799999999999999 2 6 941412 2899999999999999
172129102 99118157203242260253223175116 63 29 24 46 9115020724826726324025 513QD 812261212026899999999999999 239 971441 2299999999999999
200155119104111139182226254258239199145 87 42 22 30 6411717622625626425325 514QD 841260215426599999999999999 3111031512 2199999999999999
223181142116111128162204240256248219173117 66 32 25 45 8714219623525525525 515QD 911256222925799999999999999 3431111545 2499999999999999
237205167135120125147183219244248232197149 97 55 33 37 6511016120623624725 516QD 94324923 824799999999999999 4171191621 3299999999999999
241221190159136130140165197225239235213177131 87 55 43 54 8512817220923125 517QD1018240235323799999999999999 45312917 1 4399999999999999
236228208182158142140153175201221228220197163124 87 63 57 7110013817620525 518QD1059228999999999999999999999 5371391748 5699999999999999
223227219203181161149148158176195211216208188159126 96 76 71 8310914117425 519QD 049227115421699999999999999 6351461846 7199999999999999
201218223218204184165150146152166183198206203189166138110 89 82 9011114025 520QD 159223131520699999999999999 7551461958 8299999999999999
171199218226223209187163143133135147166187202208200182155126101 89 9211025 521QD 312227145620899999999999999 9201322118 8899999999999999
138171203226236232213185152124109109125151182208222220203174140109 91 9025 522QD 41123716222239999999999999910271072231 8899999999999999
108138176213240249239213175132 95 77 81104141185222243243225192152114 9125 523QD 4592491730245999999999999991119 762333 8799999999999999
 89109143187229256261243207157103 61 45 55 8813919524126526524420615811525 524QD 54126218292689999999999999912 6 44999999999999999999999
 91 91114153203247270267240194132 71 29 17 36 8014320925928428225721416125 525QD 623272192528699999999999999 029 881252 1799999999999999
115 92 96123168221263279268232175106 42  3 -2 26 8115322427429529126321525 526QD 7 5280201929799999999999999 121 911338 -499999999999999
159116 97105136185237273282262219155 82 20-12 -9 27 9016623528129929126025 527QD 747283211229999999999999999 212 971424-1599999999999999
210156118104117152201249277278252203135 64  9-15 -4 3910517924228129428325 528QD 83128122 329499999999999999 3 11041511-1599999999999999
250201153122114130167214254274267237185120 55  9 -6 11 5712118924327428325 529QD 915275225228399999999999999 3491131558 -699999999999999
269235191151127125144180221252264253220170111 55 20 12 34 7913819523926325 530QD10 0264234126799999999999999 4351231645 1199999999999999
266251220182150133135155187221244249235204159108 64 38 37 6010215219823225 531QD1047250999999999999999999999 5221311732 3499999999999999
249249234207176150139143161188213230232218191154113 78 60 63 8612116219925 6 1QD 030251113823399999999999999 6131381822 5999999999999999
225237235221197171151142146160181201214216205184155123 96 84 8810713717025 6 2QD 120238123821699999999999999 7111421915 8399999999999999
19921922822521219116814914014115216918720020419918416113611510410712314825 6 3QD 215228135820499999999999999 820139201610499999999999999
17520021722422120718616214213113114015617519120020019017215013011912113425 6 4QD 310224153020199999999999999 933130212411899999999999999
15518020321922522020317915313011611512614516919020520820118416114112812825 6 5QD 4 12251649208999999999999991035114223012799999999999999
140161186210226229219198168137111 9810011514117119921622121219316814513125 6 6QD 4452291750221999999999999991123 97232912999999999999999
131145168196220234233216188151115 89 79 8711114518221423123422219816914325 6 7QD 52423518402359999999999999912 3 79999999999999999999999
130133150177208233242234209172129 91 68 65 8111515820023224724422619616325 6 8QD 6 1242192224899999999999999 0201291239 6399999999999999
138128135158191224245247230197151104 67 50 56 8412717722124925824922418825 6 9QD 63724920 025899999999999999 1 41281314 5099999999999999
154131127141170207239254248221179127 78 47 39 56 9414619924026226424821525 610QD 713254203726699999999999999 1451261348 3999999999999999
176143126129150186225252259243207157102 57 33 36 6411216822025526926423925 611QD 748259211227099999999999999 2221251423 3199999999999999
202162134124135164204240260258233189134 79 40 27 41 7913319023726427025725 612QD 823262214827199999999999999 2591241459 2799999999999999
226186150128127146180220251263251218169112 62 32 29 52 9815520924826726625 613QD 859263222526999999999999999 3351251537 2799999999999999
245211172141127133158195232256259239201149 95 52 31 38 6911917422325426525 614QD 93726123 326599999999999999 4121271616 3099999999999999
257232197161136129141170206238255250225185134 85 50 38 52 8913919023225525 615QD1017256234326099999999999999 4511291657 3899999999999999
259246220186153134132148177211237248239212172126 84 56 51 7110815620223625 616QD11 3248999999999999999999999 5351301741 5099999999999999
253252237209176147131132150178208230238228204168127 91 69 69 9012616920925 617QD 027255115723899999999999999 6261291830 6699999999999999
238250246229201169141126127144170199220229223202171136105 87 8810814017825 618QD 11625113 522999999999999999 7251241927 8599999999999999
21323824824322419516113211511513115718621122422420918315212310610512215025 619QD 2 9248142622699999999999999 830113203110399999999999999
184216239248241220189152119 99 9711214017320422523122220117214312311913225 620QD 3 5248155223199999999999999 936 95214411999999999999999
156187218242251243219182140102 78 75 9112316320323224524022119216013612825 621QD 4 12511712245999999999999991039 73225812899999999999999
137159190223248256245217175126 81 54 51 7110915820724326025824020817214425 622QD 4562561823262999999999999991137 50999999999999999999999
132138160193229255263249215167110 61 32 31 5610115921625727627425421817725 623QD 550263192527899999999999999 0 81321233 2899999999999999
145131137161198237265270251212157 94 42 14 17 4710016622726928828526122025 624QD 643271202129099999999999999 1111311325 1299999999999999
175142128137165206247273275252207146 80 27  3 10 4710717723927929528825925 625QD 733277211129599999999999999 2 71281416  299999999999999
214168135125138171216257280276248199133 67 18  0 14 5712219225028529528225 626QD 822281215629599999999999999 25612515 4  099999999999999
248201156128123142180226264281272239187121 59 17  6 28 7614220825828528825 627QD 9 9281223829099999999999999 3421221549  699999999999999
269232185145123125150190234266276262226172110 56 24 23 5110216522326227925 628QD 953276231628099999999999999 4241211632 2099999999999999
275251212168135122131159199238262264246209158104 60 40 48 8113218823426225 629QD1037266235126999999999999999 5 51221713 3999999999999999
269257230192154130124138167203235251248228193148103 72 63 7811416020624025 630QD1121252999999999999999999999 5461241752 6399999999999999
256255238209175144127128144172202225235230211180144111 91 9111014318221725 7 1QD 02425712 923699999999999999 6281251831 8899999999999999
24024724022119316213812713014717019521322021520017614812511411813816619725 7 2QD 05824713 622099999999999999 715126191311399999999999999
22223623822720718115413412512914316318420020820719617915914313614215818025 7 3QD 136239142120999999999999999 81012520 313699999999999999
20422223123021819817314812812012313515417419220420720218917416015415716925 7 4QD 223232155320799999999999999 915119211015399999999999999
18620522022822621419316714112011011212414416819120721521320318717316416325 7 5QD 3192291718215999999999999991021109223416299999999999999
171186204220229227214190160131108 96 9911413916919721822922721519617816525 7 6QD 4212301821229999999999999991120 96234916199999999999999
162169185205224234231215186151117 91 80 8610814017721123424423922219917525 7 7QD 51823519102449999999999999912 9 80999999999999999999999
160156166186211233243237214179137 99 73 65 7710714919222925125724622319325 7 8QD 6 8243195025799999999999999 0461561253 6599999999999999
166150150165192223246253241210167119 78 54 53 7411416421224826626624721625 7 9QD 653253202726899999999999999 1321481333 5199999999999999
181153140146170204238260261240201150 97 57 39 47 7912818423426627726824125 710QD 73426321 227799999999999999 2111401412 3899999999999999
202164139133147179220255272265235187130 75 39 29 48 9114920825528028226325 711QD 813272213628499999999999999 2471321450 2999999999999999
228184147127129153193237269279262224170109 56 27 29 5811117423227228728025 712QD 85127922 928799999999999999 3231251527 2499999999999999
252210164131119131163209252278279254210151 90 44 25 38 7813620025328228725 713QD 931282224328899999999999999 35911916 5 2599999999999999
271236189145118115135175222262280272242194135 79 42 35 5710416522426728525 714QD1012280231628699999999999999 4371131644 3499999999999999
280256215168128109114141184229263274261228180125 78 52 55 8413419124127225 715QD1057274235228199999999999999 5171081724 4999999999999999
281268237195150116104115146188229256262248216173126 88 72 8211516221125025 716QD1147263999999999999999999999 6 110418 7 7299999999999999
27027025221917713610810111514618522124424923721017413610910011314318322225 717QD 029273124724999999999999999 650100185410099999999999999
251263258237204165127103 9711113917420722923723121118415613512914016519525 718QD 11226314 223799999999999999 746 97194912999999999999999
224245253247226196158123 98 9110212615819021623023122120217916115415917525 719QD 2 3253153523399999999999999 853 9121 315499999999999999
197220238246241223194157121 93 81 8710814017620823024023722320218216916725 720QD 3 824617142409999999999999910 9 81224116799999999999999
176192213233244243227198159118 84 67 69 8912416620723825425524221919317325 721QD 4252461834257999999999999991124 65999999999999999999999
164168183207233250252237205161112 72 49 50 7311416521525227127225622719325 722QD 538253193327499999999999999 0121641228 4799999999999999
166153156176207239262265247210159102 56 32 35 6411417322926928628326122325 723QD 639266202128899999999999999 1161521323 3099999999999999
182150138146173213252276277254210151 88 40 19 29 6612419124828429628625425 724QD 73128021 129699999999999999 2 61381411 1899999999999999
208163133126142178225268289283253203137 72 28 15 33 8014621526729529827825 725QD 817290213729999999999999999 2481251454 1499999999999999
237186141117119145190241280294281244188120 59 24 22 5110717623928229728925 726QD 9 029422 829899999999999999 3261151534 1999999999999999
259212160122108121155205255286290269227168104 53 31 42 8214220726028829025 727QD 939291223629299999999999999 4 11081610 3199999999999999
271233183137110107130171220262282277250205148 94 58 51 7312017923527228425 728QD101728323 228499999999999999 4351051643 5099999999999999
274246204157120105114143186230260269257228184135 94 74 8111115921125227325 729QD1054269232627599999999999999 5 81051715 7399999999999999
272252218176137112108125158197231250251236207169131105 9911514919223225825 730QD1133253235126599999999999999 5411071745 9899999999999999
26425322819315612611111613716719922423523221719216413812512914918021424025 731QD1217236999999999999999999999 616111181712499999999999999
25325023320717514412311612414416919421121921720618816915414915717519922225 8 1QD 019254131521999999999999999 657116185414999999999999999
23724223521719316614112512012814416318319820720820419418317317117718920425 8 2QD 053242144620999999999999999 751120194617199999999999999
21922823022320918916514312712112413515217018820121021220819919118618719125 8 3QD 144230165021299999999999999 9 7121212918699999999999999
20021021922322021019216814512611511412213916118420522022722421420219118425 8 4QD 3 92231811227999999999999991039113233818399999999999999
183190201214224226218198171142117101 9710712915819021823724423822320418525 8 5QD 44522619 0244999999999999991148 97999999999999999999999
173171180198218234238228204169133101 81 79 9512616520623825725924622319425 8 6QD 551239193826099999999999999 0391701237 7799999999999999
170156159176203231251254237204161115 78 59 63 8913218222926227526924621225 8 7QD 639255201027699999999999999 1201561319 5899999999999999
175149140151179217251271267241198144 91 53 41 56 9414920825728428827123625 8 8QD 721272204028999999999999999 1551401357 4199999999999999
191150127128150190237274288275239185122 66 33 31 5911017623928229929226225 8 9QD 8 0288211030099999999999999 2291241434 2899999999999999
215163124109121157208260294298275229166 99 45 22 33 7413820926830130628525 810QD 839300213930799999999999999 3 21091510 2299999999999999
243187133100 97122169228279305299268214146 80 36 26 5010217224129030930025 811QD 91930622 931099999999999999 337 951547 2599999999999999
268215155106 84 93129185245290305292254197130 72 41 44 7913820726730130525 812QD10 0305223930699999999999999 412 831624 3899999999999999
284242185127 87 76 96140198254289296277238182123 78 61 7511717523528029825 813QD1045297231029899999999999999 450 7617 2 6199999999999999
290260213157107 78 77104151205252277279259222174128 97 9211315520525127925 814QD1134281234328599999999999999 531 741741 9199999999999999
284268234188138 98 78 8411315620223825825824221317714412612815018522325325 815QD1231260999999999999999999999 616 78182312499999999999999
267264245213173132100 86 9311815218921823523923121319016915816217820222525 816QD 019268134723999999999999999 7 9 86191415899999999999999
243250245229203170136109 95 9811413916919621622722922220919518618519120225 817QD 1 7250154222999999999999999 820 94203818499999999999999
215227234233224205178147119100 9410212014717720522623723923121720319318825 818QD 226235173924099999999999999 957 94231118899999999999999
190199212225233231218193160126 97 82 8310013016720523625425824922920518425 819QD 4232341847258999999999999991127 80999999999999999999999
172171183203226244248236207168123 85 64 64 8512317121825427327325722719225 820QD 545249193227599999999999999 0321701230 6199999999999999
163149153173205239263267251216166111 67 46 51 8012918824127528828125321125 821QD 64226820 728999999999999999 1181491318 4599999999999999
168137128141173217259283282258214154 93 49 34 49 9015021526629329627623625 822QD 728286203729799999999999999 1551281359 3499999999999999
184138113114139184237280297288255201134 73 37 33 6111418324628830229125925 823QD 8 829821 330299999999999999 2281111436 3199999999999999
207151111 97110148203259295302283241179112 59 36 47 8815121927430029927425 824QD 845303212730299999999999999 3 0 9715 9 3699999999999999
229172120 92 92119167226275299295267218155 94 56 50 7512619225229029928325 825QD 920301214929999999999999999 330 881541 4899999999999999
246193138 97 84 98137191246283293279244192134 87 67 7711417022927429328525 826QD 953293221029399999999999999 358 841610 6699999999999999
256211158111 85 87114159212256279278256218169123 93 9011215620925528128225 827QD1026281223228599999999999999 426 831637 8899999999999999
261224177129 96 8610013518122525626625723219615612411112115119323626527425 828QD11 0266225427499999999999999 454 8617 411199999999999999
262233193150113 94 9611815419422724524723521218215413713715418421824726125 829QD1137248231826299999999999999 524 92173213599999999999999
25723820717013511010211113516619621822922821720018016415816418120522824325 830QD1224230234524799999999999999 55810218 215899999999999999
24623721718916013411711412414416618820321121220819918918218018619821222325 831QD1340213999999999999999999999 643113184218099999999999999
23022922020418416214212812513014115617218719820621020920520019819820120525 9 1QD 022230162521099999999999999 752125202219899999999999999
21021421521220319017215213712712412813915617519421122222622321520619619025 9 2QD 145215175922699999999999999 955124234018999999999999999
18919420221121621420418416013711810810912214517320322824224523622020018225 9 3QD 4212161842245999999999999991126107999999999999999999999
171171182200219232233219193160126 99 85 8911014418422425226425924021218125 9 4QD 535234191226499999999999999 0281701217 8499999999999999
157148156179209238256253232195150105 72 61 7410815620925327828126523219025 9 5QD 624257193928299999999999999 1 01481257 6199999999999999
151128128149186230266280270237188131 78 47 45 7112018124128329928925820925 9 6QD 7 528020 529999999999999999 1311251334 4399999999999999
156116101114150203257293300279235174107 54 31 42 8214521627630730928423725 9 7QD 744301203231299999999999999 2 11011410 3099999999999999
175118 83 81109162227284314311280225154 85 39 28 5310718025330331930626625 9 8QD 82431721 131999999999999999 234 781446 2799999999999999
205136 81 59 71114180251304324311271210136 72 38 42 8014321928331731728925 9 9QD 9 5324213032199999999999999 3 8 581523 3599999999999999
237167 99 55 46 73127199268311321301257193124 73 54 7111718325129931530025 910QD 94832122 031599999999999999 344 4516 1 5499999999999999
261202132 73 42 47 84145214273304306283239180124 88 8410915721726929829925 911QD1033308223030299999999999999 422 401639 8299999999999999
274229170108 62 45 5910115921926428528326122217613611612114919223727128425 912QD112328723 228499999999999999 5 2 45171711599999999999999
274245201149 99 67 59 7811616521124425925724121418215814915818121224125925 913QD1223260233726299999999999999 547 5918 014999999999999999
261247221184143107 83 80 9512415919321823223622921519818417918519921523025 914QD1349236999999999999999999999 641 79185517999999999999999
238237227208182153125105 9810412114417019321222422922621720720019719820325 915QD 02423816 722999999999999999 8 0 98211019799999999999999
20921521921821019517214612310710210812414917720422623924223522220619118225 916QD 219219174724399999999999999 958102234118099999999999999
180187199213224225215193163131104 90 9110713717321024025625824522219417025 917QD 4392261837259999999999999991126 88999999999999999999999
156157170194221241246235208169126 91 73 76 9913818623026027326724320716825 918QD 550247191027399999999999999 0291551221 7199999999999999
140130138164202240263267249213163111 73 59 7010415521125628028326422717825 919QD 639268193628499999999999999 1 313013 3 5999999999999999
135111110131172221263284279253206146 91 58 54 7712418524328029228124819725 920QD 719285195929299999999999999 1331071338 5299999999999999
142102 88101137191246284296281244187124 74 52 62 9915722227229629226521825 921QD 755296202129799999999999999 2 1 881411 5299999999999999
159106 77 78105156217270298297272225163103 66 60 8413319725629229727823725 922QD 828301204229999999999999999 228 741441 5899999999999999
179119 77 64 81123183244286300288253200140 91 70 8011717423528029728525125 923QD 9 030021 329799999999999999 255 641510 7099999999999999
199139 87 61 65 97150211263291291270229175123 91 8711115621326328928726125 924QD 931294212529299999999999999 321 591538 8599999999999999
216160105 68 59 7912217823327128427424620315511810311314619424327628326625 925QD10 2284214728499999999999999 347 5916 510399999999999999
229180126 83 63 7010114920224426726925222218314612512414418122325727226525 926QD103427022 927399999999999999 414 63163212299999999999999
238197149105 77 72 9012617121324225324823020217214914115017420723725625725 927QD11 9254223325999999999999999 443 71165914199999999999999
241211172132100 85 8911214618221223023422821219217416216317519621923724325 928QD1152234225924399999999999999 516 84172916199999999999999
23621719015812810710010812815418020021221621320519418518018319220521622425 929QD13 0216233222599999999999999 55810018 918099999999999999
22421620118015813712111612113415016818419620420820920620119719519619920225 930QD1538209999999999999999999999 7 011620 219599999999999999
2062062041971851691511361261231261361511691872042172242232152051951861812510 1QD 048207172122499999999999999 858123231718199999999999999
1821891972042062011861661441241121091171361621912182362432372222011781622510 2QD 35120618 2243999999999999991046108235715799999999999999
157163179199218227223204175142111 91 871011301692092422602602442151801492510 3QD 5112271830263999999999999991142 86999999999999999999999
131132150180215243254244217176130 90 68 70 951371892382712822692381931452510 4QD 6 1254185628299999999999999 0271291225 6699999999999999
111 99112146194242274280262223169111 67 50 631001572202712972932662181572510 5QD 644281192329999999999999999 057 9913 4 5099999999999999
103 72 73102153217272302300271220155 92 51 44 691201882553003112922481842510 6QD 726305195131199999999999999 129 681342 4299999999999999
114 61 41 56102170243299320309272211139 78 46 51 881502242853163112772192510 7QD 8 8321202131899999999999999 2 3 411421 4499999999999999
144 72 28 22 52113191266314327308264198127 75 56 731191862553033172972512510 8QD 852327205331799999999999999 239 1915 0 5699999999999999
183105 41 10 18 61130211278316320297249185123 84 781041542182753053032732510 9QD 938322212530899999999999999 317  81540 7799999999999999
220149 77 26  9 28 78149222277303302278233177130105109139187240279293279251010QD1027306215929399999999999999 357  9162110399999999999999
244190125 65 28 23 48 98161221262281278256219177145132142170209246268270251011QD1121282223427299999999999999 440 2117 413299999999999999
252216168115 71 46 47 72114164209239254252238213185166160169190215237247251012QD1225255231524899999999999999 528 43175216099999999999999
244227198161122 89 71 73 91122157190214229233228215199186181184194206217251013QD1356233999999999999999999999 626 7019 518199999999999999
223221211193168140114 97 93101119144170194213225229224213200189183182186251014QD 016223155622999999999999999 749 93214318299999999999999
193201207207200185162137116103101110130156184210229238235222203183167159251015QD 235208171523899999999999999 941100231815999999999999999
161172188205216217205183153123102 93100122153189221242250242221191162140251016QD 43421817592509999999999999911 2 93999999999999999999999
132139160188216234236223195157119 92 84 95123163206240258258240207167131251017QD 540237183026099999999999999 0 11321155 8499999999999999
110109127160200235254253233196149107 82 79 99137186231261269257226181133251018QD 626256185426999999999999999 0341071235 7899999999999999
 98 85 95127173222257270261232186134 93 75 83114163216257276271244200145251019QD 7 5270191627799999999999999 1 3 851310 7599999999999999
 96 70 70 94140196246275279261222168116 83 77 98140195246276280260219163251020QD 740280193828299999999999999 130 661342 7699999999999999
106 65 52 67107164224268286279250203148102 82 90122173228269284271237184251021QD 81328620 028499999999999999 156 521413 8199999999999999
123 71 44 48 79131194249281287270232181130 97 91111153207255280278251204251022QD 844287202428399999999999999 223 421443 9099999999999999
145 87 48 37 57101161221265284278253210160119101108138185235270278261222251023QD 916284204827999999999999999 250 37151310099999999999999
168109 61 38 44 77129189240270277262231187145118113131168214253271264236251024QD 947277211427299999999999999 317 37154211299999999999999
190135 83 49 42 61103157210248265262242209170140126132157194232257260243251025QD1020266214026299999999999999 346 41161112699999999999999
208161111 71 52 57 85128177218244251242221192163144141154180211237249242251026QD105625122 724999999999999999 417 51164214099999999999999
218182139 99 72 64 77107147186216232234224206184165156158172194216231232251027QD1140234223923399999999999999 452 64171715599999999999999
221197165130100 83 81 96123154184205217219212200186174169172182196209216251028QD1241219232121699999999999999 535 8018 916999999999999999
214203184159133111 98 97108128151174193205211210205195185178176179185193251029QD1424212999999999999999999999 634 96195317699999999999999
198200194183166145125111105110123142164185203215219216206192177167163165251030QD 04320016 521999999999999999 8 310522 716399999999999999
174185194198195182162139118105102111131157186211229235228211187162143136251031QD 3 4198165823599999999999999 94410223 413699999999999999
141157179201215216203179148117 95 89 991241601982312502512352061681321092511 1QD 4342171734253999999999999991053 89234310499999999999999
105119148185220241242224192150110 82 76 92127173220256270261232188136 932511 2QD 53324418 6270999999999999991145 75999999999999999999999
 71 76103149202246269266241199146 98 70 70 94139195247279283261217157 952511 3QD 623271183828599999999999999 019 701231 6699999999999999
 51 36 54 97159225273293284252200139 88 65 721061602222732952862501921202511 4QD 710293191129699999999999999 056 361315 6499999999999999
 54 14 11 43101176248295309294254195131 84 68 841251862482913002782301612511 5QD 757309194730199999999999999 134  81359 6899999999999999
 83 20-10  0 43113195265305313293249187126 88 801031502122672972932612052511 6QD 846314202329999999999999999 215-111443 7999999999999999
130 54 -1-18  2 54130209271304306283237179127 98 991271752312752912782392511 7QD 93630821 229199999999999999 257-181528 9599999999999999
179105 38 -5-12 16 721452162672912912672241741331151211511952402702762562511 8QD1028294214227799999999999999 342-14161411499999999999999
215157 92 37  6  7 37 911552132542722692482121731431331421692042372562542511 9QD1123273222625899999999999999 429  217 213399999999999999
233195145 92 49 27 32 61107158204235250248232205176155148157177202224235251110QD1223251231623699999999999999 519 26175714899999999999999
232214183144103 70 54 58 81117156192218231232222203182165158161173189204251111QD1336233999999999999999999999 616 5319 915899999999999999
213212201180152120 94 79 80 95121151181205219224219205186169157154159170251112QD 02521415 022499999999999999 726 78205315499999999999999
183195200198186166140115 99 95103122148176200217225221207186163146137139251113QD 213201161122599999999999999 851 94222213699999999999999
149166184198204198181157131110101105122148178205224230224204177147125114251114QD 4 120417 0230999999999999991010101231611499999999999999
117133157184206216212195168137113102107126155189218235236222194158123 98251115QD 51421617352379999999999999911111012356 9199999999999999
 91100125160195220231225203170135109101110134170207234245237213174130 93251116QD 6 723118 4245999999999999991159101999999999999999999999
 72 73 93129173213238244232204165128104101117149190227248249230194146 98251117QD 650244183125199999999999999 029 70123910099999999999999
 64 52 64 97144194234253252233197153118101106130170213245257245214167113251118QD 727255185825799999999999999 059 52131610099999999999999
 66 41 42 67112168218252263254225183139110102116149193234257256232190134251119QD 8 2263192726099999999999999 128 38135110199999999999999
 80 41 28 43 81136194240264266247211166127106108131172217250261247212160251120QD 835268195626199999999999999 157 28142510499999999999999
102 52 25 26 54103163217254268260233192149118108120152195235257256230186251121QD 9 8268202526099999999999999 227 22145810899999999999999
129 73 34 20 35 74129187234259263248215174137116116137173214245256242208251122QD 941264205625699999999999999 258 20153011399999999999999
158102 54 27 26 52 98154206241256252230196159131120129156192227247246224251123QD1016257212724999999999999999 331 2316 312099999999999999
184134 83 45 30 40 73121173215240247237212181151132130144172204230240230251124QD105224722 124099999999999999 4 6 30163812899999999999999
203162115 73 46 41 58 94140184217234235222199172149137140156181207224226251125QD1133236223922799999999999999 443 40171913699999999999999
212184147107 73 55 56 77111151188214226224211192169151143147161181201212251126QD1222226232721499999999999999 526 53181114299999999999999
212198173141108 81 67 71 91122156187209219218208190170153144145156172188251127QD1323220999999999999999999999 617 67192114399999999999999
199200190171145117 93 81 83100126157185207218219210192170149136133140155251128QD 037201143322099999999999999 721 80204613299999999999999
173188196193180158132108 92 91103127156186210224226214193164136116110117251129QD 214196153722799999999999999 837 90215811099999999999999
136160185202206197176149120100 93103126157191219235235218188151113 87 80251130QD 349207162823799999999999999 954 932253 8099999999999999
 91118153190217227219197165130102 92101126162201233248243218178129 83 532512 1QD 5 322717132499999999999999911 1 922341 4799999999999999
 48 67105154202237250241215177134102 91102130172216249260247212161101 492512 2QD 6 525017562609999999999999912 0 91999999999999999999999
 20 21 49 99161219257270260229183135101 91104138185233263268246201139 712512 3QD 7 1270183926999999999999999 028 171255 9199999999999999
 17 -8  1 40101173236274285271235184133100 931101492002482732702401861162512 4QD 755285192327599999999999999 114 -91347 9299999999999999
 45 -7-25 -8 40110186248284291274233179130100 981201632152582772662291702512 5QD 84729220 827799999999999999 2 1-251436 9699999999999999
 96 26-20-31 -7 481221982552852892682251721261031051311762262632742572152512 6QD 938291205327499999999999999 248-32152510099999999999999
153 81 17-21-25  6 631362062552802792552121631241071141431872312602642432512 7QD1028282213926599999999999999 336-28161210699999999999999
199139 72 17-11 -8 26 831502102502672622371971551231131241531932292502482512 8QD1116268222625299999999999999 423-14165911399999999999999
225184129 72 27  8 17 521041612102412522442191841481241191311581912202342512 9QD12 3252231623499999999999999 511  7174811899999999999999
229208171125 79 45 33 45 78123170208230236226204173144126123134156183204251210QD1251236999999999999999999999 559 33184212299999999999999
214210193164127 92 67 61 74102139176204220222212192166141125122131148169251211QD 012215134122399999999999999 649 60194512299999999999999
187196195184163135109 90 87 98121150178200212213203184160136120115121134251212QD 125197143521499999999999999 744 86205811599999999999999
153171183188183169148127111107115133157180199209209198179153128110102106251213QD 259188152921199999999999999 85010722 910299999999999999
119139161179189189179162142126120125140160183201211209195172143114 93 85251214QD 43119016202119999999999999910 312023 6 8599999999999999
 90107132160184198201192174152133125128143164188207215210191162127 95 73251215QD 54320117 62159999999999999911121252352 6799999999999999
 67 77101134169197212214202180154133124128145170197216221210184147106 72251216QD 6372151748221999999999999991210124999999999999999999999
 53 53 71104145185214228225207179149127120128150181209226225206171127 82251217QD 720229182722899999999999999 031 50125812099999999999999
 49 36 44 73116164205232240230205171139119116131160195223234225197153103251218QD 75724019 423499999999999999 1 7 35133911599999999999999
 57 29 24 44 83134186225246246228195157126111116139174211235239220182131251219QD 832248194024099999999999999 141 23141611099999999999999
 77 35 15 21 52101157207241253245218180141115107121152192226244238209163251220QD 9 5253201524499999999999999 216 14145110799999999999999
106 53 18  8 26 68124181226251253236202161126107109131168209238246230192251221QD 938255205024699999999999999 251  8152510599999999999999
140 82 34  8 11 40 89148202239253247222184144115104115145185222243241216251222QD1011254212424599999999999999 325  6155910499999999999999
172117 62 22  8 21 60114171218245250235204165129108106125159198229241230251223QD104425022 124199999999999999 4 1  8163410499999999999999
198151 97 49 19 16 39 83138191228245241220187150119105111135170205228232251224QD1118246224023399999999999999 437 14171210599999999999999
215180134 85 45 26 32 62108160204232240230205172137112104115141174204221251225QD1154240232522399999999999999 516 25175510499999999999999
219200166124 82 51 40 53 86130175211231232218192159127106102114139170196251226QD1234234999999999999999999999 558 40184510199999999999999
210207189160124 90 66 61 76107146185213227225209182150119 99 95107130158251227QD 021211132122899999999999999 645 601945 9499999999999999
183198199187164134106 86 83 96123156188212223219202175142110 88 82 92114251228QD 135201141522399999999999999 742 822052 8299999999999999
142170190198193176152127108102111132160188210221218200171135 99 73 63 71251229QD 3 4198151622299999999999999 85310222 2 6399999999999999
 93125160188205206195175149127116119135159186210223220202170128 86 53 39251230QD 437207162022499999999999999101611523 9 3999999999999999
 47 72110154192217225218198169141124121133156185213228226205168119 69 31251231QD 6 02251722229999999999999991140121999999999999999999999
