 85 48 18  1  1 17 45 79114142156151129 96 61 35 27 37 60 9112014114813725 1 1QE1017156215214899999999999999 329 -11557 2799999999999999
110 73 35  8 -4  3 25 57 93126150157145117 80 47 26 25 41 6810012814514625 1 2QE1053157223514899999999999999 4 7 -41634 2399999999999999
130 99 61 25  2 -3 10 37 70105135152152134102 66 36 23 28 48 7610613014325 1 3QE1129154232014499999999999999 445 -41713 2399999999999999
140121 88 51 20  3  4 22 51 83115138148142120 87 54 31 24 33 54 8110712825 1 4QE12 7149999999999999999999999 524  11755 2499999999999999
137131110 79 46 20 10 17 37 64 94119136140129105 76 48 30 27 38 58 8210525 1 5QE 0 7137124514099999999999999 6 6 101842 2699999999999999
122129122102 75 47 27 22 31 51 75 99119129129116 95 69 46 32 31 41 58 7925 1 6QE 059129132713199999999999999 650 221935 3099999999999999
 99114120114 98 76 54 39 37 45 62 81100114121119107 89 67 47 35 33 41 5525 1 7QE 2 1120141712199999999999999 742 362041 3399999999999999
 73 91105113110 99 82 65 53 50 56 67 82 96107113112104 88 69 50 37 33 3725 1 8QE 317113152511499999999999999 848 4922 0 3399999999999999
 48 64 82 99109112106 93 77 65 59 60 67 78 90101109111106 92 73 53 37 2925 1 9QE 4481121649111999999999999991018 582323 2899999999999999
 30 40 56 76 96111119117105 88 72 61 58 62 71 84 98110115112 99 77 54 3325 110QE 61611918 9115999999999999991157 58999999999999999999999
 22 21 30 49 73 98118130129116 95 73 57 51 54 66 82100116123120104 79 5025 111QE 725131191312499999999999999 035 2013 9 5199999999999999
 26 12 11 23 46 75105129142139121 95 68 48 42 47 63 85107125133127107 7625 112QE 81914320 613399999999999999 134 1014 1 4299999999999999
 43 16  2  4 21 49 83117142152144120 87 56 37 33 44 66 9211713514013010425 113QE 9 4152205214099999999999999 223  11444 3399999999999999
 68 32  5 -5  2 25 58 96130153157142110 73 42 27 29 47 7310212714314312725 114QE 943158213214599999999999999 3 5 -61521 2699999999999999
 95 56 20 -3 -8  7 35 73111143159155131 94 57 30 21 31 54 8411313514614025 115QE101816022 914699999999999999 343 -81556 2199999999999999
117 81 42 10 -6 -2 19 52 90126150157143113 75 41 22 22 39 65 9512113914225 116QE1050157224314399999999999999 418 -71628 1999999999999999
129102 65 29  4 -2 10 37 72107136151147125 91 56 29 20 29 50 7710412613625 117QE1118151231513799999999999999 449 -217 0 2099999999999999
132114 84 50 22  7 10 29 58 90120139143130104 71 42 25 25 39 62 8711012425 118QE1144143234612899999999999999 519  61730 2399999999999999
128118 97 69 41 21 16 27 49 77104125134129110 84 56 35 27 34 50 72 9311025 119QE12 8134999999999999999999999 548 1618 2 2799999999999999
118116103 83 59 39 28 31 45 67 91111123124113 92 69 48 35 34 44 60 78 9425 120QE 019119123312599999999999999 618 281835 3399999999999999
105109104 91 74 57 44 40 47 61 80 97111116111 98 80 61 46 40 42 51 65 7825 121QE 05610913 211699999999999999 651 401914 3999999999999999
 90 97 99 95 85 73 61 54 54 60 72 85 97105106100 89 74 60 50 46 48 55 6425 122QE 146 99134110799999999999999 733 5320 7 4699999999999999
 74 83 90 92 91 86 78 70 65 65 68 75 84 92 98 99 95 86 75 64 55 50 50 5425 123QE 3 7 921444 9999999999999999 840 642129 4999999999999999
 60 68 76 84 90 93 92 88 81 74 70 69 72 78 86 93 96 95 90 80 68 58 50 4725 124QE 516 931619 97999999999999991043 692321 4699999999999999
 47 52 60 71 84 94102103 99 89 79 69 64 65 71 81 92100102 97 86 72 57 4525 125QE 6461031748102999999999999991224 64999999999999999999999
 38 37 43 54 71 89105115116108 93 76 61 54 56 66 82 98109112106 91 71 5025 126QE 738116185011299999999999999 039 371319 5499999999999999
 34 25 25 35 53 76100119129127112 89 66 48 42 49 66 88108122124113 92 6525 127QE 819130194012599999999999999 128 241359 4299999999999999
 38 19 11 15 32 57 87115136142133109 78 50 33 32 46 70 98122136134117 8825 128QE 855142202513799999999999999 2 8 111435 3099999999999999
 53 22  3 -1 10 35 68103133151151131 98 61 32 19 25 48 7911113714814111625 129QE 92915321 714899999999999999 245 -215 9 1999999999999999
 78 38  5-11 -8 12 44 83121150161151121 80 40 15 10 25 54 9012514915614125 130QE10 2161214915699999999999999 320-121544  999999999999999
108 64 21 -8-18 -6 22 60101138161162142104 59 22  3  6 29 6410213615615625 131QE1035165223015999999999999999 356-181620  199999999999999
134 95 49  9-15-15  4 38 78118149163154125 83 39  8 -2 10 38 7411214215625 2 1QE11 7163231215799999999999999 431-181656 -299999999999999
149122 81 37  3-11 -3 22 58 96130152155138104 63 25  3  1 18 48 8311714125 2 2QE1139157235414999999999999999 5 7-111734 -199999999999999
149137108 69 31  6  2 16 43 76109134146140118 85 48 19  6 10 29 57 8811625 2 3QE1211146999999999999999999999 544  11814  599999999999999
133136122 95 62 34 19 21 38 63 90114129132122100 71 43 22 15 22 39 63 8725 2 4QE 038137124413399999999999999 622 181858 1599999999999999
108120120108 87 63 44 37 42 57 76 95110117116105 88 66 45 31 27 33 46 6325 2 5QE 130122132111899999999999999 7 4 371954 2799999999999999
 81 96106107100 87 72 60 56 60 69 81 92100104102 96 85 70 54 43 37 39 4625 2 6QE 240108141610499999999999999 759 562117 3799999999999999
 57 70 83 94100100 95 86 77 71 70 72 77 82 88 93 96 95 90 80 66 53 43 3825 2 7QE 4321011625 9699999999999999 946 702317 3899999999999999
 39 46 58 73 88101108107100 89 79 70 66 66 71 79 88 97103101 91 75 57 4125 2 8QE 6271091819103999999999999991227 66999999999999999999999
 30 28 35 49 69 91110121122112 95 76 61 53 54 62 75 92106115114101 79 5425 2 9QE 733123192311699999999999999 045 281327 5399999999999999
 32 18 16 27 47 73101124136132116 91 65 46 39 44 59 80102120129124104 7525 210QE 81813620 912999999999999999 139 1614 4 3999999999999999
 43 18  5  8 25 52 85117140147136110 77 47 30 28 41 63 9011613413912710025 211QE 854147204813999999999999999 219  41436 2799999999999999
 63 28  3 -4  7 31 66103134152151130 95 57 28 17 24 45 7310413014514312225 212QE 926154212214699999999999999 254 -415 6 1799999999999999
 87 46 12 -7 -5 14 46 85122149157145114 73 36 13 11 27 55 8811914214913725 213QE 954158215414999999999999999 325 -91536 1099999999999999
108 68 28  0 -9  3 31 68106139156152128 90 49 18  6 14 38 7010313114614425 214QE1020157222314899999999999999 354 -916 4  699999999999999
124 89 49 14 -4 -1 20 53 91125148152136104 65 29  8  7 25 53 8611613714325 215QE1043153225114499999999999999 422 -51631  599999999999999
132105 69 33  8  2 15 42 77111136147139114 79 43 16  7 17 40 7010012413625 216QE11 4147231813799999999999999 448  11658  799999999999999
133114 85 52 25 11 16 36 66 97124138136119 90 56 29 14 15 31 56 8410812425 217QE1124139234612899999999999999 514 111724 1299999999999999
128118 96 69 43 26 23 36 58 85110127130120 97 69 42 24 19 28 47 70 9210925 218QE1145131999999999999999999999 539 221750 1999999999999999
118115102 82 60 43 35 40 55 76 97114121117102 80 57 38 29 30 42 59 78 9425 219QE 01511812 812199999999999999 6 6 351820 2899999999999999
104107101 90 74 60 51 50 57 71 86100109110102 88 70 54 42 38 42 53 66 7925 220QE 049107123611199999999999999 637 491857 3899999999999999
 89 94 95 91 84 76 68 64 64 70 79 88 95 99 98 92 82 70 58 50 48 51 57 6525 221QE 139 961318 9999999999999999 720 631955 4899999999999999
 72 79 84 87 88 87 84 80 77 75 76 78 81 85 89 90 89 84 76 68 60 55 53 5425 222QE 4 0 8815 1 9099999999999999 916 7522 7 5399999999999999
 57 62 68 77 85 93 97 98 93 86 79 72 69 70 75 83 90 94 94 88 78 66 55 4725 223QE 633 981724 95999999999999991216 69999999999999999999999
 43 44 50 61 76 91105113112103 88 73 60 55 58 69 83 97107108100 85 65 4725 224QE 725113183910899999999999999 020 4213 8 5599999999999999
 33 27 29 41 60 83105123129123105 81 58 42 40 49 68 91111124124110 86 5825 225QE 8 1129193012599999999999999 112 261343 3999999999999999
 32 15 10 19 39 66 97125142142126 97 63 36 23 27 46 74104129142137115 8125 226QE 833144201414299999999999999 150 101416 2299999999999999
 43 13 -4 -2 15 45 81117146157148120 80 40 13  7 20 49 8512114815714411225 227QE 9 4157205515799999999999999 225 -51449  699999999999999
 69 26 -5-16 -6 21 59101139163165143103 56 15 -6 -3 21 5810013916316514425 228QE 936167213616799999999999999 3 0-161522 -799999999999999
103 53  9-17-19  0 35 78122156171161128 80 31 -5-16 -4 28 7011515217116525 3 1QE10 7171221617299999999999999 335-221557-1799999999999999
135 88 37 -2-19-11 16 56 99139164168147106 56 11-15-17  4 40 8412615816825 3 2QE1038169225716999999999999999 410-201633-1999999999999999
155120 72 27 -3-10  7 38 77117147161153125 82 36  1-15 -7 18 54 9513115425 3 3QE11 9161233715899999999999999 445-101710-1599999999999999
157138103 61 25  6  9 30 61 95126145147132102 63 27  2 -4  8 34 6610012725 3 4QE1139148999999999999999999999 521  51748 -499999999999999
142139119 89 57 32 24 33 54 80105124132127110 84 54 28 13 13 26 47 73 9725 3 5QE 02014312 813299999999999999 557 241830 1299999999999999
116124119104 83 61 47 46 56 72 90104113114107 94 75 55 39 30 31 40 55 7225 3 6QE 1 8124123811599999999999999 636 451922 3099999999999999
 88100106104 97 85 73 66 66 72 80 89 95 98 97 94 87 77 65 54 47 45 48 5425 3 7QE 2181061321 9899999999999999 728 652054 4599999999999999
 64 75 85 93 98 98 94 88 82 79 78 78 79 81 83 87 90 91 87 80 69 58 50 4625 3 8QE 433 991646 91999999999999991012 772322 4699999999999999
 47 52 62 75 89101107107101 91 81 72 66 65 68 75 85 95102102 93 78 61 4625 3 9QE 6281081827103999999999999991250 65999999999999999999999
 37 35 41 55 74 95112121120109 91 72 58 50 51 60 75 93108117115101 79 5525 310QE 722122191911899999999999999 042 341322 5099999999999999
 34 23 24 36 57 83108127134127107 80 56 39 35 43 61 83107124131123101 7125 311QE 759134195813199999999999999 126 221349 3599999999999999
 41 19 12 19 39 67 98126142142124 95 61 35 23 27 43 69 98123139139122 9225 312QE 829144203114199999999999999 2 0 121415 2299999999999999
 56 24  6  6 22 50 84118142151140111 74 39 16 13 26 51 8311513914814011325 313QE 85615121 214899999999999999 230  41442 1299999999999999
 76 37  9  0  9 35 69106137153150127 90 49 18  4 11 34 6610113114915013125 314QE 921154213215299999999999999 258  015 9  499999999999999
 97 56 20  1  2 22 54 92126149154138105 64 26  4  2 19 48 8411814315214225 315QE 94415522 015299999999999999 325 -11535  099999999999999
115 76 37 10  2 14 42 78114141153144117 79 39 10 -1  9 34 6710213114814725 316QE10 5153222615099999999999999 352  216 0 -199999999999999
128 95 56 24  8 12 34 66101130147145125 92 54 21  3  5 23 52 8511613814525 317QE1025149225314599999999999999 418  71625  299999999999999
134109 75 42 21 17 30 56 88118138142129102 68 35 13  7 18 41 7110012413625 318QE1045143231913799999999999999 443 161649  799999999999999
134117 90 61 37 26 32 51 77105126135129109 81 50 26 15 19 35 59 8510812425 319QE11 6135234712899999999999999 5 9 261715 1499999999999999
127119100 77 54 40 39 50 70 93113124124112 91 65 42 28 25 34 51 72 9210825 320QE1130126999999999999999999999 536 381743 2499999999999999
116114104 88 71 57 51 55 67 83 99111115110 97 78 59 44 36 38 48 62 78 9125 321QE 018116115711599999999999999 6 6 511819 3699999999999999
101104101 94 84 74 67 65 70 78 88 96102102 97 88 75 62 52 48 49 56 65 7525 322QE 1 2104123510399999999999999 647 651914 4799999999999999
 83 89 92 93 92 89 84 80 78 78 80 83 87 90 92 91 87 81 72 64 58 55 56 6025 323QE 254 931416 9299999999999999 829 772111 5599999999999999
 65 71 79 86 94 99100 98 91 84 76 72 70 73 80 87 94 96 94 85 74 62 53 4725 324QE 55010117 1 96999999999999991146 702336 4699999999999999
 47 51 60 74 89103113115109 96 80 65 55 54 62 75 91105112110 98 80 59 4225 325QE 6471161817112999999999999991237 54999999999999999999999
 32 31 39 55 76 99119131129115 91 65 45 35 39 55 78103122131126107 79 4925 326QE 72413219 813199999999999999 036 301312 3599999999999999
 26 14 17 33 58 88117139147137111 76 43 21 16 29 55 87120143150138109 7125 327QE 757147195315099999999999999 117 141345 1699999999999999
 34  8  0 10 35 68105138157157136 98 54 17 -1  2 25 6110213916216414310525 328QE 829160203616699999999999999 155  01420 -399999999999999
 58 17 -6 -7 12 45 85126157169158124 76 28 -6-17 -3 29 7211815617517014025 329QE 9 2169211817799999999999999 232 -91455-1799999999999999
 94 44  5-12 -4 23 62105144169171148105 52  6-21-21  1 39 8613316718016725 330QE 935173215918099999999999999 310-121532-2499999999999999
130 80 32  0 -7  9 41 82123156170161129 82 32 -7-24-16 12 5310014217017425 331QE10 7170224117599999999999999 347 -816 9-2499999999999999
154115 68 27  5  7 29 62100134157160142107 62 20 -9-16 -1 28 6710914416225 4 1QE1040161232316499999999999999 424  31648-1699999999999999
160137100 60 30 19 28 51 81112136147142121 88 51 18  1  1 17 45 7811113625 4 2QE1112147999999999999999999999 5 2 191729 -199999999999999
147140119 89 60 41 38 50 70 93114128130121102 76 49 27 18 21 36 57 8310625 4 3QE 0 7147114313199999999999999 540 371814 1799999999999999
122128122106 86 67 57 58 68 82 97108113112104 91 74 56 43 37 39 49 63 8025 4 4QE 059128121811399999999999999 623 561911 3699999999999999
 95106111109101 89 78 72 73 78 84 90 95 97 97 95 90 81 69 59 52 51 54 6225 4 5QE 2131111334 9799999999999999 725 722049 5199999999999999
 72 83 94101105104 98 90 84 79 77 77 78 81 85 91 95 96 92 83 72 61 54 5125 4 6QE 4121051644 97999999999999991040 772256 5199999999999999
 55 62 74 88101109112108 98 87 76 68 64 65 71 81 93103108105 93 77 61 4925 4 7QE 55111218 5108999999999999991218 63999999999999999999999
 43 46 56 72 90108119122114 99 80 63 52 49 55 67 85103116121114 97 74 5325 4 8QE 644122185412199999999999999 010 431250 4999999999999999
 38 34 40 56 78101121131129114 91 66 46 36 39 52 72 96117130131117 93 6425 4 9QE 720132193213299999999999999 053 341317 3699999999999999
 40 27 27 41 63 90116134139129105 75 46 28 24 35 56 84111133142135113 8225 410QE 75014020 514299999999999999 127 251344 2499999999999999
 50 27 19 28 49 77108132145141120 88 53 26 14 20 39 6810012814614713210225 411QE 816145203614999999999999999 157 191410 1499999999999999
 66 35 17 18 36 64 96126145148133103 66 32 11  9 23 51 8411714215314612125 412QE 84114921 615399999999999999 226 161437  799999999999999
 86 49 23 15 25 50 83116141151143117 81 43 15  4 12 35 6710213315215413725 413QE 9 4151213515599999999999999 255 1515 4  499999999999999
105 68 35 18 20 40 70104133149148129 96 57 24  5  5 22 51 8611914515514625 414QE 92615122 415599999999999999 323 171530  399999999999999
122 87 52 28 21 33 58 90121143149137109 73 38 13  5 15 38 7010313214914925 415QE 949149223215199999999999999 351 211556  599999999999999
133105 71 43 28 31 50 78108133145140119 88 54 26 11 14 30 56 8711613714525 416QE101314523 114599999999999999 419 271622 1099999999999999
137117 89 60 41 36 47 68 95120136138125101 71 42 23 18 27 47 73 9912113425 417QE1038139233213699999999999999 448 361651 1899999999999999
135123102 78 57 47 49 63 83105122130125109 86 60 39 28 30 42 61 8310411925 418QE11 7130999999999999999999999 519 461724 2799999999999999
125122110 93 75 61 57 63 76 92107117119111 96 77 58 44 38 42 54 70 8710225 419QE 0 8125114011999999999999999 555 5718 5 3899999999999999
111114111103 91 79 70 69 73 82 93102107107102 91 78 64 53 48 51 60 71 8325 420QE 059114123010899999999999999 646 6819 6 4899999999999999
 94102106106103 96 87 80 76 76 79 85 91 97100 99 94 85 73 63 56 54 58 6525 421QE 237107142410099999999999999 828 762046 5499999999999999
 75 85 95103109110105 96 85 76 70 68 72 80 90 99105105 98 85 70 57 50 4925 422QE 4381101628106999999999999991044 682237 4999999999999999
 55 65 79 94109119121115101 83 66 55 52 58 72 89107119121112 94 73 53 4025 423QE 5471221742121999999999999991147 522347 3799999999999999
 37 44 59 79101121133134121 99 71 48 34 34 47 69 96120136138125100 70 4325 424QE 6331351838139999999999999991230 33999999999999999999999
 27 25 37 59 86114137148143121 88 53 25 14 20 41 73107137155154134101 6325 425QE 712148192715799999999999999 037 2413 8 1399999999999999
 31 15 18 36 65 98131153159145114 71 31  4 -3 12 42 81122155170164137 9625 426QE 749160201417199999999999999 121 141347 -399999999999999
 53 21  8 17 42 76114146165164140 99 52 10-12-11 11 48 9313616818016813425 427QE 826167205918099999999999999 2 4  81427-1599999999999999
 88 43 15  9 24 54 91129158170160128 82 33 -4-19-10 17 5810514817618216325 428QE 9 3170214418299999999999999 245  815 8-1999999999999999
125 78 37 15 16 36 69106140162166148112 66 21 -8-16 -2 29 7011515317517525 429QE 940167222917899999999999999 327 131550-1699999999999999
152113 70 37 23 30 53 84117144158154132 96 55 18 -3 -4 13 43 8212115216625 430QE1018159231416799999999999999 4 8 221633 -699999999999999
161137102 66 42 35 46 69 96122141147138116 85 50 23  9 12 29 57 9012114425 5 1QE1056147999999999999999999999 450 351719  899999999999999
152145123 94 67 51 50 62 81102120130132123104 79 53 34 25 30 45 67 9311625 5 2QE 0 2152113713299999999999999 534 4918 9 2599999999999999
132137130113 91 73 63 64 73 87100111117117111 98 80 62 47 41 45 56 72 9125 5 3QE 055137123111899999999999999 623 6219 8 4199999999999999
108120124120108 93 80 73 73 78 85 93100105107105 98 86 72 60 54 54 61 7325 5 4QE 2 112414 810799999999999999 730 722026 5399999999999999
 86100111117116109 97 86 78 74 75 78 83 90 97104107104 95 82 69 60 57 6125 5 5QE 32311716 210799999999999999 926 742157 5799999999999999
 69 82 95108116118112101 88 77 69 65 67 74 84 96107113112102 88 72 60 5525 5 6QE 44311817191139999999999999911 8 652312 5599999999999999
 57 66 80 96111121122115102 84 68 57 54 58 69 84101115122120107 89 70 5525 5 7QE 5421231814123999999999999991158 54999999999999999999999
 50 54 66 83103119128127116 96 74 55 44 43 53 70 91112127132125108 84 6225 5 8QE 625129185713299999999999999 0 4 501234 4299999999999999
 48 45 53 70 92113129135128110 85 59 40 32 37 53 77102125138139126103 7525 5 9QE 659135193414099999999999999 045 4413 5 3299999999999999
 52 41 43 57 79104126139138124 99 69 42 27 25 38 60 89117138148142122 9425 510QE 72914020 914899999999999999 121 401335 2499999999999999
 64 43 37 45 66 93119138145136114 83 51 28 18 25 44 7210413215015314011325 511QE 757145204215399999999999999 154 3714 5 1899999999999999
 81 53 37 38 53 79108133147145128 99 65 35 18 17 31 56 8812014515715213225 512QE 824148211415799999999999999 227 351434 1599999999999999
101 68 44 35 44 66 95124144150139115 81 48 24 14 21 41 7110413415315814525 513QE 852150214615899999999999999 259 3515 4 1499999999999999
119 86 57 40 40 55 81111136149147128 98 65 35 18 17 31 56 8711814315615325 514QE 921150221815799999999999999 331 371534 1699999999999999
134105 74 50 41 48 69 96123142148138114 83 52 28 19 25 44 7010112814715225 515QE 951148225215299999999999999 4 3 4116 6 1999999999999999
143121 93 66 50 48 60 82108130142141125100 71 44 28 25 36 57 8311013214425 516QE1023143232914699999999999999 436 471640 2599999999999999
144131109 84 64 54 57 72 93114130136130113 90 64 43 32 35 48 69 9211413125 517QE11 0136999999999999999999999 513 531719 3299999999999999
138134121102 81 66 61 67 81 98114125128120105 84 63 46 40 44 57 76 9611325 518QE 011138114512899999999999999 556 6118 6 4099999999999999
126130127115 99 82 70 67 72 83 96109117120114102 85 67 53 47 51 62 78 9525 519QE 1 3130124912099999999999999 652 6719 5 4799999999999999
110120125123114100 85 74 69 71 79 90101111116114106 91 74 59 52 54 62 7625 520QE 212125141911699999999999999 810 692020 5299999999999999
 91106118125125117103 87 73 64 63 69 80 94108118121114100 82 65 54 52 5925 521QE 330126155012199999999999999 940 632142 5299999999999999
 72 88105119129130122106 85 66 53 50 56 71 90110125132126111 89 67 52 4825 522QE 43913117 4132999999999999991050 502255 4899999999999999
 54 68 87107126137138127106 79 54 38 35 45 64 90117137145140121 94 67 4825 523QE 53513918 6145999999999999991144 342356 4299999999999999
 42 49 66 89114135147146129101 68 38 21 21 36 62 95126150159151128 95 6425 524QE 62414819 3159999999999999991232 19999999999999999999999
 42 37 47 68 95123146156151128 93 54 23  8 11 32 64102137163171160131 9425 525QE 710157195517199999999999999 050 371318  799999999999999
 59 38 35 48 73104134155163151123 83 41 11 -1  7 32 6911014817317816313025 526QE 754163204617999999999999999 140 3314 4 -199999999999999
 89 54 35 36 53 81113143162164148115 72 31  4 -4  9 38 7711915617818016025 527QE 839165213518299999999999999 228 331451 -499999999999999
124 84 51 36 41 61 90122148163161141105 64 26  3  0 16 46 8612716017817525 528QE 923164222218099999999999999 314 351539 -199999999999999
153116 78 50 40 49 71 99128150159153131 97 58 26  8  9 27 58 9513216017325 529QE10 716023 917399999999999999 4 0 401626  799999999999999
166141107 73 52 47 59 81106130146151143121 89 56 30 18 22 41 7010313415625 530QE1053152235516399999999999999 444 471713 1799999999999999
163153129 98 71 56 56 69 88109128139141132112 85 58 38 30 37 55 8010813325 531QE1141142999999999999999999999 529 5418 1 3099999999999999
148151139118 92 72 62 65 76 92108122130131123106 84 62 47 43 51 67 8811025 6 1QE 041151123613199999999999999 616 621850 4399999999999999
129139139128110 89 74 67 70 79 91104114121122117103 86 69 57 55 62 75 9225 6 2QE 130141134212399999999999999 710 671944 5599999999999999
110124131130121105 89 76 70 72 78 87 97107115118115104 90 76 66 64 69 8025 6 3QE 22213215 011899999999999999 818 702047 6399999999999999
 94109120127125117103 88 76 69 69 73 81 92104113119117108 95 81 71 68 7225 6 4QE 321127161611999999999999999 938 682157 6899999999999999
 81 94108120125124116102 86 73 64 62 67 76 90104116123122113 99 84 72 6825 6 5QE 4201261722123999999999999991048 6223 3 6899999999999999
 72 82 96110122128125115 99 81 66 56 55 61 74 91109123130128117100 83 7025 6 6QE 5141281817131999999999999991140 542359 6699999999999999
 66 70 83 99115127132127114 94 73 56 48 49 59 76 98118133139134119 99 7925 6 7QE 55913219 3139999999999999991223 47999999999999999999999
 66 63 70 86105123135136127109 85 62 46 40 46 61 83107129143146137117 9325 6 8QE 639137194514799999999999999 046 6213 1 4099999999999999
 72 60 61 73 93115133142139124101 74 51 37 36 46 66 9311914115315113611125 6 9QE 716142202315499999999999999 127 591337 3599999999999999
 85 64 56 61 79102126143147139118 90 62 40 31 35 51 7610513215215915213125 610QE 75114821 015999999999999999 2 5 561412 3199999999999999
102 75 57 54 66 88114137150150135109 78 50 32 28 38 59 8711814416016214825 611QE 827152213616399999999999999 242 541447 2899999999999999
122 91 66 53 56 73 99126146155148127 97 66 40 27 29 44 6910013015416415925 612QE 9 3155221216599999999999999 318 521523 2699999999999999
140110 80 59 52 62 83110135152154142117 86 55 34 26 34 54 8111214015916325 613QE 941155224816499999999999999 353 521559 2699999999999999
153129 98 71 55 55 69 93119141153150134107 76 48 31 29 42 65 9312214615925 614QE1021153232616199999999999999 430 531637 2899999999999999
158143117 88 65 55 60 77101124142149144125 98 68 44 33 36 52 7610312914825 615QE11 4149999999999999999999999 5 9 551717 3299999999999999
156151133107 81 63 58 66 83105125140144137118 92 65 45 38 44 62 8511013225 616QE 0 6156115314499999999999999 552 5818 1 3899999999999999
147151143124100 77 63 60 69 85104122135139132114 90 66 50 45 53 70 9211425 617QE 050151125113999999999999999 642 601850 4599999999999999
132144145136118 95 75 63 61 69 83101118131135130114 93 71 57 53 61 76 9625 618QE 138146135813599999999999999 740 601947 5399999999999999
115131140141132115 93 73 61 58 64 78 95114128135132119 99 79 64 60 66 7925 619QE 234142151213599999999999999 848 572054 6099999999999999
 97115130139140131114 92 71 56 51 57 71 90111128139138127108 87 71 64 6825 620QE 336141162814099999999999999 957 5122 8 6499999999999999
 80 96114130140142133115 91 67 49 43 48 63 85110131145147137118 95 75 6625 621QE 44014217401489999999999999911 2 432322 6599999999999999
 67 78 95114132144146137116 89 61 41 33 39 57 82111137154158148126100 7725 622QE 54314718471589999999999999912 3 33999999999999999999999
 64 64 75 94116136150152141117 86 55 32 25 32 53 8211514416416915713210125 623QE 641153194716999999999999999 029 6313 0 2599999999999999
 75 60 61 74 95120142156158144117 81 48 25 18 28 51 8412115317317716213325 624QE 736159204117899999999999999 129 591354 1899999999999999
 98 70 56 58 74 98125149163162145114 76 41 19 14 27 54 9012916218118116225 625QE 828164213018499999999999999 221 551445 1499999999999999
128 91 63 52 58 77104132155167163143109 70 36 16 15 31 62 9913816918417925 626QE 917167221618599999999999999 3 9 511533 1399999999999999
155119 82 57 50 60 83111138159167160137102 63 32 17 21 41 7311114717318225 627QE10 4167225718299999999999999 353 501618 1699999999999999
171143106 73 54 52 67 90117142159163152127 93 58 32 23 32 55 8712215317225 628QE1048163233617699999999999999 434 5117 0 2399999999999999
174158128 94 66 54 58 75 98122143155155142116 85 55 37 34 47 7110113215525 629QE1131157999999999999999999999 514 531739 3399999999999999
166161142113 84 63 57 66 83104124140148145130106 79 57 46 49 64 8711313725 630QE 012167121414899999999999999 553 571817 4599999999999999
153156147126100 77 64 63 73 89106123135139134120100 78 62 57 64 7910012025 7 1QE 04615713 013999999999999999 634 621856 5799999999999999
137146145133114 92 75 67 69 78 91106119128131126114 98 82 71 70 77 9110725 7 2QE 121147135313199999999999999 719 661940 6999999999999999
123135139135123106 89 76 70 72 80 91103114123126122113100 88 80 80 86 9725 7 3QE 2 0139145912699999999999999 814 702036 7999999999999999
110122131133128117103 88 77 71 72 78 88 99111120125123117106 95 88 86 8925 7 4QE 249133161812599999999999999 922 712150 8599999999999999
 98109120128130126116102 88 76 70 69 75 84 97110122128129123113101 91 8725 7 5QE 3501301736129999999999999991035 692311 8799999999999999
 89 96108120128131127117102 87 74 66 65 70 81 97113127136137130117102 9025 7 6QE 4561311839138999999999999991140 64999999999999999999999
 84 85 94108122132136131119101 83 68 59 59 66 8110012013614614613511810025 7 7QE 555136192914799999999999999 018 841234 5899999999999999
 85 78 82 94111128140142135119 97 76 60 52 53 65 8410713014815615213711525 7 8QE 645143201215699999999999999 110 781320 5199999999999999
 92 77 72 80 97118137149149137116 90 66 50 44 50 66 9011814316016415513325 7 9QE 731150205016599999999999999 152 7214 0 4499999999999999
106 82 68 68 81103128148157153136110 80 55 40 38 49 7110013015617016915325 710QE 813158212717299999999999999 231 661438 3799999999999999
125 94 70 60 66 86112139158164155132101 68 43 32 36 53 8111314416817716925 711QE 85516422 217799999999999999 3 7 601515 3199999999999999
145112 80 60 56 69 93122149165167152124 89 56 34 28 38 62 9312715717617825 712QE 936168223717999999999999999 343 551551 2799999999999999
162132 97 67 52 55 74102132156169166146114 77 46 28 29 46 7410814116717925 713QE1019170231117999999999999999 419 511627 2799999999999999
173150117 82 57 49 59 81110139161169161137103 67 40 29 37 59 8912215117125 714QE11 2169234617699999999999999 456 4917 4 2999999999999999
176163136102 70 52 50 64 88116142161165153128 94 62 41 37 49 7310313315725 715QE1147165999999999999999999999 535 491743 3699999999999999
169167150121 89 63 51 54 69 93119142157158145120 89 62 48 49 64 8811413925 716QE 021170123615999999999999999 618 501825 4699999999999999
156163156137110 82 61 53 58 73 95118138150151138116 91 69 59 63 78 9912025 717QE 059163133115299999999999999 7 6 531913 5999999999999999
139151154145127104 80 62 56 61 74 93114132143145135118 97 81 73 76 8810425 718QE 143154143714699999999999999 8 3 562011 7399999999999999
121136144146138123103 82 66 58 61 72 88107125138143138125108 93 85 85 9325 719QE 239146155914399999999999999 913 582128 8499999999999999
104118130138141137125106 86 68 58 58 66 81100120136145145136121105 93 8825 720QE 3551411730147999999999999991033 5723 5 8899999999999999
 91100112125136142141131112 90 69 55 51 58 73 94118139153156148132111 9425 721QE 5211431848157999999999999991153 51999999999999999999999
 85 85 93107123138148149139118 92 66 49 43 49 66 9212014616416915913811225 722QE 635150194916999999999999999 031 841259 4399999999999999
 89 76 76 86105126145158159146121 90 60 40 33 42 64 9412815817617916413725 723QE 736160203918099999999999999 132 751354 3399999999999999
105 79 66 68 84107132155168167150120 84 51 30 27 40 6710314017018718416225 724QE 827169212218899999999999999 220 651441 2699999999999999
128 92 66 57 65 86113141164175170148113 73 41 23 26 45 7811615418119218125 725QE 91317622 019299999999999999 3 1 571523 2299999999999999
152113 77 55 52 67 92122151172178167140101 62 33 23 32 58 9313216618818925 726QE 954178223419199999999999999 338 5116 0 2399999999999999
170135 95 63 49 54 74102132158174175158126 87 52 31 30 46 7611214717518625 727QE103217723 518699999999999999 413 481634 2899999999999999
178151115 78 54 49 61 84113140162171165143111 76 48 37 44 65 9612915817525 728QE11 7171233317899999999999999 447 4817 6 3699999999999999
176160130 96 67 52 55 72 96122145160162151127 97 69 51 49 62 8611514216225 729QE1141163235816999999999999999 519 511737 4899999999999999
169161139110 82 62 56 65 83105127144153150136114 89 69 60 65 8210412814825 730QE1215153999999999999999999999 552 5618 8 6099999999999999
158157143121 96 75 64 64 76 93111128140143138124106 88 76 74 82 9811713425 731QE 022159125314399999999999999 625 631841 7399999999999999
146149143128109 89 75 70 73 84 98112125132134129118105 94 87 88 9610812225 8 1QE 050150134213499999999999999 7 4 701923 8699999999999999
133140139132119103 89 80 77 80 88 98109119125128125119111103 98 9910311125 8 2QE 126141145912899999999999999 756 772028 9899999999999999
120128133132126117105 93 85 81 83 87 9510411312112612812612011310710410425 8 3QE 224133165512899999999999999 914 81222410399999999999999
108115122128130127120109 98 88 82 80 82 88 9811012113113613613012011010225 8 4QE 35613018261379999999999999911 0 80999999999999999999999
 99101109119128134133127115101 87 77 72 74 81 9411112714114814613712210625 8 5QE 526134192014899999999999999 0 5 991219 7299999999999999
 94 90 94105121134143142134118 99 81 68 62 65 77 9511713915416015413811625 8 6QE 63014420 116099999999999999 1 1 901310 6299999999999999
 96 82 80 89107128145154152139117 92 69 54 50 58 7710212915416917015713325 8 7QE 720155203617299999999999999 142 791349 5099999999999999
104 81 69 73 89113139158166160139110 79 54 40 42 57 8311414617018117515225 8 8QE 8 416621 918299999999999999 217 691424 3999999999999999
120 87 64 58 69 94124152171176163135 99 63 38 30 39 62 9513116318518817225 8 9QE 846176214118999999999999999 250 581458 3099999999999999
140101 68 50 52 71102136165182181161125 84 48 27 26 43 7411114917919318725 810QE 927184221319499999999999999 324 481532 2499999999999999
161121 80 50 40 51 78113148176189181153112 69 36 23 31 55 9112916518919425 811QE10 7189224419599999999999999 358 4016 7 2399999999999999
177143100 62 39 38 56 87123158182188174141 98 58 32 28 43 7310914617519025 812QE1048189231519199999999999999 433 361642 2799999999999999
185161123 82 50 36 42 65 97132163181181162128 88 55 38 41 62 9212615617725 813QE1130184234718399999999999999 510 351719 3799999999999999
182169141105 69 46 40 51 75105136161174169149118 84 60 51 60 8210913715925 814QE1215174999999999999999999999 549 391757 5199999999999999
170168151125 93 66 50 49 61 83109134154162156138113 88 72 70 80 9912014025 815QE 02017113 516299999999999999 633 471840 6999999999999999
153158152137115 90 70 59 60 70 87107127142148145133116 99 89 88 9610912325 816QE 057158141014999999999999999 726 581933 8799999999999999
135142144140129114 95 80 70 68 74 8610111613013814013512511310510210411025 817QE 148144154714199999999999999 841 6821 110299999999999999
117125131135135130120106 90 78 72 72 78 9010512113514314413812811610710325 818QE 3341351740145999999999999991029 71233210299999999999999
102107114123132138139131117 98 81 68 64 68 80 9811913915315715213712010325 819QE 53313918561589999999999999912 3 64999999999999999999999
 93 90 95107122137148151143125100 76 59 52 57 73 9712415016717116013911325 820QE 646152194717199999999999999 050 9013 4 5299999999999999
 91 78 77 88106128148162164151126 95 66 46 41 51 7310413716518118016213225 821QE 738165202718299999999999999 134 761350 4199999999999999
 99 74 63 68 86111138162175172153121 83 52 34 35 52 8211815318019018115325 822QE 82117621 119099999999999999 210 631427 3299999999999999
116 80 57 53 66 91122152175183174146108 68 38 28 37 62 9713617019119217225 823QE 859183213319499999999999999 243 5215 1 2899999999999999
136 94 61 45 50 71102135165183184167133 91 53 31 30 48 7911715518319318325 824QE 93518622 119399999999999999 315 451533 2899999999999999
153113 73 47 42 56 83116148174185177152115 74 44 32 41 6610113816918718625 825QE10 7185222618999999999999999 345 4116 3 3299999999999999
165129 89 56 41 46 67 97130158176179163134 97 63 43 42 60 8912315517618225 826QE1038180224818299999999999999 414 411631 4099999999999999
169141105 70 48 44 58 83112141163172166146115 83 59 50 59 8211114116417425 827QE11 717223 917499999999999999 442 441658 5099999999999999
168148117 85 60 49 55 73 98124147161162150128102 77 64 65 7910312815016325 828QE1136163233016599999999999999 5 9 491726 6299999999999999
163150127 99 75 59 58 69 87110130146152148135116 95 80 75 82 9811813715125 829QE12 7153235315599999999999999 537 571754 7599999999999999
155148132111 89 73 66 70 82 98115130139141136124110 97 90 90 9811112513825 830QE1244142999999999999999999999 6 8 661828 8999999999999999
144143134120104 89 79 76 81 9110311512413013112712111310610210310911612425 831QE 022145134213199999999999999 648 76191710299999999999999
131134132126116105 95 88 86 88 9410110811512012412612512211811411211111325 9 1QE 1 8134161112699999999999999 754 86213911199999999999999
116121124126125120112104 96 91 89 89 92 9810611612513213513412812011210625 9 2QE 3 21261813136999999999999991019 88999999999999999999999
103106112121128131129122111 99 89 81 78 81 8910211713314414914513411910425 9 3QE 51113119 314999999999999999 0 010312 3 7899999999999999
 93 91 96109124136143141131114 96 79 68 65 70 8510512714716016115113110825 9 4QE 619144193816299999999999999 048 901251 6499999999999999
 88 77 79 92112134151158153136111 85 63 51 52 65 8711514316517516914911925 9 5QE 7 615820 917599999999999999 122 761327 5099999999999999
 89 68 61 71 93121149168173161135102 68 45 36 45 66 9713116218218516913725 9 6QE 749173203918799999999999999 153 6114 0 3699999999999999
 99 66 48 50 69100135166184184164128 87 50 29 28 45 7611315118219518815925 9 7QE 82918621 919699999999999999 225 461433 2699999999999999
118 74 43 33 45 73111151182196188159116 70 35 20 28 55 9213317119619918025 9 8QE 9 9197214020199999999999999 257 3315 7 2099999999999999
141 93 51 26 26 47 83125165194201185148100 55 26 21 39 7111215318520019325 9 9QE 950202221120199999999999999 331 231542 2099999999999999
163118 70 34 19 28 56 95138175198198175134 87 48 28 33 57 9213116619019425 910QE1030201224219599999999999999 4 6 191618 2799999999999999
177141 96 54 27 22 38 69107146178192186159120 79 49 40 52 7811114517118425 911QE1112193231318499999999999999 443 211655 4099999999999999
178156120 81 48 31 34 52 81116148172179169144110 79 60 59 74 9912515016625 912QE1156179234416999999999999999 522 301733 5799999999999999
169158136106 76 53 44 49 67 91118143158162153133108 87 77 81 9411213114525 913QE1246162999999999999999999999 6 6 441815 7799999999999999
152151140123102 81 66 60 65 77 94113131142146141129114102 96 9910711712625 914QE 019153135514699999999999999 7 0 6019 9 9699999999999999
133136135130120107 93 81 75 75 81 9110311612813513713312511711110810911125 915QE 113136155113799999999999999 829 74211710899999999999999
114118123127128126119107 94 84 77 76 81 9110512013314214413812911710810125 916QE 4 31281744144999999999999991040 76999999999999999999999
 98100107116128136139132119101 84 71 66 70 82100121140153156148133114 9725 917QE 548139184615699999999999999 0 4 9812 5 6699999999999999
 86 83 89101119137150152143124 99 76 59 54 61 7910313015316716615112710025 918QE 645153192716899999999999999 049 831254 5499999999999999
 79 68 70 83104129151164164148121 89 62 46 46 60 8411514616917816914511225 919QE 72816620 117899999999999999 120 681331 4499999999999999
 80 59 54 64 86115144166176168144110 73 47 36 44 66 9813316318118116212925 920QE 8 5176203018499999999999999 149 5414 3 3699999999999999
 90 59 44 48 67 96129159178181165133 93 57 36 34 51 8111715217818717514625 921QE 839182205718799999999999999 217 431434 3299999999999999
106 67 42 36 50 77111145172185178153115 75 44 32 42 6710113816818518216025 922QE 911185212218699999999999999 246 3515 3 3299999999999999
123 81 48 32 38 60 92128159180183168136 96 60 39 38 57 8812315617818316825 923QE 941184214418399999999999999 314 321531 3699999999999999
137 97 60 36 32 48 76109143169180174151116 80 52 43 53 7711014316817817125 924QE101018122 517899999999999999 341 311558 4399999999999999
146111 75 46 35 42 63 93126154171173159132 99 69 53 54 72 9912915517016925 925QE1038174222617299999999999999 4 7 341625 5199999999999999
152123 89 60 43 42 57 81110137157166160141115 88 68 62 71 9211714215916325 926QE11 5166224716499999999999999 432 401653 6299999999999999
153131103 75 56 49 56 73 97121142154155144126104 85 74 76 8910812914615425 927QE1134156231115499999999999999 459 491721 7399999999999999
150135114 91 71 60 60 71 88107125138144141131116101 90 86 9110311813214125 928QE12 8144233914299999999999999 528 591754 8699999999999999
142135121104 88 75 70 73 83 96110122129132129123114106100 9910311011912625 929QE1258132999999999999999999999 6 6 701839 9999999999999999
130129123114103 92 84 81 83 89 9710511211812212412312011511110910810911125 930QE 020130151412499999999999999 7 6 81205310899999999999999
115118120119116110102 94 89 86 87 90 95102110118126131131126119111103 992510 1QE 222120173213199999999999999 920 862334 9899999999999999
 99103110118124126122113101 90 81 77 77 83 94108123136143143134119103 902510 2QE 4491261824144999999999999991122 76999999999999999999999
 83 84 94109124136140135121102 83 68 62 64 75 93114136152158151134110 862510 3QE 556140185915899999999999999 019 821214 6299999999999999
 70 65 73 92115138153156145123 95 69 52 47 55 74100128154169169153124 912510 4QE 643157193017199999999999999 051 651252 4699999999999999
 63 48 50 68 96128156172170152120 83 52 35 36 52 801141471731821731451052510 5QE 72617320 118299999999999999 122 471328 3399999999999999
 66 38 30 42 70107145175188180152110 68 36 24 32 58 931321671881891681282510 6QE 8 8188203319199999999999999 154 2914 4 2399999999999999
 81 40 17 18 40 77121162191198182145 97 53 25 20 38 711111511831961861542510 7QE 84919921 519699999999999999 228 151441 1999999999999999
107 57 20  6 16 47 89135176200200176133 84 43 23 27 52 881291661901931732510 8QE 931203213819599999999999999 3 3  61518 2199999999999999
134 84 39 10  5 23 58102147183200193164120 74 41 30 42 701071441731871812510 9QE1014201221218899999999999999 341  41557 3099999999999999
154113 68 30 11 14 36 71113152181191179149108 71 47 45 62 90122151171175251010QE1057191224617699999999999999 421  91636 4499999999999999
162134 97 60 32 22 30 52 84119150171175162135102 75 61 65 81105129149159251011QE1144176232116099999999999999 5 3 221717 6099999999999999
157143119 90 62 44 39 48 66 91118141155157146126103 85 78 83 96112127138251012QE1237157999999999999999999999 550 3918 3 7899999999999999
142139128112 92 73 60 57 63 75 93111128138141136124109 98 93 96102110117251013QE 0 2142135114199999999999999 651 5719 7 9399999999999999
123125125121113101 87 76 71 71 77 88101114126133134128119109103 99 99100251014QE 127126153813499999999999999 825 702145 9899999999999999
103108114120124121113101 88 77 72 73 79 91106121133138136128115103 93 87251015QE 4 91241714139999999999999991023 712343 8699999999999999
 86 90 99112124133133124109 91 75 66 64 72 86105124140147144131113 94 79251016QE 5331341812147999999999999991139 64999999999999999999999
 71 72 82 98117135145144131110 86 67 56 57 68 88112135151156147127102 77251017QE 626146185215699999999999999 023 701226 5599999999999999
 61 56 64 81104129148156151131104 75 55 47 53 71 97125148161160143115 83251018QE 7 6157192416399999999999999 053 5613 2 4799999999999999
 58 45 47 63 87116143161164151124 91 61 44 43 57 82112141161167156130 95251019QE 742165195216899999999999999 121 441334 4199999999999999
 62 40 34 45 69100132158170166145111 76 49 38 45 67 98130156169166145111251020QE 816171201817099999999999999 148 3414 4 3899999999999999
 73 42 28 32 52 82116147169174161132 95 61 40 39 55 83116147167170156126251021QE 847174204217199999999999999 216 271434 3799999999999999
 88 52 29 24 38 64 98133160174170149115 79 50 39 47 71102135159170162138251022QE 91817521 617099999999999999 244 2315 4 3999999999999999
103 66 37 23 29 50 81116147168173160133 98 66 46 45 62 89121149165165147251023QE 947173212916799999999999999 311 231533 4399999999999999
117 81 49 29 27 41 67 99130156168164145116 84 59 50 57 79107136156162152251024QE1016169215316299999999999999 338 2616 2 5099999999999999
129 97 65 41 31 37 57 84113140157161151129101 75 60 59 73 96122143155152251025QE1046162221915699999999999999 4 6 311632 5799999999999999
136110 81 56 41 40 52 72 98123142152149136115 92 74 67 72 88108129143146251026QE1117152224714699999999999999 435 3817 4 6799999999999999
138120 96 73 55 48 52 66 85106125138141136124107 90 79 77 85 98114128135251027QE1154142232113599999999999999 5 7 471740 7799999999999999
133124108 89 72 60 58 64 76 92108121129130126117105 94 88 87 93102112120251028QE1246130999999999999999999999 548 571831 8799999999999999
123121114103 90 77 69 67 71 80 92103113119123122117110101 95 93 94 98103251029QE 0 9123142012399999999999999 648 672011 9399999999999999
109113115113107 97 86 77 72 73 78 85 95105114121125123117108 98 90 86 86251030QE 2 1115161412599999999999999 824 722226 8599999999999999
 91 98107115119116107 94 81 71 67 69 76 87101115127134133124109 92 78 70251031QE 4 61191721134999999999999991011 672328 6999999999999999
 71 79 93109124132130118100 80 64 57 58 68 84104124139146141125102 78 592511 1QE 51913218 6146999999999999991121 56999999999999999999999
 51 56 71 94118138148144126101 74 53 44 48 64 86113137154157145120 87 572511 2QE 613148184415899999999999999 0 8 511210 4499999999999999
 37 33 45 69100132156165156131 97 63 40 33 43 65 95127153168164143108 672511 3QE 7 0165192016999999999999999 045 321254 3399999999999999
 34 16 19 40 73112148172178163130 89 52 30 28 44 73108142168177165134 902511 4QE 746179195717799999999999999 122 151336 2699999999999999
 46 13  2 12 41 81125163185186164125 80 42 24 28 51 851231561771791581202511 5QE 832189203418199999999999999 2 0  21418 2399999999999999
 72 28  0 -5 13 47 91137173192187159116 71 37 26 36 63 991351651791731462511 6QE 917193211218099999999999999 241 -615 0 2699999999999999
104 56 17 -4 -2 21 57102145177190180149106 65 38 33 48 771111441671731612511 7QE10 3190215117399999999999999 323 -61543 3299999999999999
131 90 47 14  1  8 33 69110148174181167136 98 63 45 46 63 901201451601612511 8QE1050181223216299999999999999 4 8  11626 4399999999999999
145117 80 45 21 13 23 46 79114145164167153125 93 67 55 60 76 991221391482511 9QE1139168231614899999999999999 455 131711 5599999999999999
145131107 78 50 33 29 38 59 85113137151151139117 92 74 67 72 85101117128251110QE1233153999999999999999999999 546 2818 2 6799999999999999
133131120103 81 60 47 44 52 67 87109127137138129113 95 82 77 80 87 97107251111QE 011133133613999999999999999 645 4419 6 7799999999999999
115120121115104 88 72 60 56 60 71 86102117127130125114100 88 81 80 83 88251112QE 139121145313099999999999999 758 562047 8099999999999999
 95103111117116109 96 82 69 63 64 70 82 97111123128126116103 89 79 73 73251113QE 328117161212899999999999999 926 622238 7299999999999999
 77 85 97109119122116104 88 73 64 62 67 79 95111124131128118102 84 70 62251114QE 4511221715131999999999999991044 622337 6099999999999999
 61 67 80 97114126129123108 88 71 60 58 65 79 98116130136131116 95 73 57251115QE 55112918 2136999999999999991142 57999999999999999999999
 49 51 63 81103123135137127107 84 64 53 54 65 84105125138140129108 82 58251116QE 638138183914099999999999999 016 491226 5299999999999999
 42 38 46 64 88114134145142126101 75 55 48 53 70 93117136145140123 96 66251117QE 718145191114599999999999999 049 3813 3 4899999999999999
 42 30 33 48 72100127146152143121 91 64 47 45 57 79106130145148135111 79251118QE 755152194014899999999999999 120 291338 4499999999999999
 49 29 23 33 55 84114140155155139111 79 54 42 47 66 92120142151145125 94251119QE 82915720 815199999999999999 151 231412 4299999999999999
 61 34 20 23 39 66 98129151160152129 97 66 46 42 54 78107133150151137110251120QE 9 2160203615399999999999999 221 191445 4199999999999999
 77 45 24 18 28 50 81113141158159144116 83 56 43 46 65 92121143153146125251121QE 93416021 515399999999999999 251 181517 4299999999999999
 94 60 33 20 22 38 64 96126149158152131101 71 50 45 56 78106132148149135251122QE10 6158213515099999999999999 322 191549 4599999999999999
109 78 48 27 21 30 51 79109135151153141117 88 63 50 52 67 91117137146140251123QE103915422 714699999999999999 353 211623 4999999999999999
122 95 65 40 27 28 41 64 91118138147144128104 79 61 54 61 79101122136138251124QE1114148224213999999999999999 427 261658 5499999999999999
128109 83 57 39 32 37 53 76100121136140133117 95 75 63 61 70 87105121129251125QE1152140232313099999999999999 5 3 321737 6099999999999999
128117 99 76 55 41 39 47 63 83104120130131124109 91 75 67 67 76 89103115251126QE1239132999999999999999999999 545 381826 6699999999999999
120119110 94 75 58 47 46 54 69 86103116124125118106 91 77 70 69 75 85 96251127QE 018121133812599999999999999 636 451934 6999999999999999
106113114108 95 79 63 53 51 58 70 85100112120122118107 92 78 68 65 68 76251128QE 138114145012299999999999999 741 5121 1 6599999999999999
 87 99109114112101 86 69 57 53 57 67 81 96110121125121110 93 75 61 54 56251129QE 31111416 212599999999999999 9 0 532219 5499999999999999
 65 79 96111121121111 94 75 59 51 53 63 78 96113126131127112 90 67 48 39251130QE 43112217 3131999999999999991018 512317 3999999999999999
 42 54 74 97118132133122102 78 57 46 47 59 77 98119135140132112 83 54 322512 1QE 5381341754140999999999999991125 45999999999999999999999
 23 29 46 73102129145147133108 78 53 40 42 56 78104128145148135108 73 392512 2QE 636148184214899999999999999 0 7 231222 3999999999999999
 16  9 19 42 75110141158159141110 75 47 34 38 56 83113139154153135102 622512 3QE 731161192815699999999999999 054  91315 3499999999999999
 25  2 -2 13 42 80120152169167144108 70 41 30 38 60 90122147160155131 932512 4QE 822171201416199999999999999 141 -314 4 3099999999999999
 50 13 -7 -7 12 46 87129161176169143103 64 37 29 41 66 981301531621521252512 5QE 91217721 016299999999999999 229 -91452 2999999999999999
 84 41  7-10 -6 17 53 95136166177166136 95 58 35 32 47 741061351551591462512 6QE10 0177214616099999999999999 317-111538 3199999999999999
116 76 35  5 -7  1 26 62103141166172157125 86 53 36 38 55 821111361511522512 7QE1047172223215399999999999999 4 5 -71623 3499999999999999
136106 69 33  8  1 12 38 72109141161162144113 78 51 40 46 64 881131331432512 8QE1133163232014499999999999999 452  117 8 4099999999999999
141125 98 65 34 16 14 26 51 82113138151148130101 73 52 47 54 71 911101252512 9QE1219152999999999999999999999 539 131754 4799999999999999
132129114 91 63 40 27 28 41 63 89114132139134117 93 70 56 53 61 74 89104251210QE 01213213 514099999999999999 626 261843 5399999999999999
115121118106 87 66 48 39 42 54 72 92111124128122107 88 70 59 58 63 73 84251211QE 111121135312899999999999999 715 391942 5799999999999999
 96106111110102 87 70 57 51 53 63 77 93107117119114101 85 71 61 58 61 68251212QE 222112144812099999999999999 812 512058 5899999999999999
 78 89 99106107102 91 77 65 59 60 67 79 92104112115110 99 84 70 60 55 56251213QE 343108154911599999999999999 921 592220 5499999999999999
 62 71 84 96106109106 96 82 70 63 62 68 78 91103112114109 98 82 67 54 48251214QE 5 11091651114999999999999991036 612325 4799999999999999
 48 56 68 83 99110115112101 85 71 62 60 66 78 92106115116110 96 78 60 46251215QE 6 51151744117999999999999991142 60999999999999999999999
 40 42 52 68 87106119123117103 85 68 57 56 64 79 96111120120110 92 70 50251216QE 657123182912199999999999999 014 391236 5699999999999999
 36 32 37 52 73 96116129131121102 79 61 51 53 65 84104120127123108 85 60251217QE 74013119 812799999999999999 056 321320 5199999999999999
 39 27 26 36 56 81107127138135120 96 71 52 46 52 70 93115129132122102 75251218QE 819139194413299999999999999 134 251359 4699999999999999
 48 28 19 24 40 65 93120139145136114 86 60 44 43 55 78104125137134118 92251219QE 855145202013799999999999999 210 191435 4199999999999999
 62 35 18 15 25 47 76107132147147131104 73 49 38 44 63 89116135141132110251220QE 929149205514199999999999999 244 141510 3899999999999999
 80 48 24 12 15 31 58 90120142151143121 90 60 41 37 49 73101126140140125251221QE10 3151213014299999999999999 318 111544 3699999999999999
 98 66 35 15 10 19 42 71103131147149134107 76 49 36 40 57 84111132141135251222QE103615022 714199999999999999 351 101617 3599999999999999
115 85 52 25 11 12 28 54 85115138148142122 93 63 42 36 46 67 93117134137251223QE11 9148224613899999999999999 424 101652 3699999999999999
127103 72 42 20 12 20 40 68 97123139143131108 80 54 39 39 53 75 99119131251224QE1144143232813299999999999999 459 121729 3899999999999999
130117 92 62 36 19 18 30 53 80106126137134120 96 70 49 40 44 59 79100117251225QE1219137999999999999999999999 536 161810 3999999999999999
125122108 84 57 35 24 27 42 64 88110126131125109 86 63 47 41 47 61 79 98251226QE 016126125913199999999999999 617 231859 4199999999999999
112119116102 81 57 39 32 37 52 72 93111122124117102 81 60 46 41 46 59 75251227QE 112119134512599999999999999 7 5 311958 4199999999999999
 92106114112101 83 63 47 41 45 59 76 94108118119113 98 79 60 45 39 42 53251228QE 220114144312099999999999999 8 3 4121 8 3999999999999999
 68 86102112113105 90 72 56 49 51 61 76 91105115118113 99 80 59 42 33 34251229QE 340114155311899999999999999 916 492223 3399999999999999
 44 60 80 99113119114101 83 65 54 53 60 72 87103115120117103 82 58 37 25251230QE 5 411917 7120999999999999991040 522334 2399999999999999
 24 34 52 75 99118128126113 93 72 56 51 55 67 84103118126123108 84 55 30251231QE 62212918151269999999999999912 2 51999999999999999999999
