  9-14-11 17 63118170208224219195161127103 97110137172204222218191145 8925 1 1QG 814225192122399999999999999 123-161350 9799999999999999
 36 -3-17 -5 31 83139188218226212181145112 94 9511414618321222521418013025 1 2QG 84922620 322599999999999999 2 2-171427 9299999999999999
 74 25 -6-11 10 51105159201223221200166129101 88 9511915318821422020316625 1 3QG 926225204722199999999999999 242-1215 9 8899999999999999
117 65 23  1  4 31 75127175209221212186151116 91 84 9512015418720820919025 1 4QG10 3221213421199999999999999 322  01554 8499999999999999
154108 64 31 18 28 57100147187211215200171136104 84 79 9211714917919619525 1 5QG1041216222819899999999999999 4 4 181644 7999999999999999
177146108 72 49 42 55 84122161192208205187158125 95 76 73 8510913816518025 1 6QG1122209233418399999999999999 449 421743 7299999999999999
181168144116 89 73 70 82107138169192201196177148116 87 69 64 73 9512214725 1 7QG12 7201999999999999999999999 540 691850 6499999999999999
165171166151131111 98 96105123147171188195189170143111 81 59 51 57 7610325 1 8QG 1 117113 219599999999999999 643 9520 4 5199999999999999
130153167171164150134121116119131149168184191186169141107 73 48 35 39 5725 1 9QG 24817114 819199999999999999 8 91162117 3599999999999999
 85118148171181180170153137126124131146165182192189172141103 64 34 18 2025 110QG 424182151819299999999999999 9451232222 1699999999999999
 40 73113151180196196185165143127120126142164185197195176142 97 53 18  025 111QG 53319816231989999999999999911 31202319 -199999999999999
  4 29 69117161193210208192166139119112120140167192206203179139 88 39  225 112QG 6252111719207999999999999991159112999999999999999999999
-13 -4 28 75128175207220213190158128108104117143175203216208178131 75 2425 113QG 7 722018 921699999999999999 0 8-14124410399999999999999
-10-20 -3 36 90145191219224209179143112 96 98118151186213222207170117 6025 114QG 744225185322299999999999999 051-201322 9599999999999999
 11-17-17  9 55112166206224220196161124 97 88 9912516219722022119815510025 115QG 817225193422499999999999999 131-201358 8899999999999999
 45  4-14 -4 31 82138186216222207177139106 86 8610413617320522021318313625 116QG 847223201122099999999999999 2 7-141431 8499999999999999
 82 34  4 -1 20 61112163201218213189154118 91 80 8911314618120621219716225 117QG 914219204721399999999999999 241 -215 3 8099999999999999
116 69 32 15 22 51 94142184209213197167132100 81 80 9412215418420019817725 118QG 940214212320299999999999999 312 141536 7899999999999999
142100 63 39 35 51 84126167197208200177145113 88 77 8210112815717918818025 119QG10 520822 118899999999999999 342 341611 7799999999999999
157126 93 67 55 60 82114151182199200184158127100 82 77 8510412915316817225 120QG1031202224517299999999999999 412 541651 7799999999999999
162143118 95 80 77 87109138166186194187168142115 92 79 77 8610312414315525 121QG11 0194234415799999999999999 444 761740 7699999999999999
157150137120106 98100111129151171182183174156132109 89 78 76 83 9711413025 122QG1136184999999999999999999999 521 971843 7599999999999999
142147146140131122117119127139154167174174165149129107 88 75 70 74 8510125 123QG 119148122617599999999999999 61811720 2 7099999999999999
119134145151151146139133131133140150160167169163149129106 84 67 58 59 7125 124QG 326152134416999999999999999 8 21312122 5799999999999999
 89112134152163166161152141133130134143155166171167154131103 75 53 41 4225 125QG 45016615 917199999999999999 9571302224 4099999999999999
 57 82112142166180182173158141127122126138156172180177160131 95 60 33 2125 126QG 54018216151819999999999999911 41222313 2099999999999999
 26 47 81121158185197194178155131115110120139164185194188164126 81 40 1125 127QG 61819817 81959999999999999911491102356  199999999999999
  1 14 46 90137178204211200174143115100101119147178202210197163115 62 1725 128QG 6512111754210999999999999991225 98999999999999999999999
-10-12 11 54107160200221219197161124 96 86 96123160196220222200156 99 4125 129QG 724223183622499999999999999 035-1513 1 8699999999999999
 -3-24-16 19 71131184220231218184142102 78 75 95131175213233228196143 8125 130QG 756231191923499999999999999 113-241336 7399999999999999
 24-15-26 -7 38 97158207234232207164117 80 62 69 9814218822423822518512825 131QG 82723620 123899999999999999 151-261413 6299999999999999
 66 14-15-14 15 66127184224237223188140 93 61 52 6810315019622823421317025 2 1QG 859237204423599999999999999 228-181451 5299999999999999
114 57 16 -1 10 46 99156204230230206163115 72 48 47 6910815519722122119725 2 2QG 930234212922499999999999999 3 5 -11532 4599999999999999
155105 59 30 25 44 82131179214226215183139 94 59 42 47 7211015318820620225 2 3QG10 0226221920799999999999999 343 241615 4199999999999999
179143104 72 55 58 80115155191212213195161120 81 53 42 49 7310714417218525 2 4QG1032215231818699999999999999 421 5417 5 4299999999999999
182165140113 93 85 92112140169192202196176145110 77 54 45 51 70 9812715125 2 5QG11 8202999999999999999999999 5 2 8518 6 4599999999999999
164166158145130119115120134152170183187181164139110 81 59 48 49 62 8310725 2 6QG 041166115318799999999999999 5541151925 4799999999999999
130148158161157150143138137142151161170174172161142117 89 65 48 42 48 6525 2 7QG 254161131217599999999999999 73513721 0 4299999999999999
 89116141160172174170160149141137139148159169173169153128 97 65 41 29 3125 2 8QG 44917415 31739999999999999910 61372220 2899999999999999
 48 77111145171187191183167148131123125136154172183182166136 98 59 28 1325 2 9QG 54719116261849999999999999911201222319 1299999999999999
 17 39 75118158188203202186161134114106112132158183198196175138 92 46 1325 210QG 62520517241999999999999999912 3106999999999999999999999
 -1 10 41 86135178206215204178145113 94 92107136170199213206177131 77 2925 211QG 657215181021399999999999999 0 4 -11237 9099999999999999
 -1 -6 14 55107159199220218196160121 91 78 85111148187215223206167114 5825 212QG 724222185022399999999999999 042 -713 8 7799999999999999
 14 -7 -1 31 80136185217225210176134 95 72 69 87122165203225223196149 9325 213QG 749225192522799999999999999 116 -81337 6799999999999999
 41  7 -1 18 59113167208226219190149105 73 60 69 9813918221522621317712725 214QG 813226195922699999999999999 147 -214 5 6099999999999999
 73 30 10 16 47 95148194221223202163119 80 57 56 7711215619521821819515425 215QG 834226203122199999999999999 215  91432 5499999999999999
105 59 30 25 45 83132179212223209176133 91 61 50 61 8912816920021220217225 216QG 85522321 321299999999999999 242 241459 5099999999999999
131 89 56 42 50 78119164200217212186148106 71 51 52 7110314117519619818125 217QG 916218213620099999999999999 3 8 421529 4999999999999999
151115 83 64 63 80112150185207210193161122 86 60 51 59 8211414717318418025 218QG 938211221218599999999999999 333 6116 0 5199999999999999
162136109 89 81 89110139170193202193170138104 75 59 57 69 9211914516316825 219QG10 1202225716899999999999999 4 0 811637 5699999999999999
162148129113103103114133156176188188174151123 96 75 64 65 76 9511613614825 220QG1027190999999999999999999999 4281021726 6399999999999999
153150143133125121124133146161172176172159141119 97 80 71 70 76 8910512125 221QG 0 715311 117699999999999999 5 51211838 6999999999999999
134143147148145142139139142148155160163161153141124105 87 74 67 67 75 8925 222QG 23614812 416399999999999999 6311392026 6699999999999999
107125142154161162158152145140139142149155159158150135114 91 70 55 50 5725 223QG 439163142116099999999999999 9431392156 5099999999999999
 74 98126151171180179170155139128124130142156169173166147119 86 56 35 2825 224QG 52518115561739999999999999910541242253 2899999999999999
 39 64 99137170192199191171146123108108121143168187194184157117 74 35 1225 225QG 55719916551949999999999999911331062337  799999999999999
  9 28 65112158195214213193161126 98 87 94118152186210215197159108 55 1325 226QG 62721617432169999999999999912 6 87999999999999999999999
 -8 -2 29 78134185220231217183139 98 71 68 87123168208232231203154 93 3625 227QG 656231182823599999999999999 017 -91240 6699999999999999
 -4-17  1 44102164213239237208161109 67 47 54 86134186228248238200142 7825 228QG 725242191124899999999999999 054-171314 4699999999999999
 22-10-11 18 71134194235247230187131 76 39 29 48 9014620124125323418912825 3 1QG 754248195325399999999999999 131-151350 2999999999999999
 66 19 -1 10 48105167219246242210158 98 48 19 21 50 9915721024324622117425 3 2QG 823248203724899999999999999 2 8 -11427 1699999999999999
116 63 29 22 43 85140194232243225183127 70 28 11 22 5710816420923322920225 3 3QG 852243212223499999999999999 244 2115 6 1199999999999999
158110 71 51 55 81122169210231227199154101 53 21 14 30 6711416219821320625 3 4QG 921233221021399999999999999 320 491548 1399999999999999
182148113 88 80 90116151186211218204173131 86 48 27 25 42 7511515217818825 3 5QG 95021923 818999999999999999 356 801635 2399999999999999
183167145124112111122142166188200198181153119 84 56 41 40 53 7810713515525 3 6QG1021201999999999999999999999 4341101733 3899999999999999
166167161151141136136143154167177182178165145120 94 72 57 52 58 73 9311525 3 7QG 03716711 218299999999999999 5251351857 5299999999999999
135150160164163160155151150151155159163164159149132112 89 70 58 55 61 7725 3 8QG 320164124016499999999999999 8 31502049 5499999999999999
 99123146164176179174165153142136135141151160166163150129102 75 54 44 4825 3 9QG 45417915121669999999999999910311352214 4499999999999999
 64 91123154178191192181162141123114117130149168181181167139104 69 42 3125 310QG 534193163118299999999999999111811423 8 3199999999999999
 37 61 96136172196205198176147119100 94105128158184199197176140 96 56 2825 311QG 6 22051723200999999999999991149 942349 2199999999999999
 21 36 70114158194213212193160123 93 78 82103137174203215205175130 80 4025 312QG 62721518 4215999999999999991218 77999999999999999999999
 18 21 48 91140185214222207175133 94 68 63 79112155195220224204163112 6225 313QG 650222183922599999999999999 022 171244 6299999999999999
 28 18 34 71121171210227219190147101 66 50 58 87129176213230222191144 9125 314QG 711227191223199999999999999 053 181310 5099999999999999
 48 26 30 58104155200226227203162113 70 44 42 6410315119622523021117112125 315QG 732230194323299999999999999 120 241335 4099999999999999
 74 43 35 53 91140187220230214177128 80 45 33 45 7812317121022822119214925 316QG 752230201422899999999999999 147 3514 0 3399999999999999
102 66 49 55 84126173210228220189144 94 53 31 33 57 9714418721522020317025 317QG 812228204422199999999999999 213 481425 2999999999999999
129 91 68 65 83117158196220221199159112 68 38 30 43 7411716019421020518325 318QG 833224211621099999999999999 238 631453 2999999999999999
150115 90 80 88112146181208216203172130 87 53 35 38 59 9313216819119718625 319QG 854216215019799999999999999 3 3 791522 3499999999999999
163136112 98 98112137166192205201180147108 74 50 42 52 7510613916517917925 320QG 917206223018199999999999999 329 961556 4299999999999999
168151132118113119134155176190193182159129 98 72 57 55 66 8611213615516425 321QG 942194233116599999999999999 3571131638 5499999999999999
164157147137131130136148161173179176165145122 99 80 69 67 74 8810612514025 322QG1013179999999999999999999999 4331301742 6699999999999999
150156157154150147145146150156162165163156144128110 92 79 72 72 79 9211025 323QG 14215711 916599999999999999 6 21451931 7199999999999999
128144158166169166160152145141142146152157159154143125104 84 68 60 62 7625 324QG 357169134515999999999999999 9201412116 6099999999999999
 97123149171184187179164146131122123133147163173174163140111 80 55 41 4425 325QG 44418715341759999999999999910251212221 4099999999999999
 62 93130166192205201184156128106 98104124152178196198182151110 69 37 2325 326QG 51720516381999999999999999911 3 9723 8 2399999999999999
 31 59101148190216222207175135 98 75 72 91124165200221221197155103 54 2125 327QG 5472231728224999999999999991137 712350 1199999999999999
 12 29 69121175217237231200154103 63 44 52 84131183224244237203151 92 4125 328QG 6162381814245999999999999991212 44999999999999999999999
 13 13 41 91150204239247226180122 66 29 20 40 85144201243258243201143 8225 329QG 646248185925899999999999999 029  91248 1999999999999999
 37 17 28 66121180229252244208150 86 32  3  6 38 9315721625326023819113325 330QG 716253194426199999999999999 1 8 171325  099999999999999
 78 43 35 55 98153207243251229180117 54  7-10  4 4510416922225125122417825 331QG 746252202925599999999999999 146 3414 3-1099999999999999
126 82 59 62 88131181223245238204150 88 32 -3 -9 13 5711617421823823220525 4 1QG 816246211623999999999999999 224 571443-1099999999999999
166125 94 83 93120159198226233215176124 70 26  2  4 29 7212317120421720925 4 2QG 84723422 721799999999999999 3 2 831526  099999999999999
187158130112109121145175202217213190153109 66 33 18 24 47 8312416018419325 4 3QG 91821723 819399999999999999 3411081615 1899999999999999
189175157140131132142159178193198190170140107 75 51 41 44 61 8811814416425 4 4QG 954198999999999999999999999 4261301714 4099999999999999
174175171162154148147151159168175177171158139116 92 73 62 60 69 8610712925 4 5QG 042176104517799999999999999 5421461839 6099999999999999
149163172174172165157151147147150155160161158148132113 93 76 68 68 79 9725 4 6QG 258174125316299999999999999 8311462025 6799999999999999
120143164178184182172157142131127130139151162168164151129104 81 66 62 7225 4 7QG 41218415 81689999999999999910 71272147 6299999999999999
 92120149175191195187169146124109106114131153173183181165138106 77 59 5625 4 8QG 45119516201849999999999999910481052240 5599999999999999
 70 97131165192205202184155124 99 86 89107135165189200194171136 98 67 5125 4 9QG 51920517 9200999999999999991120 852319 5099999999999999
 55 77112152187209213199169132 96 73 67 81110147183207214199168126 86 5825 410QG 5432141748214999999999999991147 672353 4999999999999999
 49 63 94136177209221212184144101 67 52 58 84123167203222220196156111 7425 411QG 6 62211823224999999999999991213 51999999999999999999999
 54 56 80119164202224223199159111 69 43 39 59 96143188220230217184140 9725 412QG 627226185623099999999999999 023 521238 3899999999999999
 67 58 72106149192221229212175126 77 41 27 38 7011616620823022920616712325 413QG 649229192723399999999999999 052 5813 3 2799999999999999
 86 68 72 96135178213229221190143 91 48 23 24 47 8913918722023121918814825 414QG 711230195823199999999999999 120 671329 2099999999999999
109 83 77 92123163201224225203161110 62 28 18 31 6511116120122322320316925 415QG 733228202922699999999999999 147 771356 1899999999999999
132103 89 94116149186214223211177131 82 42 21 23 47 8613217620621720818425 416QG 75722321 221799999999999999 214 881425 1999999999999999
153123104101113139170199215212189151105 64 35 26 37 6610614718220220419125 417QG 821216213720599999999999999 2421001456 2699999999999999
168142122112116133157183202207194166129 89 57 39 38 54 8311915417919118925 418QG 848207222019299999999999999 3121121532 3699999999999999
176158140128125132147167185195192176149116 84 61 49 53 69 9412415117017925 419QG 918196232117999999999999999 3461251616 4999999999999999
177169157145138137143154167178183177162140114 90 71 62 64 76 9612014216025 420QG 958183999999999999999999999 4381371719 6299999999999999
170173171164155148144145150158165169167158143123102 84 72 69 76 9011113325 421QG 1 1173111117099999999999999 6221441850 6999999999999999
154170179181175165153142135135141151160166165156140118 96 77 67 68 8010225 422QG 244181132316799999999999999 8301352026 6699999999999999
129156179193195186168146127114113122139159175182177159133103 76 59 57 7125 423QG 34219515 618299999999999999 9381122137 5699999999999999
 98133168196210208190161128100 85 87105134166192204200178144104 70 50 4925 424QG 4222111614205999999999999991023 842231 4799999999999999
 69104147188217226214184141 98 66 53 64 94136179213228220192149102 64 4525 425QG 45722617102289999999999999911 2 532318 4499999999999999
 50 77120169211235236210166111 62 30 25 47 90144196234247234198149 99 6225 426QG 53023918 0247999999999999991141 24999999999999999999999
 48 60 94143193232247234196139 77 27  1  6 39 93156212248258239198146 9725 427QG 6 4247184925899999999999999 0 2 481220 -199999999999999
 66 59 78118168215245249223172108 45  0-17 -2 4110216822325425823419214225 428QG 637251193626099999999999999 045 5813 1-1799999999999999
100 76 78102143190229249240203146 81 22-15-21  2 5111317622525024822218225 429QG 712249202425299999999999999 127 741343-2399999999999999
139106 92 99126165205234242223180123 62 12-14-13 16 6512418022023723220725 430QG 747242211423899999999999999 2 9 921427-1799999999999999
173140116110120146179210229226202159107 55 16 -2  5 34 8013117720821921325 5 1QG 82423022 722099999999999999 2521091513 -299999999999999
193167143128126137158184206215207182144100 59 30 19 28 54 9213416919320225 5 2QG 9 421523 820299999999999999 33912516 4 1999999999999999
197183165148138137145161179193197188168138104 73 51 42 50 7010013216017925 5 3QG 951197999999999999999999999 43613617 2 4299999999999999
188187179167154145141145154166175179174161140115 90 72 63 67 8110312915325 5 4QG 024189105717999999999999999 5581411813 6399999999999999
171182185180170157145138136140149159166167162148129108 90 78 77 8710412725 5 5QG 151185124416899999999999999 7461361937 7699999999999999
151171184188184171155138125120123133147160169169161143122101 86 82 8910625 5 6QG 259188143417099999999999999 9 91202053 8299999999999999
130156178192195186168145122106100106121143163178182173154129105 88 83 9125 5 7QG 34519515491829999999999999910 01002152 8399999999999999
112140168191202199183157126100 84 82 94118147174191194183159130103 86 8425 5 8QG 4192031643195999999999999991038 812237 8399999999999999
 97123155185205210198172137101 75 63 69 91124160190206205187158125 98 8425 5 9QG 44821017262079999999999999911 9 632316 8499999999999999
 88108140174202216211188151109 73 51 48 65 97138178207218210185151117 9325 510QG 51521618 4218999999999999991138 462351 8699999999999999
 86 98125160194216220203168124 79 46 33 42 7011215819722122420817714010925 511QG 54122118392259999999999999912 6 33999999999999999999999
 92 93113145181210224215186142 93 51 26 24 45 8413217821322922319916412925 512QG 6 7224191322999999999999999 024 901235 2299999999999999
103 95105132166200221223202162113 65 29 16 26 5710315319622322921518515025 513QG 634225194623099999999999999 056 9513 4 1699999999999999
120103103121151185213224214182136 86 43 18 16 37 7512417220822522220117025 514QG 7 2224202022699999999999999 1271011335 1499999999999999
138115107116139170200219219198160112 65 30 16 24 53 9614318521222021018625 515QG 731221205522099999999999999 15910714 8 1699999999999999
157131116116130155183207217207179138 92 52 27 23 39 7111415719120921019725 516QG 8 2217213421299999999999999 2311141443 2299999999999999
174149129121126143166191207208192161122 81 49 32 34 54 8712716419120320025 517QG 835210221820399999999999999 3 71211523 3199999999999999
186166146132128135151171190200197178148113 79 53 42 48 68 9913416518719625 518QG 915201231419699999999999999 3511281610 4299999999999999
193181164148136133139152169183190185169143113 84 63 54 59 7810513616418425 519QG10 7190999999999999999999999 45113317 7 5499999999999999
193192182166150137131134144159172180179167146121 95 75 65 68 8310713616325 520QG 021194112118199999999999999 6111311817 6599999999999999
184195196186169149132121120128143161174179174158135110 87 74 73 8510813725 521QG 13219713 017999999999999999 7371191935 7299999999999999
166190203203191168142117101 97107127151173187188176153125 98 80 76 8611025 522QG 231205143518999999999999999 845 972048 7599999999999999
142174200214211192161125 93 73 70 84113147179200206195170138106 84 78 9025 523QG 320215155020699999999999999 940 692151 7899999999999999
116151187214225216188146101 63 42 43 65103148189217225213184147112 88 8225 524QG 4 32251653225999999999999991028 392247 8299999999999999
 96126165202227233215177126 73 32 13 21 52100154202232240225193152115 9225 525QG 4442341750240999999999999991113 122338 8899999999999999
 89107140181217238236208161102 46  6 -8  7 4710316321324324823019515411825 526QG 5252401842249999999999999991158 -8999999999999999999999
 98 99120155196229243232197142 80 24-12-19  4 5011117222124824922819215225 527QG 6 6243193325199999999999999 027 961244-2099999999999999
120105110134169207235242224182124 63 11-18-18 10 6012118022424524222018525 528QG 648243202324799999999999999 1141041330-2299999999999999
149122112121146180214235235212167110 53  8-13 -7 24 7413218422123723020825 529QG 731238211223799999999999999 2 11121417-1499999999999999
176145125120131155187215229224197153101 51 15  1 11 43 9014218621522521725 530QG 81523022 022599999999999999 24811915 4  199999999999999
195168143127125138160187209218209183143 98 57 29 21 34 6510615018620821325 531QG 9 1218224921399999999999999 3371241552 2199999999999999
203184161141129129140160182199204194171137100 68 47 43 57 8512115718520025 6 1QG 952204234020399999999999999 4301271642 4399999999999999
203193176156139129128138154172185189181163136107 82 67 66 7810213216218425 6 2QG1051189999999999999999999999 5311271735 6499999999999999
195196187171152135125123130143159172177173160140117 97 85 85 9611614116625 6 3QG 03319712 617799999999999999 6421231833 8399999999999999
184194193184167147129116113118131147161170171164148129111100 9910812614825 6 4QG 127195133717299999999999999 7541131938 9899999999999999
171187196193181162139117103 9810411913815717117617215814012211010811613325 6 5QG 21819615 217699999999999999 856 98204410899999999999999
155177193199194177153125101 85 82 9111113516017818618216814812911611312225 6 6QG 3 3199161018699999999999999 945 82214411399999999999999
140163185200203192170139107 80 66 67 8210914017019119819217515213011711525 6 7QG 34420417 3198999999999999991026 65223611499999999999999
127148173195207205187157120 84 59 49 57 8011515218420520919817615012811625 6 8QG 42220817472099999999999999911 3 49232211599999999999999
118133158184205213203177139 97 61 39 36 53 8612716820021721619917214412325 6 9QG 4582131826218999999999999991138 35999999999999999999999
115122142170197214215196162117 73 40 25 31 57 9814418621422421619316413625 610QG 53321719 222599999999999999 0 21151212 2499999999999999
118116129154184209220213185143 95 52 24 17 33 6811516220122322621118315325 611QG 6 7220193822799999999999999 0391151247 1799999999999999
128116120139168198218222205170122 74 35 15 18 43 8413317921322722220117125 612QG 642223201322899999999999999 1141151322 1399999999999999
142122116127151181209223219194152103 57 24 13 25 5710215119321922621418925 613QG 717224205022699999999999999 1491161359 1399999999999999
159133119120136163192216223211180135 87 45 21 18 37 7412116720322122120425 614QG 754223212822499999999999999 2251171437 1699999999999999
178149127118125144172199217218200165121 76 41 24 29 53 9213717920922021425 615QG 83422022 822099999999999999 3 51181518 2399999999999999
195168141123119128149175200213210189154112 73 45 34 44 7110915218821121725 616QG 919214225121799999999999999 35011816 1 3499999999999999
207186160135120117127148173195205200180148111 77 55 49 61 8812516319421225 617QG1011206233821599999999999999 4421161649 4999999999999999
214202180153129114111121141165186196193176149117 89 70 66 7810413717119725 618QG1116197999999999999999999999 5431101744 6699999999999999
212211198174146120103 99107127152175188190178157130105 88 84 9411714617625 619QG 029213123619199999999999999 650 981847 8499999999999999
200212211195169137108 87 81 8911013716418419218717114812410610010712615325 620QG 12221314 719299999999999999 757 81195910099999999999999
181203215212193163127 92 67 59 67 9112415718520020118816614212211211613325 621QG 217215153320299999999999999 9 0 59211311299999999999999
158185208219214192156114 74 45 35 46 7411315519021121620518215513211912125 622QG 312219164621799999999999999 959 35222311899999999999999
137162191214225217190148100 54 24 14 28 6210915819922423021819316313612225 623QG 4 52251749230999999999999991054 14232512199999999999999
123140167198222231219187139 85 37  6 -1 18 5811016420823423922419616313525 624QG 4582311843240999999999999991146 -2999999999999999999999
121124143173206230236220183130 72 23 -7 -9 15 6111817421824124222419215825 625QG 548237193324599999999999999 0201201235-1199999999999999
130119125147180213236239218175119 61 14-11 -8 22 7213018522524323921618325 626QG 637240201824499999999999999 1 91181323-1399999999999999
148124116127153187220239237211165109 53 11 -6  3 38 8914619622924023020325 627QG 725241205924099999999999999 15511614 8 -799999999999999
169138118116131159193222237229200153 99 49 16  7 23 6011116320623023221625 628QG 810237213723499999999999999 2381141451  699999999999999
188155128114117135164196220229216185141 92 51 28 27 48 8713417921222622125 629QG 855229221322699999999999999 3201131532 2499999999999999
201172142120112119138166194213216200170130 90 59 46 52 7711415619221421925 630QG 939217224721999999999999999 4 31121610 4699999999999999
208185157132115111120140165188201200184157125 94 74 68 8010513917319921225 7 1QG1026203232021399999999999999 4481101649 6899999999999999
210195172146124111109119137159178187185172151126104 92 9210512915718320125 7 2QG1120188235720799999999999999 5381081729 9099999999999999
20720018416113711710610511413115016617517616715213411911111312514516818725 7 3QG1231177999999999999999999999 635104181811099999999999999
199201193176153130111 99 9810612113915616817316915914613412812913815417225 7 4QG 04120214 317399999999999999 739 97192112799999999999999
187197197188170147123102 89 87 9511113115216817717817115914713913814415625 7 5QG 134198153417999999999999999 844 86204113799999999999999
172187196196186167141113 90 76 73 8310212815417518819018317015514413914425 7 6QG 233197164319099999999999999 942 73215913999999999999999
156172188198198186163133101 75 60 59 73 9913116218720120219217415614213625 7 7QG 3312001735203999999999999991032 5823 013699999999999999
142156175194204202186157121 85 57 44 48 6910214017620221421119517215013525 7 8QG 4222051816214999999999999991116 43234713199999999999999
131141160183203213206184147105 66 39 30 41 7111115519321722421419116414025 7 9QG 5 82131853224999999999999991156 30999999999999999999999
127128143168195215221208177134 87 47 23 21 42 8012717321022922821018215225 710QG 550221192823199999999999999 0261251234 1999999999999999
129120128150180209227227206166117 67 29 12 19 49 9514719322523622720116825 711QG 63023020 223699999999999999 1 21201312 1199999999999999
137118116131160193222236228198152 98 49 17  9 26 6411616821223623822018825 712QG 710236203524099999999999999 1371141349  899999999999999
152123109115137171206232239223186135 81 37 13 15 41 8613919022624123420825 713QG 75023921 924299999999999999 2131091426 1199999999999999
171136111104116144180214236236213172121 70 34 19 30 6311116320823524022425 714QG 831239214224199999999999999 25110315 4 1999999999999999
192154120101100117148185216233227201159111 68 40 35 53 8913718422123823325 715QG 916233221623899999999999999 333 981543 3499999999999999
210175138108 93 96117149184212224215189151109 75 57 59 8011616019922623325 716QG10 5224225223399999999999999 418 921624 5599999999999999
222195160124 97 86 92113144177201211203181149117 91 80 8610814017620722425 717QG11 2211233222799999999999999 5 9 8617 9 8099999999999999
225209182147114 89 79 8510513416418719819417915613211310611213115718520725 718QG1214198999999999999999999999 6 8 7918 310699999999999999
219216200173139107 82 71 75 9211914817218819118416915213713013314516418625 719QG 019219134919199999999999999 715 70191313099999999999999
203212210195169136103 76 61 61 7510113216118319519618717215814714415016425 720QG 118213153319799999999999999 830 59204914499999999999999
182199209210197171137100 68 48 44 57 8411915618620521120418917015414614725 721QG 231211165721199999999999999 943 43222214599999999999999
159177197212215204177138 96 57 33 27 41 7211415819421822521719817415213925 722QG 3452161757225999999999999991048 26232913799999999999999
139152175200219225212182138 88 45 17 12 31 6911816720823223722319816714125 723QG 4502251845237999999999999991143 11999999999999999999999
128131149178208230236220183133 78 32  6  5 30 7513018322324324122018815325 724QG 546236192524599999999999999 0201271231  299999999999999
127116125150185219241243221178122 65 21  1  8 41 9215020123624823720817125 725QG 63524520 024899999999999999 1 21161314  099999999999999
135112109125156195229248244215166108 54 17  6 23 6311717421924424522518925 726QG 719249203224799999999999999 1401081353  699999999999999
150117102106130166205236248236201150 94 47 21 22 48 9314719823224523420525 727QG 8 024821 124599999999999999 2161011429 1899999999999999
167129103 97109138175212236240220182132 84 49 35 47 8012617621723823721625 728QG 839241212724099999999999999 251 9615 1 3599999999999999
182144112 95 97116147183214229224200162119 81 59 58 7911515819922723522225 729QG 916230215123599999999999999 325 941532 5699999999999999
195159125101 92101123154185208216206181147113 88 78 8711114618421322722325 730QG 955216221622899999999999999 4 0 9216 2 7899999999999999
204174140112 95 9310512815618219819918816614011710310211514017019821622025 731QG1038200224322099999999999999 438 92163310099999999999999
208186157128106 94 9610913015317318418417616014312812212614016018320121025 8 1QG1133185231621199999999999999 523 9417 812299999999999999
208194172146122104 95 9710812514516117117517116315314514214515517018519625 8 2QG1258175999999999999999999999 620 95175914299999999999999
201196184165143121104 95 9410211613315016417217517316716115715716117018025 8 3QG 0 020115 117599999999999999 735 93193215699999999999999
188192190181165144122103 89 85 9010312214416317818618718217316415915816325 8 4QG 113192163418899999999999999 858 85213515899999999999999
172182190192185169146120 96 78 71 76 9211614517119120120119217816315214925 8 5QG 24419217272039999999999999910 7 71225014999999999999999
155168183196200194175146113 83 61 54 62 8511815418620821721119517315314025 8 6QG 35720018 5217999999999999991059 54233513899999999999999
139150169191208213203178141100 64 41 38 54 8712917220622622821418916013725 8 7QG 4522141837230999999999999991141 37999999999999999999999
126132151178206225227210175128 81 42 23 28 54 9814819422824123320917414125 8 8QG 53822819 824199999999999999 0101261219 2299999999999999
119114129158193224241237210165111 59 24 12 27 6511817321924624922919415325 8 9QG 620242193725199999999999999 0441141255 1299999999999999
119102107131169209241253241204150 91 41 13 12 39 8714520124125724721617225 810QG 7 025320 725799999999999999 1171011331  999999999999999
128 98 89104137181224253258236191133 75 32 14 25 6211617522625625923619525 811QG 741259203626199999999999999 152 8914 7 1499999999999999
146104 80 81105145193234257254224176119 67 35 29 50 9314820324326024921625 812QG 82325921 626099999999999999 228 781442 2899999999999999
169121 84 69 78108152199236252241209162111 71 50 55 8312717822325025323125 813QG 9 6252213625599999999999999 3 7 691519 4999999999999999
192145101 72 64 79112156199229238224194153113 85 76 8811715820023224623725 814QG 95323822 724699999999999999 349 641556 7699999999999999
210170126 88 66 65 8211415319021321920718315312510810712114718021023023325 815QG1048219224023499999999999999 436 63163610599999999999999
219191154116 85 68 68 8311114417419320019418016114413513614816718920921925 816QG12 0200232222099999999999999 531 66172413499999999999999
217203179148116 89 73 70 8010112815417418618918517616615915816317318619825 817QG1353189999999999999999999999 643 69184315899999999999999
206205196178153124 97 77 68 71 8610913516118119319719418617616916516717525 818QG 02820716 119799999999999999 814 6821 716599999999999999
185195201199186164135104 77 60 57 69 9212415718520521321119918216615515325 819QG 216201171321499999999999999 942 56224215399999999999999
161175193206210201178144105 70 47 41 54 8312216419922122922120117515213825 820QG 3502101757229999999999999991048 41233413599999999999999
137150172198219226216187145 98 57 32 29 48 8613318021723823822119115813125 821QG 4562261832240999999999999991139 27999999999999999999999
119124146178211235241225188138 85 43 21 25 5410015420323624823821017213425 822QG 54724119 224899999999999999 0121181220 2099999999999999
109104119150190227249249224180124 70 32 19 34 7312618122625025022718914525 823QG 630252192925399999999999999 0461031256 1999999999999999
110 92 97122162206241257248214163105 57 29 29 5610315821024425524020616125 824QG 7 8257195425599999999999999 117 911329 2699999999999999
118 90 83 99133177220249255236195142 90 52 38 52 8813919123325324721917725 825QG 744256201725499999999999999 147 821359 3899999999999999
131 95 77 82108148192230249244217173123 81 58 59 8312517421824624922919225 826QG 818250203825199999999999999 216 761427 5599999999999999
147106 79 74 89121163203232240226194153112 83 74 8711916020323424623420425 827QG 852240205924699999999999999 245 731454 7499999999999999
163121 88 73 78101136174207225224205174139110 95 9811915118822023723421225 828QG 926227212123899999999999999 315 731520 9499999999999999
177138103 81 76 8811414717920321220518616013611911512514717620522422821525 829QG10 3212214422899999999999999 347 75154611499999999999999
189155122 96 82 84 9912315117619219518817415614113413714916819020821621225 830QG1049196221021699999999999999 424 81161513499999999999999
196171143116 98 90 9310612614716617718117817016115415215616517819120020225 831QG12 0181224320399999999999999 512 89165215299999999999999
196181162140120105 98 9810712013715216417217617617417016816917217718318825 9 1QG1431176234618999999999999999 624 97182616899999999999999
189185177163146128112101 96 9810812214015717318418918918517817116716717125 9 2QG1627190999999999999999999999 811 96213216699999999999999
176182185182173157136114 96 84 83 9211013416018420020620319217716315415225 9 3QG 2 618517 920699999999999999 940 82223915299999999999999
159171185195197187167139108 82 66 64 7810513917420322022221019016514513525 9 4QG 3401971739223999999999999991036 63231613599999999999999
138153175198213215201172133 93 61 45 49 7311115519722623823120817514312225 9 5QG 43821618 7238999999999999991118 44234711699999999999999
116129155188218235233209169120 73 40 29 43 7912818122424825022919315011525 9 6QG 5242361834252999999999999991156 29999999999999999999999
 97101126165207240255244210159102 53 24 24 50 9815621024926325121516711925 9 7QG 6 625519 126399999999999999 019 961231 2099999999999999
 86 76 93130179227260268248204145 85 40 21 33 7112718823926726723919013425 9 8QG 647268192927199999999999999 051 7613 7 2199999999999999
 87 60 63 91139194243271271242191130 74 39 33 5610216121825927325721515925 9 9QG 729275195727399999999999999 125 581342 3199999999999999
102 60 44 58 96150207252272264229176120 74 51 57 8813719324026726523618625 910QG 812273202627099999999999999 2 2 441418 5099999999999999
127 75 43 38 61104159213250262247212164118 86 76 9012417021625026224620925 911QG 856262205526299999999999999 240 361454 7699999999999999
157103 60 38 42 6911316420923824322719615912610710612415619422824724522225 912QG 944244212524999999999999999 321 37153010499999999999999
183136 91 58 45 53 7911816119721722020818616114113213715317820422523222325 913QG1040221215823299999999999999 4 7 45161013299999999999999
200166128 92 68 58 65 8711715017719419919518417216115716117118620121121325 914QG12 1199223921499999999999999 5 4 5817 215799999999999999
204186161132105 84 73 75 8710813315617418619219118718117617317518018719325 915QG1424192999999999999999999999 623 7319 617399999999999999
196193184168146123100 84 77 81 9411514016418419820420219418317216516316725 916QG 0 4196161420499999999999999 810 77214616399999999999999
176186193193184165139111 86 71 69 8010313416619421221921319817715814514225 917QG 23119417 221999999999999999 940 68224514299999999999999
150167187203209202181149112 80 60 57 7210214018021122823021518915913412125 918QG 4 02091734231999999999999991040 56232112099999999999999
123141168197220228217189148104 67 48 50 7411315920123124123220516913310825 919QG 45722818 1241999999999999991124 46235310199999999999999
101113141178214238242223186137 90 55 43 55 8913618622624724522218414110425 920QG 54124318262499999999999999912 0 43999999999999999999999
 85 89112151195232251247219173121 75 49 48 7211516721424525323720115410925 921QG 619253184925499999999999999 022 841232 4599999999999999
 79 71 87122169214247257242205154104 66 52 6510014819923825524721617012025 922QG 654257191025699999999999999 049 7113 1 5299999999999999
 80 61 67 96139189231254253228185135 92 67 68 9213418322625225222818513525 923QG 727257193125599999999999999 116 611329 6499999999999999
 89 60 55 74112160207240252240207163120 89 79 9212416821124325223620015125 924QG 759252195225299999999999999 142 541355 7999999999999999
103 67 51 60 89132179219241241221186146113 96 9912115619623024624021116825 925QG 830244201324799999999999999 2 8 511421 9599999999999999
121 80 56 54 7310715019222123322420016813711611112314918321523523721818325 926QG 9 3233203523999999999999999 236 52144711199999999999999
141 99 70 58 65 9012516319621521720518215713612713114717219922022821919425 927QG 938218205822899999999999999 3 6 58151312699999999999999
159122 90 71 68 8110613716819120220018817215514414315016618520321421219825 928QG1020202212321599999999999999 340 67154114299999999999999
173143114 92 81 82 9511614016317918618617917016215815916517618819720019525 929QG1123187215320099999999999999 423 80161915799999999999999
181162139118102 93 9410211713415116517517918017817517217017117518018418525 930QG1344180224918599999999999999 528 9218 617099999999999999
182174162146129114103 98 991081221381561711831911921881811731671631641692510 1QG1545192999999999999999999999 716 98211516399999999999999
174178178172160143123105 92 88 931081301551791982072071971811641501441472510 2QG 131179162620899999999999999 858 88221114499999999999999
157172185193190177154126 98 78 70 781001311661972182252171961681421251212510 3QG 31719316562259999999999999910 0 70224512199999999999999
132154180203215211192159120 84 60 55 70102144187222240238216181143111 962510 4QG 4182151723241999999999999991046 542316 9599999999999999
100124159196226239230200157108 67 45 47 73116168215247255239202154108 772510 5QG 5 62391751256999999999999991125 432349 6899999999999999
 69 86123171218250259241202148 95 55 39 52 88141197242265260228176119 702510 6QG 55025918192669999999999999912 3 39999999999999999999999
 45 49 80130188238268270244196138 85 51 46 69115171226263272251204142 812510 7QG 634273184827399999999999999 022 431241 4499999999999999
 37 22 39 82141204253277271238186129 82 59 65 961462012482722652301731082510 8QG 718279191827399999999999999 058 221318 5899999999999999
 50 15 12 39 90153215258275262225175125 90 78 931281762242582672472021422510 9QG 8 3275194926899999999999999 136  91356 7899999999999999
 80 31  8 15 49102163217252261245210167129106104123157199235256252223175251010QG 849261202125799999999999999 216  7143510299999999999999
118 65 27 14 27 63113166211236240225197165139127131149178210234242229198251011QG 940241205424299999999999999 259 14151512699999999999999
155107 65 37 31 45 77119162196215218207189169153148153167187208221221207251012QG1041218213222399999999999999 348 3016 214899999999999999
180146109 77 57 52 63 87119151177194200197189178168164165172183194201200251013QG12 9200222520299999999999999 448 52171616499999999999999
190172148122 97 79 72 76 90112137161179191196195188180171166165168174181251014QG1416196999999999999999999999 6 9 72194516599999999999999
185183176161141118 98 85 81 87104126151175193203204197184168155147147154251015QG 018185153820599999999999999 752 81213114699999999999999
166178187187178160135109 89 79 82 97123153182204215213199177153133123125251016QG 235188162121599999999999999 917 78222012399999999999999
139160182198204195173142110 85 73 78 98129165198219225215191160129107100251017QG 3542041652225999999999999991014 73225510099999999999999
110133164194214219206178140104 78 69 80108146186217233229207172133100 82251018QG 4462201719234999999999999991056 692325 8099999999999999
 84104138177211230230209173131 94 72 71 92128171210235239222188143101 72251019QG 5292331742240999999999999991132 692353 6399999999999999
 63 77109152196229242233203161118 85 73 83112154198231244235204158110 70251020QG 6 524218 52459999999999999912 3 73999999999999999999999
 51 55 81124172215242246227190146106 83 81102139183221244243218175124 77251021QG 640247182724699999999999999 020 491233 7999999999999999
 46 40 57 95144194231248241213173131100 88 98127167208237245229191141 90251022QG 712249185024699999999999999 046 3913 2 8899999999999999
 51 33 40 70116167212240245228195156121101101120154193226242236206160108251023QG 744246191324399999999999999 112 321330 9899999999999999
 63 36 32 51 90138186222239234211177142117109119144178211233236216178130251024QG 815240193723899999999999999 139 30135710999999999999999
 83 48 33 41 69111158198224230217192162136121122138165195220230221192151251025QG 84823020 223099999999999999 2 8 33142512099999999999999
106 68 45 41 58 90130170201217215200177153136131138156180204218218200169251026QG 924218202922099999999999999 240 40145513199999999999999
131 93 65 51 56 76107142175196204200186168152143143152168187202208201181251027QG10 6205205820899999999999999 315 51153014299999999999999
152120 90 71 64 71 91117146171186192189180168158153154161172184193193185251028QG11 5192213619499999999999999 358 64162015399999999999999
167144119 97 82 77 83 98119142163177185186182175167161159160166173178180251029QG1241186224318099999999999999 456 7718 515999999999999999
175163147127109 94 87 88 97114135156173186192191184174162153149150156165251030QG1422192999999999999999999999 622 86201514999999999999999
172174170159142122103 90 85 90106129154178196205203191173152136127129139251031QG 054174151920599999999999999 758 85212112799999999999999
156172184186177158133107 86 77 81100129162192213220212190160130108 991062511 1QG 243186155822099999999999999 910 7622 3 9999999999999999
126154182202208197173139105 79 68 76101138178212232232213178136 97 73 692511 2QG 35220816312359999999999999910 5 682240 6899999999999999
 87120161199224230215183141100 72 63 78111155200233247236203154102 60 392511 3QG 44623117 4247999999999999991051 632317 3899999999999999
 44 74121174219246248227186138 95 69 67 89129178223251254229182122 64 242511 4QG 5362501736256999999999999991135 652355 1199999999999999
 11 28 71129189237262259230185134 93 73 78107152202242261251213155 89 312511 5QG 6232641810261999999999999991217 72999999999999999999999
 -3 -6 22 75140202248268259226179131 97 84 97130176221253260238190127 612511 6QG 711268184526199999999999999 035 -91259 8499999999999999
  9-16-10 27 841502102512642502171731311051011181521942332542502191671032511 7QG 758264192125699999999999999 117-18134210099999999999999
 43  0-16 -1 39 961582112442512362041671351171191381702052342452331981472511 8QG 848251195924599999999999999 2 1-16142511699999999999999
 89 38  5 -3 15 551071612052302332191931641411311351521792072262292131802511 9QG 941234204123099999999999999 248 -3151313099999999999999
134 86 46 21 18 36 71115159194213215205186165149141145159178198211210195251110QG1040216212921299999999999999 339 1716 914199999999999999
167131 93 62 43 41 56 84120154182198202196183168155148148156169182191192251111QG1153202223219399999999999999 436 40172714799999999999999
182162136107 82 66 63 73 93121149173189196194185171157146142144152163173251112QG1316196999999999999999999999 545 62191114299999999999999
178176165147124102 86 79 84 99121147170187196196187171153137127126133146251113QG 011178142819799999999999999 7 6 79204012599999999999999
160172177173160140118 99 89 90102124150174193202200187165141120107105115251114QG 2 5177151820399999999999999 825 88213810499999999999999
134155175186185173152127105 92 93106130159185204210201180151120 96 84 87251115QG 329187155521099999999999999 928 912219 8399999999999999
104130160184198197182157129105 93 96114142173200214213196165129 94 71 64251116QG 4272001626216999999999999991018 932253 6499999999999999
 75101136172199211206186156125102 94103126158190214221210182142100 66 48251117QG 5132121655221999999999999991059 942323 4799999999999999
 51 72108151189214222210183150119 99 98113142177207224221198160113 70 41251118QG 5522221722225999999999999991136 962352 3399999999999999
 33 47 80124170207227226207175140112 99106128161195220227213178132 83 44251119QG 6282291750228999999999999991210 99999999999999999999999
 24 27 53 95144190221233223197162129108104118146181211227223196153102 55251120QG 7 2233181722899999999999999 021 22124210399999999999999
 24 16 32 67115165206229231213183148121108113134165197221226210174125 75251121QG 735233184622799999999999999 050 16131410799999999999999
 35 15 19 45 87137183216229222198167137117113125150181209224218192150100251122QG 8 8229191522499999999999999 121 14134511299999999999999
 55 25 16 30 63108155195218222208183154130118122139165193214219204171127251123QG 842223194521999999999999999 153 16141711899999999999999
 81 44 24 25 46 83127169200214211194169145128123132151176199211208186151251124QG 918215201821299999999999999 227 22145112399999999999999
110 70 42 31 39 64100141176199206199182161142130130141159180197202193170251125QG 959206205520299999999999999 3 5 31153112999999999999999
137100 68 47 42 54 80114149178195199191176158142134135144160176188190180251126QG1048199214119199999999999999 347 42162513399999999999999
158129 98 72 57 55 68 91122152177191195188174158143134133140152166177179251127QG1147195224518099999999999999 437 54173913299999999999999
171154131105 83 69 67 78 98126154177191195190176158141128122126137152165251128QG1255195999999999999999999999 539 6619 512299999999999999
172170159140118 96 81 76 84102127155180196201194178155131112102105118137251129QG 018173135720199999999999999 654 76201810299999999999999
157172178172157134110 91 82 87104130160187204209199176144112 87 75 79 97251130QG 2 1178144920999999999999999 810 822115 7499999999999999
125155180192191175150122 98 86 89107136169198216217200168126 86 56 44 532512 1QG 323194153421999999999999999 919 8522 4 4499999999999999
 80119159193211211193164130102 88 92112145181211227222196153102 55 23 152512 2QG 4292131617228999999999999991018 872250 1599999999999999
 32 69118169208229228207172135105 91 97121157195225236223187134 75 25 -52512 3QG 5262311659236999999999999991112 912335-1099999999999999
 -7 18 65123180222242238213175136106 95105132171209235240218173113 51  12512 4QG 61924417412419999999999999912 2 95999999999999999999999
-25-20 14 68131190232249241212173134107100114145184220241239209158 95 322512 5QG 710249182424399999999999999 020-26125010099999999999999
-14-33-21 18 77141198235248236205167131109107124156194226241232197143 802512 6QG 75924819 824199999999999999 1 7-33133710699999999999999
 22-17-29-12 31 891502022332402251951591281121141331641992262352201831302512 7QG 847240195323599999999999999 154-30142311099999999999999
 72 21-11-16  6 481031582022252272111821511261151201391681982192232051692512 8QG 935229204022499999999999999 241-17151111499999999999999
121 70 28  5  5 28 691181641992152131961711441241171231411661912072071892512 9QG1023216213020999999999999999 329  216 311799999999999999
157116 75 42 26 31 53 89131169195205201185162139123117122138158178190189251210QG1111205222619299999999999999 418 2617 111799999999999999
175149117 85 61 50 56 77108142171190196191176155135120113117129146163173251211QG12 0196233517599999999999999 5 8 5018 911399999999999999
174165146122 98 81 74 80 97122149173187191185170150130114105106116131147251212QG1252191999999999999999999999 6 3 74192410599999999999999
160165161150132114 99 93 98112132155174186189182166144122103 93 92101117251213QG 1 6165134618999999999999999 7 6 932034 9199999999999999
136152163165158145128114107109120139159177188189180160135109 88 76 76 87251214QG 244165143719099999999999999 8171072130 7499999999999999
107131153169175170156139123114115125143164182192191177152121 91 68 57 61251215QG 4 2175152419399999999999999 9261132215 5799999999999999
 78104135162181187181164144126116116128148170189197191170139103 70 47 40251216QG 45918716 61979999999999999910261142254 4099999999999999
 51 75110146177195198188167143123113117132155180197201188160121 81 47 28251217QG 54319916452019999999999999911141132330 2699999999999999
 28 47 81122162193208205188162136117110119139166191205202181144100 58 27251218QG 6212091722206999999999999991156110999999999999999999999
 14 23 52 94140180207215206182153126110110124150179202210199169125 77 36251219QG 656215175721099999999999999 0 4 14123210899999999999999
 11  7 27 64112159196216216199170140116106113134163192211211191152103 55251220QG 730219183221399999999999999 038  613 610699999999999999
 18  2  9 38 82132177208220211187156127108106120146177203215207177132 82251221QG 8 322019 621599999999999999 112  1133810599999999999999
 36  7  1 18 55103152192215217201172141116104110130159189210214196160112251222QG 836218194121599999999999999 146  0141110499999999999999
 63 24  4  8 33 75124170203216209187157128109104116140170196211207182142251223QG 9 9216201721299999999999999 221  3144610499999999999999
 95 50 19  9 21 53 97144184208213199174144118104106121147175198206195167251224QG 944213205720699999999999999 257  9152610399999999999999
126 82 45 23 21 40 75118161193209206189162133111101106123148174193196182251225QG1021210214219799999999999999 335 19161110199999999999999
153116 78 49 34 39 61 95136172197206199179152125105 97103120144167183185251226QG11 1206223718699999999999999 416 3317 4 9799999999999999
171146115 83 60 51 59 81113149179198202192170143116 97 88 93110132155171251227QG1145202234817599999999999999 5 3 5118 7 8899999999999999
175166147122 97 78 71 79 98126157182197198187164136107 85 75 78 93116141251228QG1236199999999999999999999999 559 711917 7499999999999999
161170168156136115 98 91 95111134160183196197184160129 96 70 56 57 72 98251229QG 120171133419899999999999999 7 9 912026 5499999999999999
127154171177171156136118107107118138161183197198185158121 83 51 33 33 50251230QG 258177143520099999999999999 8311052131 3199999999999999
 81117152179191190176155134118113121139162185201202186155112 67 30  9  9251231QG 423192153520399999999999999 9541132230  799999999999999
