 14-11-16 -1 32 74118152169169153127100 80 72 80101130158177180163128 8425 1 1QJ 829172193818199999999999999 145-1714 0 7299999999999999
 38  2-16-14  9 47 92133162173165143114 87 71 69 8210713816618117715411625 1 2QJ 9 4173201918299999999999999 223-181438 6899999999999999
 70 27 -3-14 -4 24 65109146168171157131102 78 65 68 8511314316817816914225 1 3QJ 94017221 217899999999999999 3 2-141520 6599999999999999
103 60 22  0 -4 12 43 84125155170166147120 91 70 61 67 8611414316416915725 1 4QJ1017170214916999999999999999 341 -516 6 6199999999999999
130 93 55 25 10 13 32 65103137160168159137109 82 63 57 65 8411013615315725 1 5QJ1055168224215799999999999999 421  91657 5799999999999999
145120 89 58 36 28 34 54 84117145161163151128101 75 58 53 60 7710112414025 1 6QJ1137164234714399999999999999 5 4 281757 5399999999999999
143134115 91 68 53 48 56 74100127148159158144122 95 70 53 46 51 66 8710925 1 7QJ1223160999999999999999999999 552 4819 6 4699999999999999
125132129117100 84 72 69 75 89110131147156154141119 92 67 47 37 39 51 7125 1 8QJ 111132131815699999999999999 652 692022 3699999999999999
 93113125129125114101 91 86 88 97113130145154153141119 91 63 40 26 24 3525 1 9QJ 256129142415599999999999999 813 862137 2399999999999999
 55 81106125136136129117104 95 93 99111128144155156144121 91 58 30 12  925 110QJ 434137153415799999999999999 948 932244  899999999999999
 20 44 75106131146149141127110 97 91 95108127146159161149123 88 50 18 -125 111QJ 54514916391629999999999999911 7 912340 -599999999999999
 -4 10 39 75112141157159148129108 92 85 90106128151167168153123 82 40  625 112QJ 63816017361709999999999999912 6 85999999999999999999999
-13-13  7 42 84123153167164148124100 83 78 86107134159175173153117 72 2825 113QJ 721168182617699999999999999 029-151253 7899999999999999
 -5-20-14 12 52 98137163172163140113 88 73 73 86112142168180174148107 5925 114QJ 758172191018099999999999999 113-201333 7199999999999999
 16-12-20 -7 26 70115151170171154127 98 76 66 71 91120151174181167136 9225 115QJ 831173195118199999999999999 152-2014 9 6699999999999999
 45  7-13-12  9 47 92133162171163140110 83 66 62 74 9812915817517415511925 116QJ 9 1171202817799999999999999 228-151443 6299999999999999
 75 33  4 -6  4 32 72115149167167150123 93 70 59 63 8010713716017016213725 117QJ 92916921 317099999999999999 3 0 -61516 5999999999999999
100 60 27  8  8 27 59 98135159166156134105 79 61 57 66 8611313915615914525 118QJ 954166213816099999999999999 330  61549 5799999999999999
118 84 51 28 20 29 53 86121148162159143117 90 68 57 58 71 9211613714714325 119QJ1020163221514799999999999999 358 201625 5699999999999999
127102 74 50 37 38 53 78109136154158148128103 80 63 56 60 74 9311412813425 120QJ1047158225813499999999999999 426 3617 6 5699999999999999
128113 93 72 58 53 59 76 99124143153150137116 94 74 60 56 61 74 9010611725 121QJ1117153235512099999999999999 456 531756 5699999999999999
120116105 91 79 71 70 78 93112130143147141128109 89 71 60 56 59 69 82 9625 122QJ1154147999999999999999999999 532 6919 2 5699999999999999
106111111106 98 90 86 87 93104117130138140134123106 88 71 58 52 53 60 7225 123QJ 127111124614099999999999999 625 862025 5199999999999999
 85 98108113113110104100 98100106115125133136133123107 88 69 53 44 42 4825 124QJ 33411414 213699999999999999 8 2 982144 4199999999999999
 61 78 96111122125123116108101 99103111122132138137128110 88 64 44 30 2725 125QJ 5 3125152413999999999999999 954 992246 2799999999999999
 35 53 76101122135139134122109 98 93 97107122136146146134112 84 54 29 1425 126QJ 55313916301479999999999999911 5 932334 1299999999999999
 13 26 51 82113137150150139121103 89 85 91107128147158156140111 75 39 1125 127QJ 6311521722159999999999999991154 85999999999999999999999
 -2  2 22 55 94129153163156138113 91 77 76 89112139161171165141104 61 2125 128QJ 7 516318 817299999999999999 016 -31233 7599999999999999
 -6-15 -3 26 68112147168170155129 99 76 65 71 91121153176183169137 92 4425 129QJ 737172185118399999999999999 056-151310 6599999999999999
  4-19-20  1 39 87132165178172147114 82 61 55 68 96132166187188167128 7825 130QJ 8 9179193319199999999999999 133-221347 5599999999999999
 29 -7-23-15 14 59110152178182165133 96 64 47 49 6910314217619218615811425 131QJ 841183201519399999999999999 210-231425 4699999999999999
 63 18-10-17  0 36 85133169185178152115 77 49 38 46 7210914917818917714525 2 1QJ 912185205818999999999999999 247-1715 5 3799999999999999
100 53 16 -3  0 24 64111152178183167135 96 60 37 32 46 7511314917317716125 2 2QJ 943184214317899999999999999 322 -41546 3299999999999999
129 89 50 23 15 25 53 92133164179174152117 79 49 31 31 47 7711214216016025 2 3QJ1015180223116299999999999999 357 151631 2999999999999999
144116 84 56 40 39 54 81115147168172161136103 69 44 31 33 49 7510512914225 2 4QJ1047173232814499999999999999 433 371722 3099999999999999
142129109 87 69 62 66 80103129151162161147124 94 66 45 34 35 48 68 9211225 2 5QJ1124164999999999999999999999 510 611824 3399999999999999
124126121110 97 88 85 89100115132146152150138118 94 70 50 38 35 42 57 7625 2 6QJ 049126121315399999999999999 557 851946 3599999999999999
 94109118120118112107103104108117127136142142135121100 77 56 39 31 32 4325 2 7QJ 258120133214399999999999999 7261032121 3099999999999999
 60 81101117128131128122114108106109116126136142140129110 85 58 35 22 1925 2 8QJ 5 0131151814299999999999999 9561062241 1999999999999999
 29 49 76103126140145140129115102 96 97106121137148150140118 87 54 26  925 2 9QJ 5591451641151999999999999991122 952339  699999999999999
  7 20 46 80113139154156145126106 89 82 85100122144160162149121 83 45 1425 210QJ 6371571740163999999999999991211 82999999999999999999999
 -2  0 19 53 93129155166160141115 90 74 69 79101130156172171151116 72 3125 211QJ 7 9166182617399999999999999 024 -41249 6999999999999999
  2 -9  0 29 69113148169171156128 97 72 60 62 80109143169180172144102 5625 212QJ 73717219 618099999999999999 1 2 -91321 5999999999999999
 17 -6 -8 12 48 93135165175167142109 77 56 50 61 87122156178182165129 8425 213QJ 8 3175194118399999999999999 136 -91351 5099999999999999
 40  8 -5  4 33 75120156175174154121 86 58 45 48 6810013616618017514911025 214QJ 826177201318199999999999999 2 5 -51419 4499999999999999
 65 28  6  6 25 61105145170177163134 98 65 44 39 52 7811314717017516012925 215QJ 848177204517599999999999999 232  31446 3999999999999999
 89 51 24 15 25 53 92132163176169145111 76 49 36 41 60 9112515316616214125 216QJ 9 9176211616799999999999999 257 151514 3699999999999999
109 73 44 29 31 51 83120153171171153123 89 58 39 35 47 7110213115115614525 217QJ 930173214815699999999999999 322 281544 3599999999999999
122 92 65 47 43 54 78110141162169158134103 72 48 37 40 56 8110813014214125 218QJ 952169222414399999999999999 346 421616 3699999999999999
128107 84 66 58 62 78102128150161158142116 88 62 46 41 48 64 8610712312925 219QJ101616223 712999999999999999 410 581654 4199999999999999
126115 99 85 75 74 82 98118137150153144127104 80 61 49 47 54 68 8510011225 220QJ1044153999999999999999999999 437 731743 4799999999999999
116115109100 93 90 92 99111124136142141132117 99 81 65 55 52 56 64 77 8925 221QJ 014116112114299999999999999 510 901859 5299999999999999
 99107111111109107105105108114121128132132127117103 87 72 60 52 50 54 6425 222QJ 239112122613299999999999999 6231052048 5099999999999999
 77 91105115122123121117112109109113119125129130124112 95 76 58 44 37 3925 223QJ 452123143413099999999999999 9261082216 3799999999999999
 50 68 90111128137138132121109100 98102112125136141138124102 75 49 29 2025 224QJ 53713916 8141999999999999991052 982312 2099999999999999
 24 40 67 97125146154149135116 97 85 84 93111132150158153134103 67 34 1125 225QJ 6 915417 8158999999999999991138 832356  399999999999999
  3 13 39 75113146164167153129101 79 68 71 89116146168176166138 97 54 1625 226QJ 6381681756176999999999999991215 67999999999999999999999
 -5 -7 11 47 92136167180172148113 80 57 51 62 90127163186190172135 86 3825 227QJ 7 8180184119199999999999999 035 -91251 5099999999999999
  2-14 -8 21 66117160185188168132 91 56 37 37 59 96140178198196170125 7325 228QJ 737189192420099999999999999 113-151328 3499999999999999
 26 -5-12  4 42 93143180195186154110 66 33 20 30 6010415118720219216011225 3 1QJ 8 719520 720299999999999999 149-1314 5 2099999999999999
 61 21 -1  2 27 71122166193195174134 86 43 16 11 29 6511215818819618014525 3 2QJ 836197205019699999999999999 224 -31444 1099999999999999
 99 55 25 15 26 57101147181195185155110 64 27  8 10 33 7211815718018116225 3 3QJ 9 5195213418399999999999999 259 151523  699999999999999
129 90 57 39 38 56 88128163185187168133 90 49 20  8 16 41 7811714816316125 3 4QJ 935189222216599999999999999 332 3616 6  899999999999999
144117 88 67 59 65 85114144168178171148115 77 44 23 16 26 49 8011013314325 3 5QJ10 5178231814499999999999999 4 4 591653 1699999999999999
141129111 94 83 82 90107129149162164153132104 74 49 33 29 36 53 75 9811525 3 6QJ1038165999999999999999999999 438 811753 2999999999999999
124126121113106101102108119131142148148139124103 81 61 47 40 42 51 66 8325 3 7QJ 043126112314999999999999999 5201011919 4099999999999999
 99111119123122120117115115118122128133135132125112 94 76 59 46 41 44 5425 3 8QJ 32512313 213599999999999999 73211521 9 4199999999999999
 70 88107122132136133127118111107107112120129135134125109 87 64 45 34 3325 3 9QJ 5 513615241359999999999999910261062234 3299999999999999
 43 63 88113133146148141127111 97 90 91100116133145148139118 90 60 36 2325 310QJ 5441491645148999999999999991124 892327 2299999999999999
 24 39 65 97127149159156140118 95 79 73 79 96121144159161147120 84 50 2525 311QJ 61316017371629999999999999912 1 73999999999999999999999
 14 21 44 78115147165168154129100 75 60 60 75101132159172169147112 72 3725 312QJ 639169181817399999999999999 0 7 141232 5899999999999999
 15 12 27 59100138165175167142109 77 55 46 55 80114148173180168138 97 5625 313QJ 7 2175185418099999999999999 041 111259 4699999999999999
 25 12 19 45 84126160178176156122 85 54 38 40 59 92130163182180159122 7925 314QJ 724180192618399999999999999 110 121325 3799999999999999
 42 20 18 36 70113152177182167135 96 59 35 29 41 7010814717418317214210325 315QJ 745183195718399999999999999 137 161351 2999999999999999
 63 35 24 34 61100141171184175147109 69 38 24 28 50 8512515917717615612325 316QJ 8 5184202717999999999999999 2 2 241416 2399999999999999
 85 53 36 37 57 90129163181179158123 82 46 24 20 35 6410213916417216213725 317QJ 825183205717299999999999999 226 341442 2099999999999999
104 73 51 46 57 84118152175180166136 97 59 32 20 26 48 8011614616216114525 318QJ 846180212816399999999999999 249 461510 2099999999999999
120 91 69 58 62 80109139164175168146113 76 45 27 24 37 62 9412414515214625 319QJ 9 817522 115299999999999999 313 581540 2399999999999999
129107 86 73 71 82102127151165166151126 94 63 41 31 35 50 7510112413713925 320QJ 932167224213999999999999999 338 711614 3199999999999999
131117101 89 84 88100118137152158151134110 84 60 45 40 46 61 8010011612525 321QJ 958158234012799999999999999 4 4 841656 4099999999999999
126121113104 99 98103113125137145145137123103 83 66 54 50 54 64 78 9210525 322QJ1032146999999999999999999999 437 9818 1 5099999999999999
114119120118114112111113117123130134134129120106 91 76 64 56 54 58 68 8025 323QJ 147120113213499999999999999 5521111950 5499999999999999
 94108119127130128124118113111113117123128130127118104 87 69 55 46 46 5425 324QJ 4 6130135713099999999999999 9 31112133 4599999999999999
 69 89111129141145140129116104 97 97105117130140142135118 94 68 46 33 3125 325QJ 4551451544143999999999999991026 962238 3099999999999999
 42 64 94123147159159146125103 85 77 81 96118141157162152128 96 61 33 1825 326QJ 5271611649162999999999999991111 772325 1799999999999999
 20 38 69108143168176166142111 81 60 55 67 92125157177180165132 91 50 2125 327QJ 5581761740181999999999999991149 55999999999999999999999
  8 16 44 85129166186186164128 87 53 35 36 58 94137174194193170130 83 4025 328QJ 627189182719799999999999999 0 6  81226 3399999999999999
 14  8 25 61108155187198185151105 59 26 13 23 55101150187205197167122 7425 329QJ 657198191220599999999999999 045  713 3 1399999999999999
 35 15 18 43 86135178201200175130 78 32  4 -1 19 5911016019420619215811325 330QJ 728204195720699999999999999 123 141342 -299999999999999
 69 38 27 38 69114160193205191156105 53 12 -8 -5 22 6711916419219718014525 331QJ 758205204219899999999999999 2 0 271422-1099999999999999
104 69 48 46 64 97139176198198175133 83 36  2-10  0 31 7612316118218116325 4 1QJ 829201212918499999999999999 236 4515 3-1099999999999999
133100 75 64 69 90121156182192182154113 68 28  4 -1 13 43 8312315216516225 4 2QJ 9 1192221916699999999999999 311 641546 -299999999999999
147124101 86 83 92111137161177178163135 99 62 32 15 14 28 54 8611613714725 4 3QJ 934179231914799999999999999 346 831635 1399999999999999
145135120107100101109123141156163160145123 95 67 45 32 32 42 61 8410612225 4 4QJ1012163999999999999999999999 427 991734 3199999999999999
132134130124117113113117125134142145143134119 99 79 61 50 46 50 61 78 9525 4 5QJ 05013411 814599999999999999 5331131859 4699999999999999
111123131133132127122117115116119125130132131123111 94 77 62 53 51 57 7025 4 6QJ 3 4133131013299999999999999 8171152044 5199999999999999
 88107124136142141134124113104100102109120130136134124108 87 67 53 47 5225 4 7QJ 421143151913699999999999999101010022 4 4799999999999999
 66 88112133148153148135117 99 87 82 87101119136147147136115 89 65 48 4225 4 8QJ 5 01531632148999999999999991059 822257 4299999999999999
 49 69 96125148161161148127102 80 67 67 79100126148160158141114 84 57 4125 4 9QJ 5301631722161999999999999991134 652336 3899999999999999
 39 53 80113144165171162139109 80 59 51 58 79109139162171163139107 73 4825 410QJ 55517118 21719999999999999912 3 51999999999999999999999
 37 44 66 99135163177174153121 86 57 40 40 57 87123155174177161130 94 6225 411QJ 618178183717899999999999999 0 9 371230 3899999999999999
 43 41 56 86123157178182166135 96 60 35 27 38 65102140169182175151117 8125 412QJ 64018319 918299999999999999 038 391256 2799999999999999
 55 44 52 76111148175186176149110 69 37 20 23 44 7912015617818216713710225 413QJ 7 2186194118399999999999999 1 6 441322 1999999999999999
 71 53 53 70100136168185183161125 82 44 20 14 27 58 9813816718117515312125 414QJ 723187201218199999999999999 132 511348 1399999999999999
 90 67 59 68 91125157180185171140 99 58 26 12 17 39 7511515017217516213725 415QJ 746186204317699999999999999 158 591415 1199999999999999
107 82 68 70 86114145171183176152116 75 40 18 14 27 56 9312915616816414725 416QJ 810183211516999999999999999 225 671444 1399999999999999
122 98 81 76 85105132158175176161132 95 59 32 19 23 42 7210613615415915125 417QJ 835177215015999999999999999 251 761515 1999999999999999
133113 95 86 88101121144163170163143113 80 51 32 27 36 57 8511313514714825 418QJ 9 3170223314999999999999999 320 861551 2799999999999999
139125110 99 96101114131148159160149128102 74 52 39 38 49 67 9111313013825 419QJ 934161233313999999999999999 353 961635 3799999999999999
139133123113107106111121133144150148138120 99 77 59 50 48 56 71 8910712225 420QJ1017150999999999999999999999 4411061737 4899999999999999
131135134128122116113114119126134139139133121104 86 70 59 54 57 67 8210025 421QJ 111135113014099999999999999 61711319 7 5499999999999999
117131140142138131121113108108113122130136137130117 99 80 64 54 52 59 7525 422QJ 253142133513799999999999999 8271072041 5199999999999999
 96119138151155149135118102 92 90 97110127141148146133112 87 64 49 44 5225 423QJ 352155151614999999999999999 944 902152 4499999999999999
 72 99128153167168155132106 83 69 68 80102129152165164149122 90 61 43 3825 424QJ 4331691626166999999999999991034 672246 3899999999999999
 50 76110145171183176153120 84 56 43 46 67100137167183180160127 89 57 3925 425QJ 5 81831722184999999999999991117 422333 3699999999999999
 38 55 88129166189194177142 99 57 28 18 30 60103147181197191165127 87 5525 426QJ 5421951813197999999999999991158 18999999999999999999999
 40 45 69107150185202197169124 74 30  4  0 20 60110158192204194164124 8525 427QJ 61620319 220499999999999999 016 401239 -199999999999999
 58 48 59 88129170199207191153102 49  8-12 -9 19 6511816519620318915811925 428QJ 650207195020499999999999999 058 481321-1499999999999999
 85 64 62 78110149184205203178134 81 31 -4-18 -7 26 7412516819219517914925 429QJ 725207203819799999999999999 138 6014 3-1899999999999999
115 88 75 78 97129163191202191161116 66 22 -6-13  3 37 8312916418318216625 430QJ 8 2202212818599999999999999 219 741448-1399999999999999
140113 94 87 94114142169188191176144102 58 22  2  1 18 51 9112915716916725 5 1QJ 840192222017099999999999999 3 0 871534 -199999999999999
153133114101 99107124147167178176159130 94 59 31 17 19 35 63 9612614715625 5 2QJ 921179232015799999999999999 344 981624 1699999999999999
155145130117109108114127143157164160146122 94 67 46 35 37 50 72 9712113825 5 3QJ1010164999999999999999999999 4381071722 3499999999999999
147147141132122114112115123133143148147137121100 78 61 52 51 60 77 9711725 5 4QJ 035148111714999999999999999 5591121832 5099999999999999
133143146143135125116110108112119128136138135125109 91 75 64 61 66 79 9725 5 5QJ 15914613 013899999999999999 7501081954 6199999999999999
116134146151148139125112101 96 97105116128137139133119102 84 71 65 68 8025 5 6QJ 3 8151144513999999999999999 918 9521 8 6599999999999999
 99121140154158152138120101 87 80 82 94111128142147142128108 87 72 65 7025 5 7QJ 35615816 1147999999999999991014 7922 6 6599999999999999
 85107131152164164153132107 84 69 64 71 89112135152157150132109 86 70 6625 5 8QJ 4321651656157999999999999991054 642252 6699999999999999
 74 93120146165172166146118 88 64 51 51 66 91121147163166154132105 82 6825 5 9QJ 5 21721740167999999999999991128 492330 6799999999999999
 68 82107136162176176160132 98 66 44 36 45 69101135161174171153126 98 7725 510QJ 5291781818174999999999999991157 36999999999999999999999
 69 75 95124154176183173147111 74 43 27 28 47 78116150173180170147117 9125 511QJ 555183185318099999999999999 0 4 691226 2599999999999999
 75 73 87112143170185182162128 87 50 25 17 28 56 9413316418118016313710825 512QJ 622186192718399999999999999 037 721255 1799999999999999
 86 76 82102131160181187174145105 64 32 14 16 36 7011114817318217415312525 513QJ 64918720 018299999999999999 1 8 761325 1399999999999999
100 84 82 94119148173186182160125 83 46 20 12 22 50 8812715917717816414025 514QJ 717187203417999999999999999 138 811356 1299999999999999
115 95 86 91109135161180185172143105 65 33 16 16 34 6610413916417416915225 515QJ 74618521 917499999999999999 2 9 861429 1499999999999999
129108 94 92102122147169181177158126 89 54 29 19 27 49 8111614616416815925 516QJ 817181214816899999999999999 240 9115 4 1999999999999999
142122105 97100113133154171175166144112 78 49 31 27 39 63 9312414716016125 517QJ 852176223216299999999999999 315 971543 2799999999999999
151135119107102107120138155167167155132103 74 50 37 37 50 7310112714615625 518QJ 932168232715799999999999999 3581021629 3699999999999999
156147134120110107111122137151159158147127101 76 56 46 47 59 7910412714525 519QJ1024160999999999999999999999 4551071724 4599999999999999
154155148136122112107108117129142151152144128106 84 66 55 55 64 8210512825 520QJ 034156113715299999999999999 6161061833 5499999999999999
146157159153139123109100 98104116131144150147135117 95 76 63 60 67 8310625 521QJ 144159131315099999999999999 744 981949 5999999999999999
131152165167159141120 99 85 80 86101121140153156148130108 85 69 63 69 8625 522QJ 243167144615799999999999999 856 8021 1 6399999999999999
111138162175176163139109 82 64 58 66 87114142162169163144118 93 73 66 7225 523QJ 33217716 216999999999999999 954 5822 4 6699999999999999
 91119150174187183163130 93 60 39 35 48 76112147172183176155126 98 77 6925 524QJ 41618817 6183999999999999991045 342259 6999999999999999
 77 99131163188196186158117 73 37 16 15 35 70114155183194185162131101 8025 525QJ 45819618 3194999999999999991132 132350 7599999999999999
 75 86111145177199202184148101 53 16 -2  2 28 7011916219120018916313110225 526QJ 5392031857200999999999999991219 -3999999999999999999999
 84 82 96124158189205202178136 85 36  2-12 -2 29 7512616819420018716012925 527QJ 621207194820099999999999999 038 8113 5-1299999999999999
103 89 90107136169195206197168122 71 26 -4-13  2 37 8413217119219518015425 528QJ 7 4207203719699999999999999 125 881352-1399999999999999
125103 94 99117146176197202188156111 62 22 -2 -5 13 49 9413817118718617025 529QJ 747203212518999999999999999 210 941438 -799999999999999
146121104 98106125151177193194177144102 59 25  7  9 29 6310414216817917625 530QJ 832196221418099999999999999 256 981525  599999999999999
160138118105102111129152173185182164134 96 60 33 21 26 47 7811414416417125 531QJ 92018523 217199999999999999 3441021613 2199999999999999
166151133116106105113129148165173169152126 95 66 45 38 45 64 9212114616125 6 1QJ1011173235216599999999999999 43810417 1 3899999999999999
165159146129115106105111124140154160156143122 97 74 59 55 62 7910312714725 6 2QJ11 9160999999999999999999999 5401041753 5599999999999999
159161155142127113104101106116130142148147138122103 85 73 70 76 9111213225 6 3QJ 046162122214999999999999999 6531011849 7099999999999999
149159161154141125110 98 94 96106119132141143138126111 95 85 81 8710011825 6 4QJ 140161135014399999999999999 8 9 941953 8199999999999999
137153162163154139120102 88 82 85 95110126139145143133119104 93 89 9410625 6 5QJ 233163151514699999999999999 914 822058 8999999999999999
125144159167165153134111 90 75 69 73 87106127144152151141126109 97 93 9825 6 6QJ 31916716231539999999999999910 5 692157 9399999999999999
112132151166172166150125 98 74 59 55 64 83109134153162160147129111 98 9525 6 7QJ 4 11721717163999999999999991047 552249 9599999999999999
102119140161174176165142112 81 57 44 45 60 86117145165172165149128109 9725 6 8QJ 43817718 1172999999999999991124 432333 9599999999999999
 97108128151171181177159129 95 62 40 32 40 63 9513015917617816714712310525 6 9QJ 5141811840179999999999999991159 32999999999999999999999
 96100115139163180185174149113 76 45 27 25 42 7210914417118318016314011625 610QJ 549185191718499999999999999 012 961234 2499999999999999
100 96105125151174188186167135 96 58 30 19 25 49 8412415818018617615613125 611QJ 623189195218699999999999999 049 9613 8 1899999999999999
109 97 99113137163184191182157120 79 43 21 17 31 6110013816818418416914625 612QJ 658191202818699999999999999 124 961344 1699999999999999
121103 97104123149174190191175144104 64 33 18 21 42 7611515117518417815925 613QJ 73419221 418499999999999999 158 971420 1799999999999999
135114100 99111133159181192186164130 90 53 28 20 30 55 9112916017918217125 614QJ 811192214118299999999999999 234 981458 2099999999999999
150127108 99103118141165184189178153118 80 48 29 27 42 7010614116717917725 615QJ 851189222118099999999999999 313 991537 2699999999999999
163142120105100106122145167181183169142108 74 48 35 38 56 8511915017117925 616QJ 93518423 417999999999999999 358 991619 3499999999999999
173157136116102 98106122144164175175160135105 75 54 46 52 70 9812915617325 617QJ1027177235117899999999999999 450 9817 5 4699999999999999
178170153132111 98 94101116137156167167155134107 83 65 59 66 8411013816125 618QJ1130169999999999999999999999 551 941758 5999999999999999
175178169150128106 91 85 91106126146159162155138116 95 79 74 79 9511914425 619QJ 042178124816299999999999999 7 0 8519 0 7499999999999999
165178179169149123 99 80 72 76 91112135153161159147129109 94 87 9110412525 620QJ 136180141816299999999999999 811 722010 8799999999999999
149170182182170147117 88 66 55 58 74 99126150165168160143123107 97 9911025 621QJ 232184154516899999999999999 918 552124 9799999999999999
130154175187187172145110 76 50 37 40 58 8812215217217917215613411510410325 622QJ 3281891659179999999999999991019 36223410299999999999999
114134159181194191173141102 63 34 20 25 47 8212115718118918216414011910625 623QJ 42219518 2189999999999999991115 19233510499999999999999
105117139165188200196174137 93 50 20  7 15 41 8112616418919718816714111825 624QJ 51520118571979999999999999912 7  7999999999999999999999
105105119143172195206198172131 83 39 10  0 12 43 8713317219520018816413625 625QJ 6 6206194620099999999999999 0301031257  099999999999999
114103105122149179201209198167123 74 32  5  0 16 51 9714317919819818215625 626QJ 655209203120099999999999999 1191021345 -199999999999999
128108100106126155184204208193159114 66 28  7  7 28 6611115418419719217225 627QJ 743209211219799999999999999 2 41001429  499999999999999
145119102 98108130160187203203183148104 60 29 15 21 46 8512716418719218225 628QJ 828205215019399999999999999 248 981511 1499999999999999
160133111 98 98111135162186197192170135 95 59 35 29 40 6810514317218618525 629QJ 912198222518899999999999999 330 971551 2899999999999999
170147123104 96 99114137162181187178156124 89 62 46 47 63 9112515517618325 630QJ 956187225918399999999999999 413 961628 4599999999999999
176159136115100 95101116137157171173163143116 89 70 62 68 8611214016417725 7 1QJ1042174233417999999999999999 458 9517 4 6299999999999999
178167149128109 97 94100114132149159160151134113 94 82 79 8810512815116825 7 2QJ1135161999999999999999999999 550 941743 7999999999999999
175172160142122105 94 92 97109125139148150144132117104 96 9610412013815625 7 3QJ 012175124415099999999999999 650 921830 9599999999999999
168172167155137118101 90 86 9110111613014114614413712611610910911612814325 7 4QJ 057172141514699999999999999 758 86193310899999999999999
157167170165152134114 96 83 78 81 9210812513914815014513712711911712113125 7 5QJ 152170154715099999999999999 9 6 78205311799999999999999
144158167170165151131108 88 73 67 71 8410312514315616015614613312311912125 7 6QJ 25217016581609999999999999910 5 6722 911999999999999999
131145160170173167150126100 76 60 55 62 8010413115316717016415013512211625 7 7QJ 3501741749170999999999999991055 5523 811699999999999999
120131148165177179169147119 88 62 46 44 57 8111114216517817816714913111725 7 8QJ 4411791830180999999999999991138 43235511299999999999999
112118134154174185184169142108 74 47 34 37 56 8712315517818718216514312225 7 9QJ 52618619 7187999999999999991218 33999999999999999999999
110109120141165185194188166133 94 58 33 25 35 62 9913817018919218015813325 710QJ 6 8194194119399999999999999 0341081256 2599999999999999
113104108125150177196201188159120 78 43 23 22 40 7311515418319619217314725 711QJ 647201201419799999999999999 1111031333 2099999999999999
121103 99110133162189205204184148105 62 31 18 25 51 9013317019419918716325 712QJ 726206204719999999999999999 146 9914 9 1899999999999999
134109 96 98114142173198209201175135 90 50 26 20 35 6710915218420019717825 713QJ 8 6209212020199999999999999 223 951446 2099999999999999
150120 99 91 98119150181202207193163121 78 45 28 30 52 8813016819420119125 714QJ 846208215420199999999999999 3 1 911522 2699999999999999
167136108 90 87 99123154183200200182150110 73 47 38 47 7311014918119819825 715QJ 930203222820099999999999999 343 861559 3899999999999999
181154123 98 84 84 99124154180193189170140105 75 57 55 69 9613016418819725 716QJ101819423 519799999999999999 428 821638 5499999999999999
191171143113 90 79 81 96121149171181177161135108 85 74 76 9111614617319025 717QJ1114182234519499999999999999 520 781721 7399999999999999
193183162134106 85 75 77 91113138158168167156137117101 94 9711113115517525 718QJ1224169999999999999999999999 620 741812 9499999999999999
187188177156130103 82 70 69 8110012314415716215714613212011311512413915725 719QJ 034189135816299999999999999 731 68192111399999999999999
173184184175156130102 79 63 59 67 8510913215116316515914813612712512914025 720QJ 136185154416599999999999999 850 59205612499999999999999
155170182185178159133102 74 54 46 52 70 9712615116917617216114713412612725 721QJ 25018517 91769999999999999910 5 46222812599999999999999
135151169184190184166136101 68 43 33 38 59 9012615717918818416915013212125 722QJ 4 419018101889999999999999911 9 33233711999999999999999
120130148170190199193172138 97 59 32 21 29 55 9213316819119818917014512425 723QJ 5 919918571989999999999999912 4 21999999999999999999999
112112125149176199208200175135 89 49 22 14 27 5910114518120020218816213425 724QJ 6 4208193620499999999999999 0291101252 1499999999999999
112102107125154185208215203171127 79 39 16 14 34 7111816119320620117914925 725QJ 653215201220799999999999999 1121021335 1299999999999999
120100 95105129162194214216198161114 67 33 17 23 50 9213817820120619216425 726QJ 737218204420799999999999999 151 951413 1799999999999999
132105 91 91108137171200215210186146100 59 33 26 41 7411716019120419917725 727QJ 817216211220599999999999999 228 891447 2699999999999999
147116 94 85 93114145177201209197169129 88 56 40 44 6610214217719820118625 728QJ 854209213820299999999999999 3 2 851518 3999999999999999
160129102 86 84 97122152180196196180150114 81 60 55 67 9412916418919819125 729QJ 93019822 319899999999999999 336 831547 5599999999999999
170142113 92 83 87103128155176185180161134106 83 72 76 9312015117819219225 730QJ10 8185222919499999999999999 411 831615 7199999999999999
178154127103 87 83 91108131153168171164147125105 91 89 9811714116518218825 731QJ1049172225718899999999999999 450 831644 8899999999999999
181164141117 98 87 86 9411012914615615815113912411210510711713415317018025 8 1QJ1142158233018199999999999999 536 85171710599999999999999
180170154133113 97 88 88 9510712213614514814613913112412112313114315716725 8 2QJ13 5148999999999999999999999 635 8718 512199999999999999
173171163149131113 99 89 86 9010011212613714514814714213813413313714415325 8 3QJ 017173151214899999999999999 755 86193913399999999999999
161166167161149133116 99 86 80 81 8910311913514815615815514814113613513925 8 4QJ 133167164915899999999999999 922 79213913599999999999999
147156164168165154137117 96 78 69 69 79 9611814115916917016415314013112825 8 5QJ 3 51681740171999999999999991030 68225412899999999999999
133143156169176173161140113 86 65 54 57 71 9612515217318218016815013312125 8 6QJ 4171761817183999999999999991120 54234111999999999999999
120128144163180188183166137104 72 49 40 48 7010313816918819318316414012025 8 7QJ 51018818491939999999999999912 2 40999999999999999999999
110112127150175194201191166129 89 54 33 30 46 7711715718720119818015212525 8 8QJ 555201191920299999999999999 0191091240 2999999999999999
105 99109131161191209211193159115 71 38 22 27 53 9213817820320919616913625 8 9QJ 636212194820999999999999999 053 991315 2199999999999999
107 91 92109140175205220215189147 99 55 27 19 34 6811416119721421018715225 810QJ 715221201821599999999999999 128 891350 1999999999999999
116 89 79 88113150188216225212179132 84 45 25 27 51 9214018321121720217125 811QJ 755225204721899999999999999 2 3 791424 2399999999999999
132 97 75 72 87119159196219221202164118 74 44 34 45 7611916520021721318825 812QJ 836223211721899999999999999 240 711458 3499999999999999
151112 80 65 68 90125165198214210187150108 73 53 52 7010414518420921520125 813QJ 918215214721599999999999999 319 641532 5099999999999999
171132 96 70 61 69 93128165192202195171139105 80 70 77 9813016619420920525 814QJ10 4202221821099999999999999 4 1 6116 7 7099999999999999
185154118 86 66 61 72 96127157179185178159134111 96 9310312315017619520125 815QJ1057185225320199999999999999 449 611643 9399999999999999
192171142111 84 68 64 74 9412014416116816415313712411611612514015917718825 816QJ12 7168233819099999999999999 545 64172711599999999999999
189180162138111 89 73 68 73 8710712814415415815514814013513413814715817025 817QJ1358158999999999999999999999 7 0 68184113499999999999999
178180174161142119 97 79 68 67 76 9211213114815916316215614914314114314925 818QJ 048180161116399999999999999 835 6721 514199999999999999
159168175176168152130104 80 64 57 62 7710012715016817617616715514213313125 819QJ 23717617241779999999999999910 4 57224713199999999999999
137149164178185180164138107 76 54 44 49 68 9813116118219018517015013111925 820QJ 4 918518 8190999999999999991110 44234211699999999999999
117126144167187197193174141103 67 42 33 42 6810514417619619918716413711525 821QJ 5141981842200999999999999991159 33999999999999999999999
103105120147177200210202176136 92 54 31 28 45 7812216319320720118014911925 822QJ 6 4210191320799999999999999 0231021240 2799999999999999
 97 90 99122156189212218203169124 78 43 27 32 58 9914418320621019416412925 823QJ 646218194021199999999999999 058 901316 2699999999999999
 99 82 82 99131168201219217194154107 65 38 31 47 8112516920021320417814225 824QJ 72422120 521399999999999999 130 801348 3199999999999999
107 82 73 82107143181209219208178135 91 57 41 46 7111015419021020918915625 825QJ 759219202821299999999999999 2 0 731416 4099999999999999
118 87 70 70 88119156190209210191157117 80 58 54 6910014017820321019716825 826QJ 832212204921099999999999999 229 681442 5399999999999999
132 97 73 65 74 98132166192203195171138103 77 67 74 9613016619420720117825 827QJ 9 4203211120799999999999999 258 6515 6 6799999999999999
145110 82 67 67 83110142171188190176152123 98 83 83 9812315418219920018525 828QJ 937191213320299999999999999 327 651530 8199999999999999
158125 95 75 68 75 94120147168177174159138117101 9610312114517018819418625 829QJ1012178215719499999999999999 359 681555 9699999999999999
167140111 88 75 74 8410212514515916315814713211911211312313915817418318225 830QJ1056163222418499999999999999 437 73162211199999999999999
171152128106 90 81 82 9110612313714715014814213412812612913714816017017325 831QJ12 4150225917399999999999999 525 80165612699999999999999
169159144126109 96 89 88 9310211412613514214514514414114014014314815516025 9 1QJ1436146999999999999999999999 640 87182014099999999999999
162160154144131117104 93 87 87 9210211512814115115615715414914414114114425 9 2QJ 0 6162164115799999999999999 833 86212614099999999999999
150155159159153141125107 91 79 75 79 9010812914916317016916115013813012925 9 3QJ 22615917211719999999999999910 2 75224212899999999999999
134144157167171166151129104 81 64 59 66 8411013916418018417716114112411525 9 4QJ 3571711750184999999999999991057 59232311499999999999999
116128146166182187179158127 94 65 47 45 59 8612215718419619317615012410525 9 5QJ 4541871818197999999999999991138 442357 9999999999999999
 99107127155182200203188157118 77 47 32 37 61 9914218020320819416513110125 9 6QJ 5392041844209999999999999991215 32999999999999999999999
 84 85102133169200217214190150103 61 33 26 40 7512116720221721118414610625 9 7QJ 620218191221899999999999999 030 821250 2599999999999999
 77 66 75103143185216228217184137 88 48 28 30 55 9814819221922320416612125 9 8QJ 7 1228194022499999999999999 1 4 661324 2699999999999999
 81 56 53 72108155198226230211172123 77 44 34 46 7912617421122721818714225 9 9QJ 74223220 822799999999999999 139 521358 3499999999999999
 95 59 42 47 74117165205226223198158112 73 51 50 7110815419622122420416525 910QJ 824228203722699999999999999 216 411432 4899999999999999
118 74 45 35 48 80124169203216208182144106 78 67 7510013717620722021118425 911QJ 9 721721 722099999999999999 255 3515 5 6799999999999999
143 99 61 40 38 55 88129167192200189166135108 91 8910212715818820720919425 912QJ 954200213721099999999999999 336 361538 8899999999999999
164126 88 59 44 46 64 9412815717518017115413411711011212514616918819719325 913QJ1048180221219799999999999999 423 43161310999999999999999
176150118 88 66 56 58 72 9412014215616115815013913112813214115416717818225 914QJ12 5161225718299999999999999 520 55165812899999999999999
177164144121 98 80 69 67 74 8910712513914915415415014614314214414915616225 915QJ1427154999999999999999999999 641 67185114299999999999999
166166160149132113 94 79 71 71 79 9311113014615816416315815014213713613925 916QJ 027167162516499999999999999 831 70214413699999999999999
147156164166161147127104 82 67 62 67 8210513015417017717416314713212111825 917QJ 25016617121779999999999999910 2 62225211899999999999999
123137154170178175161136106 78 58 51 58 7910914116818518817815813411410125 918QJ 41717917441889999999999999911 0 512333 9999999999999999
101113135161182193188168136100 68 48 44 57 86123159186197192172144114 9225 919QJ 5131931812198999999999999991143 43999999999999999999999
 83 90111141173196204194166127 87 56 41 44 67104145180201203187157122 9125 920QJ 557204183720599999999999999 0 6 831219 4099999999999999
 73 71 87117154188208209191156113 74 48 41 55 87129169198209199171134 9625 921QJ 63421119 120999999999999999 036 701250 4199999999999999
 70 59 67 93130170200213206179139 97 64 47 52 7611415619120920718414810725 922QJ 7 8214192221199999999999999 1 4 591317 4799999999999999
 73 54 53 72106147184207211194161120 84 60 56 7110314318120521019416112025 923QJ 740212194321199999999999999 131 511343 5599999999999999
 81 54 46 56 84122162193206200176141105 78 66 73 9613116919720920017313425 924QJ 81120720 420999999999999999 157 4614 8 6699999999999999
 94 61 45 47 66 99138173194198184157125 96 80 79 9512315718620320118214825 925QJ 842199202520599999999999999 223 431432 7799999999999999
109 74 51 44 55 81115150176188184166140114 95 89 9711714517419319818616025 926QJ 913188204719899999999999999 251 441456 8999999999999999
125 90 63 50 52 69 9612715517217616715012911110210311613716018019018516725 927QJ 947176211119099999999999999 321 49152110199999999999999
140109 81 63 57 64 8210713215216216215313912511511311913214916617717816925 928QJ1028163213817999999999999999 356 57154711399999999999999
150126101 81 70 68 76 9211112914314914914413612912612613214115216216616425 929QJ1128150221016799999999999999 438 67162112599999999999999
154139121103 89 80 78 83 9410712013113914314314213913713713814214715115425 930QJ1347144231115499999999999999 544 78175113799999999999999
153147138125112 99 89 83 83 88 971091221351451511531511461401351331351392510 1QJ1556153999999999999999999999 736 8221 613399999999999999
144148149146137124108 92 80 74 76 851011201401561651671601481341231181192510 2QJ 149149163816799999999999999 918 74221511799999999999999
128140153161161152134112 88 70 60 62 76100128154174181177161139118103 982510 3QJ 33216217 7181999999999999991019 602254 9899999999999999
105122144165178178165140108 78 55 46 53 76108144175193194179152120 94 792510 4QJ 43218017341959999999999999911 4 462328 7799999999999999
 79 95124156183197194173139100 64 42 38 53 85127167197208198170132 93 662510 5QJ 51919818 2208999999999999991142 37999999999999999999999
 55 64 92131171202214204175133 88 53 36 40 64105152191214214192152105 642510 6QJ 6 4214183021799999999999999 0 2 551219 3499999999999999
 39 36 56 94142187216223206169123 79 48 39 52 85131177211223211176126 762510 7QJ 64722319 022399999999999999 037 351256 3999999999999999
 37 19 26 55102154198222222199159113 75 52 52 731111571982222221971531002510 8QJ 731225193022599999999999999 114 181332 4999999999999999
 51 18  9 24 61111162201219213187147107 77 65 72 981371782092212101771292510 9QJ 81522020 122199999999999999 153  914 8 6599999999999999
 78 35 11  9 30 70119164196207197171138106 87 83 96122157190210211192156251010QJ 9 1207203421399999999999999 234  71444 8299999999999999
110 65 31 14 19 42 80122160183189179158132111101103117141168190201194173251011QJ 95118921 820199999999999999 318 14152110099999999999999
139 99 63 37 27 34 55 87121149166170163149133121116120132149167181184176251012QJ1050171214918599999999999999 4 6 2716 311699999999999999
157129 99 71 52 44 49 65 89114135149155154147138132129130137146157165167251013QJ1215155224516799999999999999 5 6 4417 912899999999999999
161148129107 86 69 61 61 70 85104123138148152152147141135132131134140147251014QJ1421152999999999999999999999 629 60193913199999999999999
152152148137121102 85 72 66 68 79 96115134149158160156146134123117116122251015QJ 041153154716199999999999999 812 66213511699999999999999
132143152155149135115 94 76 65 64 73 92115139159169169160143124107 98 98251016QJ 250155163117199999999999999 936 632231 9699999999999999
107124144159166162146122 95 73 60 59 72 96125153173180174156131106 86 78251017QJ 4 816717 3180999999999999991032 5823 9 7899999999999999
 83100125151171179171150120 90 66 55 59 79109142170186186170143111 83 65251018QJ 5 11791730188999999999999991114 542341 6199999999999999
 62 75101134164184187174146112 80 60 54 66 93129163187194184157122 86 59251019QJ 5431881755194999999999999991148 54999999999999999999999
 48 54 77111148178193190169136100 72 57 61 81115152182197193171135 95 61251020QJ 620194181819899999999999999 010 481219 5699999999999999
 40 38 55 87127164190197186158122 89 67 62 74103139173195199182150108 68251021QJ 653197184120099999999999999 037 361247 6199999999999999
 39 28 37 64103144178196194175143109 81 68 73 94127162189200191163123 80251022QJ 72519719 320099999999999999 1 3 281315 6899999999999999
 45 26 26 45 79121159186194184159127 98 79 76 89116149179196195174139 97251023QJ 757194192619899999999999999 130 231341 7599999999999999
 57 31 22 32 59 97137169186186169143114 93 83 89108137166187193181153114251024QJ 828188195019499999999999999 157 2214 7 8399999999999999
 75 43 26 27 45 77114148172180172153129107 93 92104126152175187183163131251025QJ 9 0180201618799999999999999 226 241434 9199999999999999
 94 61 38 30 39 61 93126152167168158140120105100104119140161175178167144251026QJ 935170204317999999999999999 258 3015 310099999999999999
113 82 56 41 40 53 76104130150158156146132118110109116130146161168165152251027QJ1017159211516999999999999999 333 39153610899999999999999
129103 77 59 50 53 66 86108129142148147140130122117118124134145154157152251028QJ1115149215515799999999999999 416 50162311799999999999999
140121100 81 67 60 63 73 88106123135142144141135129125123125130137143145251029QJ125014423 414599999999999999 514 6018 112399999999999999
143135122106 90 77 69 67 73 85100117131143148149144136127120116118123131251030QJ1432149999999999999999999999 641 67201411699999999999999
137141139131117101 84 72 66 68 78 95115135151160160151137121107 99100108251031QJ 110141153016199999999999999 816 652127 9899999999999999
121136147151145131110 88 70 60 60 72 94120146165174169153129105 85 76 792511 1QJ 25515116 917499999999999999 927 592214 7699999999999999
 94117141160167161143116 88 65 53 55 72100133163183186173146112 80 58 512511 2QJ 4 41671643187999999999999991021 522254 5199999999999999
 61 86119152176184175151118 84 59 48 55 79114152183198193168130 87 51 292511 3QJ 45918417161989999999999999911 6 482333 2699999999999999
 28 47 83126166192198184154116 80 56 50 63 93133173200207191155107 59 222511 4QJ 5491991749207999999999999991149 50999999999999999999999
  5 12 41 86136178203206187152112 77 58 58 78113154191210208181136 83 332511 5QJ 636207182321299999999999999 013  51230 5699999999999999
  0-10  5 42 93145186207205182146108 78 65 72 96133172202213200166115 612511 6QJ 724209185921399999999999999 054-101311 6599999999999999
 15-12-15  7 49101151187203197172138105 83 77 88114149183205207187148 972511 7QJ 812203193620999999999999999 137-171352 7799999999999999
 46  6-13-10 16 59108152182192184161132106 91 901031291601862001951711312511 8QJ 9 1192201520099999999999999 221-151433 8899999999999999
 85 40  9 -4  3 29 69112149172178169150127109 991021151371611811881791552511 9QJ 953178205818899999999999999 3 8 -51519 9999999999999999
120 80 44 20 11 20 44 77113142160164158143127113107110120137155168172163251110QJ1052164214817299999999999999 359 11161310799999999999999
143114 82 54 36 30 37 56 83111134149154150141129118112112118129142152155251111QJ12 3154225315599999999999999 457 30173011299999999999999
150136115 91 68 53 47 51 65 86108129143150149142132121112108109116126136251112QJ1325150999999999999999999999 6 5 47191710899999999999999
142142135120102 83 68 60 60 70 87107127143151152146133119106 97 95100110251113QJ 031143143615399999999999999 725 592049 9599999999999999
123134140139129113 94 78 67 65 73 89110131148158158148131111 93 81 77 84251114QJ 219141152815999999999999999 842 652151 7799999999999999
 98116134145146138121101 82 70 67 76 94117141158166161145122 97 75 62 61251115QJ 34114716 816699999999999999 944 672235 6099999999999999
 72 93117140153155145126102 82 70 69 81103130154169171160136106 76 54 45251116QJ 4401561640172999999999999991032 682311 4499999999999999
 49 68 96126150163163148125 99 79 69 73 90116145167177171151119 84 54 35251117QJ 52616517 9177999999999999991113 692342 3199999999999999
 32 45 71106139163172166146119 93 75 71 81103133160177179164135 97 60 32251118QJ 6 61721737181999999999999991149 71999999999999999999999
 20 26 48 82120153173176164139111 87 74 76 93120149173183175150114 73 38251119QJ 64217718 418399999999999999 012 201222 7399999999999999
 16 12 28 59 98137166179175156129101 82 76 85107136164181182164131 90 50251120QJ 716179183218499999999999999 041 111253 7699999999999999
 20  7 13 37 74115151173179167144117 93 80 82 98123152174183174148110 68251121QJ 74917919 118399999999999999 111  71324 7999999999999999
 32 10  6 22 52 92130160174172156131106 89 83 91111138163178178161129 89251122QJ 822175193018099999999999999 141  51354 8399999999999999
 51 21  8 13 35 69107141163170162143120 99 88 89102124148168176168145111251123QJ 85617020 117699999999999999 214  71426 8799999999999999
 73 39 18 13 25 51 85119147161162150131111 97 91 97112133154167169155129251124QJ 932163203517099999999999999 248 131459 9199999999999999
 96 62 35 21 23 39 65 97127148157153141124108 98 96104119138154162158142251125QJ1013157211216299999999999999 324 201539 9699999999999999
116 86 57 37 29 34 51 77105130146152147136121108100100107120136148153147251126QJ11 2152215915399999999999999 4 6 291631 9999999999999999
131108 82 59 43 38 45 61 84109130144149145135122109101100105115128138143251127QJ12 114923 314399999999999999 455 381745 9999999999999999
139126107 85 65 52 47 53 68 88111131145150147137123108 97 92 94103116128251128QJ13 8150999999999999999999999 556 471913 9299999999999999
136136128113 94 75 61 55 58 71 91113134150156153140122102 86 77 77 86102251129QJ 033137141015699999999999999 7 9 552029 7699999999999999
119133140137125106 86 69 60 62 73 93118141158165159141116 90 68 55 55 68251130QJ 21214015 216599999999999999 824 602129 5499999999999999
 90114136149150139119 96 76 64 64 76 98126152169174163138105 71 44 30 332512 1QJ 334151154717499999999999999 931 622221 2999999999999999
 51 81114144161164152130103 80 66 67 81106137164181181163130 88 48 19  62512 2QJ 4411651630183999999999999991030 6523 8  699999999999999
 13 39 77119153174177163137107 82 69 71 88117150177190185159118 70 26 -42512 3QJ 5391781713191999999999999991123 682355-1399999999999999
-13  0 33 78125163183184167139108 83 72 77 97128162187196184151104 52  72512 4QJ 6331861756196999999999999991212 71999999999999999999999
-20-25 -6 33 83132169188186166136106 83 75 84107140172194197179141 90 372512 5QJ 724190183919899999999999999 041-261259 7599999999999999
 -5-28-27 -3 39 91138172187182160131102 84 80 91116148178195193170129 782512 6QJ 813188192419699999999999999 128-311346 7999999999999999
 28 -9-27-21  6 50 99143171181173151123 99 84 84 981231521781901841581182512 7QJ 9 1181201119099999999999999 215-281432 8299999999999999
 70 25 -6-18 -8 21 62107145167173162141116 96 85 881021251521731811711462512 8QJ 949173205818199999999999999 3 3-181520 8599999999999999
108 65 28  4 -2 10 38 76115145162163152132110 94 86 901031241461631671572512 9QJ1036164214916799999999999999 350 -31612 8699999999999999
134101 65 36 18 16 30 56 89121144156155143125107 93 86 89100118136149152251210QJ1124157224515299999999999999 438 151712 8699999999999999
143124 97 69 47 35 36 49 72100125143151148137121104 91 84 85 94108123134251211QJ1214151235313899999999999999 527 341822 8399999999999999
137132118 98 77 60 52 54 66 85108129143149145134118101 87 78 77 84 96110251212QJ13 7149999999999999999999999 620 521939 7799999999999999
121127126117103 87 74 67 68 78 95114132144148144132115 96 79 69 66 71 83251213QJ 12012814 114899999999999999 721 672051 6699999999999999
 99113123126122111 97 85 78 78 86101119135147150144130109 87 68 55 52 59251214QJ 254126145315099999999999999 829 772149 5299999999999999
 74 93112126132130120106 92 84 83 91105123140151153144125100 74 53 40 39251215QJ 412132154015499999999999999 937 822236 3899999999999999
 49 69 94117134142138127110 95 85 85 93110130147157155141117 87 58 36 25251216QJ 5111421622157999999999999991035 842315 2599999999999999
 29 45 72101128146151145129110 93 84 85 97116138155161155134104 70 39 19251217QJ 55715117 1161999999999999991123 832351 1399999999999999
 14 24 48 80114141157158147127105 88 81 87103125148163164151124 88 51 22251218QJ 63515917371659999999999999912 4 81999999999999999999999
  6  7 26 57 94129154164159143119 97 83 80 91112136158169164143110 70 33251219QJ 711164181316999999999999999 025  41241 8099999999999999
  7 -2  8 34 70109142162166155134109 88 78 82 98123148167172159131 93 52251220QJ 744167184817299999999999999 059 -21314 7899999999999999
 18 -2 -3 14 47 87125153167163146122 98 81 77 87108134158172170150116 75251221QJ 817167192217399999999999999 133 -51347 7799999999999999
 36  7 -5  2 27 63104138161166156135110 89 77 79 94118145165173163137100251222QJ 850166195717399999999999999 2 7 -51421 7799999999999999
 59 23  2 -2 13 43 81119149163162147123 99 82 76 83102127152168169153123251223QJ 924165203417099999999999999 242 -31456 7699999999999999
 84 46 17  3  7 27 60 98132155163155136112 91 78 77 88108133154164160140251224QJ 959163211316599999999999999 317  21536 7699999999999999
109 72 39 16 10 20 44 78113142158160148127104 85 75 77 89110133151157149251225QJ1035161215815799999999999999 353 101621 7499999999999999
128 98 66 38 23 22 36 62 94125148159156141120 97 80 72 74 87107127143147251226QJ1116159225214799999999999999 433 201715 7199999999999999
139120 94 67 45 35 37 53 77106133151158152136114 91 74 66 67 79 97117132251227QJ12 1158999999999999999999999 518 341819 6599999999999999
138132117 96 75 58 50 54 68 90115138153157150133110 86 66 56 55 66 84104251228QJ 0 1138125215799999999999999 611 501931 5499999999999999
121131131122106 88 73 66 68 79 98120140154158150132106 79 56 42 39 48 67251229QJ 130132134915899999999999999 718 662043 3999999999999999
 91113129135132120104 89 79 78 86102123143157161152132103 71 43 25 20 29251230QJ 3 7135145016199999999999999 838 782150 2099999999999999
 51 80108131144145135119103 90 85 90104124145161165155132 98 61 28  7  1251231QJ 43414615501659999999999999910 0 852250  199999999999999
