 -8  3 26 57 88114131135130117103 92 90 96109125139144139122 95 62 30  525 1 1QP 65513517 3144999999999999991148 90999999999999999999999
 -8 -7 10 36 68 98121133132123108 94 85 86 96112128140143134114 85 52 2225 1 2QP 729134174514399999999999999 023-101225 8599999999999999
  2 -6  1 22 50 81108126132127115 99 86 80 84 96112128137137126104 76 4625 1 3QP 8 3132183013999999999999999 1 0 -613 6 8099999999999999
 21  6  4 15 38 66 94116128129121106 90 79 76 81 94109123130128116 95 7025 1 4QP 836130191813199999999999999 137  31351 7699999999999999
 45 26 17 20 34 57 82106122128125113 97 82 73 71 77 88102114120117107 9025 1 5QP 9 8129201412099999999999999 215 171444 7199999999999999
 69 51 38 34 40 55 76 97115125127120106 90 76 66 64 69 79 9110110710710025 1 6QP 939127212610899999999999999 252 341549 6499999999999999
 88 75 62 55 55 62 76 93109121127124115101 84 70 60 56 58 66 77 88 95 9925 1 7QP10121272314 9999999999999999 331 5417 6 5699999999999999
 98 93 85 78 75 76 82 93106117125127122112 97 80 64 51 45 45 51 62 74 8625 1 8QP1050127999999999999999999999 416 751829 4499999999999999
 95100101 99 95 93 94 98105113121126127122112 96 77 58 42 32 30 36 48 6425 1 9QP 143101113912799999999999999 520 931945 3099999999999999
 81 96107112113110107106107111116123128129124113 95 74 51 32 19 16 23 3825 110QP 338113124512999999999999999 7 81062049 1699999999999999
 59 81101116123124120115111109111116123130132128115 95 69 43 21  7  4 1425 111QP 438124135513299999999999999 8581092143  499999999999999
 33 59 86109125131130124115109106108115125133137131116 93 63 34 10 -3 -325 112QP 52013214561379999999999999910 31062230 -599999999999999
 10 34 64 94117131135131121110102100105115128138141133115 87 55 24  1-1025 113QP 55413515491419999999999999910471002312-1099999999999999
 -5 14 42 74103125135134125112100 93 94103117131141142131109 79 45 15 -425 114QP 6251361635143999999999999991122 932350-1099999999999999
-10  1 24 55 87113130134128115100 89 85 90103119134142140125100 68 35  925 115QP 6531341717143999999999999991154 85999999999999999999999
 -4 -3 13 40 72101122131129118102 87 79 80 89105121135139133115 88 57 2825 116QP 719132175713999999999999999 024 -61226 7899999999999999
  8  2 11 32 60 89113127129121106 89 77 72 77 89106121131132122102 76 4825 117QP 742130183413399999999999999 055  21258 7299999999999999
 26 14 16 30 53 80105122128124111 94 78 69 68 76 90105118125122109 90 6625 118QP 8 4128191212599999999999999 123 131333 6799999999999999
 45 30 26 34 52 75 99117127126116100 83 70 64 67 76 89102112115110 98 8025 119QP 825128195311599999999999999 149 261412 6499999999999999
 62 48 41 43 55 73 94113124127121107 91 76 66 62 66 75 86 96103104 99 8925 120QP 846127204110599999999999999 214 401458 6299999999999999
 77 65 57 56 63 76 92109121126123114100 84 71 63 61 64 71 80 88 93 95 9225 121QP 9 91262151 9599999999999999 238 561555 6199999999999999
 86 79 73 71 73 81 92105117123124118108 94 81 69 61 58 59 64 71 78 84 8825 122QP 935124999999999999999999999 3 2 711711 5899999999999999
 90 89 87 86 86 89 95104112119122120114104 91 79 67 58 53 52 55 61 70 7925 123QP 0 8 9010 812299999999999999 326 851842 5299999999999999
 87 93 97 98 99 99101104109114118119117112103 91 77 63 52 44 41 44 52 6325 124QP105911999999999999999999999920 0 41999999999999999999999
 77 90101107110110108107107109112116118118114104 91 74 57 42 32 28 33 4425 125QP 418110122511999999999999999 7201062057 2899999999999999
 61 80 97111118119116111106104106110116121122118106 89 68 47 29 17 16 2425 126QP 443119134612299999999999999 9 71042142 1599999999999999
 41 63 87107121126124117108101 99102110119127128122107 85 59 34 14  4  525 127QP 510126144612999999999999999 956 992221  399999999999999
 19 43 71 97118129131123112100 93 93100112125134135126106 78 48 20  0 -725 128QP 5371311536136999999999999991032 922259 -799999999999999
  1 21 50 82109128134130117102 89 84 88100116132141140126101 69 35  7 -925 129QP 6 513416231429999999999999911 6 842335-1299999999999999
-11  4 30 63 95121134135124107 89 77 75 84101121138146141122 93 58 25  025 130QP 63213617 7146999999999999991140 75999999999999999999999
-11 -6 15 45 80110130137130114 93 75 66 69 82103125141146137115 84 50 2025 131QP 659137175214699999999999999 010-111216 6599999999999999
  1 -3  9 34 66 98122135134121100 78 62 57 64 81104125139140129106 76 4625 2 1QP 725137183814199999999999999 044 -41254 5799999999999999
 22 10 14 30 57 87114131136127108 85 64 51 50 61 79102121132131119 97 7125 2 2QP 750136192713399999999999999 117 101335 4999999999999999
 48 32 28 37 56 82107126135131117 95 72 53 44 46 58 76 96112120119108 9125 2 3QP 813135202012199999999999999 147 281420 4499999999999999
 72 56 49 51 63 82103122132133124106 84 63 48 41 43 54 70 8710010710610025 2 4QP 835134212610899999999999999 215 491513 4199999999999999
 89 78 71 70 76 88103118129133128116 98 78 59 46 40 41 49 61 74 86 93 9725 2 5QP 8571332314 9799999999999999 239 691620 3999999999999999
 96 92 89 88 90 97106116125130129122110 94 77 60 47 39 37 41 50 61 72 8325 2 6QP 921130999999999999999999999 251 881749 3799999999999999
 91 97100102104107111116120124125123118108 95 80 64 48 37 31 31 37 48 6225 2 7QP 9551259999999999999999999991929 30999999999999999999999
 77 92103110114116116116116117118119120117111101 85 67 48 32 22 20 26 3925 2 8QP11421209999999999999999999992047 20999999999999999999999
 58 78 97112120123121117112109108110115120121118107 89 67 44 24 12 10 1925 2 9QP 5 2123135312199999999999999 9431082142 1099999999999999
 37 60 85106121127126119110102 98 99105114123128124111 90 63 36 15  3  425 210QP 51712715 6128999999999999991017 972225  299999999999999
 18 41 69 96116128129122110 97 88 86 92104118129134128111 85 55 26  6 -125 211QP 5371301558134999999999999991046 8623 1 -199999999999999
  6 25 53 83109125130125111 95 82 75 78 89106123135137127105 76 44 17  225 212QP 5571301641137999999999999991113 752333 -199999999999999
  1 15 40 70 99120130128115 96 79 67 65 74 91111128138136121 95 64 34 1225 213QP 6171311719138999999999999991139 65999999999999999999999
  4 11 32 60 90115129130119100 80 63 56 60 75 95116132137129110 82 53 2825 214QP 635131175513799999999999999 0 2  412 7 5699999999999999
 14 14 29 54 83109126131124106 84 64 51 50 60 79100119131131119 97 71 4525 215QP 653131183113299999999999999 028 121236 4999999999999999
 28 23 32 52 78104123132128113 91 68 51 44 49 63 83104119126122107 86 6325 216QP 71113219 612699999999999999 051 2313 6 4499999999999999
 44 36 39 53 75100120131131119 99 76 56 44 43 51 68 87105116118111 96 7825 217QP 728132194411899999999999999 114 351337 4299999999999999
 61 51 50 59 76 97116129132124107 86 65 49 42 45 56 71 88102109108101 8825 218QP 745132202510999999999999999 135 491412 4299999999999999
 75 66 62 67 79 95112125130126113 95 75 58 47 44 48 59 72 85 95100 99 9325 219QP 8 3130211910099999999999999 154 621453 4499999999999999
 86 79 75 77 84 96109120126125117103 86 69 56 48 46 50 59 69 79 86 91 9225 220QP 8221272257 9299999999999999 211 751547 4699999999999999
 91 88 87 88 92 99107116121122118109 96 82 68 57 50 47 49 54 61 69 77 8425 221QP 842122999999999999999999999 212 8717 9 4799999999999999
 89 93 96 98100103107111115117116111104 94 83 71 60 50 44 42 44 50 59 7025 222QP 9 711799999999999999999999919 2 42999999999999999999999
 81 92100106108109109109109110110110109105 98 87 74 60 47 36 31 31 38 5125 223QP10331119999999999999999999992025 30999999999999999999999
 67 84100110116116113108103101102105109112111105 93 76 57 38 24 17 18 2925 224QP 432117131911299999999999999 9161012118 1699999999999999
 48 71 93110121123118109100 93 91 95103112119120113 97 75 50 26 10  4 1025 225QP 447123143812199999999999999 949 9122 1  499999999999999
 27 52 80105122128125113 99 86 79 81 90105120129130119 98 70 40 14 -1 -325 226QP 5 71281533131999999999999991019 792238 -499999999999999
  9 33 64 94118131131120101 82 69 65 72 89110128139137122 96 63 31  6 -625 227QP 5301331622140999999999999991050 652314 -699999999999999
 -1 18 48 81111130135127108 84 63 51 53 67 90115136145140121 91 56 25  525 228QP 55313617 9145999999999999991123 502348 -199999999999999
  0 11 36 69101125137133116 90 63 44 37 44 65 93120139146137115 84 52 2625 3 1QP 6151381756146999999999999991158 37999999999999999999999
 12 15 32 60 92119136138125100 71 44 28 27 40 65 94121138141130107 79 5225 3 2QP 638139184314299999999999999 020 121235 2599999999999999
 34 29 38 59 86113133140132111 83 53 29 19 23 40 66 94117131131120100 7725 3 3QP 659140193213299999999999999 050 291313 1899999999999999
 58 49 51 65 86109129139136121 97 67 40 22 16 23 41 66 90109119118109 9425 3 4QP 719139202612099999999999999 118 481356 1699999999999999
 79 69 68 75 90108125136137128109 84 58 35 22 19 27 43 63 83 9710510510025 3 5QP 738138213410699999999999999 140 671444 1999999999999999
 93 86 84 87 96109121131134130117 99 77 55 38 28 26 31 43 57 72 84 92 9525 3 6QP 756134999999999999999999999 154 841546 2599999999999999
 96 96 96 98103110118125128126120108 93 76 60 46 36 32 33 39 49 61 72 8225 3 7QP 8121289999999999999999999991716 32999999999999999999999
 91 97102106109112115118119118116111104 94 82 69 55 43 35 31 33 40 51 6425 3 8QP 8131199999999999999999999991910 31999999999999999999999
 79 92103110114115113111109107106106106105100 91 77 62 46 33 26 25 32 4625 3 9QP 4501159999999999999999999992033 24999999999999999999999
 63 82 99111117117113106 99 95 93 96101107110108 99 83 64 44 27 19 19 3025 310QP 43311814 911099999999999999 948 932126 1899999999999999
 48 70 91108118120114104 92 83 79 82 91102113118116104 84 60 37 20 14 1825 311QP 44212015131189999999999999910 6 7922 5 1399999999999999
 34 57 82104118123117105 89 75 67 67 76 91107120125120103 79 52 29 15 1425 312QP 4561231559125999999999999991028 662237 1399999999999999
 25 46 73 98117125121108 89 70 57 53 60 76 96115128129119 98 71 44 23 1525 313QP 5121251639130999999999999991052 5323 6 1599999999999999
 21 39 64 92114126126113 93 70 52 42 45 59 80104123132129113 89 61 37 2325 314QP 5291271716132999999999999991117 422332 2199999999999999
 23 36 59 86110126129119 99 74 51 36 33 43 63 88112128132124105 79 53 3525 315QP 5451291751133999999999999991143 322356 2999999999999999
 29 37 56 81106125131125107 82 55 35 26 30 47 71 97118129128116 94 70 5025 316QP 6 213118251309999999999999912 9 26999999999999999999999
 40 42 56 78102122132130115 91 63 39 24 23 34 55 80104120126121106 85 6625 317QP 61813319 012699999999999999 020 391237 2299999999999999
 53 51 60 77 99119131132121100 73 47 28 21 26 41 64 87107119120111 96 7925 318QP 635133193612099999999999999 042 5013 6 2199999999999999
 66 61 65 78 96115128132125108 84 59 37 25 23 33 50 71 91106113111102 9025 319QP 653132201611399999999999999 1 3 611337 2299999999999999
 78 72 72 81 95110123129126114 94 71 49 34 27 29 40 56 74 90100104102 9525 320QP 71113021 510499999999999999 124 711413 2699999999999999
 87 82 81 85 95107118124124116102 83 63 46 35 32 36 45 58 72 84 92 95 9525 321QP 7291252227 9699999999999999 141 801458 3299999999999999
 93 90 89 91 97104112118119115106 92 77 61 48 40 37 39 45 55 65 75 83 8925 322QP 749120999999999999999999999 151 8916 6 3799999999999999
 93 96 97 98100103107110112111107 99 89 77 65 54 45 39 37 40 46 55 66 7825 323QP 8 91129999999999999999999991755 37999999999999999999999
 88 97103106106105104103103103102101 98 92 83 72 60 47 37 31 30 35 46 6125 324QP 3451069999999999999999999991936 29999999999999999999999
 78 93105112113109103 97 92 90 92 96101103101 93 80 63 46 31 21 20 27 4225 325QP 34111313 610399999999999999 857 902040 1999999999999999
 63 85103116119115105 93 82 76 77 84 95106113113104 87 65 42 23 12 13 2525 326QP 358119143011499999999999999 924 762127 1199999999999999
 46 72 97116125122111 93 75 63 59 65 79 97115125124112 91 64 37 17  9 1425 327QP 418125152812699999999999999 954 5822 7  999999999999999
 32 58 87112127129118 98 74 53 41 42 56 78103124135133117 92 62 34 17 1325 328QP 4391301620136999999999999991026 402245 1399999999999999
 24 48 77106126134127107 79 51 30 22 30 51 80110133142137118 90 60 36 2425 329QP 5 213417 91439999999999999911 0 222320 2399999999999999
 27 43 69 99123137135118 90 57 27 10  8 23 50 84115136144136115 88 62 4325 330QP 5241381758144999999999999991136  72353 3899999999999999
 38 47 67 93119136140129104 70 36  9 -3  2 22 53 87116135139130110 87 6725 331QP 5461401848139999999999999991213 -3999999999999999999999
 56 57 70 91114133142137117 88 53 21 -1 -7  3 26 56 88113128130121105 8725 4 1QP 6 9142194013199999999999999 023 551253 -799999999999999
 75 71 77 92111128139140127104 73 41 14 -1 -3  9 31 59 8510611711811110025 4 2QP 631141203711999999999999999 051 711337 -499999999999999
 90 85 87 95109123134137131115 91 64 37 16  6  7 18 37 59 80 9610510710425 4 3QP 653137215010799999999999999 114 841425  599999999999999
 99 95 95 99107117126130128119104 83 61 40 25 17 18 26 40 57 73 85 94 9925 4 4QP 714131999999999999999999999 130 941526 1799999999999999
100100101103107112117120120116108 96 81 65 49 37 29 28 32 41 52 65 78 8825 4 5QP 7331209999999999999999999991648 28999999999999999999999
 96101104106107107108108108106104 99 93 84 73 60 48 39 33 33 39 48 61 7525 4 6QP 6571089999999999999999999991831 33999999999999999999999
 88 98105108108105101 97 94 92 93 95 96 95 91 82 70 56 43 35 32 37 47 6225 4 7QP 3231081214 9699999999999999 9 8 921952 3299999999999999
 78 93105110110105 97 88 81 77 78 84 91 98101 99 90 75 59 44 34 31 37 5025 4 8QP 32911114 710299999999999999 915 772047 3199999999999999
 68 87103112114108 97 83 71 63 62 69 80 93105110106 94 77 57 41 32 32 4225 4 9QP 34311415 711099999999999999 937 622128 3199999999999999
 60 81100113118113100 83 65 52 47 52 65 83100113117111 95 74 54 39 33 3825 410QP 4 011815531179999999999999910 0 4722 1 3399999999999999
 53 74 96113122119106 86 64 45 35 36 48 68 90110121122111 92 70 50 39 3925 411QP 4171221633123999999999999991025 342231 3899999999999999
 50 69 92112124125114 93 68 44 28 23 32 51 76101119127123108 87 65 50 4425 412QP 4341261710127999999999999991051 232259 4499999999999999
 50 66 88109124129121102 75 47 26 15 18 34 59 86111126129121103 81 63 5225 413QP 4521291746130999999999999991117 142325 5199999999999999
 53 65 84106123131127111 85 55 29 12  9 20 42 70 97118129127115 96 77 6325 414QP 5101311821129999999999999991144  92351 5999999999999999
 59 66 82102120131131119 96 67 38 16  6 10 27 53 81106122127121107 89 7525 415QP 5291331856127999999999999991212  6999999999999999999999
 67 69 81 98116129133125106 79 50 25 10  7 17 38 64 90110121121113 99 8525 416QP 549133193312299999999999999 016 671241  699999999999999
 76 74 81 95111124131127113 91 64 38 19 10 13 27 48 72 94109116114105 9425 417QP 610131201411699999999999999 040 741313 1099999999999999
 84 80 83 92105118127127118100 77 53 32 18 15 21 36 56 76 93105108106 9925 418QP 63212821 410899999999999999 1 5 801350 1599999999999999
 92 87 87 92101111120123118107 89 68 47 31 22 22 29 42 59 75 89 9810210125 419QP 656123221910299999999999999 132 861435 2199999999999999
 98 94 92 94 98105111115115108 97 81 64 48 35 28 28 33 43 57 71 83 93 9925 420QP 724116999999999999999999999 2 6 921538 2799999999999999
101101 99 98 98100102105107105100 92 80 67 54 42 34 31 33 41 52 66 79 9125 421QP 019101 8 410799999999999999 331 9817 5 3199999999999999
100105106104100 97 94 93 94 96 97 96 93 85 75 62 49 39 32 31 37 48 64 8025 422QP 1471061014 9799999999999999 657 931836 3199999999999999
 95106112111106 97 88 81 78 80 85 92 97 99 96 86 72 56 41 32 29 35 48 6725 423QP 2241121253 9999999999999999 8 7 781948 2999999999999999
 87104115118113101 86 71 62 60 66 77 91103110108 98 81 61 44 32 30 38 5525 424QP 251118141911099999999999999 846 602043 2999999999999999
 76 98116124121109 89 67 49 40 41 54 73 95113122121109 89 66 47 36 36 4725 425QP 316124152212399999999999999 921 392129 3499999999999999
 67 91113127129119 98 70 44 25 18 26 46 73101123133131116 94 70 52 43 4725 426QP 341130161813499999999999999 958 182211 4399999999999999
 62 85109127135130111 81 49 20  3  2 16 43 76108130140136120 97 75 60 5525 427QP 4 61361711140999999999999991035  02251 5599999999999999
 63 81104125138139124 98 63 28  0-12 -8 13 44 80112134142136119 98 80 6925 428QP 43214018 3142999999999999991115-132327 6899999999999999
 70 81100121137143136115 83 46 11-12-19-10 15 49 84114133138131116 99 8525 429QP 4591431855138999999999999991156-19999999999999999999999
 80 85 98115132143142128103 69 33  3-15-18 -4 21 54 86112127130124112 9925 430QP 527144194913199999999999999 0 2 801239-1999999999999999
 91 90 97110125137142135118 91 59 27  3-10 -9  5 30 58 8610711912111610725 5 1QP 557142204712199999999999999 035 901325-1199999999999999
 99 96 98106117128135134125107 82 54 28  9  1  4 17 38 62 8410011011210925 5 2QP 628135215311299999999999999 1 7 961415  099999999999999
104100 99102109116123126123113 97 77 54 35 20 14 17 28 45 64 81 9510310625 5 3QP 7 1126231410799999999999999 144 991511 1499999999999999
106103101100102105109113113110102 91 76 59 44 33 27 29 37 50 65 80 9210025 5 4QP 742113999999999999999999999 2451001617 2799999999999999
105105103100 98 97 96 97 99100 99 95 88 79 67 54 44 38 38 44 55 68 82 9325 5 5QP 039105 9 310099999999999999 536 961732 3899999999999999
102106106103 97 91 86 83 83 85 88 91 93 91 85 75 64 53 46 45 49 59 73 8725 5 6QP 1311071159 9399999999999999 740 831844 4599999999999999
 99107110108101 91 80 72 68 68 73 81 89 95 96 92 83 71 59 52 50 55 66 8025 5 7QP 2 31101346 9799999999999999 825 671945 5099999999999999
 95107114113106 94 79 65 55 52 56 66 79 92102104100 89 75 63 55 55 62 7525 5 8QP 229114145310499999999999999 857 522034 5499999999999999
 90105116119114100 82 63 48 39 40 49 65 84100111113106 93 78 65 59 61 7125 5 9QP 252119154311399999999999999 927 382116 5999999999999999
 86103116123121109 89 66 45 31 26 32 48 70 92110120119109 94 79 68 64 7025 510QP 315124162612199999999999999 955 262153 6499999999999999
 82 99115126127118 99 74 48 28 17 18 31 53 80104120127122110 93 79 70 7125 511QP 33812817 5127999999999999991024 162227 6999999999999999
 80 95112126131126109 84 56 30 13  8 16 36 63 91114128130122107 91 79 7425 512QP 4 01311742130999999999999991052  82258 7499999999999999
 79 92108124133131119 96 68 39 16  4  6 21 46 75102122131129118103 88 8025 513QP 4241341818131999999999999991122  32328 7999999999999999
 80 89104120131135127108 82 52 25  7  1 10 30 57 86110125130124112 97 8625 514QP 4491351855130999999999999991153  12357 8399999999999999
 83 87 99114127135132118 95 67 38 16  3  4 18 41 68 94114125125118105 9325 515QP 5151351933126999999999999991226  2999999999999999999999
 86 87 95107121131133125107 82 54 29 12  5 11 27 51 76 9911412111911110125 516QP 543133201512299999999999999 027 8613 2  599999999999999
 92 89 92101113124129127115 96 71 46 25 12 10 19 36 58 8110011211711410725 517QP 61313021 511799999999999999 1 0 891341 1099999999999999
 98 93 92 96105114122124118105 86 64 42 26 17 17 27 43 64 8410011011311125 518QP 64812422 311399999999999999 140 911427 1699999999999999
105 99 94 94 97104111116116110 98 81 62 44 31 24 25 34 49 67 85 9910911225 519QP 73111623 911399999999999999 236 941522 2399999999999999
111106100 95 93 94 98103106107103 94 81 66 51 39 32 33 40 53 70 8710111125 520QP 838107999999999999999999999 4 8 931627 3299999999999999
114113107 99 91 86 84 86 91 96100100 96 87 74 61 49 41 40 46 58 74 9110625 521QP 010114103510099999999999999 556 841739 4099999999999999
115118115106 94 81 72 68 70 77 86 95101102 97 86 73 60 51 49 54 66 82 9925 522QP 058118123910399999999999999 711 681849 4899999999999999
113122122115101 83 66 53 49 52 64 79 95107112110100 85 71 61 58 63 75 9225 523QP 13512314 911299999999999999 8 3 491953 5899999999999999
109123129125112 91 67 46 32 28 36 53 76 98115124122112 97 81 71 68 74 8725 524QP 2 9129152012499999999999999 848 282049 6899999999999999
104121132134125105 78 49 25 11 11 23 47 76103124134132121105 90 80 78 8625 525QP 241135162113499999999999999 932  92140 7899999999999999
100117132140137121 95 63 31  6 -6 -2 16 45 78109131140138126110 96 88 8825 526QP 3141411717141999999999999991016 -62227 8799999999999999
 97112129142145136115 84 48 16 -8-16 -8 15 47 83113134142139127112100 9425 527QP 34914518111439999999999999911 1-162310 9499999999999999
 97108123138147146132107 73 37  6-14-18 -7 19 53 8711613414013612411110125 528QP 42514819 3140999999999999991146-192351 9899999999999999
 98103115130142147142126 98 64 30  2-13-14  1 27 59 9111613113512911910825 529QP 5 31481952135999999999999991232-16999999999999999999999
101101107119132141143135117 90 58 28  5 -7 -4 12 38 67 9411512612812211225 530QP 544144204012899999999999999 0311001318 -799999999999999
104 99101108119129136135126108 83 55 30 12  5 10 26 49 75 9711312112111525 531QP 627137212612299999999999999 113 9914 4  599999999999999
106100 97 99106115123127125115 99 78 55 35 22 19 26 41 61 8310111311711525 6 1QP 713127221111799999999999999 2 2 971450 1999999999999999
109102 96 94 95100106112115113105 92 76 58 44 35 34 41 55 72 9010411311525 6 2QP 8 8115225511599999999999999 3 6 941537 3399999999999999
112106 98 92 88 88 91 96100103103 98 89 77 65 54 48 48 55 68 83 9710811525 6 3QP 925104233811699999999999999 434 881627 4799999999999999
115111104 95 87 81 78 79 83 89 93 96 95 91 83 73 65 60 61 67 78 9110411325 6 4QP1119 96999999999999999999999 610 781722 6099999999999999
118117111101 89 78 70 66 67 72 79 88 94 98 96 91 83 76 71 72 78 88 9911025 6 5QP 0201181313 9899999999999999 721 661824 7199999999999999
118121118109 96 81 67 57 53 55 63 75 87 98104105100 93 85 80 80 86 9510725 6 6QP 1 0121143610599999999999999 810 531927 8099999999999999
117124124118106 88 70 54 43 41 46 58 75 92106114114109100 92 87 87 9310325 6 7QP 137125153611599999999999999 850 412026 8699999999999999
114124128126116 99 77 56 39 30 31 41 59 81101116123122115105 95 91 92 9925 6 8QP 211129162212499999999999999 926 302118 9099999999999999
110122130132125110 88 64 41 26 20 26 42 65 90111126131127117106 97 93 9625 6 9QP 24413217 31319999999999999910 0 2022 1 9399999999999999
105118129135133122101 76 49 27 15 14 26 47 74100121133134127116104 96 9525 610QP 3171361740135999999999999991033 132239 9499999999999999
101113126136139132115 90 62 36 16  8 13 30 56 84110128136134124111100 9525 611QP 34913918161369999999999999911 8  82313 9599999999999999
 97106120133140139127106 78 49 24  8  6 16 38 66 94117132136130119106 9725 612QP 4231411853136999999999999991143  52347 9499999999999999
 95100112126137142136120 95 66 38 16  5  8 23 47 7610212213313312511210125 613QP 4571421930134999999999999991219  5999999999999999999999
 94 95104117130139140130111 84 56 30 12  6 14 32 58 8510912513212811910625 614QP 53414120 913299999999999999 021 941256  699999999999999
 97 93 97107120131137135122101 75 48 26 13 12 23 43 68 9411412712912411325 615QP 613138204913099999999999999 1 0 931335 1199999999999999
102 94 92 97107119129132127114 93 69 45 28 19 22 34 55 7910111812712712025 616QP 657132212912899999999999999 145 921416 1999999999999999
109 98 91 90 95104115123125120107 88 67 48 34 29 34 48 67 8910912212712525 617QP 749125221012899999999999999 240 9015 1 2999999999999999
116105 94 86 85 89 97106114116113103 88 71 56 46 43 49 62 80 9911512512825 618QP 858116225212899999999999999 348 851549 4399999999999999
123113100 88 79 75 78 85 95104109109104 94 81 69 61 59 65 77 9210812112925 619QP1033110233313099999999999999 5 5 751645 5999999999999999
129122110 94 79 68 62 63 71 82 94104109109103 94 84 77 76 80 9010311612725 620QP1227110999999999999999999999 619 621749 7599999999999999
132131121106 87 68 54 46 47 56 70 87102113117115109100 93 90 9310111212425 621QP 016133141011899999999999999 724 4519 0 9099999999999999
133137133121101 78 56 38 29 30 42 60 8210311912712812211310510110210912025 622QP 1 0137153112999999999999999 822 28201410199999999999999
131139141135119 96 69 42 23 13 16 31 54 8210712613713713112111210710811525 623QP 147142163513899999999999999 916 13212210799999999999999
125137145146137117 90 59 30 10  1  7 25 53 8411213314314313512411510911125 624QP 23614617291449999999999999910 6  1221910999999999999999
118130142150149137114 84 50 21  1 -6  3 25 56 8911813714614413412211210825 625QP 3251511817146999999999999991055 -623 610899999999999999
111121134146153150135110 77 43 14 -4 -7  6 31 63 9612313914514012911610725 626QP 4131531859145999999999999991141 -8234810599999999999999
105110122136148153148131104 71 38 11 -3 -1 15 42 7310412713914013312010825 627QP 5 11531937141999999999999991225 -4999999999999999999999
101101109122136147150142123 96 64 34 13  4 10 29 56 8611212913713412311025 628QP 547150201113799999999999999 02710013 6  499999999999999
100 95 98107121134142143133114 88 59 35 19 16 26 47 72 9911913113312611425 629QP 633144204113399999999999999 1 7 951343 1699999999999999
101 92 90 95105117128134133122104 81 58 39 30 33 45 66 8911012513112811925 630QP 71813521 913199999999999999 149 901418 3099999999999999
106 94 87 86 91101111120124122112 96 78 60 49 45 51 65 8410412012913012425 7 1QP 8 7124213713199999999999999 238 861452 4599999999999999
112 99 89 82 82 86 94103111114112104 92 79 68 61 62 70 8410011512613112825 7 2QP 9 711422 613199999999999999 336 811525 6199999999999999
119107 95 84 78 77 80 86 94101105105101 94 86 79 76 79 87 9911212313013025 7 3QP1031106223913199999999999999 447 7716 3 7699999999999999
126116104 91 80 72 70 72 77 85 93100103103100 96 92 90 9310010911912713125 7 4QP1231104232013199999999999999 6 4 701653 9099999999999999
130124114100 87 74 65 61 62 69 78 89 9910711011010710410210410811512312925 7 5QP1426111999999999999999999999 714 6118 610299999999999999
132130123112 97 81 66 56 51 53 61 74 8910311412012111711311010911211812525 7 6QP 010132153812199999999999999 812 51193610999999999999999
131133131123109 92 73 56 45 41 45 57 74 9311112312912912411711311111412025 7 7QP 1 6133162413099999999999999 859 41205311199999999999999
127134136133122105 84 63 44 33 31 40 56 7810112013213613312611711111011425 7 8QP 15913617 213699999999999999 941 31214711099999999999999
122131139140135120 99 75 51 32 23 25 38 60 8611012913914013312311310810825 7 9QP 2461411736141999999999999991020 22222710799999999999999
115125137144144135116 91 63 38 21 15 22 41 67 9512013614313913011710710325 710QP 33014518 9143999999999999991058 1523 310399999999999999
107117131143149146132109 81 51 27 13 12 24 48 7710612814114313612310910025 711QP 4121491841144999999999999991134 102337 9999999999999999
 99107120136148152145127100 69 40 18  9 14 32 59 8911613514414012911410125 712QP 4531521912144999999999999991210  9999999999999999999999
 94 97108124140150151141119 90 59 32 15 12 22 44 7310212614014313512010425 713QP 535152194314399999999999999 013 941245 1199999999999999
 92 89 95109126141149147134110 82 53 30 19 21 36 60 8911513414314012811125 714QP 618150201314399999999999999 051 891320 1899999999999999
 95 85 85 93108125139144140125103 76 52 35 30 37 55 7910512714014213411925 715QP 7 5145204214399999999999999 133 841356 3099999999999999
101 87 79 81 90105121132137132118 98 76 57 47 47 57 75 9811913514213912725 716QP 758137211114299999999999999 220 791431 4599999999999999
110 93 79 73 75 84 98113123127124113 97 81 69 64 67 78 9511413014014213525 717QP 9 1127214014299999999999999 315 7315 8 6499999999999999
121103 86 73 67 68 76 88102112118118112102 93 85 84 88 9811212613714214025 718QP1026119221214299999999999999 420 661548 8499999999999999
131116 98 81 67 59 59 65 76 8910211111511511210710310210611412313314014225 719QP1229116225414299999999999999 535 58163910299999999999999
138129114 96 77 61 51 48 52 63 77 9310711712212312111811711812312913514125 720QP1444124235514299999999999999 655 4818 411799999999999999
142139130115 95 74 55 41 36 39 50 67 8710712213113513312912512412512913525 721QP16 6135999999999999999999999 8 9 3620 512499999999999999
141144142134117 95 71 48 31 24 27 41 62 8711012914014314013312612212212625 722QP 112144165514399999999999999 912 23213112299999999999999
134143148147138120 94 66 40 21 14 19 36 62 9111713614614714013012111611625 723QP 22514917331479999999999999910 5 14222311599999999999999
123134146153152141120 91 60 32 13  8 17 39 68 9912514214914513512211110725 724QP 32615418 6149999999999999991052  823 310799999999999999
111122136150157155141117 85 52 25  9  8 23 48 8011013314614713812411010025 725QP 4181581835148999999999999991133  72338 9999999999999999
 99107121139153159154137109 77 45 21 11 16 35 64 95122140146141128111 9725 726QP 5 515919 2146999999999999991210 11999999999999999999999
 91 94105123140153156148128100 68 41 23 20 31 54 83111133144143132115 9825 727QP 548157192514599999999999999 011 901243 1999999999999999
 86 84 91105123140150150138117 90 62 41 32 35 52 7610312614114413612110225 728QP 630151194714499999999999999 046 831313 3199999999999999
 87 79 80 90106123137143140127106 82 61 48 46 56 74 9812113714414012710925 729QP 71014320 714499999999999999 121 781340 4599999999999999
 91 79 74 79 90105120131134129116 98 80 66 60 64 77 9611713414314313311725 730QP 753134202814499999999999999 159 7414 5 6099999999999999
100 84 75 73 79 90103115123124119108 95 83 76 76 84 9811513014114313812525 731QP 842124204914399999999999999 243 731429 7599999999999999
109 93 80 73 73 78 87 98108114115112106 98 92 90 9310211412713714214013125 8 1QP 948116211314299999999999999 335 721453 9099999999999999
119104 90 79 72 71 75 83 9110010611011010910610410510811512413213813913525 8 2QP1141110214313999999999999999 441 71152010499999999999999
126115102 89 78 71 68 70 75 83 9210110811311611611611711912312813313513525 8 3QP2228136999999999999999999999 6 6 68999999999999999999999
132124114102 88 76 67 62 62 66 76 8710011212012512612512412312412713013325 8 4QP1559126235413499999999999999 731 61185212399999999999999
134132126116102 87 71 59 52 51 58 70 8610311812913413413012612212112312725 8 5QP1627134999999999999999999999 836 51205012199999999999999
132136135130118101 82 63 48 40 41 51 68 8911012713814013712912211611612025 8 6QP 126136165314099999999999999 925 39214111599999999999999
127135141141134118 97 73 51 35 29 33 49 71 9712013714414313512311310811025 8 7QP 23114217191459999999999999910 6 29221610899999999999999
118130142149147136116 90 62 38 23 20 31 52 8010813114514814112711310310025 8 8QP 3221491745148999999999999991042 20224910099999999999999
106119136149156151136110 80 50 27 15 18 35 62 93122142150146133116100 9125 8 9QP 4 81561811150999999999999991117 152322 9199999999999999
 93104123142156160152132102 69 40 20 15 25 47 78109135149151140122102 8725 810QP 4511601837152999999999999991151 152356 8199999999999999
 81 88105126147159161148124 93 61 35 22 23 39 66 97126146153147130107 8725 811QP 53516219 1153999999999999991224 20999999999999999999999
 74 74 85105129148159156141116 86 58 38 32 40 60 88117140152151138116 9225 812QP 620159192515399999999999999 032 731256 3299999999999999
 74 65 69 84105128146153149133109 83 61 49 50 63 8511113414915314512610225 813QP 7 7153194815399999999999999 111 651327 4899999999999999
 80 64 59 66 82103124139144139124105 85 71 67 73 8810812914615314913611525 814QP 759144201015399999999999999 154 591356 6799999999999999
 91 71 59 57 64 80 98116128133129118105 93 87 88 9611012714215115114312725 815QP 9 0133203315299999999999999 243 561423 8699999999999999
106 85 68 57 56 62 75 9010511612112111611010510410811612713814715014613625 816QP1027122205815099999999999999 342 55144610499999999999999
121102 84 69 58 55 58 67 79 9210311211711911911912012412913514114514514125 817QP2133145999999999999999999999 5 1 55999999999999999999999
133120104 88 72 59 52 51 56 66 80 9410711812513013113213213313513713914025 818QP2257140999999999999999999999 639 51999999999999999999999
138134124110 93 75 59 47 42 45 55 71 8910812313413913913613212912812913325 819QP1631139999999999999999999999 8 8 42205612899999999999999
137140139131117 98 75 55 39 32 35 48 68 9111413114114414013212411811712125 820QP 116140165014499999999999999 912 32214511799999999999999
129138145146139122 98 72 48 30 24 30 48 7310012314014614413412211110510725 821QP 23814717111469999999999999910 0 24221910599999999999999
115129142152153143122 95 65 39 24 21 33 56 84112134146147138123107 96 9325 822QP 3351541733148999999999999991040 212249 9399999999999999
 99114132148157156142117 87 56 33 22 26 44 70100126143148141126107 91 8225 823QP 4221581754148999999999999991114 222318 8299999999999999
 84 97116137153160154136108 77 49 31 28 39 61 90118139149145131110 90 7625 824QP 5 41601814149999999999999991145 272348 7299999999999999
 72 80 98120141155157147126 98 69 47 37 41 58 84112135148148137117 94 7525 825QP 5431581832150999999999999991212 36999999999999999999999
 65 68 81102124143153151137114 88 65 50 49 60 81107131146150142124101 7925 826QP 620154185015199999999999999 018 651237 4899999999999999
 64 60 68 85106127142147141126104 83 67 61 67 83104127144151147132110 8725 827QP 65814719 715199999999999999 049 6013 0 6199999999999999
 68 58 60 71 90110127138139131116 98 83 75 76 87104124141150149138119 9725 828QP 737139192515199999999999999 121 581321 7499999999999999
 77 63 58 63 76 93111124130129121109 97 89 87 9310612213714714914212710825 829QP 820131194414999999999999999 157 581342 8799999999999999
 88 72 63 62 68 80 94108117121120115107101 9910210912113314214614213211725 830QP 91512220 314699999999999999 238 6114 0 9999999999999999
100 84 72 66 66 71 80 9110110911311411311110911011512112913614014013412425 831QP1052114202414199999999999999 330 6514 710999999999999999
111 97 85 75 69 68 70 76 84 9310110711211611811912112412713113413513312825 9 1QP2051135999999999999999999999 451 68999999999999999999999
120110 99 88 78 70 65 64 68 74 84 9510611512212612812812712612712712812825 9 2QP1615128222512899999999999999 641 6419 312699999999999999
126122114104 91 78 66 58 54 57 65 78 9411012313113413312912412011912012425 9 3QP16 8134999999999999999999999 8 5 54205711999999999999999
128130128121108 92 74 58 46 42 47 59 78 9911913313913913212311410910911525 9 4QP 1 7130162414099999999999999 859 42212910999999999999999
123132138137127111 89 66 46 34 32 41 60 84110130142145138125111101 9710125 9 5QP 222138164314599999999999999 940 312158 9799999999999999
112127140147145132110 82 55 34 24 27 43 68 97124142149144130112 95 85 8525 9 6QP 31514817 5149999999999999991017 242228 8399999999999999
 96114134150157151133105 74 46 27 22 31 54 84114138151150137116 93 76 6925 9 7QP 4 31571727153999999999999991051 2123 0 6999999999999999
 76 94118142158162152130 99 67 41 27 28 45 72104132150155145124 97 73 5825 9 8QP 4481621749155999999999999991124 262334 5699999999999999
 58 71 95123147162163149124 93 63 43 36 45 66 95125147157152134107 78 5525 9 9QP 5331641811157999999999999991156 36999999999999999999999
 45 50 69 97126149161159143117 89 65 52 53 67 91119142157157144119 89 6025 910QP 620162183215999999999999999 0 9 451226 5199999999999999
 42 38 48 70 98126146155150134112 90 74 69 76 93115138154159151131103 7425 911QP 7 8155185315999999999999999 048 371255 6999999999999999
 49 36 36 49 71 98122138144139126109 95 87 89 99116134150157155141118 9125 912QP 8 1144191415899999999999999 129 341320 8799999999999999
 65 46 37 39 52 72 9411312613112812011110410310811913214515315414613010925 913QP 9 6131193615499999999999999 217 36134010399999999999999
 86 65 50 43 45 54 70 8610111211812011811611511812313114014614814513612325 914QP1050120195714899999999999999 316 42134311599999999999999
106 87 71 58 50 49 54 64 76 8910111011612012312512813113413813913913613025 915QP2020139999999999999999999999 440 49999999999999999999999
120109 95 80 66 56 50 50 56 66 79 9310711812613013213213012912812812812825 916QP1615132225712899999999999999 629 50204412899999999999999
127124116104 89 73 58 48 44 48 59 75 9311012413313613312812111611411512025 917QP16 1136999999999999999999999 759 4421 911499999999999999
126130131125113 94 74 55 42 38 43 57 77 99119132138136128117106100 9910525 918QP 138131161313899999999999999 857 382135 9999999999999999
116128137139133117 95 71 50 37 35 44 63 87111130140140131116100 88 84 8825 919QP 248139162914199999999999999 940 3422 1 8499999999999999
100117134144146136116 90 64 44 35 38 53 77103126140143135119 99 81 71 7225 920QP 3381461646143999999999999991015 342228 7099999999999999
 83101123141150148134110 83 58 42 38 48 69 95121139146140124102 79 63 5825 921QP 42015117 4146999999999999991045 382255 5899999999999999
 65 83107130147153146128102 75 54 45 49 65 90116137147145131108 82 61 5025 922QP 4581531721148999999999999991112 442323 4999999999999999
 51 65 88115137151152140119 93 70 56 54 66 86111134148149138116 90 64 4725 923QP 5351531738150999999999999991137 532350 4299999999999999
 42 51 71 97122142150146131110 87 70 64 70 86108130146151144125 99 72 5025 924QP 61115017551529999999999999912 1 64999999999999999999999
 39 41 56 79105128142146138122102 85 75 76 87106126143151148133110 83 5825 925QP 648146181315299999999999999 019 381224 7499999999999999
 42 38 46 64 88111129139138128113 98 87 85 91105123139149149139119 94 7025 926QP 725139183115099999999999999 049 381246 8499999999999999
 51 41 43 54 73 94113126131128119108 98 94 96106120134144147141126106 8325 927QP 8 6132185014799999999999999 121 4013 7 9499999999999999
 63 50 45 50 62 79 96111120123120113107102103108118129138142140130114 9625 928QP 856123191014399999999999999 157 45132510299999999999999
 77 62 53 52 57 67 80 9410411211411411211010911211712413113613513012010625 929QP1020115193013699999999999999 243 52133610999999999999999
 91 77 66 59 57 60 67 77 87 9610411011311511611711912212512712812612111425 930QP1950128999999999999999999999 352 57999999999999999999999
104 93 81 71 63 59 58 62 69 78 891001101171221231231221201191191191181172510 1QP1515123999999999999999999999 539 58999999999999999999999
113108 99 88 76 64 56 52 53 60 72 871021161251291281241171111071071101142510 2QP1517130999999999999999999999 716 51203810799999999999999
118119116107 94 78 61 49 43 44 54 71 91110126134135128117105 96 93 951042510 3QP 050119153313699999999999999 817 4221 3 9399999999999999
114124129126115 98 76 56 41 35 40 55 77102123137141135121103 87 77 77 862510 4QP 210129155314199999999999999 9 3 352132 7699999999999999
102120134141136122 99 73 50 36 33 43 64 91117137146142128105 82 65 58 642510 5QP 3 7141161314699999999999999 942 3222 2 5899999999999999
 81104128145151144124 98 70 47 36 39 55 80109134149150137113 84 59 43 422510 6QP 3571511634151999999999999991018 352235 4099999999999999
 55 80110137154158147124 96 68 50 44 53 74102129148155146124 93 61 36 252510 7QP 4451581656155999999999999991053 442310 2599999999999999
 31 51 82115143158159145122 94 71 58 59 73 97123146157154137107 72 41 192510 8QP 5331601719158999999999999991126 572348 1499999999999999
 14 26 52 85119144157155140118 95 78 72 79 96119141156159148123 90 55 262510 9QP 6211571742160999999999999991157 72999999999999999999999
 11 11 28 55 88118140149146133114 98 88 89 99117136152159154137109 76 44251010QP 71315018 615999999999999999 028  91227 8799999999999999
 21 11 16 33 59 88114131138135125113103100105117132146155155144124 97 68251011QP 810138183115699999999999999 111 11125310099999999999999
 42 25 18 24 40 62 86106120126125120114110112118127138146149145133114 91251012QP 920126185614999999999999999 2 0 18131411099999999999999
 68 48 34 30 34 46 62 80 97108115118117117117120124130136139138133122108251013QP1118118192213999999999999999 3 1 30131911699999999999999
 91 74 58 46 41 42 49 60 74 88100109115119121122122123124125126125122116251014QP1948126999999999999999999999 422 40999999999999999999999
108 96 83 70 58 49 46 49 57 69 83 97109118123124122119115112110111112114251015QP1450124234111599999999999999 6 1 46201611099999999999999
114112105 93 79 65 54 48 48 56 69 85101115124127124117108100 95 94 97104251016QP15 1127999999999999999999999 724 472043 9499999999999999
112118119113101 85 68 54 47 49 58 74 92110123130128119106 93 82 77 79 88251017QP 140119151713099999999999999 822 472111 7799999999999999
102115124126120105 86 68 54 48 52 65 84105122132133124109 90 73 63 62 70251018QP 245127153413499999999999999 9 4 482138 6199999999999999
 86105122132133123105 84 65 54 52 61 78100120134138131114 92 70 54 48 52251019QP 334134155213899999999999999 939 5122 5 4899999999999999
 68 89112130139136123102 81 64 56 60 74 95117134142138122 99 73 51 38 37251020QP 4161391610142999999999999991010 562232 3699999999999999
 50 72 98122138143136119 98 78 65 64 73 91113132143143131108 80 53 34 27251021QP 4541431629145999999999999991039 632259 2799999999999999
 34 54 80108131143143132113 93 77 70 75 89109129143147138118 90 60 36 23251022QP 53114516481479999999999999911 6 702327 2299999999999999
 24 38 63 91118137144140126107 90 79 79 88105125141148143127101 72 44 25251023QP 6 714417 8148999999999999991132 782355 1999999999999999
 19 27 47 74102125138141133118101 89 84 89103120136146146134113 85 56 33251024QP 6421411729148999999999999991157 84999999999999999999999
 21 22 36 58 84109127135134124110 98 91 92101115131142145139122 97 70 46251025QP 719136175114699999999999999 026 201222 9099999999999999
 29 24 30 46 68 92112125129125116106 98 96101111124136142139127108 84 61251026QP 8 0129181314299999999999999 058 241247 9699999999999999
 42 31 30 39 55 75 95110119121118111104101102109118128135136129115 97 76251027QP 850121183813699999999999999 134 29131310199999999999999
 57 43 36 38 46 61 77 93105113115113110107106108113120126129126118106 90251028QP10 111519 412999999999999999 218 36134610699999999999999
 73 58 47 42 44 51 62 76 89100108113114113111110111113116118119116110100251029QP1155114194011999999999999999 317 4215 411099999999999999
 88 75 63 53 48 47 51 60 72 85 98108115118118115111108106106107108108106251030QP1324118213410899999999999999 440 46183910699999999999999
101 93 82 70 59 51 47 49 57 70 85100113121124121115106 98 93 92 94 99105251031QP14 1124999999999999999999999 6 9 471950 9299999999999999
108108102 92 78 64 52 46 48 56 71 89107122129129121108 93 81 74 75 82 932511 1QP 027109142713099999999999999 720 462027 7499999999999999
106116119114102 85 68 53 47 49 60 79100119132136129114 94 74 59 54 59 732511 2QP 156119145113699999999999999 815 4621 1 5499999999999999
 92112126131126111 91 71 56 50 55 70 92114133142139124100 73 49 35 34 462511 3QP 259131151614299999999999999 9 2 502135 3399999999999999
 68 95120137142135118 95 74 61 58 67 85108130145147136112 81 50 25 14 192511 4QP 354143154014899999999999999 944 582212 1499999999999999
 38 68101129146150140121 98 79 69 70 83103126145153147127 96 60 27  5 -12511 5QP 44615016 6153999999999999991023 682251 -199999999999999
 10 36 71106134150152141122101 85 79 85100121141154155142115 80 42 11 -72511 6QP 53715316341579999999999999911 1 792332 -999999999999999
 -7  9 38 74109135149148137120103 92 91100116135151158152133102 65 30  32511 7QP 62915017 4158999999999999991136 90999999999999999999999
-10 -6 13 43 78109132142141131117105 99102113128144154155144122 90 56 252511 8QP 723143173515699999999999999 016-111210 9999999999999999
  3 -5  1 21 49 80107125133132124114107105110121134145150147133111 82 522511 9QP 82013418 815099999999999999 1 2 -5124410599999999999999
 27 10  5 13 31 55 81102117124123118112109109114123132139140135122102 79251110QP 925124184514099999999999999 152  5132110899999999999999
 55 35 22 19 26 40 60 80 98110116117115111109110113118124127127122112 97251111QP1041117192912799999999999999 248 19141610999999999999999
 79 61 46 35 33 37 49 64 81 95107113115114111108107107108110112113111105251112QP12 3115204411399999999999999 353 33163510699999999999999
 96 84 70 57 48 44 47 56 68 83 96107114116114110104 99 95 93 94 97101103251113QP13 1116232610399999999999999 5 5 4419 4 9399999999999999
103 98 90 79 68 58 54 55 62 74 88101112118119114106 96 86 79 77 79 85 93251114QP1337119999999999999999999999 618 5320 2 7799999999999999
100105104 98 88 76 66 61 62 69 81 96109119123120111 97 82 70 62 61 67 78251115QP 12410514 512399999999999999 721 602039 6099999999999999
 91103111112106 95 82 71 66 68 77 91106119127127119104 84 66 52 46 49 60251116QP 237113143112899999999999999 813 662111 4699999999999999
 77 95111120120112 99 85 75 71 76 87102118129133127112 91 68 48 35 33 42251117QP 331121145513399999999999999 857 712141 3399999999999999
 60 82104120128126115100 86 78 77 84 98114129136134122101 75 49 30 22 26251118QP 415128151913799999999999999 936 762210 2299999999999999
 42 66 92115130134128115 99 87 81 84 94110126137139131112 85 57 32 17 15251119QP 4541341543140999999999999991011 812240 1499999999999999
 26 48 76103125136136127112 97 87 85 92106122136142138122 98 68 40 19  9251120QP 53113816 7142999999999999991043 852310  999999999999999
 14 32 58 87114131138134122107 94 88 91101116132142142131110 82 52 26 10251121QP 6 71381633143999999999999991113 882341  799999999999999
  8 19 41 70 98121134136129116102 92 91 97110126138143137121 96 67 39 18251122QP 64213617 0143999999999999991142 90999999999999999999999
  8 12 28 52 80106124132130121109 98 92 95104118132140140129109 82 54 30251123QP 719132172814199999999999999 013  81211 9299999999999999
 14 11 19 38 63 88110123128123114103 96 94100111123133137132118 96 70 45251124QP 758128175713799999999999999 047 101242 9499999999999999
 26 16 17 29 48 71 94111121122117109101 96 97104114124130130122106 85 62251125QP 843123183013199999999999999 124 151319 9699999999999999
 41 27 21 25 38 56 77 96110118118114107101 98 99105113120123121112 97 79251126QP 93511919 812399999999999999 2 5 2114 8 9899999999999999
 59 43 32 28 33 46 63 81 98110116117113107101 98 98101106111113111104 92251127QP103511720 311399999999999999 253 281528 9899999999999999
 77 62 48 40 37 42 53 68 85100112118118114107100 94 91 92 95 99103103100251128QP1135118214210499999999999999 351 371720 9199999999999999
 93 82 70 58 49 46 50 60 74 90104115121121115105 94 84 78 77 80 86 94100251129QP1226122235910299999999999999 459 461846 7799999999999999
102 99 92 81 69 60 56 58 67 80 96111122126123113 99 82 68 60 58 64 75 88251130QP13 7126999999999999999999999 610 561942 5899999999999999
101109110105 94 82 71 65 67 75 89105120130131124108 88 66 48 38 38 48 662512 1QP 143110134213299999999999999 718 652028 3799999999999999
 86105118123118107 93 81 75 76 85100116130138135122100 72 46 26 17 21 372512 2QP 258123141613899999999999999 819 742112 1699999999999999
 61 88112129134129117102 89 83 85 96111128140144136116 88 55 25  5 -1  82512 3QP 4 0134145014499999999999999 913 832156 -199999999999999
 29 60 92120137142136123107 95 91 95106123139149148134109 75 39  9-10-132512 4QP 45614215261509999999999999910 2 912240-1499999999999999
  1 28 62 97125141145138124109 99 96103116133147153148129100 63 26 -3-182512 5QP 54914516 4153999999999999991047 962326-2099999999999999
-17  0 31 67101127141143135122108101101109124140151154144122 90 53 18 -82512 6QP 6391441644154999999999999991129100999999999999999999999
-19-14  6 37 72104127138138129116105100103113128142151150137114 82 47 162512 7QP 728139172615299999999999999 012-2012 910099999999999999
 -6-13 -5 17 46 78106124132130121110101 99104114127139145141128104 75 442512 8QP 815132181014599999999999999 058-131250 9999999999999999
 18  2 -1  9 30 57 85107121126122113104 97 97102112123131134130116 95 702512 9QP 9 0126185613499999999999999 143 -21336 9699999999999999
 45 25 14 15 26 46 69 91109118120115107 98 93 93 98105113120121117105 89251210QP 942120194712199999999999999 228 131432 9399999999999999
 69 50 36 29 32 43 61 80 98111117116110102 94 89 88 90 95101106108105 97251211QP1023117205410899999999999999 312 291551 8899999999999999
 85 71 58 49 45 49 60 75 91104113117114108 99 90 83 80 80 83 87 92 96 96251212QP11 41172239 9699999999999999 357 451733 7999999999999999
 93 86 78 69 62 61 65 74 86 99110116118114106 96 85 75 69 67 69 74 81 88251213QP1146118999999999999999999999 448 6119 0 6799999999999999
 93 95 92 87 80 75 74 77 85 95106115120120114104 91 77 64 56 53 56 64 75251214QP 053 95123012099999999999999 549 741958 5399999999999999
 87 96101101 97 91 86 84 86 93102112120123122114100 83 66 51 42 41 47 59251215QP 233102131212499999999999999 7 0 842042 4099999999999999
 75 91104111112107100 94 91 92 98107117125127123111 93 72 52 37 29 31 42251216QP 337112135312799999999999999 810 912119 2899999999999999
 59 80100114121120113105 97 94 96103113123130130121105 83 59 37 23 19 25251217QP 423121143113099999999999999 9 8 942154 1999999999999999
 42 65 89110124128125116105 97 95 98107119129134130117 96 70 44 23 12 12251218QP 5 112815 613499999999999999 954 952227 1199999999999999
 25 47 74100120131132125113102 95 95102113126135136128110 85 56 30 11  5251219QP 5361331540137999999999999991032 9423 1  599999999999999
 11 30 56 85110127134131121108 97 93 96106120132139136123100 71 42 17  3251220QP 6 913416141399999999999999911 5 932334  199999999999999
  2 15 38 67 96118131133126113101 92 92 99112126137140132114 88 57 29  9251221QP 6421341648140999999999999991136 91999999999999999999999
  0  5 23 49 79105123131129119105 94 89 92102117131139137125103 75 45 20251222QP 715132172213999999999999999 0 7  012 8 8999999999999999
  4  2 13 34 62 90113126129123111 98 89 87 94106120132136131115 91 63 36251223QP 748130175813699999999999999 041  11243 8799999999999999
 15  5  9 24 47 74100118127126117104 92 86 87 95108120129130122104 80 54251224QP 823127183713199999999999999 115  51322 8599999999999999
 31 16 12 20 37 61 86108122126121111 98 88 83 86 94106116123122112 95 73251225QP 858126192212399999999999999 150 1214 9 8399999999999999
 51 33 23 24 34 53 75 97114124124117105 93 83 80 82 89 99109114112104 89251226QP 934125201711499999999999999 228 2215 7 8099999999999999
 72 54 42 36 39 51 68 88106119124122113101 88 78 73 74 80 89 98103104 99251227QP1011125213610499999999999999 3 8 361619 7399999999999999
 89 76 64 55 52 57 67 83 99113123125120110 96 82 70 63 62 67 75 85 94 98251228QP10501252332 9999999999999999 355 521740 6299999999999999
 99 94 87 78 72 70 73 82 95108119125126120107 91 74 59 49 46 50 60 73 86251229QP1133126999999999999999999999 453 701854 4699999999999999
 97103104101 94 89 86 88 94104114124129128120105 86 65 46 33 29 33 46 63251230QP 140104122312999999999999999 6 8 861959 2999999999999999
 82 99111117116110104100 99103110120128132130120103 79 54 31 16 11 17 34251231QP 319117131513399999999999999 738 992056 1199999999999999
