-18 -6 17 46 75 98112116111 98 84 74 70 75 86101114120117102 78 47 16 -825 1 1QQ 6531161711121999999999999991156 70999999999999999999999
-19-16  1 27 57 85105115114104 89 75 66 66 74 88103115119112 95 68 37  925 1 2QQ 725116175411999999999999999 016-201232 6599999999999999
-10-16 -8 13 40 69 93109114109 96 80 67 60 63 73 88103113114105 86 60 3125 1 3QQ 759114183811599999999999999 054-161312 6099999999999999
  8 -6 -6  6 28 54 80100110111102 87 71 59 55 59 70 85 98106106 96 78 5525 1 4QQ 831112192810799999999999999 132 -81357 5599999999999999
 31 13  6  9 23 44 68 89104109105 94 78 63 53 50 55 65 78 90 97 96 88 7325 1 5QQ 9 41092026 9799999999999999 210  51450 5099999999999999
 55 37 26 22 29 42 61 80 96105106 99 86 70 56 47 44 48 57 68 79 86 87 8225 1 6QQ 9361072140 8799999999999999 250 221554 4499999999999999
 72 60 49 42 42 48 60 75 90100105103 94 80 65 51 41 37 39 46 57 68 76 8025 1 7QQ10101052328 8199999999999999 332 411710 3799999999999999
 80 76 70 64 60 61 66 75 85 95102104100 91 77 62 47 35 28 28 34 45 57 6825 1 8QQ1050104999999999999999999999 422 601830 2799999999999999
 77 82 84 82 79 77 77 79 84 91 98102103100 91 77 60 42 27 18 16 22 34 4825 1 9QQ 156 84114510399999999999999 540 761943 1699999999999999
 64 78 88 94 95 93 89 87 86 89 93 98103105102 93 78 58 37 19  7  5 11 2525 110QQ 348 95125810599999999999999 740 862046  499999999999999
 44 64 83 96104105102 96 91 88 88 93 99106109107 97 79 55 30  9 -3 -5  425 111QQ 44510514 910999999999999999 918 882139 -699999999999999
 22 45 69 90105112112105 97 89 85 86 92101110114111 99 77 50 22  0-12-1125 112QQ 52611315 9114999999999999991018 852225-1399999999999999
  2 24 51 78 99112117113103 92 83 80 83 92104115119114 98 73 42 13 -9-1725 113QQ 6 011716 0119999999999999991059 8023 7-1799999999999999
-12  6 32 61 88107117117109 96 83 75 75 82 94108119121113 93 65 33  5-1325 114QQ 6311181645121999999999999991134 742344-1799999999999999
-17 -6 16 45 74 98113118113100 85 73 68 72 82 97111120119107 85 55 24 -125 115QQ 65811817261219999999999999912 6 68999999999999999999999
-12-10  7 32 61 87107116114104 89 74 64 63 70 84 99112118113 98 74 45 1725 116QQ 72211618 511899999999999999 018-131238 6299999999999999
 -1 -5  4 24 51 78 99112114107 93 76 63 57 60 70 85100110112104 87 63 3725 117QQ 743115184311399999999999999 049 -613 9 5799999999999999
 16  6  8 22 44 70 92108113109 96 80 64 55 53 59 71 85 98105104 94 76 5525 118QQ 8 2113192110699999999999999 118  51342 5299999999999999
 34 21 18 26 42 64 86103111110100 85 69 56 49 51 59 71 83 93 97 94 84 6825 119QQ 82111220 3 9799999999999999 146 171419 4999999999999999
 51 38 31 34 45 62 81 98108110104 91 75 61 50 47 50 57 68 79 87 89 85 7725 120QQ 8421102052 8999999999999999 213 3115 3 4799999999999999
 65 54 47 45 51 63 78 93104108105 96 83 68 56 48 45 48 55 64 73 79 81 7925 121QQ 9 610822 2 8199999999999999 240 451559 4599999999999999
 74 68 62 59 61 67 77 88 99104105100 90 78 65 54 47 44 45 50 57 65 71 7525 122QQ 933105999999999999999999999 3 8 591713 4399999999999999
 77 76 75 73 73 75 79 86 93 99102100 95 86 76 64 53 44 39 39 42 49 57 6625 123QQ 012 7710 810299999999999999 338 721839 3899999999999999
 74 79 83 84 84 84 85 87 90 94 97 98 97 93 86 76 63 51 39 32 30 33 41 5225 124QQ11 8 989999999999999999999991954 30999999999999999999999
 64 76 86 92 94 94 92 90 89 89 92 95 97 98 95 88 76 61 45 31 21 19 23 3425 125QQ 417 941247 9899999999999999 8 5 892051 1999999999999999
 50 67 83 95101103100 94 89 86 86 89 94 99102100 91 76 56 36 18  8  7 1525 126QQ 44510314 510299999999999999 930 862137  699999999999999
 32 52 74 92104109107100 92 84 81 82 89 97105108104 92 72 47 23  4 -5 -225 127QQ 51210915 0108999999999999991011 812217 -599999999999999
 12 34 59 83102112114107 96 84 76 75 80 90103112115108 90 65 36  9 -9-1425 128QQ 5381141547115999999999999991044 742254-1599999999999999
 -6 14 41 70 95111118114102 87 74 67 69 79 94109119119108 86 56 24 -3-1825 129QQ 6 51181632120999999999999991116 672330-2099999999999999
-18 -4 22 53 83106118119109 92 74 61 58 65 80 98114123120105 79 46 14-1025 130QQ 6321201717123999999999999991149 58999999999999999999999
-19-13  7 36 68 96114121115 99 78 60 49 50 62 80100116123117 98 70 38  925 131QQ 7 012118 212399999999999999 0 6-191224 4999999999999999
 -9-12  0 24 54 84107119118106 85 63 46 40 45 60 80100114118110 91 63 3425 2 1QQ 726120184911899999999999999 042-1313 2 4099999999999999
 12  1  4 20 44 73 98114118111 93 70 49 35 33 41 58 78 97108110101 83 5925 2 2QQ 751119193911199999999999999 116  01342 3399999999999999
 37 21 17 25 43 66 90108116113100 80 57 39 29 29 39 55 74 90 99 99 91 7725 2 3QQ 815116203310099999999999999 149 171427 2899999999999999
 60 45 37 39 49 66 85102112113105 89 69 48 33 26 27 37 51 67 80 87 89 8425 2 4QQ 8371142140 8999999999999999 219 371519 2699999999999999
 75 65 58 56 61 71 84 98108111107 97 81 62 45 32 26 26 33 45 57 68 76 8025 2 5QQ 8591112332 8099999999999999 245 561625 2599999999999999
 80 78 75 73 75 80 87 96103107107101 91 77 62 47 34 27 25 28 36 47 57 6725 2 6QQ 922108999999999999999999999 259 731751 2499999999999999
 75 81 84 87 88 90 93 96100102103102 97 90 79 66 51 37 26 20 21 26 36 4925 2 7QQ 9531039999999999999999999991927 20999999999999999999999
 63 76 87 94 98100 99 98 97 96 97 98 98 98 94 85 72 55 37 23 13 12 17 2925 2 8QQ 5 41001212 9899999999999999 9 2 962045 1199999999999999
 46 64 82 95104107106101 95 90 89 90 94 99102100 92 77 56 34 16  5  3 1125 2 9QQ 5 610714131029999999999999910 6 882140  399999999999999
 28 49 71 91105112112105 95 86 80 80 85 94103109107 97 78 53 28  8 -3 -125 210QQ 5241131520109999999999999991035 792223 -499999999999999
 11 33 58 83102114116110 98 84 74 70 74 84 97109115111 97 74 45 19  0 -725 211QQ 54511616 91159999999999999911 2 702259 -799999999999999
  0 19 45 72 96112118114101 85 70 62 62 71 86103115119111 92 65 35 10 -425 212QQ 6 51181651119999999999999991128 612330 -699999999999999
 -4  9 33 61 88108118116105 88 69 56 52 59 73 91108118118106 83 54 26  625 213QQ 6231191729120999999999999991153 522359 -299999999999999
 -2  6 25 52 80103116118109 92 71 54 45 47 59 77 96112118113 97 72 44 2025 214QQ 64011918 4118999999999999991218 45999999999999999999999
  7  8 22 46 73 97114119112 96 75 55 41 39 46 62 82100112114105 86 61 3725 215QQ 655119184011499999999999999 026  61245 3899999999999999
 21 16 24 43 67 92110118115101 81 59 41 34 37 49 67 86102109107 95 76 5425 216QQ 712119191510999999999999999 051 161313 3399999999999999
 37 28 31 44 64 87106117116106 87 65 46 34 31 38 53 71 88 99103 97 85 6825 217QQ 729118195310399999999999999 116 271343 3199999999999999
 52 42 40 48 63 83101113116109 94 74 54 38 31 33 42 57 73 86 94 94 89 7825 218QQ 7481162036 9599999999999999 140 401418 3199999999999999
 66 56 53 56 66 80 96108113110 99 82 64 47 36 33 36 46 58 71 81 86 86 8225 219QQ 8 71132130 8799999999999999 2 2 531459 3399999999999999
 75 69 65 66 71 81 92102108108101 89 73 58 46 38 36 39 47 56 66 73 78 8025 220QQ 82510923 9 8099999999999999 221 651553 3699999999999999
 79 77 76 76 79 84 91 98103104100 92 82 70 58 48 41 38 39 43 50 58 65 7225 221QQ 843104999999999999999999999 223 761715 3899999999999999
 77 81 83 85 87 89 92 95 97 98 97 94 88 80 71 60 50 41 35 33 35 41 49 5925 222QQ 859 9899999999999999999999919 2 33999999999999999999999
 70 79 87 92 95 95 95 94 93 93 92 92 91 89 84 75 64 51 38 28 23 24 30 4225 223QQ 448 959999999999999999999992023 23999999999999999999999
 57 73 86 96102102 99 94 89 86 85 87 91 94 94 90 80 65 48 30 17 10 12 2325 224QQ 4361021339 9599999999999999 944 852116 1099999999999999
 40 60 81 97106109105 96 87 79 76 78 85 93101103 98 84 64 41 19  4 -2  425 225QQ 45010914511039999999999999910 6 762158 -299999999999999
 21 44 70 92108114111101 87 73 66 65 73 86100110112104 86 60 32  8 -7 -925 226QQ 5101141544112999999999999991031 642237-1099999999999999
  3 26 55 83105117117107 90 71 57 51 56 70 89107118119107 84 54 23 -1-1225 227QQ 53211916331209999999999999911 1 512313-1299999999999999
 -8 11 39 70 98116122114 97 73 52 39 39 50 70 94113124122106 80 48 18 -225 228QQ 5561221720125999999999999991132 372349 -899999999999999
 -7  3 26 57 87111123120105 80 53 33 24 30 47 72 97117125120102 74 43 1825 3 1QQ 62012318 71259999999999999912 6 24999999999999999999999
  4  6 22 48 77103120123112 90 61 34 18 15 25 47 73 98116121114 95 69 4325 3 2QQ 643123185512199999999999999 023  31242 1499999999999999
 25 19 27 45 70 96115123117 99 72 43 20  9 11 25 48 74 96110112104 87 6625 3 3QQ 7 5123194411399999999999999 055 191320  899999999999999
 48 38 39 50 69 91110120119106 84 57 31 13  7 12 28 49 72 90100101 94 8225 3 4QQ 725121203810299999999999999 124 3714 1  799999999999999
 68 58 55 61 73 89105116118110 94 72 47 26 13 10 17 31 49 67 80 88 90 8625 3 5QQ 7441182146 9099999999999999 148 551448 1099999999999999
 80 73 71 73 80 91102111114111100 84 65 45 29 20 17 22 32 46 59 69 77 8125 3 6QQ 8 0114999999999999999999999 2 3 711549 1799999999999999
 82 82 82 84 88 94100106108107101 92 79 65 50 37 28 24 25 31 40 49 59 6925 3 7QQ 8121089999999999999999999991716 24999999999999999999999
 77 83 89 92 95 98 99101101100 97 93 88 80 71 59 47 36 28 25 26 32 42 5325 3 8QQ 7401019999999999999999999991912 25999999999999999999999
 66 79 90 97101102100 97 93 90 89 89 89 89 86 79 68 54 40 28 21 20 26 3825 3 9QQ 4431021227 90999999999999991030 892037 2099999999999999
 53 71 86 98105106102 95 87 81 78 79 84 91 95 95 88 75 57 38 23 15 15 2425 310QQ 4391061428 969999999999999910 9 782128 1499999999999999
 40 60 80 97107110105 95 83 72 67 67 74 85 96103103 93 76 54 33 17 10 1425 311QQ 4511101528104999999999999991025 6622 6 1099999999999999
 29 50 73 93107113109 98 82 67 57 55 61 74 90104110107 94 72 48 25 12 1025 312QQ 5 51131612110999999999999991044 552238  999999999999999
 20 40 64 88106114113101 84 65 50 44 48 61 79 98111115107 89 65 39 20 1225 313QQ 52011516511159999999999999911 6 4423 7 1299999999999999
 17 33 57 82103115116106 87 65 46 35 36 47 66 87106116115103 81 55 32 1925 314QQ 5351171726117999999999999991128 342333 1799999999999999
 18 30 51 76 99114118110 93 69 46 30 26 33 51 73 96111117112 95 72 48 3025 315QQ 54911818 0117999999999999991151 262359 2499999999999999
 24 30 48 71 95113120115 99 75 50 29 20 23 37 58 82102114115105 86 64 4425 316QQ 6 51201834116999999999999991216 19999999999999999999999
 33 35 47 67 90109119118105 83 57 33 18 16 25 44 67 89105112108 96 77 5925 317QQ 62212019 911299999999999999 024 331242 1599999999999999
 46 42 50 65 85104117119109 91 66 41 23 14 18 32 52 74 93104107100 87 7225 318QQ 641119194510799999999999999 049 421311 1499999999999999
 59 52 55 66 82 99112117112 97 75 52 31 19 17 25 40 60 78 93 99 99 92 8125 319QQ 659117202410099999999999999 112 521342 1699999999999999
 70 63 63 69 80 94107113111101 83 63 43 28 21 23 32 47 64 78 88 92 90 8525 320QQ 7171132112 9299999999999999 134 621417 2099999999999999
 78 73 71 74 82 92101108108102 89 73 55 39 29 26 29 38 50 63 73 81 84 8425 321QQ 7341092232 8499999999999999 151 7115 1 2699999999999999
 82 80 79 80 84 91 97102103100 92 80 67 53 41 34 31 33 39 47 57 66 73 7925 322QQ 748104999999999999999999999 157 7916 6 3199999999999999
 82 84 86 87 89 91 94 96 97 96 92 85 77 67 56 46 38 33 32 34 40 49 58 6825 323QQ 755 979999999999999999999991749 32999999999999999999999
 78 85 91 93 94 93 92 91 90 89 88 86 84 79 73 63 52 41 32 26 26 31 41 5425 324QQ 351 949999999999999999999991935 25999999999999999999999
 69 83 93 99100 97 92 86 81 78 79 82 85 88 87 82 71 56 40 26 17 16 23 3725 325QQ 3441011320 8899999999999999 920 782041 1699999999999999
 55 75 92103107103 94 83 72 65 65 70 79 89 97 98 92 78 58 37 19  9  9 2025 326QQ 4 01071441 9999999999999999 938 642129  899999999999999
 39 63 86103112111100 84 66 53 48 52 64 81 97108109100 82 57 32 13  4  925 327QQ 42111315401109999999999999910 4 482210  499999999999999
 25 49 76100114117108 89 66 45 32 31 42 62 85106118118106 83 56 29 12  725 328QQ 4441181631119999999999999991034 302249  799999999999999
 17 38 65 92113121116 98 72 44 23 14 19 37 63 91113124122107 82 54 30 1725 329QQ 5 812117211259999999999999911 7 132325 1599999999999999
 18 32 56 84108122122108 83 51 22  4  0 13 37 67 96117126121104 80 54 3525 330QQ 5311241810126999999999999991142  0999999999999999999999
 29 35 53 77102119125117 95 64 31  5 -8 -5 12 39 70 98116122116 99 77 5725 331QQ 554125185912299999999999999 0 0 291218 -999999999999999
 45 45 56 75 96115125122106 80 47 16 -5-12 -4 16 44 72 96110113107 93 7625 4 1QQ 617125195011499999999999999 031 441257-1299999999999999
 64 59 64 76 93110121123113 93 65 35 10 -5 -7  3 23 48 72 90101103 98 8825 4 2QQ 639124204610399999999999999 1 0 591339 -899999999999999
 78 73 73 80 92105116120115102 81 56 31 12  2  3 13 30 50 68 82 90 93 9125 4 3QQ 7 012022 0 9399999999999999 124 721425  199999999999999
 86 83 82 86 92101109113112105 91 73 53 34 20 14 14 22 35 49 63 74 81 8625 4 4QQ 719113999999999999999999999 140 821523 1399999999999999
 88 88 89 91 94 98102104104101 94 84 71 57 43 32 26 25 29 36 46 57 67 7725 4 5QQ 7301059999999999999999999991643 25999999999999999999999
 84 90 93 95 96 96 95 95 93 92 89 86 81 74 65 54 44 36 31 31 35 43 54 6525 4 6QQ 445 969999999999999999999991833 31999999999999999999999
 77 87 95 98 99 96 91 86 82 80 80 81 83 84 81 74 64 52 42 34 31 34 42 5525 4 7QQ 330 991245 8499999999999999 933 7920 0 3199999999999999
 69 83 95101102 98 90 80 72 67 67 71 78 85 90 90 83 71 56 42 33 30 34 4625 4 8QQ 3391021425 9199999999999999 934 662054 3099999999999999
 61 78 93103106101 91 78 65 56 53 58 68 81 92 98 97 88 73 56 40 31 30 3925 4 9QQ 3531061522 9999999999999999 952 532133 3099999999999999
 54 73 91103109106 95 78 61 47 41 44 55 71 88100106102 90 71 52 37 31 3525 410QQ 4 810916 6106999999999999991012 4122 6 3199999999999999
 48 67 87103111110100 82 61 42 31 31 41 58 78 97109111103 87 67 48 36 3525 411QQ 4231121644111999999999999991033 302235 3499999999999999
 45 62 83102113115106 87 64 41 25 20 27 43 66 88106115113101 82 61 45 3925 412QQ 4391151719115999999999999991056 2023 4 3999999999999999
 44 58 78 99113118112 95 71 44 23 12 15 28 51 76 98113117111 96 76 58 4725 413QQ 4561181754118999999999999991120 122332 4599999999999999
 46 56 74 94111119117103 79 52 27 10  6 16 36 61 86106116116106 89 71 5725 414QQ 5161201828117999999999999991146  62359 5299999999999999
 52 57 71 89107118120109 89 62 35 14  4  7 23 46 72 94110115111 99 82 6825 415QQ 53712019 3115999999999999991214  4999999999999999999999
 60 60 70 85102115119114 97 73 46 22  7  4 14 33 56 80 99109110103 91 7825 416QQ 558119193811199999999999999 025 591243  499999999999999
 68 66 71 82 96110117115103 83 58 34 16  7 10 23 43 65 85 98104103 96 8525 417QQ 618117201710599999999999999 050 651314  799999999999999
 76 72 73 81 92104112113106 91 70 47 28 15 12 18 32 51 69 85 95 98 96 9025 418QQ 63911421 5 9899999999999999 114 721350 1199999999999999
 83 78 78 82 89 98106109106 96 80 61 42 27 18 18 25 38 54 69 82 89 92 9125 419QQ 7 01092214 9299999999999999 139 771432 1799999999999999
 88 85 83 84 88 93 99103102 97 86 72 57 42 30 24 24 30 41 53 66 77 85 8925 420QQ 724103999999999999999999999 212 831529 2399999999999999
 91 90 89 88 88 89 91 94 95 93 89 81 71 59 47 37 30 28 32 39 49 61 73 8325 421QQ 010 91 757 9599999999999999 330 871652 2899999999999999
 91 95 95 93 90 86 84 83 83 84 85 85 82 76 67 56 45 35 30 30 35 45 59 7325 422QQ 141 951015 8599999999999999 719 831832 2999999999999999
 86 96101100 95 87 79 72 69 69 74 80 85 88 85 78 66 52 39 30 27 32 44 6125 423QQ 22110113 3 8899999999999999 818 691951 2799999999999999
 78 94104107102 91 77 63 54 51 55 66 79 90 97 97 89 75 58 41 30 27 33 4825 424QQ 2521071429 9899999999999999 853 512049 2699999999999999
 68 88104112110 99 81 60 43 33 33 44 61 81 99109109100 83 62 43 31 30 4025 425QQ 320113153311099999999999999 928 322137 2999999999999999
 58 80100114118109 90 65 39 20 13 19 36 61 87107119118107 87 65 46 37 3925 426QQ 34711816281209999999999999910 3 132219 3699999999999999
 52 72 95113122119102 76 45 17  0 -3 10 34 64 93114125123110 89 68 52 4625 427QQ 4141221721126999999999999991039 -42259 4699999999999999
 52 68 89109123126115 91 59 25 -1-14-11  7 36 68 98118126123109 90 71 5925 428QQ 4411261812127999999999999991117-152335 5899999999999999
 58 68 85104121129124106 78 43 10-13-20-12 10 41 73100117123119105 89 7525 429QQ 5 812919 3123999999999999991157-20999999999999999999999
 69 72 83 99116127128117 95 64 31  2-16-18 -6 18 47 76 98112116112101 8825 430QQ 536129195611799999999999999 010 691239-1999999999999999
 80 78 84 95109121127122108 84 54 24  1-10 -9  5 27 52 76 95105108104 9725 5 1QQ 6 5127205310899999999999999 043 781323-1199999999999999
 89 85 86 93103113120121113 97 75 49 25  8  0  4 17 36 57 76 90 98101 9925 5 2QQ 63612122 010199999999999999 116 851410  099999999999999
 95 90 89 91 97103110112110102 88 70 50 31 19 14 18 28 43 60 74 86 93 9725 5 3QQ 7 71132327 9799999999999999 154 8915 3 1499999999999999
 97 94 92 91 92 95 98101101 99 92 82 69 55 41 32 28 30 38 49 62 74 84 9225 5 4QQ 743101999999999999999999999 258 9116 6 2899999999999999
 96 97 95 93 90 89 88 88 88 89 88 86 81 72 62 52 44 40 40 45 53 64 76 8625 5 5QQ 052 97 9 7 8999999999999999 628 881726 3999999999999999
 94 98 99 96 91 85 80 76 75 76 79 82 84 83 79 71 62 54 48 46 50 58 68 8025 5 6QQ 141 991218 8499999999999999 8 3 751849 4699999999999999
 91 98102100 94 85 76 67 62 62 66 73 80 87 89 87 80 70 60 53 51 54 63 7525 5 7QQ 21010214 1 8999999999999999 836 611954 5099999999999999
 88 98104105 99 88 75 62 52 48 51 60 72 84 94 97 95 86 75 63 55 54 59 7025 5 8QQ 23410515 5 9799999999999999 9 4 482043 5499999999999999
 84 97106110105 94 78 60 46 37 37 45 60 77 92102105101 90 76 64 57 58 6625 5 9QQ 256110155310599999999999999 930 362124 5799999999999999
 80 95107113112102 84 63 43 30 25 31 45 65 85102111112104 91 76 64 60 6425 510QQ 318114163411399999999999999 956 2522 1 6099999999999999
 75 91105115117110 93 70 46 27 17 18 30 51 74 96111118115104 89 74 65 6525 511QQ 3421181712118999999999999991023 162235 6499999999999999
 72 86102115121117103 80 54 30 13  9 17 35 60 85105118121114101 86 73 6825 512QQ 4 71211747121999999999999991051  823 7 6899999999999999
 71 82 97112121122112 92 65 38 16  5  7 21 44 70 95113121120110 96 82 7325 513QQ 4321231823122999999999999991121  42337 7299999999999999
 72 79 92107119124118102 78 50 24  7  2 10 29 54 81102116120116104 91 8025 514QQ 4581241858120999999999999991152  2999999999999999999999
 75 78 88102115123122110 90 64 36 15  3  5 18 39 65 89106116116109 98 8725 515QQ 524123193411799999999999999 0 6 751224  299999999999999
 80 79 85 96109118121115100 77 51 27 10  5 11 27 49 73 93107113111103 9325 516QQ 551122201411399999999999999 035 781258  599999999999999
 85 81 83 91102112118116106 89 66 42 22 11 10 19 36 58 78 95106109106 9925 517QQ 619118205910999999999999999 1 7 811335  999999999999999
 91 85 84 87 95104111113109 97 80 59 38 23 15 17 27 44 63 81 9510410610325 518QQ 652113215310699999999999999 145 831419 1599999999999999
 97 90 86 85 88 94101105106100 90 74 57 40 28 23 25 35 49 66 82 9510210425 519QQ 735106225710499999999999999 239 851510 2299999999999999
102 97 90 85 83 85 88 93 96 97 94 86 74 61 47 36 31 33 41 53 68 83 9510325 520QQ 845 97999999999999999999999 4 5 831615 3199999999999999
106103 97 89 82 77 75 77 81 86 90 91 88 80 69 57 47 41 40 46 57 71 86 9825 521QQ 0 01061042 9199999999999999 558 751735 4099999999999999
106108105 96 84 73 65 60 62 68 77 86 92 94 90 81 69 58 50 47 51 61 76 9125 522QQ 0521091247 9499999999999999 714 601855 4799999999999999
104111112105 92 76 59 47 42 46 56 71 86 97103102 94 82 68 58 54 58 68 8325 523QQ 135113141810399999999999999 8 6 4220 3 5499999999999999
 99111117115103 85 62 42 28 24 31 47 68 88105113113105 92 77 66 62 66 7725 524QQ 213118152911499999999999999 851 2421 0 6299999999999999
 93109120123116 98 73 46 23  9  8 20 42 68 93112122122113 99 83 73 70 7525 525QQ 248123162912399999999999999 933  72150 7099999999999999
 88104119128126114 90 60 30  6 -6 -2 15 41 71 99118128127118103 88 79 7825 526QQ 3231281725129999999999999991016 -62235 7799999999999999
 86 99115128133127109 81 47 16 -7-14 -7 15 44 76103122130128118103 91 8425 527QQ 3581331818131999999999999991059-142318 8499999999999999
 86 95109124134135124102 71 36  6-12-16 -4 19 50 80106122129125115102 9225 528QQ 43513619 8129999999999999991143-162358 8899999999999999
 88 92103116129135132118 94 62 29  3-11-11  4 28 57 8510712012412011010025 529QQ 5131361958124999999999999991227-13999999999999999999999
 92 91 97107120129132126110 85 56 27  5 -4  0 16 39 65 8910711711911410525 530QQ 552132204511999999999999999 039 911312 -499999999999999
 97 92 93 99108118125125117101 78 53 29 13  8 14 30 51 73 9310711411410825 531QQ 634126213111499999999999999 122 921356  899999999999999
101 94 91 92 97105112117115108 93 74 53 35 24 22 30 44 62 81 9610611110925 6 1QQ 719117221411199999999999999 211 911440 2299999999999999
104 97 91 88 89 93 98103106105 99 88 73 57 44 37 37 45 58 73 8810010710925 6 2QQ 815107225610999999999999999 316 881526 3699999999999999
107101 94 87 84 83 85 89 93 96 96 93 85 75 64 55 50 52 58 69 82 9410310825 6 3QQ 933 97233610999999999999999 447 831617 5099999999999999
109105 98 90 82 77 74 75 78 83 88 91 91 87 81 73 66 63 64 69 78 8910010725 6 4QQ1128 92999999999999999999999 619 741719 6399999999999999
110109104 95 85 75 67 63 64 69 76 84 91 94 93 89 83 77 73 73 77 86 9610525 6 5QQ 0161111320 9499999999999999 721 631830 7299999999999999
111113110103 91 78 65 56 52 54 62 73 85 95101102 98 92 85 80 79 83 9110125 6 6QQ 057113144210299999999999999 8 7 521939 7999999999999999
110116116111100 84 68 53 43 41 47 59 74 90102109110106 98 90 84 83 88 9625 6 7QQ 137117154011199999999999999 845 412038 8399999999999999
107115120118109 94 75 55 40 32 33 43 60 79 98111118117111101 92 86 86 9225 6 8QQ 215120162611899999999999999 920 312129 8599999999999999
102113121124119105 86 63 42 27 23 29 44 65 88107119124121113101 92 87 8925 6 9QQ 25212417 612499999999999999 955 232211 8799999999999999
 97108120126126116 98 75 49 29 17 17 29 49 73 97115126127122111 99 91 8825 610QQ 3261271743128999999999999991029 162248 8899999999999999
 93103116126130125111 88 62 36 18 11 16 33 57 83106122129127118106 95 8925 611QQ 4 013018181299999999999999911 3 112322 8999999999999999
 90 98110122130131121102 76 48 25 10  9 20 41 67 92113125129124113101 9225 612QQ 4321321853129999999999999991137  82354 8999999999999999
 89 93103116127132128114 92 64 37 16  7 11 27 50 76100118127126119107 9625 613QQ 5 51321928128999999999999991212  7999999999999999999999
 89 89 96108120129130123105 81 53 29 13  9 17 36 60 8610712112612311310125 614QQ 54013120 512699999999999999 028 881249  899999999999999
 91 87 90 99110121127126115 96 71 46 25 14 14 26 46 70 9411212212411810725 615QQ 619128204212499999999999999 1 6 871327 1399999999999999
 96 88 85 90 99109119123119107 88 66 44 27 20 24 38 58 8010011512212111425 616QQ 7 4123212212399999999999999 150 8514 8 2099999999999999
102 91 84 82 87 95105113116112101 84 65 47 34 31 36 50 68 8810611712211825 617QQ 75811622 312299999999999999 244 821453 3199999999999999
109 97 86 79 77 80 88 97105108106 98 85 70 55 46 44 50 62 79 9611011912125 618QQ 9 9108224612199999999999999 351 771544 4499999999999999
116106 93 80 72 68 70 77 86 96102103 99 90 79 68 61 59 64 74 8810211412125 619QQ1044103233112199999999999999 5 9 681645 5999999999999999
121114102 88 73 62 56 57 64 75 87 97103104 99 91 83 76 74 76 85 9610811825 620QQ1235104999999999999999999999 622 561758 7499999999999999
123122113 99 82 64 50 42 43 51 65 81 96107111110104 96 89 86 87 9310311425 621QQ 018123141711299999999999999 725 411915 8599999999999999
123127124113 96 75 53 36 27 29 40 58 78 97112120121116108 99 94 9410010925 622QQ 1 7127153812199999999999999 821 272029 9499999999999999
120128131127113 92 67 42 23 14 17 31 53 78101118128130124115105100 9910525 623QQ 157131164213099999999999999 913 142133 9999999999999999
114125134136129113 88 59 31 11  4 10 27 53 8110612413413512811810710110225 624QQ 24613617351369999999999999910 3  4222710199999999999999
108119131139140131111 82 51 22  3 -2  8 29 57 8611112913713612811610610125 625QQ 3351411823138999999999999991050 -2231410199999999999999
103111123135143142129107 76 44 16  0 -2 11 35 64 9311713213813412411110225 626QQ 42314419 5138999999999999991136 -32357 9899999999999999
 98102113126138143140125101 70 38 14  2  5 20 45 7410112113313512811710425 627QQ 5 91441942135999999999999991219  1999999999999999999999
 97 96102113126137140135118 93 64 36 16  9 16 34 59 8610912513213012110825 628QQ 555141201513299999999999999 037 951259  999999999999999
 97 92 93101112124133134126110 86 59 37 23 22 32 51 75 9811712712912311225 629QQ 640135204312999999999999999 118 911336 2199999999999999
100 90 87 90 98109120126126117101 80 59 42 35 38 51 69 9110912212712511625 630QQ 72612721 912799999999999999 2 0 871411 3599999999999999
104 92 85 83 87 95104113118116108 95 78 62 52 49 56 69 8610411812512612025 7 1QQ 817118213312699999999999999 248 831445 4999999999999999
109 97 86 80 79 82 90 98106110109102 92 80 70 64 65 73 8510011312312612325 7 2QQ 91711022 012699999999999999 343 791521 6499999999999999
115103 91 81 75 74 77 83 91 98103104100 94 87 80 78 80 87 9810911912512525 7 3QQ1041104223312599999999999999 450 7416 3 7899999999999999
120111 99 87 77 70 68 70 76 84 93 99103103100 96 92 91 92 9810611412112525 7 4QQ1233103231812599999999999999 6 2 6817 1 9199999999999999
124118109 97 84 72 64 60 62 69 79 90 9910610910910610310010110411011612225 7 5QQ1424110999999999999999999999 7 7 60182710099999999999999
125124118108 94 79 66 56 52 55 64 76 9010311211811811511010610510711111725 7 6QQ 015125153711899999999999999 8 3 52195810599999999999999
123126125119107 90 73 57 46 43 48 60 76 9410912012612512111410810610711225 7 7QQ 118126162512699999999999999 852 4321 910699999999999999
119126129128119104 84 64 46 36 35 44 60 8010011712813212912211310710410725 7 8QQ 21312917 313299999999999999 935 35215910499999999999999
114123130133129117 98 75 52 35 27 30 43 63 8710912513413512912011010310325 7 9QQ 2591331737136999999999999991014 27223810299999999999999
108117128136137130113 90 64 40 24 20 28 46 70 96117132138135126114104 9925 710QQ 34113718 9138999999999999991051 202312 9999999999999999
101110122133140139127106 79 52 29 16 17 30 53 80106126137139132119106 9725 711QQ 4201411840139999999999999991127 152345 9599999999999999
 95101112126138142137122 97 68 41 21 13 19 37 63 91116133139136125111 9725 712QQ 5 014219101409999999999999912 3 13999999999999999999999
 90 92101115129140142133114 88 59 33 18 16 27 49 7610312513713913111710125 713QQ 542142194114099999999999999 020 901239 1599999999999999
 89 84 89101116130139138127107 80 53 32 22 25 40 63 9011413213913612410725 714QQ 627140201113999999999999999 058 841315 2199999999999999
 91 81 79 86 99114127134132120100 76 53 37 32 40 57 8010412413513712911525 715QQ 715135204113899999999999999 140 791352 3299999999999999
 97 82 74 74 82 95110122128125114 96 76 58 48 48 58 74 9511513013613312225 716QQ 810128211013699999999999999 228 731431 4799999999999999
105 88 74 68 68 76 89103114120118110 96 82 70 64 67 77 9210912313213412825 717QQ 916120214113499999999999999 322 671511 6499999999999999
115 98 81 68 62 62 69 81 94105112113109101 92 85 82 85 9410511812813313125 718QQ1041113221613399999999999999 427 611556 8299999999999999
123110 94 77 64 56 54 60 71 84 97106111112109104100 9910110711512313013225 719QQ123911223 113299999999999999 539 541656 9999999999999999
130122109 92 74 59 49 46 50 60 75 8910311211811911711411111111411912513025 720QQ1448119999999999999999999999 655 46183211199999999999999
132131123110 93 73 54 41 36 39 50 67 8510311712612912712311911611611912525 721QQ 0 8132161012999999999999999 8 5 36202711699999999999999
130135134128114 94 70 48 33 26 30 43 63 8510612313413713412712011511411725 722QQ 12813517 013799999999999999 9 7 26214511499999999999999
124132139140132116 93 66 41 24 18 24 40 64 9011313114014113612611611010925 723QQ 23814017391429999999999999910 1 18223610999999999999999
114124136144145136117 90 61 34 17 13 23 43 70 9812113714414113211910810225 724QQ 3371451812144999999999999991047 13231510299999999999999
104113126139148147136114 85 54 28 14 15 29 53 81109130142144137123109 9825 725QQ 4281491842144999999999999991128 132351 9599999999999999
 95101113128142149146132108 77 47 26 17 23 41 67 96120137143140128111 9725 726QQ 51414919 71439999999999999912 5 17999999999999999999999
 89 90 99114130143147141124 99 70 44 28 26 37 59 85111131141141131115 9925 727QQ 557147192914299999999999999 024 881239 2599999999999999
 86 82 87 99115130140142133115 90 65 45 36 41 56 7910412513814113412010225 728QQ 639142194814199999999999999 057 8213 9 3699999999999999
 87 78 78 86 99115128135134123106 84 64 52 50 59 77 9811913414013612510825 729QQ 72013620 714099999999999999 131 771338 4999999999999999
 91 78 73 76 85 99113124129125115 99 82 69 63 67 79 9611513013813812911525 730QQ 8 4129202713999999999999999 2 8 7314 6 6399999999999999
 98 83 73 71 75 85 98110118121117109 97 85 78 78 84 9611112613513813312125 731QQ 855121204913899999999999999 250 711434 7799999999999999
106 91 78 71 70 75 84 95105112114112107 99 93 91 93 9911012113013513312625 8 1QQ10 2114211513599999999999999 341 7015 5 9199999999999999
115101 88 77 71 69 73 80 90 9910611011110910610410310511011812513013112825 8 2QQ1149111214913199999999999999 446 69154410399999999999999
121111 99 87 77 70 67 69 75 83 9310110811311511511411311411712012412712825 8 3QQ1428115224212899999999999999 6 6 6717 411399999999999999
125120111100 88 76 67 62 62 68 77 8810011111812312312212011811811912112425 8 4QQ1548123999999999999999999999 725 62193911799999999999999
126125121113101 87 72 60 54 54 60 72 8710311612613013012612111711511611925 8 5QQ 020126162513099999999999999 829 53211311599999999999999
124128129125115100 82 64 50 43 45 55 71 9010912413313613212611811211011225 8 6QQ 146129165413699999999999999 919 43215711099999999999999
119126133134129116 96 74 53 38 33 38 53 74 9711813313913813112011010410425 8 7QQ 24513417201409999999999999910 0 33222910399999999999999
110121132139139131113 89 63 41 27 26 36 57 82108128140143136124110 99 9625 8 8QQ 3321401745143999999999999991037 252259 9699999999999999
100111125138145143130107 79 51 30 20 24 40 66 94120138145142130113 97 8825 8 9QQ 4161461811145999999999999991113 192330 8799999999999999
 88 97112130144149143126100 69 42 23 19 29 51 80108132145146136119 99 8325 810QQ 5 01491837147999999999999991147 19999999999999999999999
 77 82 96115134147149140120 92 62 37 25 26 42 67 96122141147142126104 8425 811QQ 54515019 314799999999999999 0 4 771222 2499999999999999
 71 69 78 95116135146146135113 86 59 40 34 41 60 85112134145145133113 8925 812QQ 631148192814799999999999999 040 681257 3499999999999999
 70 61 63 75 94115133142140127107 83 62 50 50 61 81104126141145138121 9925 813QQ 720142195214599999999999999 119 601330 4899999999999999
 76 60 55 60 73 92112127134131120103 85 71 66 70 8310112013514314012811025 814QQ 813134201514399999999999999 2 1 5514 3 6699999999999999
 87 68 55 52 58 71 89106119124123115103 92 85 84 9010211713013914013311925 815QQ 916124203914099999999999999 250 521434 8499999999999999
101 81 64 54 52 57 68 83 9710811411511210710210010210811712613413713512725 816QQ104411621 513799999999999999 349 5115 310099999999999999
114 98 81 66 56 52 54 63 74 87 9810611211411411411411611912412913213313025 817QQ2141133999999999999999999999 5 5 52999999999999999999999
124113100 85 70 58 51 50 55 65 77 9010211312012412512412412312412512712825 818QQ16 7125232412899999999999999 638 49184712399999999999999
128125118106 90 73 58 47 43 46 55 70 8710311812813213212912412011811812125 819QQ1629133999999999999999999999 8 5 43212111899999999999999
126130130125113 95 75 55 41 35 38 50 68 8910912613613813512711811110811125 820QQ 137130165413899999999999999 9 9 3522 310899999999999999
118127135137132118 97 72 49 34 28 34 50 73 97119134141140131118107 99 9925 821QQ 253137171814299999999999999 958 282235 9899999999999999
105117131141143136119 94 66 42 28 26 37 58 84109130141143135121105 93 8825 822QQ 3481441740143999999999999991038 2523 4 8899999999999999
 92104120136146147136115 87 58 36 27 31 47 72 99123139144139125107 90 8025 823QQ 43414818 1144999999999999991112 262332 7899999999999999
 79 89105124141149146131107 78 52 35 32 42 63 90116135144142129110 90 7525 824QQ 5151491819144999999999999991143 312359 7099999999999999
 70 75 90109129143147140123 97 70 49 40 44 60 83109130142143134115 94 7525 825QQ 5531471835144999999999999991211 40999999999999999999999
 64 65 75 93114132142143132113 89 66 53 51 61 80104125140144137121 99 7825 826QQ 631144185214499999999999999 027 631238 5099999999999999
 63 58 64 79 98118132139135123104 83 68 62 66 80100121137143140127107 8525 827QQ 7 913919 914499999999999999 056 5813 4 6299999999999999
 67 57 57 67 83102119130132127114 98 83 75 75 83 98116132141141131114 9425 828QQ 748132192914299999999999999 127 561330 7499999999999999
 75 61 56 60 71 87104117124124119108 97 88 85 89 9911312713613913312110425 829QQ 833125194913999999999999999 2 2 561355 8599999999999999
 85 70 61 59 64 75 89102112117117113106100 97 9710311212213013413212411125 830QQ 930117201013499999999999999 244 591419 9699999999999999
 96 82 70 64 63 68 76 87 9710511011111010810710610811311912512912912411725 831QQ11 8111203012999999999999999 338 63143710699999999999999
106 94 83 73 67 66 68 74 81 90 9810410911211411511511611812112312312211825 9 1QQ2052123999999999999999999999 457 66999999999999999999999
113105 96 86 76 69 64 64 67 73 82 9310311111712112212111911811711711711725 9 2QQ1553122999999999999999999999 639 63999999999999999999999
117114109100 89 77 66 58 55 58 66 78 9210611712512712612211611211011011325 9 3QQ16 6127999999999999999999999 8 2 55212110999999999999999
117120119114104 89 73 58 48 44 49 60 77 9611312613213112511710810210110425 9 4QQ 128120162313299999999999999 856 44214410099999999999999
112120126127120106 86 65 47 36 34 43 61 83106124135137130119105 94 90 9225 9 5QQ 235128164313799999999999999 938 3422 9 9099999999999999
102115127135134124105 80 55 36 27 30 44 68 94118134141136124106 89 79 7825 9 6QQ 32613617 5141999999999999991015 262237 7799999999999999
 86102120136143140125101 73 46 28 23 32 53 81108131142142130110 88 71 6325 9 7QQ 4121431728144999999999999991051 2323 7 6399999999999999
 68 83104126143148142123 96 66 41 27 28 43 68 97123141145137118 93 69 5325 9 8QQ 4581481752146999999999999991126 262340 5099999999999999
 51 62 82108131146149140119 90 62 42 34 41 61 87114136146142127101 73 5125 9 9QQ 54515018151469999999999999912 0 34999999999999999999999
 40 43 59 83110133146146134113 86 63 50 49 61 81107129143145134112 84 5625 910QQ 632147183814699999999999999 015 391233 4899999999999999
 38 32 41 60 85111131140139127107 86 70 63 68 82102123138144138122 97 6925 911QQ 72114119 114499999999999999 053 3213 4 6399999999999999
 45 32 31 42 62 86108124131129118104 90 81 81 88102119133141140129109 8525 912QQ 814131192214299999999999999 134 301332 8099999999999999
 61 42 33 35 46 63 84102114119118112104 97 94 9810611712813613713111910025 913QQ 919120194313899999999999999 220 321356 9499999999999999
 79 60 46 39 41 49 63 78 9210210911111010710610711111712412913213012311225 914QQ11 711120 313299999999999999 318 3914 610699999999999999
 97 81 66 54 47 46 51 60 71 82 9210110711111411511711912112212312312111625 915QQ2015124999999999999999999999 439 46999999999999999999999
109100 88 75 63 54 49 49 54 62 74 86 9910911712112212111911611411311311425 916QQ1555122235011499999999999999 628 48212011399999999999999
114113107 98 84 70 57 47 44 47 56 70 8610211512412712411911110510110110525 917QQ16 2127999999999999999999999 8 1 44212910199999999999999
111117120116106 91 72 55 43 39 43 55 73 93111124130128121110 98 90 88 9225 918QQ 159120161813099999999999999 9 0 392152 8899999999999999
102113123128124111 92 70 51 38 36 44 61 82104121131132124111 95 82 76 7825 919QQ 3 3128163613399999999999999 943 362215 7599999999999999
 88103119131134128111 88 64 45 36 38 52 73 97117131135128114 95 77 66 6425 920QQ 3511341653135999999999999991017 352240 6499999999999999
 73 89109126137137127107 82 58 42 38 47 66 90112129136132118 98 76 60 5325 921QQ 43213917 8136999999999999991047 3823 4 5399999999999999
 58 73 94116133140136122 99 74 54 44 47 62 84107127137136124103 79 58 4625 922QQ 5101401724138999999999999991115 442328 4599999999999999
 46 58 78102123137140132114 91 68 54 52 61 80102123136138129110 85 60 4325 923QQ 5461401741139999999999999991142 512354 3899999999999999
 38 46 63 86110128138136124105 84 67 60 64 78 98118134139133117 93 67 4625 924QQ 62113817591399999999999999912 8 60999999999999999999999
 35 37 50 71 95116130134129116 98 81 70 70 79 95113129137135123102 77 5425 925QQ 657134181813899999999999999 022 351234 6999999999999999
 38 34 41 58 79101118127128121107 93 82 78 82 93109124133135126110 88 6525 926QQ 734129183813599999999999999 052 341259 7899999999999999
 47 37 38 49 66 85103116121120112102 92 87 88 94105118128131127115 97 7725 927QQ 815122185813199999999999999 124 361323 8699999999999999
 58 46 41 45 56 72 88102110114112106100 95 94 97104113122126125117104 8825 928QQ 9 5114191612699999999999999 2 0 411344 9499999999999999
 71 57 49 48 52 62 74 86 96103106106104102101102105111116120120116107 9625 929QQ1027106193212099999999999999 245 4714 010199999999999999
 83 71 61 55 53 56 63 72 81 89 9610110410610610710810911111311311110710125 930QQ1940113999999999999999999999 350 53999999999999999999999
 93 84 75 66 59 55 55 59 65 74 83 931011071111121111091081061051041041032510 1QQ15 2112999999999999999999999 530 55999999999999999999999
101 96 89 80 70 60 53 50 51 57 68 81 94106114117116111105 99 95 94 961002510 2QQ1513117999999999999999999999 712 492054 9499999999999999
104106104 97 86 72 58 47 41 43 52 66 84101114121121115105 94 85 81 83 902510 3QQ 1 6106153112299999999999999 818 412113 8199999999999999
100109114113105 90 71 53 39 33 37 51 71 92111124127121108 92 77 67 66 732510 4QQ 222115155212799999999999999 9 5 332138 6599999999999999
 87104118125123111 92 68 47 33 30 38 57 81105123131128115 95 73 55 48 522510 5QQ 317125161413299999999999999 945 2922 8 4899999999999999
 67 89111127135130114 91 65 43 31 33 47 70 96119133135124102 75 50 34 322510 6QQ 4 71351638135999999999999991023 302240 3199999999999999
 43 65 93118135141133115 89 63 43 37 43 62 87112131138132112 84 53 29 172510 7QQ 45514117 21389999999999999911 0 372314 1799999999999999
 21 39 67 97123139142132112 86 63 49 48 60 80105126138137123 97 64 34 132510 8QQ 5431431726140999999999999991134 472351  799999999999999
  7 17 40 70101125138138127107 85 68 61 65 79 99120135140131110 80 48 202510 9QQ 63214017511409999999999999912 7 60999999999999999999999
  5  5 19 44 74102122131130119103 86 76 75 82 97115130138135121 97 67 37251010QQ 723132181513899999999999999 030  31238 7499999999999999
 15  5  9 25 49 75 98114121120112100 90 86 89 98111124133134126109 86 59251011QQ 819122183913599999999999999 112  513 6 8699999999999999
 35 18 13 18 33 53 74 92104110110106100 96 96100108117125128125116100 80251012QQ 92911119 412899999999999999 159 131331 9599999999999999
 58 40 28 24 29 40 55 71 84 95101104104103102103107111116118118114106 94251013QQ1128104192711999999999999999 257 24134910299999999999999
 80 64 50 40 36 37 44 54 66 77 87 96102105107107107107107107107106104100251014QQ1657107999999999999999999999 414 36999999999999999999999
 94 85 74 62 52 45 43 45 52 62 73 85 96104109110108104100 96 93 93 95 97251015QQ1448110999999999999999999999 559 432039 9399999999999999
 99 98 93 84 72 60 51 45 45 51 61 75 89101110113111105 96 87 81 78 81 87251016QQ 014 9915 511399999999999999 731 442059 7899999999999999
 95102105102 92 79 64 52 45 45 52 65 81 97109116115107 95 82 71 65 66 73251017QQ 2 0105152311699999999999999 830 442122 6499999999999999
 85 98109113109 97 81 64 51 45 47 58 75 92108117119112 98 80 64 53 51 58251018QQ 3 1113153911999999999999999 912 442145 5199999999999999
 72 89106117119113 98 79 61 49 47 54 69 88106118122117103 83 62 46 39 43251019QQ 347119155612299999999999999 946 4622 9 3999999999999999
 56 76 97114124123113 95 75 59 50 53 65 83102118125122109 88 64 43 30 30251020QQ 4271251613125999999999999991017 502233 2999999999999999
 41 60 84107122128123110 90 71 58 55 63 78 98116126126116 96 70 45 27 20251021QQ 5 31281632128999999999999991046 552259 2099999999999999
 27 45 69 94115127129120104 84 68 60 63 75 93112125129122104 79 52 29 16251022QQ 5381301652129999999999999991114 602326 1599999999999999
 17 31 53 79104121129126114 97 80 68 66 74 89106122129126112 90 62 36 18251023QQ 6131291714130999999999999991142 662355 1399999999999999
 13 20 39 63 89110123126120106 90 78 72 75 86101116126128118 99 74 47 26251024QQ 64812617371289999999999999912 9 72999999999999999999999
 14 15 28 49 73 96112120120111 99 86 79 78 84 96110121126121107 85 60 37251025QQ 72412118 012699999999999999 025 131236 7799999999999999
 22 17 23 38 59 81 99111115112103 93 85 82 85 93104115121120110 94 73 51251026QQ 8 3115182212199999999999999 057 1713 1 8299999999999999
 33 23 23 31 47 66 84 98106107104 98 91 87 87 92 99108114116111 99 83 64251027QQ 849108184411699999999999999 132 221328 8799999999999999
 47 34 28 30 39 53 69 83 94100101 99 96 92 90 92 96101107109107101 90 76251028QQ 95310119 810999999999999999 214 2814 3 9099999999999999
 61 47 38 34 36 44 55 68 80 89 95 98 98 97 95 94 94 96 98100100 98 93 85251029QQ1133 99194110099999999999999 3 7 341520 9399999999999999
 74 63 52 44 40 40 45 54 65 76 86 94 99101100 97 94 91 89 89 89 90 91 89251030QQ13 51012148 9199999999999999 423 391850 8999999999999999
 85 79 70 59 50 43 41 43 51 62 74 87 97104106103 96 88 81 76 75 77 82 87251031QQ1350106999999999999999999999 6 0 411954 7599999999999999
 91 92 87 79 67 55 45 40 41 48 61 77 92104110109102 90 77 65 59 59 65 762511 1QQ 037 92142211199999999999999 722 392029 5899999999999999
 88 98102 99 89 75 59 46 39 40 49 65 84101113116110 96 77 58 44 39 44 572511 2QQ 2 5102145111699999999999999 822 3821 2 3999999999999999
 75 93107113110 98 80 61 46 40 43 56 75 95112121118105 84 59 36 22 21 322511 3QQ 3 8113151812199999999999999 910 392137 2099999999999999
 52 77101117123118104 83 63 49 44 51 67 88108122126116 96 67 37 14  3  72511 4QQ 4 3123154612699999999999999 953 442213  299999999999999
 25 52 82108125130123106 85 65 54 53 63 82103121130126110 82 48 17 -5-112511 5QQ 4541301614130999999999999991033 522252-1199999999999999
  0 23 55 87113128131123105 85 69 62 65 78 97116130132122 99 67 31  1-162511 6QQ 5451321643133999999999999991111 612332-1899999999999999
-16 -1 26 59 90114127128119102 85 74 71 78 92110125133130114 87 53 19 -62511 7QQ 6361291713134999999999999991146 71999999999999999999999
-18-14  4 32 63 91111121121112 99 86 80 81 89103118129131123104 76 44 142511 8QQ 728122174513299999999999999 014-191221 7999999999999999
 -6-13 -6 13 39 66 89105113112105 96 88 85 89 97109120126124113 94 68 402511 9QQ 824114181812699999999999999 059-131256 8599999999999999
 16  1 -2  6 23 45 67 86 99105105100 94 90 89 93100108115117113102 85 64251110QQ 928105185411799999999999999 147 -21335 8999999999999999
 42 24 13 12 19 33 50 68 82 93 98 99 97 93 91 91 93 97101105105101 93 81251111QQ1044 99193810599999999999999 240 111435 9099999999999999
 65 49 35 27 26 31 42 55 68 80 90 95 97 96 93 90 88 88 88 90 91 92 91 87251112QQ12 6 9721 0 9299999999999999 341 2617 5 8899999999999999
 80 70 58 48 41 38 41 48 59 70 81 90 96 98 97 92 87 82 77 75 76 78 82 84251113QQ13 4 982348 8599999999999999 457 381922 7599999999999999
 85 83 77 68 59 51 48 48 54 63 74 85 94 99100 96 89 80 71 64 61 62 68 75251114QQ1340100999999999999999999999 621 4720 9 6199999999999999
 83 88 89 85 77 67 59 54 54 59 69 80 92100104101 93 81 68 56 48 47 52 62251115QQ 141 8914 710499999999999999 731 532042 4799999999999999
 75 87 95 97 93 84 73 63 57 58 65 76 89100107107100 87 70 53 40 34 37 47251116QQ 250 97143210899999999999999 824 572110 3499999999999999
 63 80 94103105 99 88 75 64 60 63 72 85 98108112107 94 76 54 36 24 23 32251117QQ 341105145611299999999999999 9 7 602138 2299999999999999
 48 69 88104111110102 88 74 65 63 69 80 95108115114103 84 61 37 20 13 17251118QQ 423112152211599999999999999 946 6322 7 1399999999999999
 32 54 78 99112117113101 86 73 66 67 76 90105116118111 95 71 44 21  8  6251119QQ 5 01171548119999999999999991021 652236  599999999999999
 17 38 63 88108118119111 97 82 71 68 73 85100113120118105 83 55 28  9  1251120QQ 5351201615121999999999999991054 6823 6  099999999999999
  6 23 47 74 98114120117106 92 79 71 72 80 94109119121113 94 68 40 16  1251121QQ 6101201643121999999999999991125 702337 -299999999999999
 -1 10 32 58 84104116118112 99 86 76 73 77 88102115120117103 81 54 27  7251122QQ 6441181710121999999999999991154 73999999999999999999999
 -1  3 19 42 68 91107114113104 92 81 75 76 84 96108117118109 92 68 41 18251123QQ 719115173711899999999999999 0 9 -11223 7599999999999999
  4  1 11 29 53 76 95107110106 97 86 79 76 80 89100110114111 99 79 56 32251124QQ 75511018 511499999999999999 043  11253 7699999999999999
 14  5  8 20 39 61 81 96104105100 91 83 78 78 83 92101108108102 88 69 48251125QQ 836106183710999999999999999 118  51328 7799999999999999
 28 15 10 16 29 47 67 84 96101101 95 88 81 78 79 84 91 98101100 93 79 63251126QQ 922102191610299999999999999 157 101415 7899999999999999
 45 29 20 18 24 37 54 71 85 95 99 98 93 86 80 77 77 80 85 90 92 91 85 75251127QQ1017 992014 9399999999999999 242 181527 7799999999999999
 62 47 35 28 27 33 44 58 73 86 95 99 98 93 85 78 73 70 71 74 79 83 84 82251128QQ1117 992155 8499999999999999 337 271715 7099999999999999
 76 66 55 45 38 36 40 49 61 75 88 96100 99 93 83 73 64 58 57 60 67 75 81251129QQ1214101999999999999999999999 450 361844 5799999999999999
 84 82 76 66 56 48 44 46 53 65 79 91100104101 91 78 62 49 41 40 45 57 70251130QQ 0 7 8413 210499999999999999 614 441941 3999999999999999
 82 90 92 88 79 68 58 52 52 58 70 84 97106108101 87 68 48 31 21 22 32 492512 1QQ 150 92134310899999999999999 730 512027 2099999999999999
 68 86 98103100 90 77 65 58 58 65 78 92106113112100 81 55 30 11  2  6 222512 2QQ 3 5103142211499999999999999 832 572111  299999999999999
 45 70 92107113110 99 84 71 64 64 73 87102115119114 97 71 40 12 -7-13 -52512 3QQ 4 6113145911999999999999999 926 632154-1399999999999999
 16 44 74 98114120115103 88 75 69 71 82 97112123124113 91 60 26 -4-21-232512 4QQ 5 21201537125999999999999991013 692238-2499999999999999
-10 15 47 78103118123117104 89 77 74 78 90106120128125110 83 49 14-14-282512 5QQ 5541231615128999999999999991056 742322-2999999999999999
-26 -9 19 51 82105119121114101 87 79 78 84 97113125129122104 74 40  6-182512 6QQ 6441211655129999999999999991138 77999999999999999999999
-28-22 -3 26 57 85106116116108 96 85 79 80 89102115125126116 95 66 33  32512 7QQ 732117173612799999999999999 0 7-281218 7899999999999999
-16-21-12  8 35 64 88104111110101 90 81 78 81 90102114120118107 86 59 302512 8QQ 818112181912099999999999999 052-2213 0 7899999999999999
  6 -8 -9  2 22 46 70 90102106103 94 85 78 77 80 89 98107111108 96 78 552512 9QQ 9 110619 511199999999999999 136-101346 7699999999999999
 32 14  5  7 18 37 57 77 91100101 96 88 80 75 74 77 83 91 97 99 96 86 72251210QQ 9421011956 9999999999999999 219  41442 7499999999999999
 54 37 25 20 24 35 51 68 83 93 98 97 91 84 76 71 69 71 75 80 85 87 86 79251211QQ1020 9821 5 8799999999999999 3 1 2016 0 6999999999999999
 69 57 46 38 37 41 50 63 77 88 95 97 94 88 80 72 66 62 62 64 69 74 78 79251212QQ1058 972252 7999999999999999 346 361738 6299999999999999
 77 71 64 57 52 51 55 63 73 83 91 96 97 93 86 77 67 58 53 51 53 58 65 72251213QQ1138 97999999999999999999999 441 511857 5199999999999999
 77 79 77 73 68 64 63 65 71 79 88 95 98 98 93 84 72 60 49 41 39 43 51 61251214QQ 1 3 791224 9999999999999999 553 631951 3999999999999999
 72 80 85 86 83 78 73 71 72 77 84 92 98101100 93 81 66 50 37 29 29 35 47251215QQ 241 86131110199999999999999 715 712034 2899999999999999
 62 76 88 94 96 92 85 79 75 75 80 87 96102105101 91 76 57 38 24 18 21 31251216QQ 343 96135710599999999999999 826 742112 1899999999999999
 48 67 84 97104103 97 89 80 76 76 82 91100107108102 87 67 45 25 12  9 16251217QQ 427104143910899999999999999 923 752147  999999999999999
 32 53 75 94106110107 99 88 79 75 78 85 96106112110 99 80 56 32 12  2  4251218QQ 5 411015171129999999999999910 7 752222  199999999999999
 16 37 62 85103112114107 96 84 77 75 80 90102112115109 93 70 43 18  1 -4251219QQ 5381141552115999999999999991044 752255 -499999999999999
  3 21 45 71 94109115113103 91 80 74 76 84 96108116115104 84 57 29  6 -7251220QQ 6101161625117999999999999991117 742328 -899999999999999
 -6  7 29 56 82102113115108 96 84 75 72 78 89102113117112 96 72 43 17 -3251221QQ 6421151658117999999999999991147 72999999999999999999999
-10 -3 15 40 67 91107113111101 88 77 71 72 81 94107115115105 85 59 31  7251222QQ 712114173111699999999999999 0 1-101217 7099999999999999
 -7 -8  4 26 52 78 98109112105 93 80 71 68 73 84 97108113109 96 74 47 22251223QQ 74311218 611399999999999999 034 -91250 6899999999999999
  3 -5 -1 15 38 64 87103110108 98 85 73 66 67 74 85 97106108101 86 64 39251224QQ 815110184510899999999999999 1 8 -51328 6699999999999999
 18  4  2 10 28 51 74 94105108103 91 78 67 63 64 72 83 93100100 92 77 57251225QQ 849108193110199999999999999 143  11413 6299999999999999
 37 20 12 13 24 42 63 83 98106105 97 85 72 62 58 60 67 77 86 92 92 85 72251226QQ 9241062029 9399999999999999 221 1115 9 5899999999999999
 56 40 29 24 28 39 55 73 89100104101 92 79 66 57 52 53 59 67 76 83 85 81251227QQ10 21042149 8599999999999999 3 3 241620 5299999999999999
 72 61 50 42 39 43 53 66 81 94101103 98 88 75 61 50 43 42 47 55 66 75 80251228QQ10441032342 8199999999999999 353 391740 4299999999999999
 81 77 71 63 57 55 58 65 75 87 97102103 97 86 71 55 41 31 28 33 42 55 68251229QQ1133103999999999999999999999 459 551854 2899999999999999
 79 85 86 83 78 72 69 69 74 82 91 99104104 98 85 67 47 29 17 13 18 30 47251230QQ 146 86122910599999999999999 626 691957 1399999999999999
 65 81 92 97 97 92 86 80 78 81 87 95103108107 99 84 62 38 17  2 -2  4 20251231QQ 325 97132610899999999999999 759 782053 -299999999999999
