 77 24 -7-10 18 7113720024626726323619314911510010713718222625325623118325 1 1RH 920269203525899999999999999 235-121511 9999999999999999
120 57  8-14 -6 32 93162221258270255220173130101 9411014819723825825222025 1 2RH 956270211625999999999999999 315-151549 9399999999999999
166102 42  2-10  8 54119186237264265242200153114 92 9311615920724225524225 1 3RH1032267215925599999999999999 355-101630 8999999999999999
205149 88 37  7  5 31 82146205245261253223180135102 86 9312216520923824425 1 4RH11 9262224624599999999999999 435  31713 8699999999999999
227189138 85 44 24 30 61112169218246253237204161121 92 82 9312316420322625 1 5RH1147253234023099999999999999 517 2318 0 8299999999999999
229212178135 92 61 50 60 92138185222241240221187147110 86 78 9011915518925 1 6RH1227243999999999999999999999 6 2 501854 7899999999999999
209214202175142109 87 80 91118156192220232227207175138103 80 72 8210713925 1 7RH 046214131423299999999999999 654 801956 7299999999999999
171193203198181158133115109116136164192213222218199169133 99 73 62 68 8925 1 8RH 210203141022399999999999999 75810921 9 6299999999999999
120153181198203196179159141131131143163186206216214198169132 94 63 47 4925 1 9RH 352203152021799999999999999 9261302224 4699999999999999
 68100139175202215215202181159142135140156179202216217202172131 87 50 2925 110RH 52721716342199999999999999911 51352332 2699999999999999
 28 49 86133178213232234220194166142130132149176204223226210175127 76 3425 111RH 6362351740227999999999999991222129999999999999999999999
 10 10 35 81136189229249249230197161132118122144178213235237216175119 6125 112RH 729252183623899999999999999 030  7131811799999999999999
 16 -7 -2 31 8614920624626325622918814711710611514618722624724521716810525 113RH 813263192524999999999999999 120 -814 410699999999999999
 44  0-17 -4 39102170226260269253216170128102 9711615520224025624621015325 114RH 85126920 825699999999999999 2 4-171443 9699999999999999
 86 27-10-18  6 59128194244268266239194147109 90 9512317021825025823919425 115RH 925270204725999999999999999 245-191519 8999999999999999
132 67 15-11 -6 30 90159218255266251215167123 93 8410013818723025325022125 116RH 955266212325599999999999999 321-131552 8499999999999999
171109 51 12  0 18 64127190237259255228186139103 84 8611215520123524723425 117RH1021260215824799999999999999 354  01623 8299999999999999
198146 90 45 21 23 53104164215245252235200156116 89 81 9512717020923123225 118RH1045252223223499999999999999 425 181653 8199999999999999
211173125 80 49 40 55 92143193229243236210172132100 83 8510614017820621925 119RH11 924423 821999999999999999 454 401724 8299999999999999
212188152114 82 65 67 90129173210231232215185148115 92 84 9211614717719625 120RH1134234235120299999999999999 523 6318 0 8499999999999999
202192170142114 94 88 98123157190214223216194165133107 90 87 9812014516825 121RH12 2223999999999999999999999 554 881843 8799999999999999
182185177162142125114114126147172195208210199179153127105 91 89 9811513625 122RH 048185123821199999999999999 6321131941 8999999999999999
154168174172164154143136136144158175189197198189172150126105 91 86 9110425 123RH 217174133119999999999999999 7301352059 8699999999999999
122141159171177177171162154150151158168180188191186173153128104 85 75 7625 124RH 425178145419199999999999999 9171502225 7499999999999999
 87108133158179192195190178164153147149158172186194193181158128 96 71 5625 125RH 55219516251959999999999999911161472331 5499999999999999
 56 71 98133167195212214204185163145135137150171192205206190161122 81 4925 126RH 6422151732208999999999999991220134999999999999999999999
 33 36 59 97143186218233231212183152129119126148179207223221198158108 5925 127RH 721234182322599999999999999 021 3113 511999999999999999
 23  9 20 54105162210242252239209169133109104121154195228243234201148 8725 128RH 75625219 824399999999999999 1 5  9134310499999999999999
 33 -2 -9 13 60124188237263263238195147109 89 9412216821625025924119613225 129RH 829266195026099999999999999 146-101420 8899999999999999
 64  9-20-17 17 79152218262277264225172121 85 73 8913018623826826823918325 130RH 9 2277203127299999999999999 225-231457 7399999999999999
111 42 -7-26-12 36108185245278280253202143 93 64 63 9014320525427626722925 131RH 934283211327799999999999999 3 4-261534 6099999999999999
165 92 28-11-18  9 68144216264283270230172113 69 50 59 9815821926127425625 2 1RH10 6283215527499999999999999 343-191611 4999999999999999
211147 79 27  0  6 43107179238271274249201141 87 53 44 6311017022425626125 2 2RH1036277224026299999999999999 420 -11650 4399999999999999
238192133 77 39 26 42 85146206249265255221170115 70 45 45 7211917421824125 2 3RH11 7265232824399999999999999 458 261730 4299999999999999
240217176129 88 64 62 83125176220245248230193145 99 64 47 52 8012316720125 2 4RH1138250999999999999999999999 536 601816 4699999999999999
218217199169136110 97100121155191219231226205172132 95 67 54 60 8311615125 2 5RH 026220121323299999999999999 618 961912 5499999999999999
178194197189172153138130134148169191206212206189163132101 76 62 63 7710125 2 6RH 14519813 121299999999999999 7121302028 6199999999999999
129155175187190186176166157155158167178189196195185167142112 85 65 57 6225 2 7RH 352190142619699999999999999 85615522 6 5799999999999999
 80107137166189202205199187172159152153161174187195194181156123 88 60 4325 2 8RH 55020616241969999999999999911271512330 4199999999999999
 43 60 91131170201221226216196171148134133145166190207211198169127 83 4525 2 9RH 6492261745211999999999999991237132999999999999999999999
 24 24 47 87137185222241241222191156127112116137170204226230212173121 6725 210RH 729244184023199999999999999 030 21132011199999999999999
 26  6 12 45 98157209244257246214172131102 9310614018522424524321516610425 211RH 8 2257192424899999999999999 116  51356 9399999999999999
 47  8 -4 13 59122186235261262237193144103 81 8210915520624525924620714725 212RH 83126520 225999999999999999 155 -51427 7899999999999999
 81 27 -3 -3 29 87156218257269254215162112 78 67 8212217822925926223718625 213RH 856269203626499999999999999 230 -71457 6799999999999999
121 58 14 -2 14 60127194245268263232182127 84 61 64 9414520224526425321625 214RH 91926921 826499999999999999 3 1 -21524 5999999999999999
159 95 43 14 14 45102170227260265243199144 95 63 54 7211517022225225723425 215RH 940267213925899999999999999 329 101549 5499999999999999
189131 76 39 26 43 87147207248262249212161109 70 52 59 9013919223124823925 216RH10 026222 924899999999999999 356 261615 5299999999999999
208161110 69 48 52 81131187232253249222177126 83 58 53 7311216020422923325 217RH1020255224123499999999999999 421 461641 5299999999999999
216182139100 74 69 85122169213240244226190145101 70 57 64 9113117320321725 218RH1041245231521899999999999999 446 6817 9 5699999999999999
213193161129103 92 97120156194222233224199162122 89 69 65 7910714217319325 219RH11 3233235719999999999999999 512 911742 6499999999999999
199192175152131118116127149177202216216201175143112 89 76 77 9111514116225 220RH1129218999999999999999999999 5401151826 7599999999999999
176181177167155144139140150166183196201197183162138115 97 87 86 9511012925 221RH 1 218112 220199999999999999 6171381933 8599999999999999
146159168172172168164160159162168175181184183175162145126107 93 86 86 9525 222RH 321172131018499999999999999 7471592124 8599999999999999
110128148166180188189184176167160157159165173179181174160138113 90 73 6725 223RH 54018915411819999999999999911 415723 2 6799999999999999
 72 90117148177199211210199180160145138141154173190199195177147111 76 5025 224RH 6272121714199999999999999991210137999999999999999999999
 40 50 76116160200226235226203171141120115127152184211224218191148 98 5225 225RH 7 0235181022499999999999999 0 1 40124911599999999999999
 22 15 33 74129185229253254231192148112 92 95120161206240251236197140 7725 226RH 731256185625199999999999999 047 151324 9199999999999999
 26 -2 -1 30 86155218260275261222168116 79 66 8112217923326727224619412425 227RH 8 1275193927499999999999999 128 -61358 6699999999999999
 54  4-17 -4 42113190251284284254199134 79 48 46 7613420325928828324618225 228RH 831288202129099999999999999 2 8-171433 4399999999999999
105 36 -7-16 10 71150226277294278231164 96 46 24 36 8215222527729628123525 3 1RH 9 129421 429699999999999999 246-1715 9 2499999999999999
164 89 29 -2  2 41110190255289289257197125 61 21 13 38 9617224028229126825 3 2RH 931293214729299999999999999 324 -51546 1299999999999999
216148 82 36 19 35 83153222269285269225159 91 38 10 14 5111518624327227325 3 3RH 959285223127699999999999999 4 2 191623  899999999999999
245196137 86 56 52 77128189240268267239189127 69 29 14 28 7012918923225125 3 4RH1028271231825299999999999999 438 5017 2 1499999999999999
247220179136102 86 92120164210241251239206159107 63 35 29 47 8613518021025 3 5RH1056251999999999999999999999 515 861745 2999999999999999
223219200172145126121130154185212227226210180142103 72 53 50 65 9512916125 3 6RH 014224112722999999999999999 5541211838 4999999999999999
184196197189176163154151157171186199204201188168142115 91 74 68 75 9111325 3 7RH 13619812 820599999999999999 6471511958 6899999999999999
137159176187191190184177171168168172177181183180171156135112 91 77 72 7825 3 8RH 414191135718399999999999999 9191682158 7299999999999999
 93117144170191204208203190175160151148154165178187188178157128 97 72 5925 3 9RH 55320816361899999999999999911471482326 5799999999999999
 60 76106143179207224225212189162139125125138162187206211199171132 91 5825 310RH 6362261749211999999999999991231123999999999999999999999
 41 45 69110157200230242234208173137110 99108135172207229231212173122 7425 311RH 7 6242183623399999999999999 020 4013 4 9999999999999999
 39 27 39 76129184227251251229190144105 82 8110414619423225024421216110325 312RH 732254191525199999999999999 1 1 271333 7999999999999999
 53 24 22 48 99160216252263248210159110 75 62 7511416822025426324419913925 313RH 756263194926399999999999999 135 1914 0 6299999999999999
 80 37 19 31 73134198246267261229178121 76 51 53 8313619624526826423117725 314RH 817269202027099999999999999 2 6 191426 4999999999999999
114 60 29 27 55110176233265269244197138 84 49 40 5810416622426127125220825 315RH 837271205027199999999999999 235 241451 3999999999999999
149 91 50 35 49 92154215257270255214156 98 54 34 41 7613319524326626223125 316RH 857270212026899999999999999 3 2 351515 3399999999999999
181124 78 52 53 83135195243266260227175116 66 36 32 5610316321825126024325 317RH 917267214926099999999999999 328 491539 3099999999999999
205155108 76 67 82122175225255258236192136 83 46 32 44 7913218722824724325 318RH 938260221924899999999999999 353 6616 4 3299999999999999
218179136102 86 90116159205239250238205157106 65 42 42 6410615519922523225 319RH 959250225123299999999999999 418 851631 3999999999999999
220194160129109105119149186219236233211174129 89 61 51 60 8712716719721225 320RH1021237233021499999999999999 44410517 2 5199999999999999
212199176152133125129146172199218221210185151116 86 69 66 7910413516418425 321RH1045222999999999999999999999 5111251741 6699999999999999
194193184170157148146151164182197204202189168143117 96 84 82 9110812915025 322RH 026194111620499999999999999 5491451842 8199999999999999
166177182181177172167164164169176182185184178165149130113 98 90 90 9811325 323RH 223182121718699999999999999 7211632028 8999999999999999
131150169183192195191183173164159158162169176180178168150128105 87 77 7825 324RH 45619515 91809999999999999910361582223 7699999999999999
 91114144174199214217208190168148135134143161181197202193170138102 72 5425 325RH 54621816522029999999999999911391332330 5299999999999999
 54 73107150193225240237216183147119105109130164199225232218185139 89 5025 326RH 6202411751232999999999999991217104999999999999999999999
 31 35 65113171222254263247209160113 82 73 89127179227257261238191131 7125 327RH 651263183926299999999999999 018 291252 7399999999999999
 29 14 28 71135202254279275242187125 73 45 46 7813520125628528224818911825 328RH 721281192428799999999999999 1 2 141328 4299999999999999
 55 17  9 35 92167236281293272222152 83 34 15 30 7915222728130329124717925 329RH 75229420 830399999999999999 143  814 4 1599999999999999
105 47 17 20 59126203265296292254189112 44  4 -3 27 9117324729530828723625 330RH 823298205330899999999999999 224 141442 -599999999999999
166 97 49 30 45 93164234281295275224151 75 16-13 -6 3711019125829429927225 331RH 854295213830199999999999999 3 4 301520-1499999999999999
219155 98 63 56 80133198254282279247188116 49  4-12  6 5712920225528127825 4 1RH 924285222428399999999999999 344 551559-1299999999999999
249201149108 86 89119168220257268253214156 93 40  8  4 29 8014320124025725 4 2RH 955268231425799999999999999 423 841640  299999999999999
251225188151125114124152191226245244223184135 85 47 27 29 55 9814718921725 4 3RH1027248999999999999999999999 5 31141724 2599999999999999
229224207183161145141151172197216224217197166129 94 67 53 56 7610714117125 4 4RH 01322911 322499999999999999 5481411820 5299999999999999
193204206199187175165161165175187196199194182162138114 92 79 77 8610412725 4 5RH 139206115719999999999999999 6591611941 7699999999999999
152173190199202198189178169163162166172178182180172157137115 97 86 85 9425 4 6RH 353202141518299999999999999 9431622136 8499999999999999
113139165189206213210198180162147140142152168183192191179157129102 83 7525 4 7RH 51221416281939999999999999911171392259 7599999999999999
 83105137171201221227218196168141121114122143170196212213197167130 96 7225 4 8RH 55322717342149999999999999911581142351 6599999999999999
 65 78108149190222238236215182144111 93 93112147186218234229205165120 8225 4 9RH 6232401818235999999999999991230 90999999999999999999999
 60 60 82124173216244250235200155111 81 70 8211616320924125123720215310425 410RH 647251185625199999999999999 031 571259 7099999999999999
 68 54 64100151204242259251219171119 77 55 57 8513318923526026023418813425 411RH 710259192926399999999999999 1 5 541325 5299999999999999
 87 59 57 81128185234262263238191134 82 48 39 5710116021825727125822116825 412RH 73226520 127199999999999999 136 551351 3899999999999999
115 76 60 71108163219257268252211154 95 50 29 36 7112819124227127124620025 413RH 754268203227499999999999999 2 6 601416 2899999999999999
146100 73 70 95143199245267261229175114 61 29 23 46 9515921825927326122625 414RH 81726821 327399999999999999 235 681442 2299999999999999
177128 93 79 90126178228259264242196137 79 38 20 31 6812618823726326424225 415RH 840265213326799999999999999 3 4 7915 8 2099999999999999
202156117 95 94117159208245259248213161104 56 28 26 50 9715520824325624725 416RH 9 425922 525699999999999999 332 921536 2499999999999999
219180142115106116146187226247247224182130 81 46 33 42 7512417521623824125 417RH 928250223924299999999999999 4 010616 5 3299999999999999
226198165138123123140170205230238227198156110 72 50 46 64 9814218321222525 418RH 954238232122699999999999999 4301211639 4599999999999999
223208184161143137142160185209222221205176139103 76 62 64 8311414918020025 419RH1025224999999999999999999999 5 51371722 6199999999999999
210208197181166155151157170187201207203189165137109 89 78 79 9311714416825 420RH 01921011 720799999999999999 5571511823 7799999999999999
187199202198189178168161161166176185191191183168147125105 91 86 9310913125 421RH 153202123019299999999999999 7331601954 8699999999999999
156179197208209203190174159151149155166179189191184168145119 97 83 82 9425 422RH 342210144519199999999999999 9401492134 8199999999999999
118149181208224227217196168143126122131151177199211209192163128 95 73 6825 423RH 44422816222129999999999999910491222247 6799999999999999
 81111152194228246245224189149113 93 91110144185220240238216177130 87 6025 424RH 5252481725242999999999999991134 892342 5499999999999999
 55 74114166217254267255220169116 75 56 63 95146203247269264233183126 7825 425RH 6 12671818270999999999999991215 55999999999999999999999
 51 50 77128190244276279253203138 77 36 23 42 9015822527429328124218412125 426RH 63628219 729399999999999999 031 471254 2399999999999999
 73 49 56 92152218268290280239175101 39  3  0 33 9617524629230628924217925 427RH 711291195630799999999999999 118 481335 -399999999999999
117 74 57 72116180243284292269215142 66  9-18 -9 3611019326130130828423525 428RH 746293204430999999999999999 2 3 571416-1999999999999999
173117 82 73 95144207260287283248186111 40 -7-23 -4 5012720626529729827125 429RH 822289213330199999999999999 247 731458-2399999999999999
222167121 96 95122172226266279264222159 88 28 -8-14 14 7114421226028227925 430RH 858279222228499999999999999 331 921541-1699999999999999
252209164130113119148192234259262240196138 78 30  5  7 39 9215520924626125 5 1RH 936264231426299999999999999 4151131626  399999999999999
256232198165141132141167201230244239216176128 80 45 28 35 6410915820022825 5 2RH1016245999999999999999999999 5 11321714 2899999999999999
239235217193170153147155174197216223217197166129 94 67 56 62 8511915618825 5 3RH 01223911 422499999999999999 55514718 9 5599999999999999
211221220210193175161155159170184197203200187166140113 91 80 83 9812215125 5 4RH 124222121220399999999999999 7 81551919 7999999999999999
178199212215210196179164153150155165178188192188176156133111 97 9410212125 5 5RH 25121514 319299999999999999 8541502047 9499999999999999
147174197213219214199178157141133135147164182194198191173148123105 9710325 5 6RH 4 2219155119899999999999999101713222 6 9799999999999999
121148179205222227217196168140119110116134160187206214206186156127104 9525 5 7RH 44922717 12149999999999999911 811023 4 9599999999999999
102125158192220235233215184147115 94 89102131168202224230218191156122 9925 5 8RH 5242361750231999999999999991146 892350 9399999999999999
 93106136175212238245233203162119 86 70 74 9914018522224324422418914811425 5 9RH 5532451831246999999999999991218 69999999999999999999999
 94 95116154197233252248223181132 87 59 52 6910815920924425925022117913725 510RH 62025319 825999999999999999 029 921247 5199999999999999
105 93103133178222251258241203151 98 58 38 44 7612718523326226724821116525 511RH 647259194226899999999999999 1 5 931316 3799999999999999
125100 97117156204243261255224175117 67 35 28 48 9415321125327226623819525 512RH 715262201627399999999999999 139 961345 2799999999999999
150116100108137182227257262242199142 85 42 22 29 6311918123326527325722225 513RH 743263205027399999999999999 2121001415 2199999999999999
178138112107124161207244261253221170112 60 28 21 41 8614620424726826524225 514RH 811262212427099999999999999 2451061446 2099999999999999
203162130114119145185226252256237196142 87 45 24 30 6111217022025226225125 515RH 841257215926299999999999999 3181141518 2399999999999999
223186152129122135165203236250244216171119 71 40 31 46 8313518722724825125 516RH 912251223725299999999999999 3511221553 3199999999999999
235207174148133134151182214236241227195151104 66 45 44 6510415219522624025 517RH 946242232124199999999999999 4281311632 4299999999999999
238221196170150141145163190215229228211179140101 71 56 60 8211916019622125 518RH1026230999999999999999999999 5111401718 5599999999999999
232228214192171154147151167188207217215199172139107 82 70 74 9412616119325 519RH 015232112021899999999999999 6 81461815 6999999999999999
216227225213194174156146147159176194206207197177149120 96 83 84 9912715925 520RH 122228123920899999999999999 7241451926 8199999999999999
191215229230219198174151136132141159180199208206191167137110 92 8810012425 521RH 234231141920999999999999999 8461322045 8899999999999999
158192221238239225199167135114107117139170199219224213188155122 98 89 9825 522RH 336241154822499999999999999 95510722 0 8999999999999999
123160200233251250229194150110 84 77 91123166208237247237209170130100 8825 523RH 4262531659247999999999999991049 7623 4 8899999999999999
 98126168214249265257227180126 78 50 46 6911316922225827025822618013510225 524RH 51026518 0270999999999999991138 45999999999999999999999
 90101134181230265275258218159 96 46 19 22 5411117923927728927323618513725 525RH 553275185528999999999999999 0 2 901224 1699999999999999
104 94108146198247277279253202135 68 18 -4  7 4911719125429129928023918625 526RH 635282194830099999999999999 055 931311 -599999999999999
138108100119162215260283277242183111 44 -1-16  3 5412820426329630127923525 527RH 717284204030399999999999999 1471001357-1699999999999999
183139113110133178229268282268227164 92 30 -9-16 10 6714221426729429426925 528RH 8 0282213029799999999999999 2361081444-1799999999999999
226178139119121148192238268275254209147 80 26 -5 -5 27 8615622026428428025 529RH 844275222028699999999999999 3241171530 -999999999999999
254213172140126133161202240262262238193134 76 31 10 16 5110616822225727025 530RH 92926523 827199999999999999 4111251617  999999999999999
263237201166142133143171206236251245220178128 79 45 31 42 7712617822124725 531RH1015251235525599999999999999 45813317 3 3199999999999999
255245221191162143139150174203225235228205169128 90 64 57 7010114318521825 6 1RH11 5235999999999999999999999 5481381752 5699999999999999
237241230209183160144141151171193211219213195167134105 85 82 9412115518925 6 2RH 04524112 521999999999999999 6441401844 8199999999999999
21522923122120117815614113814516118019720520419217114512110610311413616425 6 3RH 137232132120699999999999999 751137194310299999999999999
19221422622621619617214913412813314816718619920319618015813712211812614525 6 4RH 232228145220399999999999999 9 1128205111899999999999999
17019621722722621319116313811911211813515918320121020619217114813212613325 6 5RH 32522816142109999999999999910 3112215912699999999999999
151176203223232228210182149120100 9510412715818821222321920317915413612925 6 6RH 4112331716223999999999999991053 95225912999999999999999
136156184212232238228203168130 98 79 78 9512716620222823823121018215413525 6 7RH 45323818 6238999999999999991134 77235112999999999999999
129140164195225242242224190148106 74 60 67 9413618222124525123921217814925 6 8RH 5312451848252999999999999991210 60999999999999999999999
131129145175210238250242215172123 80 52 46 6410215220224026025923920617025 6 9RH 6 7251192726299999999999999 0361271246 4699999999999999
141127131154190226250255237200149 97 57 36 40 6911717322325727026123319525 610RH 64325620 427099999999999999 1161261321 3599999999999999
159133125137168207241258254226180124 73 38 27 42 8213819624226927325522125 611RH 718260204127499999999999999 1551251356 2799999999999999
182148128128148184224253262247211158101 53 27 26 5210116121625527326924425 612RH 753262211727499999999999999 2311251432 2399999999999999
206168139126134162201238260260236192135 81 40 23 33 6812318223226327226025 613RH 829263215427299999999999999 3 812615 9 2399999999999999
230191156134129144176215247261252221172116 67 35 28 46 8914520124326626625 614RH 9 6261223326999999999999999 3451281548 2799999999999999
248215178148132133154188225250256240204155103 61 38 39 6511016521524926325 615RH 946256231326499999999999999 4251301628 3599999999999999
258235202168142131137161195227246246227191144 98 64 48 56 8513118122425125 616RH1031249235625999999999999999 5 91311711 4899999999999999
259249224191160137129138162194223238236217183142102 75 64 7510514819322925 617RH1124239999999999999999999999 55912918 0 6499999999999999
250254241215183152131124133156186213228228213184149115 91 83 9412216120025 618RH 043255123023199999999999999 6561241855 8399999999999999
23124925023620917514312011212114317320222122621619416313311110211113516925 619RH 134252135122699999999999999 8 011220 010299999999999999
204233249249233204167131105 9410212515819221823122821018315413011912314325 620RH 230251151823299999999999999 9 5 94211311899999999999999
173207235252251232199157116 85 72 7910514318622124124423120517314613013125 621RH 32725316402459999999999999910 9 72222912899999999999999
147175210240256254232194146 98 63 48 56 8713318522925626325022318815613625 622RH 42325817512639999999999999911 8 47234113299999999999999
133148177214246263259233188133 79 40 25 37 7412918924027127926623519616025 623RH 51826418532799999999999999912 4 25999999999999999999999
137133148180221255271263232180119 61 21  8 24 6813219825228429127524019725 624RH 611271194829299999999999999 0441321257  899999999999999
158134131149186229264277265228171105 45  7 -2 21 7214121026329229627523625 625RH 7 2277203929899999999999999 1401291348 -399999999999999
190151130129153194239271281264221160 92 34  1 -2 27 8415622327129529326725 626RH 752281212529799999999999999 2311271436 -599999999999999
224178143125130159203248276279257210147 81 30  4  8 4410517523627629228225 627RH 83928122 729299999999999999 3171241521  299999999999999
251207164134123135168213253275272244195133 74 32 16 29 7113119524627628225 628RH 924276224528399999999999999 4 012316 4 1699999999999999
265230188151128124142178220253267258227179123 74 43 37 5810216021425327125 629RH10 7267232027299999999999999 4411231644 3699999999999999
267244209170140125128150185221246253240208164118 81 62 65 9113518522725325 630RH1050253235226199999999999999 5211231722 6099999999999999
260249223189156133124132156187217234236221193156121 95 86 9612416420423425 7 1RH1136237999999999999999999999 6 21241759 8699999999999999
24924823220517414712912413515718420722022020718415713111511212515118421425 7 2RH 025251123122299999999999999 648124184011199999999999999
23524223621819216414012512313315217519520720920118516514713613614816919425 7 3RH 1 2242134221099999999999999 741122192913499999999999999
21723123522620818315713412011712614316518520020720419417916415415316117725 7 4RH 147235151220799999999999999 843117203615299999999999999
19721622823022220317815012611010611413315718120221321520719317816516116625 7 5RH 243231164021699999999999999 95010622 016199999999999999
178196214227230221201173142114 97 9210212415418521122623022120518516916125 7 6RH 3462311746230999999999999991049 92231716099999999999999
163176196216231234224199166129 98 80 77 9212115919622624324423221018516525 7 7RH 4452351835245999999999999991139 76999999999999999999999
155159175199223240241226195154112 79 61 64 8712517121324425925523620717725 7 8RH 536242191725999999999999999 0151551223 6099999999999999
156147155178208235251248225186138 92 58 45 56 8813618923326227125923219725 7 9RH 621252195527199999999999999 1 114713 4 4599999999999999
165144141156186222250262252220172117 69 39 34 54 9815521125427727725722125 710RH 7 3262203128099999999999999 1411401343 3399999999999999
182150134138162200239265270251209153 95 49 25 30 6111517823427228627724725 711RH 74327121 628799999999999999 2191331421 2499999999999999
205164135126139172216255277273244194132 74 34 20 35 7713920425628528926925 712RH 822278214029199999999999999 2561261459 2099999999999999
231185146123122144185232268282269232175112 59 27 24 5010116722927329128425 713RH 9 1282221429299999999999999 3331201537 2299999999999999
255210164130115122152198244274279259216158 98 53 32 39 7413119625028228925 714RH 942281224729099999999999999 4111141616 3199999999999999
272235188145117109124161208250272271245200145 94 59 48 6310416222026328325 715RH1026275232128499999999999999 4511091655 4899999999999999
280255214168130107106127166211247263258232190141100 75 73 9413618823626725 716RH1115264235827799999999999999 5341041737 7199999999999999
27726523619415211810110412716520623625024522218714811710010312516320624225 717RH1213250999999999999999999999 622 991823 9999999999999999
263266250219180141111 9610012315719322223623521919316414112813215118021325 718RH 038267132523899999999999999 717 95191812899999999999999
240255254238209172135106 90 9211114217620622623222520818716715515416618725 719RH 128256145723299999999999999 823 89203215399999999999999
211233246247233206171133101 82 79 9412315919422223723822821019017416617025 720RH 231248163823999999999999999 938 78221016699999999999999
184204226242246235210174132 95 69 62 7410414518822524825624923020518116725 721RH 34824618 0256999999999999991053 62234216399999999999999
164175196222244253245219178130 85 53 42 55 8913819123626527526624120817825 722RH 5 325319 1275999999999999991158 42999999999999999999999
157152165192225253265256227179123 71 36 25 42 8414220325228228927424120125 723RH 6 7265194928999999999999999 0481521253 2599999999999999
165143140158193234266278266230175111 55 21 15 39 9015622127029529527123025 724RH 7 1278203029899999999999999 1381391342 1399999999999999
184147128131158202248280288270225163 96 42 13 15 4910818024328530229225825 725RH 74828921 730299999999999999 2221261426 1099999999999999
209162129117129165216263290290264212145 80 34 15 28 7213820826429529927725 726RH 831294213930099999999999999 3 111715 6 1599999999999999
234184140115112135179231273291283248192127 70 35 29 5410717423627829528525 727RH 91129222 729599999999999999 3371101542 2899999999999999
252205157122107115147195244276283266225169112 69 48 56 9114720925828428525 728RH 948284223228799999999999999 4101061615 4899999999999999
262223176135110106124163209249269267243201151106 78 72 9113318623626827825 729RH1024271225527899999999999999 4421051644 7199999999999999
266235193152121107112138177217245255246220182142111 9710312917121625126725 730RH11 1255231926899999999999999 5131061713 9699999999999999
26424220816913611410912214918421523423722620217214412612313616419923225225 731RH1144238234625799999999999999 548109174412299999999999999
25724522018715412911411513015518320621922121119417415714714916418721323425 8 1RH1238221999999999999999999999 628113182014799999999999999
24424222720317514912811812013315317419320520920619618517516917218219821425 8 2RH 01924514 020999999999999999 721117191316999999999999999
22723222821619617315013112011912714316218119720721020820119318618418819625 8 3RH 1 723216 521099999999999999 835118205218499999999999999
20621622222221319817615313111611011512915017419721422422521820719518618325 8 4RH 22722317372269999999999999910 4110225818399999999999999
186196208219224220205182153125104 94 9811514317520623024224223121219217725 8 5RH 4 52241828244999999999999991114 93999999999999999999999
170175189208226236232214184147111 84 73 8110614418722525126125523420717925 8 6RH 51623619 626199999999999999 0 517012 5 7399999999999999
161156166189218242253245219179132 89 61 54 7010615620824927327626022819125 8 7RH 6 7253193927899999999999999 0491561248 5399999999999999
160143144164198235262270255218166110 64 39 40 6811817823527529128425421125 8 8RH 651270201029299999999999999 1261411328 3699999999999999
168137126137170215258283284258209146 85 41 23 36 7814020926529730228023825 8 9RH 731287204130399999999999999 2 112614 5 2399999999999999
186141115113136182236279299290252193124 63 26 20 4510017224129031030126625 810RH 811299211131199999999999999 2351111442 1899999999999999
212156115 97106143199256296306286240173104 51 24 30 6913420827130631228825 811RH 851306214131399999999999999 311 971519 2399999999999999
241181127 94 86107155216271302303275222155 93 51 37 5510317224129031030125 812RH 932306221131099999999999999 347 851556 3799999999999999
265210150104 79 82114168229276297290257204144 93 65 63 9114420826329630025 813RH1015298224030299999999999999 424 771633 6099999999999999
279235179126 89 74 86124179233270282271239191143107 91 9913118023327228825 814RH11 1282231128999999999999999 5 4 741711 9199999999999999
281252207156112 84 77 9413218122525326225122418815413112413716620624326725 815RH1156262234627299999999999999 547 76175212499999999999999
272258228188145109 88 8410113417320823124023521819617416015816819021623925 816RH13 7240999999999999999999999 640 83184315799999999999999
252252239214181146116 96 9110212615618520922422822321219918818418719721125 817RH 030254145622899999999999999 749 9120 718399999999999999
225234236229212187157127104 92 9410913416419321723223723322220819618918925 818RH 14423717 323799999999999999 922 91223218899999999999999
196208221231232223202171137105 84 78 8811314918822224625725423821619317625 819RH 3402331815257999999999999991053 77999999999999999999999
170177194216236246241219183139 98 68 58 6910114619623926627626724220817625 820RH 51124619 027699999999999999 0 01701159 5899999999999999
155149161189223252266260232186132 82 49 41 5910115821626128628926823118825 821RH 612267193629199999999999999 0491491249 4099999999999999
151131132155195239273285272234178115 63 34 33 6211718324328430029025620825 822RH 7 028520 730099999999999999 1281291332 3099999999999999
160125112123159211260291296274225160 95 48 28 39 8114621627130130327823125 823RH 741298203430599999999999999 2 311214 9 2899999999999999
177130103101126175232279302296262205137 78 42 35 6111518524929230629125225 824RH 818304205930699999999999999 235 991443 3499999999999999
197143105 90101140197253292302284241179116 69 48 57 9615822527630129726725 825RH 852302212130299999999999999 3 5 901513 4799999999999999
217161115 88 87113162220268293291263214155104 72 67 9013920125729029627525 826RH 925295214229799999999999999 333 851541 6699999999999999
233179129 95 83 96133186238273284271236188139102 87 9713118323627528927725 827RH 95728422 228999999999999999 359 8316 7 8799999999999999
244197147107 87 8811315620524526726624621116913411311213317121825727727425 828RH1029269222327899999999999999 426 85163311099999999999999
251212166125 98 9010213317421424125224522319216214113314216720323826026525 829RH11 5252224526699999999999999 455 90165913399999999999999
25222318514711710110111914918321122823222420718516715715817019322024125025 830RH1149233231125099999999999999 529 99172815699999999999999
24622820116914112011111513115518019921121521020119018217818119120622123125 831RH1256215234423399999999999999 61311118 817899999999999999
23322621119016714613012212413414916618219520420820820520119719619920421025 9 1RH1527208999999999999999999999 722122194819699999999999999
21421621320519217615814112812212513414916718720421722422421820819919319125 9 2RH 056216172922599999999999999 913122225719199999999999999
19320020721321320619016914512310910611413316019021723724524122720818917525 9 3RH 3332141811245999999999999991049105235417199999999999999
171177192210225231225204174138107 86 82 9612516520724126126525122519416725 9 4RH 5 02311841265999999999999991144 82999999999999999999999
152152168195225248255243212168121 82 61 62 8713018423427028527724920916825 9 5RH 55325519 928599999999999999 0291501227 5899999999999999
138127137167209250275277255211154 97 56 40 52 9115021426729730027723318025 9 6RH 636279193730299999999999999 1 112713 5 3999999999999999
134108106131177232278300293258201133 73 36 29 5510918125029731530326220325 9 7RH 71630120 531699999999999999 1341041342 2899999999999999
143 99 81 93133195258303317299252184112 56 28 34 7414221928331832029023425 9 8RH 756317203332399999999999999 2 7 811420 2699999999999999
166106 69 63 89145217281319323294238166 97 51 36 5510718125530632430926425 9 9RH 83732521 232499999999999999 242 611457 3699999999999999
198128 74 49 56 96163237294321316280220151 93 61 59 8914822028131431528525 910RH 919323213131899999999999999 318 481534 5699999999999999
230161 97 55 42 61111180248294311298259203145103 84 9313018824929130629225 911RH10 331122 030699999999999999 355 421611 8499999999999999
253195131 79 50 48 7512819224728128927423919315112411713216921826128528525 912RH1050289223028899999999999999 434 45164911699999999999999
263221168116 77 58 63 9314019223325726225022419316615115116819823125726625 913RH114626323 326799999999999999 518 57173014999999999999999
259235199156117 89 76 8210614318021123023723221920218818018019120922723925 914RH13 4237234724399999999999999 611 76182617999999999999999
242235217191161132109 96 9711013316018520622022622521921020219719720220925 915RH1522227999999999999999999999 727 94202619799999999999999
21622122021319917815312911010110311613816519321723324123822721219718618225 916RH 125221171424199999999999999 91910023 318299999999999999
185195208219224218201174142113 93 87 9712215619422725025925223320718116225 917RH 35822418 4259999999999999991053 87235815699999999999999
156163183209232244241220185143104 77 70 8411716321024827127325622418615325 918RH 5192451837275999999999999991151 69999999999999999999999
133132150184223254268260231184132 87 61 59 8312818423727328727724620115525 919RH 61026819 528799999999999999 0341301235 5699999999999999
122108117150198245277286269228171113 70 50 59 9715421626629329326722116725 920RH 651286193129699999999999999 1 61081311 5099999999999999
121 94 91116163221269295294265213150 94 59 52 7512519125129030128424218525 921RH 727298195430199999999999999 136 891344 5099999999999999
130 90 75 88128187247289304290249189127 80 59 6710416523027930229426020625 922RH 8 1304201530299999999999999 2 4 751414 5899999999999999
145 96 69 69 98151215269299300274224164111 77 71 9414420726329529827322525 923RH 832303203630099999999999999 230 651443 7099999999999999
165109 71 60 76120180241283298286250197144103 86 9513118624328329528024025 924RH 9 3298205629599999999999999 255 601510 8699999999999999
185127 82 60 64 9514820825728428626422317413210810512717022226528628125125 925RH 933288211728899999999999999 320 58153610399999999999999
203148 99 69 62 8012117522726227526623819916013212213216120424627227525625 926RH10 4275213927799999999999999 346 6216 212299999999999999
218169121 86 70 7610314719523325425724221518315714314316019122625326325425 927RH103825822 126399999999999999 414 69162814199999999999999
228189146109 87 82 9612616520222723823522120017916516016618420923324524425 928RH1118239222524799999999999999 446 82165716099999999999999
229203169137112 9910011514117019521221921720919718618017918619821322522825 929RH1218219225522899999999999999 526 98173717999999999999999
22320918816414112411511512514316218019420420820820620119719419519820420825 930RH1430209235820999999999999999 629114192319499999999999999
2092072001881731561401271211231321461631821992132212232182091981891841842510 1RH1647223999999999999999999999 817121223318499999999999999
1881952022052011911731521311151081121271511802082302422422302101881701602510 2RH 3 120517292439999999999999910 8108232415999999999999999
161173191210223224212188156123 97 86 921151511922302562652552301961631392510 3RH 4372251759265999999999999991110 86235713199999999999999
131141167200232251251231195149105 75 65 791141642182602832812572151671272510 4RH 5312531826285999999999999991155 65999999999999999999999
104105129171221261281275244193135 84 54 52 771271912512903022862431851272510 5RH 616282185530299999999999999 0291011236 4999999999999999
 86 71 85127187248291306290246184118 67 43 51 901542252833133092752151452510 6RH 658306192431599999999999999 1 2 711316 4299999999999999
 85 50 46 76135209275315321295241170104 59 46 651171892603073213012501782510 7RH 741323195432199999999999999 136 431355 4699999999999999
103 48 23 33 79152232295327324289228158 98 64 62 921522242863173142792162510 8RH 824330202532099999999999999 213 221435 5999999999999999
139 68 23 10 34 92171249303325314274213150103 81 891271882522973122942482510 9RH 9 9325205631299999999999999 251 101515 8099999999999999
180106 46 14 14 47111188255297309294254201151117107122162217266293293265251010RH 956309212829799999999999999 331  9155510799999999999999
215151 88 42 21 30 68129195248278285269235195159139136154190232264276266251011RH104728522 227699999999999999 413 20163713599999999999999
236189135 86 53 41 54 90141191231253257246223196174162163179205231249252251012RH1146258224125299999999999999 459 41172616199999999999999
239212175135 99 75 67 77105142178208227234231220205191182181189202216225251013RH1310235233822799999999999999 556 67183718099999999999999
226218201176148121101 91 94110134161187208222228226217205193185183186193251014RH1515228999999999999999999999 715 90205518399999999999999
201207209203190170146123106100105121146174201223235237228211191174163161251015RH 143209164023899999999999999 9 3100224216099999999999999
169183200213217211192165135110 95 95111139174208235249248232205175150135251016RH 3572171725251999999999999991030 93233013399999999999999
135150176205228238231208173135103 85 87108144188227254263252224186148119251017RH 5 82381757263999999999999991126 83999999999999999999999
108116144182221249258246214170125 91 77 86117163212251272269244203155114251018RH 556258182427399999999999999 0 510812 8 7799999999999999
 89 87109150200244269272250208157110 81 75 95138192241273281263223170118251019RH 636274184828199999999999999 036 851243 7499999999999999
 81 66 78115170225267284276243193139 97 77 83116168224267286277243190131251020RH 711285191128699999999999999 1 4 661316 7699999999999999
 83 56 55 83135197251284290270227172122 90 83102146203254283285259211151251021RH 744291193328899999999999999 131 521347 8299999999999999
 94 55 42 58101163225271292285254205153112 92 98130181235274286271230173251022RH 815293195728799999999999999 157 421417 9199999999999999
112 63 39 42 73128193248282289271232183138109102121162213258281276246195251023RH 847290202028299999999999999 223 36144610299999999999999
135 80 45 36 55 99159218262281276250208164130115121149193238268274255215251024RH 918282204527599999999999999 250 36151411499999999999999
160104 62 41 46 77127185234263270257226188153132128143176216250265257228251025RH 950271211026599999999999999 318 40154312799999999999999
183131 86 57 50 66103153202237254253235206175152141146166197229249251234251026RH1025256213625299999999999999 349 49161314199999999999999
201158114 81 64 66 88126169206230239233216193173159155164183208228237231251027RH11 623922 623799999999999999 423 62164815599999999999999
211180143110 87 78 85107140173200217223219207192179170169176190206217220251028RH12 3223224522099999999999999 5 4 78174016999999999999999
212194169142117100 94100117142167189205213214208199189181176178184193200251029RH1334214999999999999999999999 6 2 94191617699999999999999
203200189172152132115106106116134156179199213220219211198183171165166173251030RH 0 1203152222199999999999999 728104212316599999999999999
183193199197187170148126109102106122146176204225236235221199173152140140251031RH 219199162323799999999999999 9 8102223013899999999999999
151171194211217210191162130104 90 931121441832202462562472221861491201072511 1RH 4 021717 2256999999999999991021 89231310699999999999999
112135170206234244236209169127 93 77 82108151201244269272251211160113 812511 2RH 5 32451736274999999999999991116 762351 7299999999999999
 72 88127178228262272258221170119 82 68 79115169226270289279243186123 712511 3RH 55427318102899999999999999912 4 67999999999999999999999
 42 43 73129195254289295272226167111 75 66 86132194253291298274223153 832511 4RH 642296184330099999999999999 029 381249 6699999999999999
 32 10 23 69140216277308308278224160107 76 741021562222763032962581941172511 5RH 729312191830499999999999999 1 8 101334 7199999999999999
 47  2 -9 16 75155234291317310273216155108 85 901251832452893022832351632511 6RH 817318195530299999999999999 149 -91419 8399999999999999
 86 22-13-14 22 891722462943123002612061521141001121512072592902912622082511 7RH 9 5312203229499999999999999 231-1815 3 9999999999999999
137 65 12-13 -4 381071842472862982832461981541251181351742222622802722382511 8RH 955298211128099999999999999 315-14154911899999999999999
184119 58 16  1 16 601231882402702772622301921591391371551882262532612492511 9RH1048277215426299999999999999 4 1  1163713599999999999999
216167112 64 33 24 41 81134186226249254242218190166152152167192218236239251110RH1146255224324099999999999999 451 24173115099999999999999
226199160118 81 57 51 66 98139179211230236229213192173161159167184202214251111RH1256236234821899999999999999 546 51184115899999999999999
218210191163132103 83 76 86108139171199218226224213195177162155157167181251112RH1418227999999999999999999999 654 76201715599999999999999
194202202193174150124104 94 97113137166193214225226215196173154141138145251113RH 130203153222799999999999999 817 94214613799999999999999
161179195204203190168142118104102114137167197220232231215190161135118115251114RH 323205162423399999999999999 938101224411499999999999999
125148175199215217205181151123106103116142176209232241233209175139109 92251115RH 44021817 22419999999999999910421022326 9199999999999999
 94113145182213231233216186151121103103121154193226246247229194151110 80251116RH 5342341734249999999999999991131101999999999999999999999
 70 80111154198232248244220184145115101107133172214244256246215170120 78251117RH 61724918 225699999999999999 0 1 70121210099999999999999
 55 54 77121173220251261248216174135108101116150195235258258235192138 87251118RH 655261183026199999999999999 032 51124910199999999999999
 50 37 49 87141197242266267244205161124104106131173218252264251214161104251119RH 730270185926499999999999999 1 1 37132410299999999999999
 57 30 30 57106167222260274264232189146116106118152197238262261234187128251120RH 8 4274192726499999999999999 131 26135810699999999999999
 73 34 20 34 74132193242269272252215171134113113135175219252263248211157251121RH 837274195726399999999999999 2 1 20143111099999999999999
 98 50 22 22 48 98159215254270262235195156127116126155197235256255229184251122RH 911270202625899999999999999 232 1915 311699999999999999
128 74 36 22 33 70125182229256262246215178145126124142175213242252239206251123RH 945262205725299999999999999 3 4 21153612399999999999999
158104 60 33 30 52 94148198234251248228197166141131136158191222240240220251124RH1021252213024399999999999999 338 28161113099999999999999
183136 90 55 40 45 73116165206232241234213185160143138148170198221231224251125RH11 224122 723199999999999999 414 39165113899999999999999
201165123 86 60 52 63 92133174207227231222203180160146144154173195212217251126RH1149232225421899999999999999 456 52174214499999999999999
209187155121 90 71 67 79106142177205221225217200180161148144151166185199251127RH1248225999999999999999999999 546 66185114499999999999999
205199182157128102 85 80 91114144176203220225218203181159142134137150168251128RH 0 1205135622599999999999999 649 80201213499999999999999
186197198188169143117 98 90 96115144176204224231224206179150126113114128251129RH 13619915 123199999999999999 8 4 90212511199999999999999
152177198208204188162133108 95 97114144179212234241231206169131 99 83 85251130RH 314209155524199999999999999 922 942223 8299999999999999
105138176208226227210181146115 97 96114146186224248252235200152103 66 492512 1RH 4322291642253999999999999991032 942313 4999999999999999
 56 86132183225249251232196154118 96 95115153199239262260234187128 72 322512 2RH 5352531726264999999999999991133 93999999999999999999999
 18 32 73133195244271271248206159118 96 97121164214255273263227169101 402512 3RH 63127418 927399999999999999 0 0 181228 9499999999999999
  1 -7 16 69140209262287285256210159118 97101130178230267278260215148 762512 4RH 724289185327899999999999999 046 -81321 9699999999999999
 15-20-22 11 731502232732952892562071561171001091421932432742782521991282512 5RH 816296193728099999999999999 133-25141110099999999999999
 55 -2-30-25 16 841632322772952842491991511171051181552062502752712391832512 6RH 9 7295202327799999999999999 221-3215 010599999999999999
112 43 -7-28-16 30 991742362752862712351881461181111291672142522682592232512 7RH 95628621 826899999999999999 3 8-29154711199999999999999
167100 39 -2-15  3 511171842362662722542191771411201181381752162462552422512 8RH1043273215525599999999999999 355-15163411699999999999999
206154 95 44 13  7 30 761351912332542542352021671381221241451782112332382512 9RH1130256224423899999999999999 442  6172312199999999999999
223190145 97 57 35 35 59101150195226240236217189159135124127146173199216251210RH1217241234021999999999999999 530 32181612399999999999999
218205179143105 76 61 65 87122162197219228222204179153133123125140162183251211RH13 5228999999999999999999999 619 60191812299999999999999
198201193174147119 97 87 91110138169196214219213196172148128117117128147251212RH 049201135821999999999999999 713 86202811599999999999999
167183191189177158136118108111125148174196211215208191166140118104103113251213RH 219191145321599999999999999 818108213710299999999999999
132155176189193187171152134123122133153177198213216207186157127102 87 86251214RH 353193154621699999999999999 9321212236 8599999999999999
 99122151178197205200184163142129126136156181204218219205179144109 82 68251215RH 5 620516342209999999999999910421262322 6699999999999999
 70 89120157189212220213193167143128126137160189213225221201167126 87 59251216RH 6 12201717226999999999999991141125999999999999999999999
 49 59 87127171207229234221195165138123123140168200224232221192149102 62251217RH 645234175623299999999999999 0 2 49122912199999999999999
 38 35 55 94143191227244242222190155129117123147181214235236216177127 77251218RH 723246183423899999999999999 038 34131011699999999999999
 39 22 29 60109164212244254243215178142119113127159196228243235205157102251219RH 759254191024399999999999999 113 21134711399999999999999
 52 20 12 31 74130187231255257237201162129111114137175213240246228188133251220RH 833259194524799999999999999 148 12142211099999999999999
 76 31  8 12 42 94155209246260252223184145118108120151192228247243215166251221RH 9 7260202024999999999999999 222  6145710899999999999999
108 54 17  5 20 61119179227254258240205165130111110131168208238248233196251222RH 940259205424899999999999999 257  4153110899999999999999
143 86 38 11 10 36 85145200239255250224186148120108116143182219241241218251223RH1014256213024499999999999999 332  716 610899999999999999
176122 69 30 14 24 58111168216245251237207169135113109123154192223237229251224RH104825222 923799999999999999 4 8 14164510899999999999999
201157106 61 33 26 44 84136188226245243223190154125109110128160194219227251225RH1124246225322799999999999999 446 26172710799999999999999
215186144100 64 44 45 68108157200230240233209177143117104108128158189210251226RH12 4240234921599999999999999 527 42181710399999999999999
215203177141104 76 62 67 91129171207229234223199166134109 97101120148177251227RH1249235999999999999999999999 614 621916 9699999999999999
197205198177148118 95 84 89110142178208226229217192159125 98 84 87104132251228RH 1 0205134223099999999999999 711 842022 8399999999999999
162187200200187165139117105107123149179206224227214188153116 85 67 66 83251229RH 229202144222799999999999999 8221042132 6499999999999999
112147180203211205187162138122118128149177205224228216188148105 67 44 41251230RH 4 3211154622999999999999999 9461182239 4099999999999999
 59 93137179211227226210184156134123128147175205227233219188142 91 47 20251231RH 52622916482339999999999999911121232340 1499999999999999
