 21 23 23 22 20 15 10  4 -2 -6 -8 -8 -5 -1  4  9 13 16 17 17 16 15 15 1625 1 1S2 155 231820 17999999999999991020 -92119 1599999999999999
 18 21 23 23 22 19 14  8  1 -5 -8-10 -9 -5 -1  4  9 12 15 15 14 12 12 1225 1 2S2 246 231842 159999999999999911 2-1022 0 1299999999999999
 14 17 20 22 22 20 16 11  5 -2 -7-10-10 -8 -4  0  5  9 12 13 12 10  9  925 1 3S2 335 2219 4 13999999999999991140-102245  999999999999999
 10 12 15 18 19 19 17 13  8  2 -4 -8-10 -9 -6 -2  2  7 10 11 11  9  7  625 1 4S2 426 191923 11999999999999991215-102336  599999999999999
  5  7  9 12 14 16 15 13 10  5  0 -5 -7 -8 -6 -3  1  5  8 10 10  9  6  425 1 5S2 522 161939 10999999999999991245 -8999999999999999999999
  2  2  3  5  8 10 12 12 10  7  3  0 -3 -4 -4 -2  1  5  8 10 11 10  8  525 1 6S2 629 121954 1199999999999999 039  21312 -499999999999999
  2  0  0  0  2  4  6  8  8  8  6  4  2  0  0  1  4  6  9 12 13 12 10  725 1 7S2 759  82013 1399999999999999 158  01331  099999999999999
  4  1 -1 -3 -3 -2  0  3  5  6  7  7  6  5  5  6  7  9 12 14 15 15 14 1225 1 8S210 2  72038 1599999999999999 331 -31332  599999999999999
  8  4  1 -2 -4 -5 -4 -2  1  3  6  8  9  9 10 11 12 13 15 16 18 19 18 1725 1 9S22114 19999999999999999999999 457 -5999999999999999999999
 14 10  5  1 -3 -5 -7 -6 -4  0  3  7 10 12 13 15 15 16 17 19 20 21 22 2125 110S222 2 22999999999999999999999 6 8 -7999999999999999999999
 19 16 12  7  2 -3 -6 -7 -7 -4  0  4  8 12 15 17 18 19 19 20 21 22 24 2425 111S223 3 24999999999999999999999 710 -7999999999999999999999
 24 22 18 14  8  3 -3 -6 -7 -7 -4  1  6 10 14 17 19 20 20 20 21 22 24 2525 112S29999999999999999999999999999 8 6 -7999999999999999999999
 26 26 24 20 15  9  3 -3 -6 -7 -6 -3  2  7 12 16 19 20 20 19 19 20 21 2425 113S2 0 9 261725 2099999999999999 859 -71941 1999999999999999
 26 27 26 24 21 15  9  2 -3 -6 -7 -5 -2  3  8 13 16 18 19 18 17 17 18 2025 114S2 114 271738 1999999999999999 950 -72039 1799999999999999
 22 25 26 25 23 19 14  7  1 -4 -7 -7 -5 -1  4  9 13 16 17 16 14 13 13 1525 115S2 216 261757 17999999999999991036 -72127 1399999999999999
 17 20 23 24 23 21 17 11  4 -2 -6 -8 -7 -4  0  5  9 12 14 14 12 10  9  925 116S2 312 241817 14999999999999991117 -82212  999999999999999
 11 14 17 19 20 20 17 13  7  1 -4 -7 -8 -6 -3  1  6  9 11 11 10  7  5  525 117S2 4 3 201836 11999999999999991151 -82256  599999999999999
  6  8 11 14 16 16 15 12  8  2 -3 -6 -8 -7 -5 -1  3  6  8  9  8  6  3  225 118S2 450 161855  9999999999999991219 -82341  199999999999999
  1  2  5  7 10 11 11 10  7  3 -1 -5 -7 -7 -6 -3  1  4  7  8  7  5  2  025 119S2 535 111911  8999999999999991239 -7999999999999999999999
 -1 -1  0  2  4  6  7  7  5  3  0 -3 -5 -6 -5 -3  0  3  6  7  7  5  3  025 120S2 622  71924  799999999999999 030 -21250 -699999999999999
 -2 -3 -3 -2 -1  1  3  3  3  2  0 -2 -3 -4 -3 -1  1  4  6  7  7  6  4  125 121S2 720  31937  799999999999999 128 -31251 -499999999999999
 -1 -3 -4 -4 -4 -2 -1  0  1  1  1  0 -1 -1  0  1  3  5  7  8  9  8  6  425 122S2 845  11952  999999999999999 242 -41239 -199999999999999
  1 -1 -3 -5 -5 -5 -4 -3 -1  0  1  1  1  2  3  4  5  7  9 10 10 10  9  725 123S22015 10999999999999999999999 410 -5999999999999999999999
  4  2 -1 -3 -5 -6 -6 -5 -3 -1  0  2  3  4  6  7  8  9 10 11 12 13 12 1025 124S22052 13999999999999999999999 527 -6999999999999999999999
  8  5  2 -1 -4 -6 -7 -7 -5 -3 -1  2  4  6  8  9 10 11 12 13 14 14 15 1425 125S22148 15999999999999999999999 626 -7999999999999999999999
 12 10  7  3 -1 -4 -7 -8 -8 -6 -3  0  4  6  9 11 12 12 13 13 14 15 16 1625 126S22255 16999999999999999999999 717 -8999999999999999999999
 16 14 11  7  3 -2 -6 -8 -9 -8 -6 -2  2  5  8 11 12 13 13 13 13 14 16 1725 127S29999999999999999999999999999 8 3 -9999999999999999999999
 18 17 15 12  7  2 -3 -8-10-11 -9 -6 -2  3  7 10 12 13 12 11 11 12 14 1625 128S2 0 2 1817 2 1399999999999999 847-111941 1199999999999999
 18 19 18 16 12  6  0 -6-10-12-12-10 -6 -1  3  7 10 11 11 10  9  9 10 1225 129S2 1 3 191715 1199999999999999 930-132029  999999999999999
 15 18 19 18 15 11  4 -2 -8-12-14-13-10 -5  0  4  8 10 10  8  6  5  6  825 130S2 2 1 191731 10999999999999991010-142114  599999999999999
 11 14 17 18 17 14  9  2 -5-10-14-14-13 -9 -3  2  6  8  9  7  5  2  1  225 131S2 257 181747  9999999999999991046-1522 0  199999999999999
  5  9 13 16 16 15 12  6  0 -7-11-14-13-10 -6  0  4  7  8  7  4  1 -1 -225 2 1S2 353 1618 2  8999999999999991119-142247 -299999999999999
 -1  3  7 11 13 14 13  9  4 -2 -7-10-11 -9 -6 -1  3  7  8  8  5  2 -2 -425 2 2S2 449 141816  8999999999999991147-112338 -599999999999999
 -5 -3  0  4  8 11 11 10  7  2 -2 -6 -7 -6 -4  0  4  8 10 10  8  4  0 -425 2 3S2 550 111830 10999999999999991210 -7999999999999999999999
 -6 -6 -5 -2  2  5  8  9  8  5  2  0 -2 -2  0  3  6 10 12 12 11  8  4 -125 2 4S2 7 0  91846 1299999999999999 036 -61225 -299999999999999
 -4 -6 -7 -6 -3  0  3  5  6  6  5  4  3  3  4  7  9 12 14 15 15 12  9  425 2 5S2 831  719 5 1599999999999999 145 -71226  399999999999999
  0 -3 -6 -7 -6 -5 -2  1  3  5  6  7  7  8  9 11 13 15 17 18 18 17 14 1025 2 6S21931 18999999999999999999999 310 -7999999999999999999999
  6  2 -2 -5 -6 -7 -6 -3  0  3  5  7  9 11 12 14 15 17 18 20 20 20 18 1625 2 7S220 9 20999999999999999999999 443 -7999999999999999999999
 12  8  4  0 -4 -6 -7 -6 -4 -1  2  6  9 12 14 16 17 18 19 20 21 21 21 2025 2 8S22116 21999999999999999999999 6 6 -7999999999999999999999
 17 14 10  6  1 -3 -6 -7 -7 -5 -1  3  7 11 14 16 17 18 18 19 19 20 21 2125 2 9S22249 21999999999999999999999 714 -7999999999999999999999
 21 19 16 12  7  2 -3 -6 -8 -7 -5 -1  4  8 12 14 16 16 16 16 16 17 19 2025 210S29999999999999999999999999999 811 -8999999999999999999999
 21 21 19 16 12  7  1 -4 -7 -9 -7 -4  0  4  9 12 14 14 13 13 12 13 14 1625 211S2 018 211645 1499999999999999 9 0 -920 1 1299999999999999
 19 20 20 19 15 11  5 -1 -6 -9 -9 -7 -4  1  5  9 11 12 11  9  8  8  9 1125 212S2 132 201652 1299999999999999 943 -92045  899999999999999
 14 17 18 18 17 13  8  2 -4 -8-10-10 -7 -3  1  5  8  9  9  7  4  3  3  525 213S2 234 1817 6  9999999999999991021-102125  399999999999999
  8 11 14 16 16 14 10  4 -2 -7-10-11 -9 -6 -2  3  6  7  7  5  2 -1 -2 -125 214S2 327 161722  7999999999999991052-1122 4 -299999999999999
  2  5  9 12 13 12 10  6  0 -5 -9-11-10 -8 -4  0  4  6  6  4  1 -2 -4 -525 215S2 414 131737  6999999999999991118-112243 -599999999999999
 -3  0  3  7  9 10  9  6  2 -3 -7 -9-10 -8 -5 -1  3  5  6  4  1 -2 -5 -725 216S2 457 101751  6999999999999991138-102321 -799999999999999
 -7 -5 -2  2  5  7  7  6  3 -1 -5 -7 -8 -7 -4 -1  3  5  6  5  3 -1 -5 -725 217S2 540  718 2  6999999999999991152 -8999999999999999999999
 -8 -7 -5 -2  1  3  5  5  3  1 -2 -5 -5 -5 -2  0  4  6  7  7  5  1 -2 -625 218S2 626  51811  799999999999999 0 1 -81159 -599999999999999
 -8 -8 -7 -5 -2  0  2  3  3  2  0 -2 -2 -2  0  3  5  7  9  8  7  4  1 -325 219S2 722  31821  999999999999999 044 -812 0 -299999999999999
 -6 -7 -7 -6 -5 -2  0  1  2  2  2  1  1  2  3  5  7  9 10 10  9  7  4  125 220S2 845  21833 1199999999999999 138 -71145  199999999999999
 -3 -5 -6 -6 -6 -5 -3 -1  0  2  2  3  4  4  6  8  9 11 12 12 12 10  7  425 221S21850 12999999999999999999999 254 -6999999999999999999999
  1 -2 -4 -5 -6 -6 -5 -4 -2  0  2  3  5  6  8  9 11 12 13 13 13 12 11  825 222S21920 13999999999999999999999 431 -6999999999999999999999
  5  2 -1 -3 -6 -7 -7 -7 -5 -3  0  2  5  7  9 10 11 12 13 13 13 14 13 1125 223S22036 14999999999999999999999 553 -7999999999999999999999
  9  6  3  0 -4 -7 -9 -9 -8 -6 -3  0  3  6  8 10 11 11 11 11 12 13 14 1325 224S22228 14999999999999999999999 654 -9999999999999999999999
 12 10  7  3 -1 -5 -9-11-11-10 -7 -3  0  4  7  9  9  9  9  8  9 10 12 1325 225S21615  92355 1499999999999999 744-111847  899999999999999
 14 13 11  7  3 -2 -7-11-13-13-11 -7 -3  1  4  7  8  7  6  5  5  6  8 1125 226S216 8  8999999999999999999999 828-131938  599999999999999
 13 14 14 11  7  2 -4 -9-13-15-14-11 -6 -2  2  5  6  6  4  2  0  1  2  625 227S2 1 8 141615  699999999999999 9 8-152023  099999999999999
  9 13 14 13 11  6  1 -6-11-14-15-13 -9 -4  0  4  5  5  3  0 -3 -4 -3  025 228S2 213 141626  699999999999999 946-1521 8 -499999999999999
  4  8 12 14 13 10  6 -1 -7-11-13-13-10 -5 -1  3  6  6  4  1 -4 -7 -8 -625 3 1S2 315 141640  6999999999999991020-132154 -899999999999999
 -3  2  7 11 13 12 10  5 -1 -6 -9-10 -9 -5  0  4  7  8  6  3 -2 -7-10-1025 3 2S2 416 131654  8999999999999991050-102241-1099999999999999
 -8 -4  1  6 10 12 11  9  4  0 -4 -6 -5 -3  1  6  9 10 10  7  2 -4 -8-1125 3 3S2 517 121710 10999999999999991115 -62332-1199999999999999
-11 -9 -4  1  6  9 11 11  8  5  2  0 -1  1  4  8 12 14 13 11  7  2 -4 -825 3 4S2 623 111728 14999999999999991134 -1999999999999999999999
-11-10 -8 -4  0  5  8 10 10  9  6  5  5  6  8 11 14 16 17 16 12  8  2 -325 3 5S2 736 101747 1799999999999999 027-111143  499999999999999
 -7 -9 -9 -7 -4  0  4  7  9  9  9  9  9 10 12 14 16 19 19 19 17 13  9  425 3 6S2 916  918 8 1999999999999999 131 -91129  999999999999999
 -1 -4 -7 -7 -6 -4 -1  2  5  8  9 11 11 13 14 16 18 20 20 21 19 17 14 1025 3 7S21832 21999999999999999999999 253 -7999999999999999999999
  5  1 -2 -4 -6 -6 -4 -2  1  5  7 10 12 14 15 17 18 19 20 20 20 19 17 1425 3 8S219 5 20999999999999999999999 428 -6999999999999999999999
 11  7  4  0 -3 -5 -6 -5 -3  1  4  7 10 13 15 16 17 17 18 18 18 18 18 1725 3 9S22041 18999999999999999999999 557 -6999999999999999999999
 15 12  9  5  1 -3 -5 -6 -6 -3  0  4  7 10 13 14 15 14 14 14 14 15 16 1625 310S216 6 1523 9 1699999999999999 7 6 -61859 1499999999999999
 16 15 12  9  5  0 -3 -6 -7 -6 -4  0  4  7 10 11 12 11 10  9  9 10 11 1325 311S21542 12999999999999999999999 8 1 -71938  999999999999999
 14 15 14 12  8  4 -1 -5 -8 -8 -7 -4  0  4  7  9  9  8  6  4  3  4  6  825 312S2 049 151543  999999999999999 844 -82011  399999999999999
 11 13 13 12 10  6  1 -4 -7 -9 -9 -6 -3  1  4  6  7  6  3  1 -1 -2  0  225 313S2 159 131551  799999999999999 921 -92043 -299999999999999
  6  9 11 11 10  8  3 -2 -6 -9 -9 -8 -5 -1  2  4  5  4  2 -2 -4 -6 -5 -325 314S2 254 1116 3  599999999999999 952 -92116 -699999999999999
  0  4  8  9 10  8  5  0 -4 -7 -9 -8 -6 -3  1  3  5  4  2 -2 -6 -8 -9 -825 315S2 342 101616  5999999999999991018 -92150 -999999999999999
 -4  0  4  7  8  8  6  3 -2 -5 -7 -8 -6 -3  0  3  5  5  3 -1 -5 -9-10-1025 316S2 427  91629  5999999999999991039 -82224-1199999999999999
 -8 -4  0  4  7  8  7  5  1 -2 -5 -6 -5 -2  1  4  6  6  5  2 -3 -7-10-1125 317S2 511  81641  6999999999999991057 -62258-1199999999999999
-10 -7 -3  1  4  7  7  6  4  1 -2 -3 -2  0  2  5  8  8  7  4  0 -4 -8-1025 318S2 555  71651  8999999999999991111 -32334-1099999999999999
-10 -9 -6 -2  2  5  7  7  6  4  2  1  1  2  5  7  9 10 10  7  4 -1 -5 -825 319S2 645  717 2 10999999999999991119  1999999999999999999999
 -9 -9 -7 -4  0  3  5  6  7  6  5  4  4  5  7  9 11 12 12 10  7  3 -1 -525 320S2 745  71712 1299999999999999 012 -91121  499999999999999
 -7 -8 -7 -5 -3  0  3  5  6  7  6  6  7  8  9 11 13 14 14 12 10  6  2 -125 321S21724 14999999999999999999999 057 -8999999999999999999999
 -4 -6 -7 -6 -5 -3  0  2  4  6  7  7  8  9 11 12 14 15 15 14 12  9  6  225 322S21739 15999999999999999999999 159 -7999999999999999999999
 -1 -4 -5 -6 -6 -5 -4 -2  1  3  5  7  8  9 11 12 13 14 14 14 13 11  9  625 323S218 4 14999999999999999999999 329 -6999999999999999999999
  2 -1 -3 -5 -7 -7 -7 -5 -3  0  2  5  7  8 10 11 11 12 12 12 12 12 10  925 324S21931 12999999999999999999999 5 2 -7999999999999999999999
  6  3  0 -3 -6 -8 -9 -9 -7 -4 -1  2  4  6  8  8  8  8  8  8  9 10 10 1025 325S22217 10999999999999999999999 612 -9999999999999999999999
  9  6  3  0 -4 -7-10-11-10 -8 -5 -1  2  4  6  6  6  4  3  3  4  6  8  925 326S21454  62358 1099999999999999 7 6-111848  399999999999999
 10  9  7  4  0 -5 -8-11-12-10 -7 -4  0  3  4  5  4  2  0 -2 -2  0  3  625 327S21449  5999999999999999999999 752-121930 -299999999999999
  9 10 10  8  5  0 -5 -9-11-11 -9 -5 -1  2  4  5  4  1 -2 -5 -7 -6 -3  125 328S2 119 101454  599999999999999 832-112012 -799999999999999
  5  9 11 11  9  6  1 -4 -7 -9 -8 -5 -1  3  5  6  6  3 -1 -6 -9-11 -9 -525 329S2 231 1115 6  699999999999999 9 9 -92057-1199999999999999
  0  5 10 12 12 11  7  2 -2 -5 -5 -3  0  4  7  9  9  6  2 -4 -9-12-13-1125 330S2 339 121523  999999999999999 943 -52143-1399999999999999
 -6  0  6 10 13 14 12  8  4  1 -1  0  2  6 10 12 13 11  7  2 -5-10-13-1325 331S2 445 141545 13999999999999991014 -12232-1499999999999999
-11 -6  1  7 11 14 15 13 10  7  5  5  6  9 13 16 17 16 13  8  2 -5-10-1225 4 1S2 549 1516 8 17999999999999991039  52323-1399999999999999
-12 -9 -4  2  7 12 14 15 14 12 10  9 10 12 15 18 20 20 18 14  9  2 -4 -825 4 2S2 656 151633 21999999999999991059  9999999999999999999999
-10-10 -7 -3  3  8 12 14 15 15 14 13 14 15 17 20 22 23 22 19 15  9  3 -225 4 3S2 8 9 151659 2399999999999999 018-1011 8 1399999999999999
 -6 -7 -7 -5 -1  3  7 11 14 15 15 15 16 17 19 21 22 23 23 22 19 15 10  525 4 4S21724 23999999999999999999999 121 -7999999999999999999999
  0 -3 -4 -5 -3  0  3  7 10 13 14 15 16 17 19 20 21 22 22 21 20 17 14 1025 4 5S21748 22999999999999999999999 236 -5999999999999999999999
  6  3  0 -2 -3 -2 -1  2  5  9 11 13 15 16 17 18 18 19 19 19 18 17 15 1325 4 6S218 6 19999999999999999999999 4 4 -3999999999999999999999
 10  7  4  1 -1 -3 -3 -1  1  4  7 10 12 14 15 15 15 14 14 14 14 14 14 1325 4 7S21459 15999999999999999999999 529 -3999999999999999999999
 12 10  7  4  1 -1 -3 -3 -2  1  3  6  9 11 12 12 11 10  9  8  8  9 10 1125 4 8S21426 122346 1199999999999999 638 -31910  899999999999999
 11 11  9  7  4  0 -2 -4 -4 -2  0  3  6  8  9  9  7  6  4  3  2  4  5  725 4 9S21422  9999999999999999999999 729 -41935  299999999999999
  9 10 10  8  6  2 -1 -3 -4 -4 -2  1  4  6  7  7  5  3  0 -2 -3 -2  0  325 410S2 119 101426  799999999999999 8 9 -420 1 -399999999999999
  6  8  9  9  7  4  1 -2 -4 -4 -3  0  2  5  6  6  4  2 -2 -5 -7 -7 -5 -225 411S2 223  91434  699999999999999 841 -42029 -799999999999999
  2  5  7  8  8  6  3  0 -2 -3 -3 -1  2  4  6  6  5  2 -2 -6 -9-10 -8 -625 412S2 314  81445  699999999999999 9 9 -32059-1099999999999999
 -2  2  6  8  9  8  6  2  0 -2 -2  0  2  5  7  7  7  4  0 -4 -8-10-10 -825 413S2 4 1  91457  799999999999999 933 -22130-1199999999999999
 -5  0  4  7  9 10  8  6  3  1  1  1  3  6  8  9  9  7  3 -1 -6 -9-11-1025 414S2 445 101512  999999999999999 955  122 3-1199999999999999
 -7 -2  2  6  9 11 11  9  7  5  4  4  5  8 10 12 12 10  7  2 -3 -7 -9-1025 415S2 531 111528 12999999999999991015  42237-1099999999999999
 -8 -4  0  5  8 11 12 12 10  8  7  7  8 10 12 14 14 13 10  6  1 -3 -7 -825 416S2 618 121545 14999999999999991033  72312 -899999999999999
 -8 -5 -2  3  7 10 12 13 13 11 10 10 11 12 14 16 17 16 14 10  5  0 -4 -625 417S2 7 9 1316 1 17999999999999991045 102351 -799999999999999
 -7 -6 -3  0  4  8 11 13 13 13 12 12 13 14 16 17 18 18 16 13  9  4  0 -425 418S2 811 131617 18999999999999991051 12999999999999999999999
 -6 -6 -5 -2  1  5  8 10 12 13 13 13 14 15 16 18 19 19 17 15 11  7  3 -125 419S21635 19999999999999999999999 035 -6999999999999999999999
 -4 -5 -5 -4 -2  1  4  7  9 11 12 12 13 14 15 17 17 18 17 16 13 10  6  225 420S21658 18999999999999999999999 130 -6999999999999999999999
 -2 -4 -5 -5 -5 -3  0  3  5  8 10 11 12 12 13 14 15 15 15 15 13 11  8  525 421S21737 15999999999999999999999 240 -5999999999999999999999
  2 -1 -4 -5 -6 -5 -4 -1  2  4  7  8  9 10 10 11 11 11 11 11 11 11 10  825 422S21944 11999999999999999999999 359 -6999999999999999999999
  5  2 -1 -3 -5 -6 -6 -4 -1  1  4  6  8  8  8  7  6  6  6  6  7  8  9  925 423S21315  82220  999999999999999 5 9 -61743  699999999999999
  8  6  3  0 -3 -5 -6 -5 -3  0  3  5  7  7  7  5  3  1  0  0  2  4  7  925 424S213 1  7999999999999999999999 6 7 -61829  099999999999999
  9  9  7  5  2 -1 -3 -4 -3 -1  2  5  7  8  8  6  3 -1 -4 -5 -4 -2  2  625 425S2 0 8  913 4  899999999999999 656 -41912 -599999999999999
  9 11 11 10  7  4  1  0 -1  1  3  7  9 11 10  8  5  0 -4 -8 -9 -7 -4  125 426S2 140 111319 1199999999999999 740 -11957 -999999999999999
  6 10 13 14 13 11  8  5  4  4  6  9 12 14 14 13  9  4 -1 -7-10-11 -9 -425 427S2 3 0 141342 1499999999999999 820  42043-1199999999999999
  2  8 12 16 17 16 14 11  9  8  9 12 15 17 19 18 15 11  5 -2 -8-11-11 -825 428S2 411 171411 1999999999999999 857  82132-1199999999999999
 -3  3 10 15 18 20 19 17 15 13 13 15 18 21 23 23 22 18 12  5 -2 -7-10-1025 429S2 516 201444 2399999999999999 931 132223-1099999999999999
 -6 -1  5 12 17 20 22 22 20 18 17 18 20 23 25 27 27 24 20 13  6 -1 -6 -825 430S2 617 221519 279999999999999910 1 172317 -899999999999999
 -7 -4  1  7 13 18 21 23 23 21 21 21 22 24 26 28 29 28 25 20 14  7  1 -325 5 1S2 718 231554 29999999999999991027 20999999999999999999999
 -5 -4 -1  3  9 14 19 22 23 23 22 22 22 24 26 28 29 29 27 24 20 14  8  325 5 2S2 821 231629 2999999999999999 013 -51048 2299999999999999
 -1 -2 -2  1  5 10 14 18 20 22 22 22 22 23 24 25 27 27 27 25 22 18 13  825 5 3S217 4 27999999999999999999999 113 -2999999999999999999999
  4  2  0  1  2  6  9 13 16 19 20 20 20 21 21 22 23 23 23 23 21 19 16 1225 5 4S21740 23999999999999999999999 219  0999999999999999999999
  8  5  3  2  2  3  6  9 12 15 16 17 18 18 18 18 18 18 18 18 18 17 16 1325 5 5S216 3 18999999999999999999999 329  2999999999999999999999
 11  8  6  4  3  2  3  5  8 11 13 14 15 15 14 14 13 12 12 12 12 13 13 1325 5 6S21228 152143 1399999999999999 439  218 3 1299999999999999
 11 10  8  6  4  3  3  4  5  8 10 12 13 13 12 10  9  7  6  6  7  8  9 1025 5 7S21233 13999999999999999999999 540  31841  699999999999999
 10 10  9  8  6  4  3  3  4  6  8 10 11 11 10  9  6  4  2  1  1  3  5  725 5 8S2 0 3 101240 1199999999999999 630  31910  199999999999999
  9 10 10  9  8  6  4  4  4  6  8  9 11 11 10  8  5  2 -1 -3 -3 -1  1  425 5 9S2 140 101248 1199999999999999 7 7  41938 -399999999999999
  7  9 10 10  9  8  6  5  5  6  8 10 11 12 11 10  6  3 -1 -4 -5 -4 -2  125 510S2 245 101258 1299999999999999 738  520 7 -599999999999999
  5  8 10 12 12 11  9  8  7  8  9 11 13 14 13 12  9  5  1 -3 -5 -6 -4 -125 511S2 337 121315 1499999999999999 8 6  72037 -699999999999999
  4  7 11 13 14 14 13 11 10 10 11 13 15 16 16 15 13  9  4 -1 -4 -5 -5 -225 512S2 423 141337 1699999999999999 835 1021 9 -599999999999999
  2  7 11 14 16 17 16 15 13 13 13 15 17 18 19 18 16 13  8  3 -1 -4 -4 -325 513S2 5 6 1714 2 1999999999999999 9 4 132144 -499999999999999
  1  5 10 14 17 19 19 18 17 16 16 17 19 20 22 22 20 17 13  8  3 -1 -3 -325 514S2 550 191428 2299999999999999 931 162221 -399999999999999
  0  3  8 12 16 19 21 21 20 19 18 19 20 22 24 24 23 21 17 12  7  2 -1 -225 515S2 635 211454 2499999999999999 956 1823 1 -299999999999999
 -1  1  5 10 14 18 20 22 21 21 20 20 21 23 24 25 25 23 20 16 11  5  1 -125 516S2 723 221521 26999999999999991016 202342 -299999999999999
 -2  0  3  7 11 15 18 20 21 21 20 20 21 23 24 25 26 25 22 18 14  9  4  025 517S2 814 211549 26999999999999991034 20999999999999999999999
 -2 -2  0  3  7 11 15 17 19 20 20 20 20 21 22 24 25 24 23 20 16 11  7  225 518S21622 25999999999999999999999 026 -2999999999999999999999
 -1 -2 -1  1  4  7 11 14 16 17 18 18 18 18 19 21 22 22 22 20 17 14  9  525 519S217 5 22999999999999999999999 113 -2999999999999999999999
  2 -1 -1 -1  1  4  7 10 13 15 16 16 16 15 16 16 17 18 18 18 17 15 12  825 520S21815 18999999999999999999999 2 3 -1999999999999999999999
  5  2  0  0  0  2  5  8 11 13 14 14 14 13 12 12 12 12 13 14 15 14 13 1125 521S21045 142019 1599999999999999 257  01536 1299999999999999
  9  6  4  2  2  3  4  7 10 12 14 14 14 12 11  9  7  7  7  9 10 12 13 1325 522S21054 142230 1399999999999999 352  217 7  799999999999999
 12 10  9  7  6  5  6  8 10 13 15 16 15 14 11  8  5  3  2  3  5  8 11 1325 523S211 8 16999999999999999999999 447  518 3  299999999999999
 15 15 14 12 11 10 10 11 13 15 17 19 19 17 15 11  6  2  0 -1  0  3  7 1225 524S2 030 151131 1999999999999999 539 101853 -199999999999999
 15 17 18 18 17 16 15 15 16 18 20 23 23 23 20 16 11  5  0 -3 -3 -1  3  825 525S2 220 1812 1 2399999999999999 628 151942 -399999999999999
 13 18 21 22 23 22 20 20 20 21 24 26 28 28 26 23 18 11  5  0 -3 -3 -1  425 526S2 342 231237 2899999999999999 715 202033 -399999999999999
 10 16 21 24 26 27 26 25 24 25 26 29 31 33 32 30 26 20 13  6  0 -2 -2  125 527S2 447 271318 3399999999999999 8 0 242125 -299999999999999
  6 12 18 24 27 29 30 29 28 28 28 30 33 35 36 35 32 28 21 14  7  2  0  025 528S2 542 3014 3 3699999999999999 843 282220 -199999999999999
  3  9 15 21 26 29 31 31 30 30 30 31 33 35 37 38 37 34 29 22 15  8  4  225 529S2 631 321450 3899999999999999 925 292315  299999999999999
  2  6 11 17 22 27 30 32 31 30 30 30 32 34 36 38 38 36 33 28 22 15  9  525 530S2 717 321537 389999999999999910 6 30999999999999999999999
  4  5  8 12 18 23 27 29 30 30 29 29 29 31 33 35 36 36 34 31 26 20 15 1025 531S2 759 301625 3699999999999999 010  41049 2999999999999999
  7  6  7  9 14 18 22 26 28 28 27 26 26 27 28 30 31 32 32 30 27 23 18 1425 6 1S2 839 281714 3299999999999999 1 3  61139 2699999999999999
 10  8  7  8 11 14 18 22 24 25 25 24 23 23 23 24 25 26 27 26 25 23 20 1625 6 2S2 915 251811 2799999999999999 154  71253 2399999999999999
 13 10  9  8 10 12 15 18 20 22 22 22 21 20 19 19 19 20 21 21 21 20 19 1725 6 3S2 946 221936 2199999999999999 241  815 2 1999999999999999
 14 12 11 10 10 11 13 16 18 20 20 20 19 18 16 15 14 14 14 15 16 17 17 1625 6 4S21011 202136 1799999999999999 325 101650 1499999999999999
 15 14 13 12 11 12 13 15 17 18 19 19 18 17 15 13 11 10  9 10 11 13 14 1525 6 5S21031 192358 1599999999999999 4 3 111752  999999999999999
 15 15 14 14 13 13 14 15 17 18 19 20 19 18 15 13 10  8  6  6  7  9 11 1325 6 6S21048 20999999999999999999999 436 131834  699999999999999
 15 16 16 16 16 15 16 16 18 19 21 21 21 19 17 14 11  7  5  4  5  7  9 1225 6 7S2 219 1611 8 2199999999999999 5 7 1519 8  499999999999999
 15 16 18 18 18 18 18 18 19 21 22 23 23 22 20 17 13  9  6  4  4  5  8 1125 6 8S21133 239999999999999999999991941  4999999999999999999999
 14 17 19 21 21 21 21 21 22 23 24 26 26 26 24 21 17 13  9  6  4  5  7 1025 6 9S212 3 269999999999999999999992016  4999999999999999999999
 14 18 21 23 24 25 24 24 24 25 26 28 29 29 28 25 22 17 13  8  6  5  6  925 610S2 450 251237 2999999999999999 721 242053  599999999999999
 13 17 21 24 26 27 27 27 26 27 28 29 31 32 31 29 26 22 17 12  8  6  6  825 611S2 524 281314 3299999999999999 8 7 262133  699999999999999
 11 16 20 24 27 29 30 29 28 28 29 30 32 33 34 33 30 26 22 16 11  7  6  625 612S2 559 301351 3499999999999999 847 282215  699999999999999
  9 13 17 22 26 29 30 30 30 29 29 30 32 33 35 35 33 30 26 20 14 10  7  625 613S2 635 301430 3599999999999999 922 292257  699999999999999
  7 10 14 19 23 27 29 30 30 29 29 29 30 32 34 35 34 32 28 24 18 12  8  525 614S2 711 3015 9 3599999999999999 956 292338  599999999999999
  5  7 10 15 19 23 27 28 29 28 27 27 28 30 32 33 34 33 30 26 21 15 10  625 615S2 744 291552 34999999999999991030 27999999999999999999999
  5  5  8 11 16 20 23 26 27 26 25 25 25 26 28 30 31 31 30 27 23 18 13  925 616S2 813 271639 3299999999999999 017  51112 2599999999999999
  6  5  6  9 13 17 21 23 25 25 24 23 22 22 24 25 27 28 28 27 24 21 16 1225 617S2 835 251736 2899999999999999 053  512 8 2299999999999999
  9  7  7  9 12 15 19 22 23 24 23 22 20 19 19 20 21 23 24 25 24 22 19 1625 618S2 850 241856 2599999999999999 128  71329 1999999999999999
 13 11 10 11 13 15 19 22 24 24 24 22 20 18 17 16 16 17 19 21 22 22 21 2025 619S2 9 4 242045 2299999999999999 2 1 101511 1699999999999999
 18 16 15 15 16 18 20 23 25 26 26 25 22 19 16 14 13 13 14 16 18 20 22 2225 620S2 922 272253 2299999999999999 232 141636 1299999999999999
 22 21 20 20 20 21 23 26 28 30 30 29 27 23 19 15 12 10 10 11 14 17 21 2325 621S2 948 30999999999999999999999 3 3 201742 1099999999999999
 25 25 26 25 25 26 27 29 31 33 34 34 32 29 25 20 15 11  9  8 10 13 18 2225 622S21023 359999999999999999999991839  8999999999999999999999
 26 28 30 31 31 31 31 33 34 36 38 39 38 36 32 27 21 15 11  8  8 10 14 1925 623S211 6 399999999999999999999991934  8999999999999999999999
 24 28 32 34 35 35 35 36 37 39 41 42 43 42 39 35 29 23 16 11  9  9 11 1625 624S21155 439999999999999999999992029  8999999999999999999999
 21 27 31 35 37 38 38 38 38 39 41 44 46 46 45 42 37 31 24 17 12 10 10 1325 625S21250 469999999999999999999992125 10999999999999999999999
 18 23 29 33 37 39 40 39 39 39 41 43 45 47 48 46 43 38 32 24 18 13 11 1125 626S2 550 401347 4899999999999999 8 6 392220 1199999999999999
 14 19 25 30 35 38 40 39 38 38 38 40 42 45 47 47 46 43 38 31 24 18 14 1225 627S2 620 401444 4799999999999999 9 4 382312 1299999999999999
 13 16 21 26 31 35 38 38 37 36 36 36 38 41 43 45 45 44 41 36 29 23 18 1425 628S2 648 381541 4599999999999999 957 36999999999999999999999
 13 14 18 22 27 31 35 36 36 34 33 32 33 35 38 40 42 42 40 37 32 27 21 1725 629S2 715 361636 4299999999999999 0 0 131049 3299999999999999
 14 14 16 19 23 28 31 33 33 32 30 29 29 30 31 34 36 37 37 36 33 29 24 2025 630S2 740 341730 3799999999999999 042 141145 2999999999999999
 17 15 16 18 21 25 28 30 31 31 29 27 26 25 26 27 29 31 32 32 31 28 25 2125 7 1S2 8 3 311829 3299999999999999 117 151250 2599999999999999
 19 17 17 18 20 23 26 29 30 30 28 26 24 23 22 23 24 25 26 27 27 26 25 2325 7 2S2 824 301940 2799999999999999 143 171410 2299999999999999
 21 19 19 19 21 23 26 28 29 29 28 26 24 22 20 20 19 20 21 23 24 24 24 2325 7 3S2 842 292114 2499999999999999 158 191540 1999999999999999
 22 21 21 21 22 24 26 28 30 30 29 28 26 23 21 19 17 17 18 19 20 22 23 2325 7 4S2 9 0 30999999999999999999999 154 211656 1799999999999999
 23 23 24 24 25 26 28 29 31 32 31 30 28 25 23 20 18 16 16 16 18 20 22 2325 7 5S2 922 329999999999999999999991753 16999999999999999999999
 25 26 26 27 28 28 30 31 32 33 34 33 31 29 26 23 19 17 15 15 16 18 21 2425 7 6S2 952 349999999999999999999991838 15999999999999999999999
 26 27 29 30 31 31 32 33 34 35 36 36 35 33 30 27 23 19 16 15 15 17 20 2325 7 7S21030 369999999999999999999991919 15999999999999999999999
 26 29 31 32 33 34 34 35 36 37 38 39 39 37 34 31 27 22 19 16 15 16 18 2225 7 8S21114 3999999999999999999999920 0 15999999999999999999999
 25 29 32 34 35 36 36 36 37 38 39 41 41 41 38 35 31 26 22 18 15 15 17 2025 7 9S212 0 419999999999999999999992043 15999999999999999999999
 24 28 31 34 36 37 37 37 37 38 39 41 42 43 42 39 36 31 25 20 16 15 15 1725 710S21249 439999999999999999999992125 14999999999999999999999
 21 25 29 33 36 38 38 37 37 37 38 40 42 43 44 42 39 35 29 23 18 15 13 1425 711S2 545 381337 4499999999999999 816 3722 8 1399999999999999
 17 21 26 30 34 36 37 37 36 36 36 38 40 42 44 43 41 38 33 27 21 16 13 1225 712S2 6 9 371426 4499999999999999 9 1 362248 1299999999999999
 14 17 22 27 31 34 36 36 35 34 33 34 36 39 41 43 42 40 36 30 24 18 14 1225 713S2 632 361515 4399999999999999 944 332324 1299999999999999
 12 15 19 24 28 32 34 35 34 32 31 31 32 34 37 40 41 40 37 33 28 22 17 1325 714S2 652 3516 6 41999999999999991029 312356 1299999999999999
 12 14 17 21 26 30 32 33 33 31 29 28 28 30 32 35 37 38 37 35 31 26 21 1725 715S2 7 9 3317 1 38999999999999991119 28999999999999999999999
 15 15 17 21 25 29 32 33 33 31 29 26 25 26 27 29 32 34 35 34 32 29 25 2125 716S2 722 3318 6 3599999999999999 024 151217 2599999999999999
 19 18 19 22 26 30 33 34 34 33 30 27 25 23 23 24 27 29 31 32 32 31 29 2625 717S2 734 351929 3399999999999999 048 181328 2399999999999999
 24 23 24 26 28 32 35 37 37 36 34 30 26 24 22 21 22 24 26 29 31 31 31 3025 718S2 749 372118 3299999999999999 1 6 231453 2199999999999999
 29 29 29 30 32 35 38 40 41 40 38 35 31 27 24 21 20 20 22 25 27 30 32 3325 719S2 813 41999999999999999999999 113 291618 2099999999999999
 33 34 34 35 37 38 41 43 44 45 44 41 37 33 28 24 21 19 19 21 24 27 31 3425 720S2 847 459999999999999999999991732 19999999999999999999999
 36 37 38 39 41 42 44 45 47 48 48 47 44 40 35 30 25 21 19 19 20 24 28 3225 721S2 933 499999999999999999999991837 18999999999999999999999
 36 39 41 43 44 44 45 47 48 50 51 51 50 47 43 37 31 26 21 19 19 21 25 2925 722S21032 529999999999999999999991936 19999999999999999999999
 34 38 41 44 45 46 46 47 48 50 52 53 53 52 49 44 39 32 26 22 19 19 21 2625 723S21138 539999999999999999999992032 19999999999999999999999
 31 35 40 43 45 46 46 46 47 48 50 52 54 54 53 50 45 39 33 26 22 19 20 2225 724S21244 549999999999999999999992125 19999999999999999999999
 27 32 37 41 44 45 45 44 44 44 46 48 51 53 54 52 49 45 38 32 26 21 19 2025 725S2 523 451349 5499999999999999 8 1 442214 1999999999999999
 23 28 33 37 41 43 43 42 41 41 41 43 46 49 51 52 51 48 43 36 30 24 21 2025 726S2 540 441451 5299999999999999 859 412258 2099999999999999
 21 24 29 34 38 40 41 41 39 37 37 38 40 43 46 48 49 47 44 39 33 27 23 2025 727S2 6 0 411549 4999999999999999 951 372336 2099999999999999
 20 22 26 30 35 38 39 39 37 35 33 33 34 36 40 42 44 45 43 40 35 30 25 2225 728S2 620 391643 45999999999999991042 33999999999999999999999
 21 22 24 28 32 36 38 38 36 34 31 30 30 31 33 36 39 40 40 39 36 32 28 2425 729S2 639 381735 4099999999999999 0 7 211132 2999999999999999
 23 23 24 28 31 34 37 37 36 34 31 28 27 27 28 31 33 35 36 36 35 33 29 2725 730S2 656 371830 3699999999999999 029 221226 2799999999999999
 25 25 26 28 31 34 36 37 37 35 32 29 27 26 26 27 29 31 32 33 33 32 31 2925 731S2 711 371935 3399999999999999 041 251327 2599999999999999
 27 27 28 30 32 35 37 38 38 37 34 31 28 26 25 25 26 27 29 30 31 32 31 3125 8 1S2 725 3821 3 3299999999999999 041 271442 2599999999999999
 30 30 31 32 34 36 38 40 40 39 37 34 31 28 26 25 24 25 26 28 29 31 32 3225 8 2S2 742 40999999999999999999999 026 3016 3 2499999999999999
 32 33 34 35 37 38 40 41 42 41 40 38 35 32 29 26 25 24 24 25 27 29 31 3325 8 3S2 8 6 429999999999999999999991715 24999999999999999999999
 34 35 36 38 39 40 41 43 43 44 43 41 39 36 32 29 26 24 23 24 25 28 30 3325 8 4S2 843 449999999999999999999991812 23999999999999999999999
 35 37 38 40 41 42 43 44 44 45 45 44 42 40 36 33 29 26 23 23 23 25 28 3225 8 5S2 936 4599999999999999999999919 1 23999999999999999999999
 35 37 39 41 42 42 43 44 45 46 46 47 46 43 40 36 32 28 24 22 22 23 26 2925 8 6S21038 479999999999999999999991946 21999999999999999999999
 33 36 39 41 42 43 43 43 43 45 46 47 48 46 44 40 36 31 26 22 20 20 22 2625 8 7S21140 489999999999999999999992029 20999999999999999999999
 30 34 37 40 42 42 42 41 41 42 44 46 48 48 47 44 39 34 28 23 20 18 19 2225 8 8S2 451 421238 4899999999999999 713 4121 9 1899999999999999
 26 31 35 38 40 41 40 39 39 39 41 43 46 48 48 46 43 38 32 26 21 18 17 1925 8 9S2 5 1 411334 4899999999999999 8 4 392148 1799999999999999
 22 27 32 35 38 40 39 38 36 36 37 39 42 45 47 47 45 41 36 30 23 19 17 1725 810S2 516 401429 4799999999999999 851 362224 1799999999999999
 20 24 29 33 36 38 38 37 34 33 32 34 37 40 44 45 45 43 39 34 27 22 19 1825 811S2 532 381525 4699999999999999 937 322256 1899999999999999
 19 22 27 32 35 38 38 37 34 31 29 30 31 35 39 42 44 43 41 37 32 27 22 2025 812S2 546 381623 44999999999999991025 292324 2099999999999999
 21 23 27 31 35 38 39 38 35 32 28 27 27 30 33 37 40 42 41 40 36 32 27 2525 813S2 558 391726 42999999999999991116 272346 2499999999999999
 24 26 29 33 37 40 41 40 38 34 30 27 25 26 28 31 35 38 40 40 38 36 33 3025 814S2 610 411838 40999999999999991214 25999999999999999999999
 29 30 32 36 39 42 44 44 42 38 34 30 27 25 25 27 30 33 36 38 39 38 37 3525 815S2 626 4420 9 3999999999999999 0 3 291321 2599999999999999
 35 35 37 39 42 45 47 48 47 44 40 35 30 27 25 25 26 29 32 34 37 39 39 3925 816S2 646 48999999999999999999999 0 9 351443 2599999999999999
 39 40 41 43 46 48 50 51 51 49 46 41 37 32 29 26 25 26 28 30 34 37 39 4125 817S2 714 519999999999999999999991610 25999999999999999999999
 42 43 45 46 48 50 52 53 54 53 51 48 43 39 34 30 27 25 25 27 30 33 37 4025 818S2 755 549999999999999999999991730 25999999999999999999999
 43 45 47 48 50 51 52 54 55 55 54 53 49 45 41 36 31 27 25 25 26 29 34 3825 819S2 858 559999999999999999999991838 24999999999999999999999
 41 45 47 49 50 50 51 52 53 54 55 55 54 51 47 42 36 31 27 24 24 26 30 3425 820S21021 559999999999999999999991937 24999999999999999999999
 38 42 45 48 49 49 49 49 50 51 53 55 55 54 51 47 42 36 30 26 24 24 26 3025 821S21143 559999999999999999999992028 23999999999999999999999
 35 39 43 45 47 46 46 45 45 47 49 51 53 54 53 50 46 41 34 29 25 23 24 2725 822S2 423 471256 5499999999999999 717 452114 2399999999999999
 31 35 39 42 44 44 43 41 41 41 43 45 49 51 52 51 48 44 38 32 27 24 23 2425 823S2 430 4414 2 5299999999999999 811 412155 2399999999999999
 27 32 36 39 42 42 41 38 37 36 37 39 42 46 48 49 48 45 41 35 30 25 23 2325 824S2 444 4215 1 4999999999999999 858 362230 2399999999999999
 25 29 33 37 39 40 39 37 34 32 32 33 36 40 43 45 46 45 42 37 32 28 25 2425 825S2 5 0 401555 4699999999999999 943 322259 2499999999999999
 25 28 32 35 38 39 39 37 33 30 29 29 30 34 37 40 42 43 42 39 34 30 27 2525 826S2 517 391647 43999999999999991027 282321 2599999999999999
 26 28 31 35 38 39 39 38 34 31 28 26 27 29 32 36 38 40 40 39 36 32 29 2825 827S2 532 391738 40999999999999991112 262335 2799999999999999
 27 29 32 35 38 40 40 39 36 32 29 26 26 26 29 31 34 37 38 38 37 34 32 3025 828S2 545 401833 38999999999999991158 262343 3099999999999999
 30 31 33 36 39 41 42 41 39 35 31 28 26 26 27 29 31 33 35 36 37 36 34 3325 829S2 558 421939 37999999999999991249 262342 3399999999999999
 33 34 36 38 40 42 43 43 41 38 35 31 28 27 27 27 29 31 33 34 36 36 36 3625 830S2 610 439999999999999999999991352 27999999999999999999999
 36 37 38 40 42 44 45 45 43 41 38 35 32 29 28 27 27 28 30 32 34 35 36 3725 831S2 626 459999999999999999999991513 27999999999999999999999
 38 39 40 42 43 45 46 46 45 44 41 38 35 32 30 28 27 27 28 29 31 34 36 3725 9 1S2 647 469999999999999999999991637 27999999999999999999999
 39 40 42 43 44 45 46 47 46 46 44 42 39 35 32 29 27 26 25 26 28 31 34 3625 9 2S2 723 479999999999999999999991744 25999999999999999999999
 38 40 42 43 44 45 45 46 46 46 46 44 42 39 35 31 28 25 24 23 25 27 30 3425 9 3S2 838 469999999999999999999991837 23999999999999999999999
 37 39 41 42 43 43 43 44 45 45 46 46 44 42 38 34 30 26 23 21 21 23 27 3025 9 4S21012 469999999999999999999991922 21999999999999999999999
 34 37 39 41 41 41 40 41 41 43 44 45 45 44 41 37 33 27 23 20 19 20 23 2725 9 5S2 355 411129 4699999999999999 622 4020 3 1999999999999999
 31 34 37 39 39 38 37 37 37 38 41 43 45 45 44 40 36 31 25 21 18 18 20 2325 9 6S2 349 391236 4599999999999999 712 372040 1899999999999999
 27 32 35 37 38 37 35 33 32 33 36 39 42 44 45 43 39 35 29 23 19 18 18 2125 9 7S2 355 381338 4599999999999999 756 322116 1899999999999999
 25 30 33 36 37 36 34 31 29 29 30 33 37 41 43 44 42 39 33 28 23 20 19 2125 9 8S2 4 4 371439 4499999999999999 841 282149 1999999999999999
 24 29 33 36 37 37 34 31 27 25 25 28 31 36 40 43 43 41 38 33 28 24 22 2225 9 9S2 415 371541 4399999999999999 927 252218 2299999999999999
 25 29 33 37 39 39 37 33 28 25 23 23 26 30 35 39 42 42 41 38 34 29 27 2625 910S2 429 391647 42999999999999991016 232244 2699999999999999
 28 31 35 39 42 42 41 37 32 27 23 22 23 25 30 34 38 41 42 41 38 35 32 3125 911S2 445 421758 429999999999999911 8 2223 4 3199999999999999
 32 35 38 42 45 46 45 42 37 32 27 23 22 23 25 29 34 38 40 41 41 39 38 3625 912S2 5 4 461917 419999999999999912 6 222316 3699999999999999
 37 39 41 45 48 49 49 47 43 38 33 28 24 23 24 26 29 33 36 39 41 41 41 4125 913S2 526 492059 41999999999999991314 2323 9 4199999999999999
 41 42 44 47 50 52 52 51 48 44 39 34 30 26 25 24 26 29 32 35 38 41 42 4325 914S2 552 529999999999999999999991435 24999999999999999999999
 44 45 47 49 51 52 53 53 52 49 45 41 36 32 28 26 25 26 28 31 34 38 41 4325 915S2 624 5499999999999999999999916 4 25999999999999999999999
 44 46 48 49 50 52 53 53 53 52 49 46 42 38 33 29 26 25 25 27 30 33 37 4025 916S2 711 539999999999999999999991726 25999999999999999999999
 43 45 47 48 49 49 50 50 51 51 50 49 46 43 38 34 30 26 24 24 26 29 33 3725 917S2 843 519999999999999999999991832 24999999999999999999999
 40 43 45 46 46 46 46 46 47 48 49 49 48 46 42 38 33 29 25 23 23 25 29 3325 918S21036 499999999999999999999991927 23999999999999999999999
 36 40 42 43 42 42 41 40 41 43 45 46 47 46 44 41 37 32 27 24 22 23 25 2925 919S2 316 4312 6 4799999999999999 651 402012 2299999999999999
 33 36 39 40 39 38 36 35 35 36 39 41 44 45 44 43 39 34 29 25 22 22 23 2625 920S2 316 401318 4599999999999999 734 352050 2299999999999999
 30 33 36 37 37 35 33 31 30 30 32 35 39 41 42 42 40 36 32 27 24 22 22 2425 921S2 324 371419 4299999999999999 813 302123 2299999999999999
 28 31 34 36 36 34 31 28 26 25 26 29 33 37 39 40 40 38 34 30 26 23 23 2425 922S2 336 361514 4099999999999999 851 252150 2399999999999999
 27 30 33 35 36 34 31 28 24 22 22 24 28 32 35 38 39 38 36 32 28 25 24 2525 923S2 349 3616 6 3999999999999999 929 222213 2499999999999999
 27 30 33 35 36 35 33 29 25 22 20 21 24 27 31 35 37 37 36 34 31 28 26 2625 924S2 4 3 361657 379999999999999910 8 202231 2699999999999999
 28 31 34 36 37 37 35 32 27 23 21 20 21 24 28 32 34 36 37 36 33 31 29 2925 925S2 417 381749 37999999999999991047 202245 2999999999999999
 30 32 35 37 39 39 38 35 31 26 23 21 21 22 25 29 32 34 36 36 35 34 32 3225 926S2 431 391846 36999999999999991129 212254 3299999999999999
 32 34 36 39 41 41 40 38 34 30 26 23 22 22 24 26 29 32 34 35 36 35 35 3425 927S2 446 411956 36999999999999991215 222256 3499999999999999
 35 36 38 40 42 43 42 40 37 33 29 26 23 23 23 24 27 29 31 33 35 36 36 3625 928S2 5 1 439999999999999999999991310 23999999999999999999999
 37 38 39 41 43 43 43 42 39 36 32 29 26 24 23 23 24 26 28 30 32 34 35 3625 929S2 516 439999999999999999999991424 23999999999999999999999
 37 38 40 41 42 43 43 42 40 38 35 31 28 25 23 22 22 23 24 26 29 31 33 3525 930S2 533 439999999999999999999991549 22999999999999999999999
 37 38 39 40 41 42 42 42 41 39 37 34 31 27 24 22 21 20 20 22 25 28 30 332510 1S2 6 3 4299999999999999999999917 2 20999999999999999999999
 35 36 37 38 38 39 39 39 39 39 38 36 33 30 26 23 20 18 18 18 20 23 27 302510 2S2 743 399999999999999999999991759 18999999999999999999999
 32 34 35 35 35 35 35 35 36 37 37 37 35 32 29 25 21 18 16 16 17 20 23 262510 3S2 957 379999999999999999999991844 16999999999999999999999
 29 31 32 32 32 31 30 30 31 33 35 36 36 34 32 28 24 20 16 15 15 17 20 242510 4S2 233 331127 3699999999999999 621 301924 1499999999999999
 27 30 31 31 29 27 25 25 25 28 31 34 36 36 34 32 28 23 19 16 15 16 19 222510 5S2 226 311240 3699999999999999 7 1 2520 0 1599999999999999
 26 29 30 30 29 26 23 21 20 22 25 29 33 35 36 35 32 28 23 19 17 17 19 222510 6S2 227 301350 3699999999999999 743 202034 1799999999999999
 26 30 31 32 30 27 23 19 17 17 19 23 28 33 36 37 36 33 29 25 22 20 21 242510 7S2 236 321458 3799999999999999 827 1621 6 2099999999999999
 27 31 34 34 33 30 25 20 16 14 15 18 23 28 33 36 37 37 34 31 27 25 25 272510 8S2 252 3516 9 3799999999999999 915 142136 2599999999999999
 30 33 37 38 38 35 31 25 19 15 13 14 18 23 29 33 37 38 38 36 33 31 30 302510 9S2 314 381719 389999999999999910 5 1322 2 3099999999999999
 33 36 40 42 42 41 37 31 25 19 15 14 15 19 24 29 34 37 39 39 37 35 34 34251010S2 340 421832 39999999999999991059 142224 3499999999999999
 36 39 42 45 46 45 43 38 32 25 20 16 15 17 20 24 29 34 37 39 39 39 38 38251011S2 4 9 461950 39999999999999991158 152237 3899999999999999
 39 41 43 46 48 48 47 43 39 33 27 22 18 17 18 21 25 29 33 36 38 39 39 40251012S2 440 4899999999999999999999913 6 17999999999999999999999
 40 42 44 46 48 49 48 46 43 39 33 28 24 21 19 19 21 24 28 32 35 37 39 40251013S2 513 499999999999999999999991424 19999999999999999999999
 40 42 43 44 46 47 47 46 45 42 38 33 29 25 22 20 20 21 23 26 30 33 36 38251014S2 550 479999999999999999999991547 20999999999999999999999
 39 40 41 42 42 43 43 43 43 42 40 37 33 29 26 22 20 19 20 22 25 28 32 34251015S2 649 4499999999999999999999917 5 19999999999999999999999
 36 37 38 38 38 38 38 38 39 39 39 38 36 33 29 25 22 19 18 19 21 24 27 30251016S2 9 4 399999999999999999999991810 18999999999999999999999
 33 34 34 34 33 32 32 32 33 34 35 36 35 34 31 28 24 21 18 18 18 21 24 27251017S2 159 3411 6 3699999999999999 617 3219 1 1899999999999999
 29 31 31 31 29 27 26 25 26 28 30 32 33 33 32 30 26 23 20 18 17 19 21 24251018S2 154 311235 3399999999999999 656 251941 1799999999999999
 27 29 29 28 26 24 21 20 20 21 24 27 30 31 31 30 28 25 21 19 18 18 20 23251019S2 158 291345 3199999999999999 730 202014 1899999999999999
 25 27 28 27 25 22 19 16 15 16 19 22 26 28 30 30 29 27 23 21 19 19 20 22251020S2 2 5 281443 3099999999999999 8 3 152040 1999999999999999
 25 27 28 28 26 23 19 15 13 13 14 18 22 25 28 30 30 28 26 23 21 20 21 23251021S2 214 281536 3099999999999999 836 1221 3 2099999999999999
 25 28 29 29 28 25 20 16 13 11 12 14 18 23 26 29 30 30 28 26 24 22 23 24251022S2 228 291626 3099999999999999 910 112124 2299999999999999
 26 29 31 31 30 27 23 19 14 12 11 13 16 20 24 27 30 31 30 29 27 25 25 26251023S2 245 311715 3199999999999999 946 112145 2599999999999999
 28 30 32 33 32 30 27 22 18 14 12 12 14 18 22 26 29 31 31 31 29 28 27 28251024S2 3 6 3318 6 31999999999999991024 1222 4 2799999999999999
 29 31 33 35 35 33 30 26 21 17 14 13 14 16 19 23 27 29 31 32 31 30 29 29251025S2 327 3519 2 329999999999999911 5 132220 2999999999999999
 31 32 34 36 36 35 33 29 25 20 16 14 14 15 17 20 24 27 29 31 31 31 31 31251026S2 347 3620 6 31999999999999991149 142228 3199999999999999
 31 33 35 36 37 36 34 31 28 23 19 16 14 14 15 17 20 23 26 28 30 30 31 31251027S2 4 7 379999999999999999999991239 14999999999999999999999
 31 33 34 35 36 36 35 32 29 25 21 17 15 13 13 14 16 19 22 24 26 28 29 30251028S2 427 369999999999999999999991339 13999999999999999999999
 30 31 32 33 34 34 34 32 30 27 23 19 16 14 12 12 13 14 17 20 22 25 26 27251029S2 452 349999999999999999999991449 12999999999999999999999
 28 29 29 30 31 31 31 31 29 27 24 21 18 15 12 11 11 11 13 15 18 21 23 24251030S2 533 319999999999999999999991558 11999999999999999999999
 25 26 26 26 26 27 27 27 27 27 25 23 20 17 14 12 10  9 10 12 15 17 20 22251031S2 733 279999999999999999999991657  9999999999999999999999
 23 23 23 22 22 21 21 22 23 24 25 24 22 20 17 14 11 10  9 10 12 15 18 202511 1S2 058 23 952 2599999999999999 513 211746  999999999999999
 22 22 21 19 18 16 16 16 18 20 22 24 24 23 20 18 14 12 11 11 12 15 18 202511 2S2 039 221131 2499999999999999 6 1 161828 1099999999999999
 22 22 21 19 16 13 11 11 12 15 18 22 24 25 24 22 19 16 14 13 14 16 19 222511 3S2 038 221257 2599999999999999 643 1119 7 1399999999999999
 24 24 23 21 17 13  9  7  7  9 13 18 22 25 27 26 25 22 19 17 17 18 21 242511 4S2 050 241417 2799999999999999 727  71943 1799999999999999
 27 28 27 25 21 16 10  6  4  5  8 13 19 24 27 29 29 27 25 23 21 22 24 262511 5S2 113 281533 2999999999999999 814  42018 2199999999999999
 30 32 32 31 27 22 15  9  5  3  5  8 14 20 25 29 31 32 30 28 26 26 27 292511 6S2 142 321644 3299999999999999 9 4  32052 2699999999999999
 32 35 37 36 33 29 23 16  9  5  4  6 10 15 21 27 31 33 33 32 31 30 30 312511 7S2 216 371749 3399999999999999 957  42124 2999999999999999
 34 37 39 40 39 35 30 23 16 10  7  6  7 11 17 22 27 31 34 34 34 32 32 332511 8S2 254 401852 34999999999999991053  52154 3299999999999999
 35 37 40 42 42 40 36 31 24 17 12  8  7  9 12 17 23 27 31 33 34 33 33 332511 9S2 334 421955 34999999999999991153  72221 3399999999999999
 34 36 39 41 42 42 39 36 30 24 18 13 10  9 10 13 18 22 26 30 32 33 32 32251110S2 415 429999999999999999999991256  9999999999999999999999
 33 34 36 37 39 40 39 37 33 29 23 18 14 11 10 11 14 17 21 25 28 30 30 30251111S2 459 4099999999999999999999914 4 10999999999999999999999
 30 31 32 33 34 35 35 35 33 30 27 22 18 15 12 11 12 14 16 20 23 25 27 27251112S2 549 359999999999999999999991513 11999999999999999999999
 27 27 27 28 28 29 29 30 29 29 27 24 21 18 15 13 12 12 13 16 18 21 23 24251113S2 712 302349 24999999999999991621 11999999999999999999999
 24 24 23 23 22 22 22 23 24 24 24 23 22 20 17 15 13 12 12 13 15 18 20 21251114S2 926 24999999999999999999999 451 221722 1199999999999999
 22 21 20 19 17 16 16 16 17 19 20 21 21 20 18 16 14 13 12 12 14 16 18 19251115S2 0 1 221127 2199999999999999 558 161811 1299999999999999
 20 20 18 16 14 12 10 10 11 13 15 17 19 19 19 18 16 14 13 13 13 15 17 19251116S2 012 2013 7 1999999999999999 640 101850 1399999999999999
 20 19 18 16 13  9  7  6  6  8 11 14 17 18 19 19 18 16 15 14 14 15 17 19251117S2 021 201421 1999999999999999 714  61919 1499999999999999
 20 20 19 17 13  9  6  4  3  5  7 11 14 17 19 20 20 18 17 16 16 16 18 20251118S2 032 201518 2099999999999999 747  31944 1699999999999999
 22 22 21 19 16 12  7  4  2  3  5  8 12 16 19 21 21 21 20 18 18 18 19 21251119S2 050 2216 6 2199999999999999 820  22010 1899999999999999
 23 24 24 22 19 15 10  6  3  2  4  7 11 15 18 21 23 23 22 21 20 20 21 22251120S2 114 241650 2399999999999999 854  22038 2099999999999999
 24 26 26 25 23 19 14  9  5  3  3  5  9 13 17 20 23 24 24 23 22 22 22 23251121S2 143 261734 2599999999999999 931  321 7 2299999999999999
 25 27 28 28 26 22 18 13  8  5  4  4  7 11 15 19 22 24 25 25 24 23 23 24251122S2 213 281817 26999999999999991010  42136 2399999999999999
 25 27 29 29 28 25 22 17 12  7  5  4  5  8 12 16 20 23 25 25 25 24 24 24251123S2 243 2919 3 25999999999999991052  422 1 2499999999999999
 25 27 29 30 29 27 24 20 15 10  6  4  4  5  8 12 16 19 22 24 24 24 23 23251124S2 312 301951 24999999999999991135  32224 2399999999999999
 24 26 27 28 29 28 25 21 17 12  7  4  3  3  5  8 11 15 18 21 22 22 22 21251125S2 342 299999999999999999999991219  3999999999999999999999
 22 23 25 26 27 26 25 22 18 13  9  5  2  2  2  4  7 10 14 16 18 19 19 19251126S2 415 2799999999999999999999913 4  2999999999999999999999
 19 20 21 22 23 24 23 21 18 15 10  6  3  1  1  2  4  7 10 13 15 16 17 16251127S2 456 249999999999999999999991350  1999999999999999999999
 16 16 17 17 18 19 19 19 18 15 12  8  5  3  1  1  2  4  7 10 12 14 14 14251128S2 558 192218 15999999999999991437  1999999999999999999999
 14 13 13 13 13 14 14 15 15 15 13 11  8  5  4  3  3  4  6  8 11 13 14 14251129S2 746 152226 1499999999999999 238 131526  299999999999999
 13 11 10  9  8  8  9 10 12 13 13 13 11  9  7  6  5  5  7  9 11 13 15 15251130S2 952 132239 1599999999999999 430  81615  599999999999999
 14 12 10  7  5  3  3  4  7 10 12 14 14 13 12 11  9  9  9 11 13 15 17 182512 1S21148 1423 1 1899999999999999 533  317 4  999999999999999
 17 15 12  8  4  1 -1  0  2  5  9 13 15 16 16 16 15 14 13 14 16 18 20 222512 2S21341 172332 2299999999999999 625 -11752 1399999999999999
 22 20 17 13  8  3 -1 -3 -3  0  5 10 14 18 20 20 20 19 18 18 19 21 23 252512 3S21511 20999999999999999999999 715 -31839 1899999999999999
 27 26 23 19 14  8  2 -2 -4 -3  0  6 11 16 20 23 24 24 23 22 22 23 25 282512 4S2 010 271619 2499999999999999 8 7 -41926 2299999999999999
 30 31 30 26 21 15  8  2 -2 -4 -2  1  7 13 18 23 25 27 26 25 25 25 26 292512 5S2 053 311714 2799999999999999 9 0 -42012 2599999999999999
 32 34 34 32 29 23 16  9  2 -2 -3 -1  3  9 15 20 24 27 28 27 26 26 26 282512 6S2 141 3418 3 2899999999999999 956 -32057 2699999999999999
 31 34 36 36 34 30 24 17  9  3 -1 -2  0  4 10 15 21 25 27 28 27 26 25 262512 7S2 231 361847 28999999999999991052 -22142 2599999999999999
 28 31 34 35 35 33 29 23 16  9  4  0  0  1  5 10 16 20 24 26 26 25 24 242512 8S2 323 361927 26999999999999991148  02228 2499999999999999
 25 27 30 32 33 33 31 27 21 15  9  4  1  1  3  6 11 15 19 22 23 23 21 212512 9S2 415 3320 5 23999999999999991242  12318 2199999999999999
 21 22 24 26 28 29 28 26 23 18 13  8  4  2  2  4  7 11 15 18 19 20 19 18251210S2 5 9 292040 20999999999999991333  2999999999999999999999
 17 17 18 19 21 23 23 23 21 18 15 10  7  4  3  3  5  8 11 14 16 17 16 15251211S2 6 9 232110 1799999999999999 022 171421  399999999999999
 14 13 13 13 14 15 16 17 17 16 14 11  9  6  5  4  5  6  9 11 13 14 14 13251212S2 728 172136 1499999999999999 159 1315 5  499999999999999
 12 10  9  8  8  8  9 11 12 12 12 11 10  8  7  6  6  6  8 10 11 13 13 13251213S2 916 122157 1399999999999999 356  81545  699999999999999
 11  9  7  6  4  3  4  5  6  7  9  9  9  9  8  8  8  8  8 10 11 13 13 13251214S21135  92216 1399999999999999 519  31617  899999999999999
 12 10  8  5  2  0  0  0  1  3  6  7  9  9 10 10 10 10 10 11 12 13 14 14251215S22239 14999999999999999999999 613  0999999999999999999999
 13 12  9  6  3  0 -2 -3 -2  0  3  6  8 10 11 12 12 12 12 12 13 14 16 16251216S223 8 16999999999999999999999 655 -3999999999999999999999
 16 14 12  9  5  1 -2 -3 -3 -2  1  4  7 10 12 14 14 14 14 14 14 16 17 18251217S22344 18999999999999999999999 732 -4999999999999999999999
 18 17 15 12  9  4  0 -3 -4 -3 -1  3  6 10 13 15 16 16 16 16 16 17 18 19251218S21644 16999999999999999999999 8 8 -41913 1699999999999999
 20 20 19 16 13  8  3 -1 -3 -3 -2  1  5  9 12 15 17 18 18 17 17 17 18 20251219S2 023 201710 1899999999999999 846 -320 1 1799999999999999
 21 22 21 19 16 12  7  2 -1 -3 -3 -1  2  7 11 14 17 19 19 18 18 17 18 19251220S2 1 4 221739 1999999999999999 926 -32043 1799999999999999
 21 23 23 22 19 16 11  5  1 -3 -4 -3 -1  3  8 12 16 18 19 19 18 17 17 18251221S2 145 231811 199999999999999910 7 -42119 1799999999999999
 20 22 23 23 21 18 14  8  3 -2 -4 -5 -4  0  4  8 13 16 18 18 17 16 16 16251222S2 225 231844 18999999999999991047 -52152 1699999999999999
 18 20 22 23 22 19 16 11  5  0 -4 -6 -6 -4  0  4  9 12 15 16 16 14 14 14251223S2 3 4 231915 16999999999999991126 -72225 1399999999999999
 15 17 19 20 21 19 17 12  7  1 -4 -7 -8 -7 -4  0  4  8 11 13 13 12 11 11251224S2 345 211942 139999999999999912 1 -823 2 1199999999999999
 11 13 14 17 18 18 16 13  9  3 -2 -6 -8 -8 -6 -3  1  5  8 10 11 10  9  8251225S2 428 1820 2 11999999999999991233 -82347  799999999999999
  7  8 10 12 13 14 14 12  9  5  1 -3 -6 -7 -6 -4 -1  3  6  8  9  9  8  6251226S2 518 152016  99999999999999913 2 -7999999999999999999999
  5  4  5  6  8 10 11 11  9  7  3  0 -3 -4 -4 -3 -1  3  6  8  9  9  8  6251227S2 624 112027  999999999999999 049  41328 -599999999999999
  4  2  1  2  3  4  6  7  8  7  6  3  1  0 -1  0  2  4  7  9 11 11 10  8251228S2 758  82042 1199999999999999 215  11351 -199999999999999
  5  2  0 -1 -2 -1  1  3  5  6  7  6  5  4  4  4  5  7  9 12 13 14 14 12251229S210 1  721 8 1499999999999999 351 -21410  499999999999999
  9  5  2 -1 -4 -4 -4 -2  1  4  6  8  9  9  9  9 10 11 13 15 17 18 18 17251230S22145 18999999999999999999999 5 9 -4999999999999999999999
 15 11  6  2 -2 -5 -6 -6 -4  0  4  8 10 12 14 14 15 15 16 18 20 21 23 22251231S22229 23999999999999999999999 612 -6999999999999999999999
