 28 30 30 29 25 20 14  8  2 -1 -3 -3  0  5 11 15 19 21 21 20 20 20 21 2225 1 1S6 143 301748 21999999999999991017 -32030 2099999999999999
 24 27 29 29 27 23 18 11  5  0 -4 -5 -4  0  5 11 15 18 19 19 18 17 17 1825 1 2S6 235 291815 199999999999999911 1 -52115 1799999999999999
 20 23 26 28 27 25 21 15  8  2 -2 -5 -5 -3  1  6 11 15 16 17 16 15 14 1425 1 3S6 325 281844 17999999999999991143 -52211 1499999999999999
 15 17 21 24 25 25 22 18 12  6  1 -3 -5 -4 -2  3  8 12 14 15 15 14 12 1225 1 4S6 416 251911 16999999999999991223 -52328 1199999999999999
 12 12 15 18 21 22 22 19 15 10  5  1 -2 -2 -1  2  6 10 13 15 15 14 12 1025 1 5S6 512 221935 159999999999999913 1 -2999999999999999999999
  9  9  9 11 15 17 19 18 17 13  9  6  3  2  2  3  6 10 13 15 16 15 13 1125 1 6S6 620 191958 1699999999999999 054  91334  199999999999999
  8  7  6  6  8 11 13 15 15 15 13 10  8  7  6  7  9 12 14 17 18 18 16 1325 1 7S6 751 162023 1899999999999999 212  614 0  699999999999999
 10  7  5  4  4  5  7 10 12 13 14 13 12 12 11 12 13 14 17 19 20 21 20 1825 1 8S6 953 142053 2199999999999999 330  314 7 1199999999999999
 14 10  7  4  2  1  2  4  7 10 13 14 15 15 16 16 17 18 19 21 23 24 24 2225 1 9S62132 24999999999999999999999 452  1999999999999999999999
 19 15 11  7  3  0 -1  0  2  5  9 13 15 17 18 19 20 20 21 22 24 26 27 2625 110S62221 27999999999999999999999 6 9 -1999999999999999999999
 25 21 17 12  7  2 -1 -2 -2  1  5  9 13 17 19 20 21 22 22 23 24 26 28 2925 111S62318 29999999999999999999999 714 -2999999999999999999999
 28 26 23 18 12  6  1 -2 -4 -3  0  5 10 14 18 20 22 22 22 23 23 25 27 2925 112S69999999999999999999999999999 811 -4999999999999999999999
 30 29 27 23 18 12  5  0 -3 -4 -3  0  6 11 15 19 21 21 21 21 21 22 24 2625 113S6 019 30999999999999999999999 9 3 -4999999999999999999999
 28 30 29 27 23 17 10  4 -1 -4 -5 -3  1  7 12 16 19 20 20 19 19 19 20 2225 114S6 117 301717 2099999999999999 950 -51953 1999999999999999
 25 28 29 28 26 21 15  8  2 -3 -5 -5 -3  2  8 13 16 18 18 17 16 16 16 1825 115S6 212 291736 18999999999999991032 -62046 1699999999999999
 20 23 26 27 26 23 18 11  5 -1 -4 -6 -5 -1  4  9 13 16 16 16 14 13 13 1425 116S6 3 1 271759 16999999999999991111 -62141 1399999999999999
 15 18 21 23 24 22 19 14  8  2 -2 -5 -5 -3  1  6 10 13 15 14 13 11 11 1025 117S6 346 241822 15999999999999991144 -52242 1099999999999999
 11 13 15 18 20 20 18 15 10  4  0 -3 -4 -3  0  4  8 11 13 13 12 11  9  825 118S6 428 201844 14999999999999991212 -42347  899999999999999
  8  9 11 13 16 17 16 14 11  7  3  0 -1 -1  0  4  7 10 12 13 13 11  9  725 119S6 511 1719 2 13999999999999991231 -1999999999999999999999
  6  6  7  9 11 12 13 12 11  8  5  3  2  2  3  5  8 11 13 14 13 12 10  825 120S6 558 131914 1499999999999999 048  61239  299999999999999
  6  5  5  5  7  9 10 10 10  9  7  6  5  5  6  8 10 12 14 15 15 14 12  925 121S6 7 5 101921 1599999999999999 148  51229  599999999999999
  7  5  4  4  4  5  7  8  8  9  8  8  8  8  9 10 12 15 16 17 17 16 14 1225 122S6 9 4  91932 1799999999999999 252  41154  899999999999999
  9  7  5  3  3  3  4  5  7  8  9 10 10 11 12 13 15 16 18 19 19 19 18 1525 123S61955 19999999999999999999999 4 6  3999999999999999999999
 12  9  7  4  3  2  2  3  4  6  8 10 12 13 14 15 17 18 19 20 21 21 20 1925 124S62034 21999999999999999999999 521  2999999999999999999999
 16 13  9  6  4  2  1  1  2  4  7  9 12 14 16 17 18 19 20 21 22 22 22 2125 125S62129 22999999999999999999999 622  0999999999999999999999
 19 17 13  9  6  2  0 -1 -1  1  4  7 11 14 16 17 18 19 19 20 21 22 23 2325 126S62237 23999999999999999999999 712 -1999999999999999999999
 22 20 17 13  8  4  0 -2 -3 -2  0  4  8 12 15 17 18 18 18 18 19 20 22 2325 127S62347 24999999999999999999999 758 -3999999999999999999999
 24 22 20 16 11  6  1 -3 -5 -6 -4  0  4  9 12 15 17 17 16 16 16 17 19 2125 128S61643 17999999999999999999999 842 -619 4 1699999999999999
 23 24 22 19 15  9  3 -2 -6 -8 -8 -5 -1  4  9 13 15 15 14 14 13 14 15 1725 129S6 050 241651 1599999999999999 925 -81954 1399999999999999
 20 23 23 22 18 13  6  0 -5 -9-10 -9 -6  0  5  9 12 13 13 11 10 10 10 1225 130S6 147 2317 7 139999999999999910 7-102043 1099999999999999
 15 19 22 22 20 16 10  3 -3 -8-11-11 -9 -4  1  6 10 11 11 10  7  6  6  725 131S6 241 221725 12999999999999991046-112139  699999999999999
  9 13 18 20 20 18 14  8  1 -5 -8-10-10 -7 -2  4  8 10 11  9  6  4  3  225 2 1S6 335 211744 11999999999999991123-112243  299999999999999
  3  6 11 15 18 18 16 12  6  0 -4 -7 -8 -7 -3  3  7 10 11 10  7  4  1  025 2 2S6 431 1818 2 11999999999999991157 -82349 -199999999999999
 -1  0  4  8 13 15 15 13 10  5  1 -2 -4 -3 -1  3  7 11 12 12 10  6  2 -125 2 3S6 534 151821 12999999999999991226 -4999999999999999999999
 -2 -3 -2  1  6  9 11 12 11  8  5  3  2  1  3  5  9 12 14 14 13 10  6  225 2 4S6 650 121843 1499999999999999 053 -31245  199999999999999
 -1 -3 -4 -3 -1  3  6  8  9  9  8  7  7  7  7  9 11 14 16 17 17 14 11  725 2 5S6 827 101910 1799999999999999 2 0 -41230  699999999999999
  3 -1 -3 -5 -4 -2  0  3  6  8  9  9 10 10 11 12 14 16 18 19 19 18 16 1325 2 6S61946 19999999999999999999999 315 -5999999999999999999999
  8  4  0 -3 -5 -5 -4 -2  1  4  7  9 11 12 14 15 16 17 19 20 21 21 20 1825 2 7S62040 21999999999999999999999 444 -5999999999999999999999
 14 10  6  2 -2 -4 -6 -5 -3  0  4  7 10 13 15 16 17 18 19 19 21 21 22 2125 2 8S62154 22999999999999999999999 611 -6999999999999999999999
 19 16 12  7  2 -2 -5 -6 -6 -4  0  4  8 11 14 16 17 17 17 18 19 20 21 2225 2 9S62315 22999999999999999999999 719 -6999999999999999999999
 22 20 17 12  7  2 -2 -6 -7 -7 -4  0  5  9 12 14 15 15 15 15 16 17 18 2025 210S69999999999999999999999999999 814 -7999999999999999999999
 22 22 20 16 12  6  1 -4 -7 -8 -7 -3  1  6 10 12 14 14 13 12 12 13 14 1725 211S6 026 221625 1499999999999999 859 -81932 1299999999999999
 19 21 21 19 15 10  4 -2 -6 -9 -9 -7 -2  3  7 10 12 12 11  9  9  9 10 1225 212S6 125 211631 1299999999999999 939 -92024  999999999999999
 15 18 20 19 17 12  7  1 -4 -8 -9 -9 -5  0  4  8 10 11  9  7  6  5  6  725 213S6 216 201645 11999999999999991013-102113  599999999999999
 10 13 16 17 17 14  9  3 -2 -6 -9 -9 -7 -3  2  6  9 10  9  6  4  3  2  325 214S6 3 2 1717 1 10999999999999991042 -922 1  299999999999999
  5  8 12 14 15 13 10  5  0 -4 -7 -8 -7 -4  0  5  7  9  8  6  4  1  0  025 215S6 346 151716  99999999999999911 7 -82247  099999999999999
  1  3  7 10 12 12 10  7  2 -2 -5 -6 -6 -4  0  4  7  9  9  7  4  1 -1 -225 216S6 430 121728  9999999999999991125 -62331 -299999999999999
 -2 -1  2  6  8 10  9  7  4  1 -2 -3 -3 -2  1  5  8  9 10  8  6  2 -1 -225 217S6 516 101735 10999999999999991133 -3999999999999999999999
 -3 -3 -1  2  5  7  7  7  5  3  1  0  0  1  4  7  9 11 11 10  8  5  1 -125 218S6 610  71740 1199999999999999 015 -31129  099999999999999
 -3 -4 -3 -1  2  4  5  6  6  5  4  3  4  4  6  9 11 13 13 12 11  8  4  125 219S6 719  61748 1399999999999999 1 2 -41110  399999999999999
 -1 -3 -3 -3 -1  1  3  4  5  5  5  6  6  7  9 11 13 15 15 15 13 11  8  425 220S618 4 15999999999999999999999 154 -3999999999999999999999
  1 -1 -2 -3 -2 -1  0  2  4  5  6  7  8  9 11 12 14 15 16 16 15 14 11  825 221S61831 16999999999999999999999 258 -3999999999999999999999
  5  2 -1 -2 -3 -3 -2 -1  1  3  5  7  9 10 12 13 14 15 16 17 17 16 14 1125 222S61912 17999999999999999999999 423 -3999999999999999999999
  8  5  2 -1 -3 -4 -4 -3 -2  1  3  6  8 10 12 13 14 15 15 16 16 16 16 1425 223S62024 16999999999999999999999 545 -4999999999999999999999
 12  9  5  2 -2 -4 -6 -6 -5 -3  0  3  7  9 11 12 13 13 14 14 15 15 16 1625 224S62211 16999999999999999999999 647 -6999999999999999999999
 14 12  9  5  0 -4 -7 -8 -9 -7 -4  0  4  7  9 11 11 11 11 11 12 13 14 1625 225S62341 16999999999999999999999 738 -9999999999999999999999
 16 15 12  8  3 -2 -6-10-11-11 -9 -5  0  4  7  9  9  9  8  7  7  9 11 1325 226S61551  9999999999999999999999 823-111916  799999999999999
 15 16 15 12  7  1 -4 -9-12-13-12 -9 -4  1  5  7  8  7  5  4  3  3  5  825 227S6 050 161556  899999999999999 9 4-1320 5  399999999999999
 12 15 16 14 11  6 -1 -6-11-13-14-12 -7 -2  3  6  7  6  4  1 -1 -2 -1  225 228S6 151 1616 6  799999999999999 943-142057 -299999999999999
  6 11 14 15 14 10  4 -2 -7-11-13-12 -9 -4  1  5  7  6  4  0 -3 -5 -6 -525 3 1S6 250 151619  7999999999999991020-132152 -699999999999999
 -1  4 10 13 14 12  9  3 -3 -7 -9-10 -9 -4  1  5  8  8  6  2 -3 -7 -9-1025 3 2S6 351 141634  8999999999999991054-102249-1099999999999999
 -8 -4  2  8 11 12 11  7  3 -2 -4 -6 -6 -3  2  6  9 10  9  5  0 -5 -9-1125 3 3S6 456 121651 10999999999999991123 -62346-1299999999999999
-12-10 -5  1  6  9 10  9  6  3  1 -1 -1  0  4  8 11 12 12  9  5 -1 -6 -925 3 4S6 6 7 101713 13999999999999991143 -1999999999999999999999
-12-12-10 -6 -1  3  6  8  8  6  5  4  4  5  7 10 13 15 15 13 10  5  0 -525 3 5S6 725  81739 1599999999999999 044-131132  499999999999999
 -9-11-12-10 -7 -3  1  4  6  7  7  7  7  8 10 11 14 16 17 16 14 11  6  225 3 6S61811 17999999999999999999999 147-12999999999999999999999
 -3 -7 -9-10 -9 -7 -4 -1  2  4  6  8  9 10 11 13 14 16 17 17 16 15 12  825 3 7S61853 17999999999999999999999 3 2-10999999999999999999999
  4 -1 -4 -7 -9 -9 -8 -5 -2  1  4  6  9 10 12 13 14 15 15 16 16 16 15 1225 3 8S620 5 16999999999999999999999 435 -9999999999999999999999
  9  5  1 -2 -6 -8 -9 -8 -6 -3  1  4  7  9 11 12 13 13 13 14 14 15 15 1525 3 9S62154 15999999999999999999999 6 3 -9999999999999999999999
 13 10  6  2 -2 -5 -8 -9 -9 -6 -3  1  5  8 10 11 11 11 10 10 11 12 13 1425 310S61546 112327 1499999999999999 7 8 -91831 1099999999999999
 14 13 10  6  2 -2 -6 -9-10 -9 -6 -2  2  6  8  9  9  8  7  7  7  8 10 1225 311S61524  9999999999999999999999 758-101925  799999999999999
 13 13 12  9  5  0 -4 -8-10-10 -8 -4  0  4  6  8  7  6  4  3  3  3  5  825 312S6 036 141523  899999999999999 838-1020 6  399999999999999
 11 12 12 11  7  3 -2 -6 -9-10 -9 -7 -2  2  5  6  6  5  3  1 -1 -1  0  325 313S6 132 131530  799999999999999 911-102044 -199999999999999
  6  9 11 11  9  5  0 -4 -7 -9-10 -8 -4  0  4  6  6  5  2 -1 -3 -4 -4 -225 314S6 221 111540  699999999999999 938-102120 -499999999999999
  2  6  9 10  9  7  3 -2 -5 -8 -8 -7 -4  0  3  6  6  5  2 -1 -4 -6 -7 -625 315S6 3 8 101550  69999999999999910 0 -82156 -799999999999999
 -3  1  5  8  8  7  5  1 -3 -5 -6 -6 -4  0  4  6  7  6  3  0 -4 -7 -8 -825 316S6 355  81559  7999999999999991018 -62232 -899999999999999
 -6 -3  2  5  7  7  6  3  0 -2 -3 -3 -2  1  5  7  8  8  5  2 -3 -6 -8 -925 317S6 443  716 6  8999999999999991028 -423 8 -999999999999999
 -9 -6 -2  2  5  6  6  5  3  1 -1 -1  1  3  6  9 10 10  8  4  0 -4 -7 -925 318S6 533  71614 10999999999999991031 -12346 -999999999999999
 -9 -8 -5 -1  2  5  6  6  5  3  2  2  3  5  8 10 12 12 10  7  3 -1 -5 -725 319S6 628  61626 12999999999999991023  2999999999999999999999
 -9 -9 -7 -4  0  2  4  5  5  5  4  5  6  7  9 11 13 13 12 10  7  3 -1 -525 320S6 735  51642 1499999999999999 027 -910 6  499999999999999
 -7 -8 -7 -6 -3  0  2  4  5  5  6  6  7  9 10 12 14 14 14 12  9  6  2 -125 321S617 4 14999999999999999999999 114 -8999999999999999999999
 -4 -6 -7 -7 -5 -3 -1  1  3  5  6  7  8  9 11 12 13 14 14 13 11  9  5  225 322S61731 14999999999999999999999 212 -7999999999999999999999
 -1 -4 -6 -7 -7 -6 -4 -2  0  2  4  6  8  9 10 11 12 13 13 13 12 11  8  525 323S61810 13999999999999999999999 328 -7999999999999999999999
  2 -1 -4 -6 -7 -8 -7 -6 -3 -1  2  5  7  8  9 10 11 11 11 11 12 11 10  825 324S61939 12999999999999999999999 457 -8999999999999999999999
  5  2 -1 -4 -7 -9-10 -9 -7 -4 -1  2  5  7  8  8  8  8  8  8  9 10 10 1025 325S622 3 10999999999999999999999 6 7-10999999999999999999999
  8  6  2 -1 -5 -8-11-11-11 -8 -5 -1  3  5  6  6  6  5  4  4  5  7  8 1025 326S61441  62340 1099999999999999 7 1-111831  499999999999999
 10  9  6  2 -2 -6-10-12-12-11 -8 -3  1  3  5  5  4  2  0  0  0  1  4  725 327S61435  5999999999999999999999 747-131917 -199999999999999
 10 11 10  7  3 -2 -7-10-12-12-10 -6 -1  3  5  5  3  1 -3 -5 -6 -5 -2  225 328S6 053 111438  599999999999999 828-1220 5 -699999999999999
  7 10 11 10  7  3 -2 -7-10-11-10 -6 -2  3  5  6  5  1 -3 -7-10-10 -9 -525 329S6 2 1 111447  699999999999999 9 7-112056-1099999999999999
  0  6 10 12 11  8  3 -2 -5 -7 -7 -6 -1  4  7  8  7  4 -1 -6-11-13-14-1225 330S6 3 9 1215 2  899999999999999 942 -82148-1499999999999999
 -7 -1  5 10 11 11  8  4  0 -2 -3 -3  0  5  9 11 11  8  4 -3 -9-13-16-1625 331S6 417 111523 11999999999999991013 -32242-1799999999999999
-14 -8 -1  4  9 11 10  8  5  3  2  1  3  6 10 13 14 13  9  3 -3-10-14-1725 4 1S6 525 111550 14999999999999991035  12336-1799999999999999
-17-14 -9 -2  3  7  9  9  8  6  6  5  6  8 12 15 16 16 14  9  3 -3 -9-1325 4 2S6 634 101620 17999999999999991035  5999999999999999999999
-16-16-13 -8 -3  2  5  8  8  8  8  8  9 10 12 15 17 18 17 14 10  4 -2 -725 4 3S61655 18999999999999999999999 033-16999999999999999999999
-11-13-14-12 -8 -4  0  4  6  8  8  9 10 11 13 14 16 17 17 16 14  9  5  025 4 4S61735 17999999999999999999999 135-14999999999999999999999
 -5 -8-11-11-10 -8 -4 -1  3  5  7  9 10 11 12 13 14 15 16 16 15 13  9  625 4 5S61828 16999999999999999999999 248-11999999999999999999999
  1 -2 -6 -8 -9 -9 -7 -5 -1  2  5  7  9 10 11 11 12 12 12 13 13 13 11  925 4 6S61958 13999999999999999999999 414 -9999999999999999999999
  6  3 -1 -4 -7 -8 -8 -7 -4 -1  2  5  7  9  9  9  9  9  9  9 10 10 11 1025 4 7S61434 1022 0 1199999999999999 532 -91749  999999999999999
  9  6  3  0 -4 -6 -8 -8 -6 -4  0  3  6  7  8  8  7  6  5  5  5  7  8  925 4 8S61410  82332  999999999999999 633 -81848  599999999999999
  9  8  6  3 -1 -4 -6 -7 -7 -5 -2  1  4  6  7  7  5  3  2  1  1  2  4  725 4 9S614 4  7999999999999999999999 719 -81928  199999999999999
  8  9  7  5  2 -1 -4 -6 -7 -6 -3  0  4  6  7  6  4  2  0 -2 -3 -2  0  325 410S6 041  914 6  799999999999999 754 -720 2 -399999999999999
  6  8  8  7  4  1 -2 -4 -5 -5 -3  0  3  6  7  6  4  2 -2 -4 -5 -5 -4 -125 411S6 139  81412  799999999999999 822 -62034 -699999999999999
  3  6  8  8  6  3  0 -2 -3 -4 -2  0  4  6  8  7  6  2 -1 -5 -7 -8 -7 -425 412S6 232  81419  899999999999999 843 -421 5 -899999999999999
  0  4  6  8  8  6  3  1 -1 -1 -1  1  4  7  9  9  7  4  0 -4 -7 -9 -9 -725 413S6 322  81429  999999999999999 859 -12136 -999999999999999
 -4  1  5  7  8  8  6  4  2  1  1  3  6  9 11 11 10  7  3 -2 -6 -9-10-1025 414S6 411  81440 1199999999999999 912  122 9-1099999999999999
 -7 -2  2  6  8  9  8  6  5  4  4  5  7 10 13 13 12 10  6  1 -4 -8-10-1025 415S6 458  91454 1399999999999999 922  42244-1099999999999999
 -9 -5  0  4  7  9  9  8  7  6  6  7  9 11 14 15 15 13  9  4 -1 -5 -8-1025 416S6 547  91513 1599999999999999 927  62322-1099999999999999
 -9 -7 -3  1  5  7  9  9  9  8  8  9 10 12 14 16 16 15 12  8  3 -2 -6 -825 417S6 640  91534 1699999999999999 927  8999999999999999999999
 -9 -8 -5 -2  2  5  7  9  9  9  9 10 11 12 14 16 17 16 14 11  6  2 -3 -625 418S616 0 17999999999999999999999 0 3 -9999999999999999999999
 -8 -8 -7 -4 -1  2  5  7  8  9  9 10 11 12 14 15 16 16 15 13  9  5  1 -325 419S61628 16999999999999999999999 049 -8999999999999999999999
 -6 -7 -7 -6 -4 -1  1  4  6  7  9 10 11 12 13 14 15 15 15 13 11  8  4  025 420S617 3 15999999999999999999999 143 -8999999999999999999999
 -3 -5 -7 -7 -7 -5 -2  0  3  5  7  8 10 10 11 12 12 13 13 13 12 10  7  325 421S61757 13999999999999999999999 249 -7999999999999999999999
  0 -3 -5 -7 -8 -7 -6 -3  0  3  5  7  8  9  9  9  9 10 10 11 11 10  9  725 422S61952 11999999999999999999999 4 2 -8999999999999999999999
  4  1 -3 -5 -7 -8 -8 -6 -3  0  3  6  7  8  8  7  6  6  6  7  8  9 10  925 423S61315  822 5 1099999999999999 5 9 -81720  699999999999999
  7  5  1 -2 -5 -7 -8 -7 -5 -2  2  5  7  7  7  5  3  2  1  2  3  5  8 1025 424S613 0  72341 1099999999999999 6 5 -81815  199999999999999
 10  9  6  3 -1 -4 -6 -6 -5 -3  1  5  7  8  7  5  2 -1 -3 -4 -3 -1  3  725 425S613 0  8999999999999999999999 654 -619 4 -499999999999999
 10 11 10  8  5  1 -2 -3 -3 -2  1  6  9 10 10  7  3 -1 -5 -8 -8 -7 -3  225 426S6 1 3 111310 1099999999999999 737 -31954 -899999999999999
  7 11 13 12 10  7  4  1  0  1  3  7 11 13 13 11  7  2 -4 -9-11-12-10 -525 427S6 221 131330 1399999999999999 815  02046-1299999999999999
  1  7 12 14 14 12  9  6  5  5  6  9 13 16 17 16 12  7  0 -6-11-14-14-1225 428S6 334 141358 1799999999999999 847  52139-1599999999999999
 -6  1  7 12 14 15 13 11  9  9  9 11 14 18 20 20 18 13  7 -1 -7-12-15-1525 429S6 442 151430 2099999999999999 911  92232-1599999999999999
-12 -6  1  7 12 14 15 14 12 12 12 13 15 18 21 23 22 19 14  7 -1 -7-12-1425 430S6 547 1515 8 2399999999999999 920 122327-1599999999999999
-14-11 -5  1  7 11 14 14 14 13 14 14 16 18 21 23 24 22 19 14  7  0 -6-1025 5 1S6 657 141549 2499999999999999 914 13999999999999999999999
-12-12 -9 -4  1  6 10 12 13 14 14 15 16 17 19 21 23 23 21 18 13  7  1 -425 5 2S61635 23999999999999999999999 023-13999999999999999999999
 -8-10-10 -7 -3  1  6  9 11 12 13 14 15 16 17 18 20 21 21 19 16 12  7  225 5 3S61726 21999999999999999999999 124-10999999999999999999999
 -2 -5 -7 -7 -5 -2  2  5  8 10 12 13 14 14 14 15 16 17 17 17 16 14 11  725 5 4S61828 18999999999999999999999 229 -8999999999999999999999
  3 -1 -3 -5 -5 -4 -1  2  5  8 10 11 12 12 12 12 12 12 13 14 14 13 12 1025 5 5S61956 14999999999999999999999 336 -5999999999999999999999
  7  4  1 -2 -3 -3 -2  0  3  6  9 10 11 11 11 10  9  8  8  9 10 11 11 1025 5 6S61235 112152 1199999999999999 438 -41729  899999999999999
  9  7  4  2  0 -2 -2  0  2  5  8 10 11 11 10  9  7  6  5  5  6  7  9 1025 5 7S61230 112327 1099999999999999 530 -21826  599999999999999
 10  9  7  5  3  1  0  1  2  5  7 10 11 11 10  8  6  4  2  1  2  4  6  825 5 8S61233 11999999999999999999999 610  019 6  199999999999999
  9 10  9  7  5  4  3  3  4  5  8 10 12 12 11  9  6  3  1 -1 -1  0  3  625 5 9S6 044 101239 1299999999999999 640  31939 -199999999999999
  8 10 10 10  8  7  6  5  6  7  9 12 14 14 13 11  7  4  0 -2 -3 -2  0  325 510S6 151 101247 1499999999999999 7 1  520 9 -399999999999999
  7 10 11 12 11 10  8  8  8  9 11 14 16 16 16 13 10  5  1 -2 -4 -4 -3  125 511S6 250 121259 1699999999999999 718  82040 -499999999999999
  5  9 11 13 13 12 11 10 10 11 13 15 18 19 18 16 13  8  4 -1 -4 -5 -4 -225 512S6 341 131316 1999999999999999 737 102113 -599999999999999
  3  7 11 13 15 15 14 13 12 13 14 16 19 21 21 20 17 12  7  2 -2 -5 -5 -425 513S6 427 151338 2199999999999999 758 122148 -599999999999999
  0  5  9 13 15 16 16 15 14 14 15 17 20 22 23 22 20 16 11  5  0 -3 -5 -525 514S6 510 1614 4 2399999999999999 818 142226 -599999999999999
 -2  2  7 11 14 16 17 16 15 15 16 17 19 22 24 24 22 19 15  9  4 -1 -4 -525 515S6 556 171434 2499999999999999 835 1523 6 -599999999999999
 -4 -1  3  8 12 14 16 16 16 16 16 17 19 21 23 24 23 21 17 13  7  2 -2 -425 516S615 7 249999999999999999999992349 -4999999999999999999999
 -4 -3  0  4  8 12 14 15 16 16 16 17 18 19 21 23 23 22 19 15 10  5  1 -225 517S61543 239999999999999999999999999999999999999999999999999
 -4 -4 -2  1  4  8 11 13 14 15 15 16 17 18 19 21 22 22 20 17 13  8  4  025 518S61624 22999999999999999999999 036 -4999999999999999999999
 -2 -4 -4 -2  1  4  8 10 12 14 14 15 15 16 17 18 19 20 19 18 15 11  7  325 519S61715 20999999999999999999999 125 -4999999999999999999999
  0 -2 -3 -3 -1  1  5  8 10 12 13 14 14 14 14 15 15 16 17 17 16 14 11  725 520S61827 17999999999999999999999 218 -4999999999999999999999
  4  1 -1 -2 -2  0  2  6  9 11 12 13 13 12 12 11 11 12 13 14 15 15 13 1125 521S61119 132013 1599999999999999 313 -21526 1199999999999999
  8  5  2  0  0  0  2  5  8 11 13 13 13 12 10  9  8  8  8 10 12 13 14 1425 522S61114 132211 1499999999999999 4 6  01648  899999999999999
 12 10  7  5  3  3  4  5  8 11 14 15 15 13 11  8  5  4  3  4  7 10 13 1525 523S61121 152353 1599999999999999 457  31751  399999999999999
 15 15 13 11  8  7  7  8 10 13 16 18 18 17 14 10  5  2  0 -1  1  4  8 1325 524S61137 18999999999999999999999 544  71847 -199999999999999
 16 17 17 16 14 12 11 12 13 15 18 21 22 21 18 14  8  3 -1 -4 -4 -2  2  825 525S6 127 1712 2 2299999999999999 626 111942 -499999999999999
 13 17 19 20 19 17 16 16 16 18 20 23 26 26 24 20 14  8  1 -3 -6 -6 -4  225 526S6 252 201235 2699999999999999 7 0 162036 -699999999999999
  8 14 18 21 22 21 20 19 19 20 22 25 28 30 29 26 21 14  7  1 -4 -7 -7 -425 527S6 4 4 221314 3099999999999999 728 192131 -799999999999999
  2  8 14 19 22 23 22 21 21 22 23 25 28 31 32 31 27 22 15  7  0 -4 -7 -725 528S6 5 6 231359 3299999999999999 752 212226 -799999999999999
 -3  2  9 15 19 22 23 22 22 22 23 24 27 30 32 33 31 28 22 14  7  1 -4 -625 529S6 6 5 231448 3399999999999999 815 222320 -699999999999999
 -6 -2  3  9 15 19 21 22 22 22 22 23 25 27 30 32 32 30 26 21 14  7  1 -225 530S61539 329999999999999999999999999999999999999999999999999
 -4 -4  0  5 10 15 18 20 21 21 21 21 22 24 26 28 30 30 28 24 19 13  7  225 531S61632 30999999999999999999999 015 -5999999999999999999999
 -1 -2 -2  2  6 11 15 17 19 19 19 20 20 20 22 23 25 26 26 25 21 17 12  725 6 1S61725 26999999999999999999999 1 8 -2999999999999999999999
  4  1  0  1  4  8 11 15 17 18 18 18 18 18 18 19 20 21 22 22 21 18 15 1125 6 2S61824 22999999999999999999999 159  0999999999999999999999
  8  5  3  3  4  6 10 13 15 17 18 18 17 17 16 16 16 16 18 18 18 18 16 1425 6 3S61026 181942 1899999999999999 246  31515 1599999999999999
 11  9  7  6  6  7  9 12 15 17 18 18 17 16 15 14 13 13 13 14 15 16 16 1525 6 4S61041 182132 1699999999999999 327  51642 1399999999999999
 13 12 10  9  9  9 10 13 15 17 18 19 18 17 15 13 11 10 10 10 12 13 14 1525 6 5S61052 192320 1599999999999999 4 0  91746 1099999999999999
 15 14 13 12 12 12 13 14 16 18 20 21 20 18 16 13 11  9  8  8  9 11 13 1525 6 6S611 3 21999999999999999999999 422 121831  899999999999999
 16 16 16 16 15 15 16 17 18 20 22 23 22 21 18 15 12  9  7  6  7  8 11 1425 6 7S6 1 3 161114 2399999999999999 437 1519 7  699999999999999
 16 18 18 19 18 18 19 19 21 23 24 25 25 24 21 18 14 10  7  5  5  6  9 1325 6 8S61129 269999999999999999999991941  5999999999999999999999
 16 19 20 21 21 21 21 21 23 24 26 28 28 27 25 21 17 13  9  6  4  5  7 1125 6 9S61152 289999999999999999999992016  4999999999999999999999
 15 18 21 23 23 23 23 23 24 25 27 29 31 30 29 25 21 16 11  7  5  4  5  825 610S61222 319999999999999999999992053  4999999999999999999999
 13 17 20 23 24 25 24 24 25 26 27 30 32 32 31 29 25 20 15 10  6  4  4  625 611S61258 329999999999999999999992132  4999999999999999999999
 10 14 18 22 24 25 25 25 25 25 27 29 31 33 33 32 28 24 18 13  8  5  3  425 612S61338 339999999999999999999992214  3999999999999999999999
  7 11 15 19 23 25 25 25 24 25 26 27 29 32 33 33 31 27 22 16 11  6  4  325 613S61420 339999999999999999999992257  3999999999999999999999
  4  7 12 16 20 23 24 24 24 24 24 25 27 29 32 32 32 29 25 19 14  8  5  225 614S615 3 329999999999999999999992341  2999999999999999999999
  2  4  8 12 16 20 22 23 23 23 23 23 25 26 29 30 31 30 27 22 17 11  7  425 615S61548 319999999999999999999999999999999999999999999999999
  2  2  5  8 13 16 19 21 22 21 21 21 22 23 25 27 29 29 27 24 20 15 10  625 616S61638 29999999999999999999999 024  2999999999999999999999
  4  2  3  6 10 14 17 19 20 21 20 20 20 20 21 23 25 26 26 25 22 18 14 1025 617S6 841 211735 2799999999999999 1 7  21138 2099999999999999
  7  5  4  6  8 12 16 18 20 21 20 19 18 18 18 18 20 22 24 24 23 21 18 1425 618S6 9 4 211850 2499999999999999 148  41341 1899999999999999
 11  9  8  8  9 12 15 18 20 22 21 20 18 17 15 15 15 17 19 21 22 22 21 1925 619S6 921 222034 2299999999999999 228  815 6 1599999999999999
 16 14 13 12 12 14 17 20 22 24 24 23 20 18 15 13 12 12 14 16 19 21 22 2225 620S6 940 242230 2299999999999999 3 6 121622 1299999999999999
 21 19 18 17 17 18 19 22 24 26 27 27 24 21 17 14 11  9  9 11 14 17 20 2325 621S610 4 27999999999999999999999 342 171733  999999999999999
 24 24 23 22 22 22 23 25 27 29 31 31 30 26 22 17 12  9  7  7  8 12 16 2125 622S6 030 241035 3199999999999999 415 221837  699999999999999
 24 26 27 27 26 26 26 28 29 32 34 35 35 32 28 23 17 11  7  5  5  7 11 1625 623S61115 359999999999999999999991937  5999999999999999999999
 21 25 28 29 29 29 29 30 31 33 35 38 39 38 34 30 24 17 11  6  4  4  6 1125 624S612 2 399999999999999999999992034  3999999999999999999999
 17 22 26 29 30 31 30 30 31 33 35 38 40 41 39 36 31 24 17 10  6  3  3  625 625S61254 419999999999999999999992129  3999999999999999999999
 11 17 23 27 29 31 31 30 31 31 33 35 38 41 42 40 36 31 24 16 10  6  3  425 626S61350 429999999999999999999992223  3999999999999999999999
  7 12 18 23 27 29 30 29 29 29 31 32 35 38 40 41 39 35 30 22 15 10  6  425 627S61445 419999999999999999999992314  4999999999999999999999
  4  8 13 19 24 27 28 28 28 27 28 29 31 33 36 39 39 37 33 27 21 14  9  625 628S6 630 281539 3999999999999999 852 27999999999999999999999
  5  6 10 15 20 24 26 27 26 26 26 26 27 28 31 34 36 36 34 30 24 19 13  925 629S6 7 4 271630 3699999999999999 0 1  5 955 2699999999999999
  7  6  8 12 17 21 24 25 26 25 24 24 24 24 26 28 31 32 32 30 26 22 17 1325 630S6 738 261720 3299999999999999 043  61132 2499999999999999
 10  9  9 12 15 19 22 24 25 25 24 23 22 22 22 23 25 27 28 28 26 23 20 1725 7 1S6 810 251814 2899999999999999 120  91311 2299999999999999
 14 12 12 13 16 19 22 24 25 25 24 23 22 21 20 20 21 22 24 24 24 23 22 1925 7 2S6 837 251927 2499999999999999 149 121427 2099999999999999
 18 16 16 16 18 20 22 24 26 26 26 24 23 21 19 18 18 19 20 21 22 23 22 2225 7 3S6 857 262115 2399999999999999 2 8 161540 1899999999999999
 21 20 19 20 21 22 24 26 28 28 28 27 25 22 20 18 17 17 17 18 20 21 22 2325 7 4S6 913 28999999999999999999999 2 6 191649 1799999999999999
 23 23 23 23 24 25 27 29 30 31 31 30 27 25 22 19 17 16 16 16 18 20 22 2425 7 5S6 928 319999999999999999999991747 15999999999999999999999
 25 25 26 26 27 28 29 31 32 33 34 33 31 28 25 22 19 16 15 15 16 18 21 2325 7 6S6 949 349999999999999999999991833 15999999999999999999999
 26 27 28 29 30 30 31 33 34 35 36 36 35 32 29 25 21 18 15 14 15 16 19 2225 7 7S61021 369999999999999999999991915 14999999999999999999999
 25 28 30 31 31 32 32 33 35 36 38 38 38 36 33 29 24 20 17 14 13 14 17 2025 7 8S611 3 389999999999999999999991957 13999999999999999999999
 24 27 30 32 32 33 33 33 34 36 38 39 40 39 36 33 28 23 19 15 13 13 14 1725 7 9S61151 409999999999999999999992039 12999999999999999999999
 21 25 29 31 32 33 33 33 33 35 37 39 40 40 39 36 32 27 21 17 13 11 12 1425 710S61241 419999999999999999999992123 11999999999999999999999
 18 22 26 29 31 32 32 32 32 33 34 36 39 40 40 39 35 30 24 19 14 11 10 1125 711S61331 4199999999999999999999922 5 10999999999999999999999
 14 18 23 27 29 31 31 30 30 30 31 33 36 38 40 40 37 33 28 22 16 12  9  825 712S6 534 311420 4099999999999999 8 3 302247  899999999999999
 10 14 19 23 27 29 30 29 28 28 29 30 32 35 38 39 38 35 31 25 19 14 10  825 713S6 6 0 3015 8 3999999999999999 849 282327  899999999999999
  8 11 15 20 24 27 28 28 27 26 26 26 28 30 33 36 37 36 33 28 22 17 12  925 714S6 626 281557 3799999999999999 943 26999999999999999999999
  8  9 13 17 22 25 27 27 27 25 24 24 24 25 28 32 34 35 34 31 26 21 16 1325 715S6 651 271651 3599999999999999 0 6  81055 2499999999999999
 11 11 12 16 20 24 26 27 27 25 24 22 22 22 23 26 29 32 32 31 29 25 21 1825 716S6 713 271754 3299999999999999 041 101221 2299999999999999
 15 14 15 17 21 24 27 29 29 27 25 23 21 20 20 21 24 27 29 30 30 28 25 2325 717S6 734 291918 3099999999999999 114 141337 1999999999999999
 21 19 19 20 23 26 29 31 31 30 28 25 22 20 18 18 19 21 24 26 28 29 28 2725 718S6 757 3121 5 2999999999999999 141 191449 1899999999999999
 26 25 24 25 26 29 31 33 34 34 33 30 26 22 19 17 16 17 19 22 24 27 29 2925 719S6 825 35999999999999999999999 157 2416 6 1699999999999999
 29 29 29 30 30 32 34 36 37 38 37 35 32 27 23 19 16 15 15 17 20 23 27 2925 720S6 9 3 389999999999999999999991725 15999999999999999999999
 31 32 33 33 34 35 36 38 39 41 41 40 38 34 29 24 19 16 14 14 15 19 23 2725 721S6 952 419999999999999999999991837 14999999999999999999999
 30 33 34 35 36 36 37 38 40 42 44 44 43 40 36 30 25 20 15 13 13 14 18 2325 722S61051 449999999999999999999991940 13999999999999999999999
 27 31 34 35 36 37 37 38 39 41 43 45 46 45 41 37 31 25 19 15 12 12 14 1825 723S61154 469999999999999999999992037 12999999999999999999999
 23 28 32 34 36 36 36 36 37 38 40 43 46 46 45 42 37 31 24 18 14 11 11 1425 724S61256 469999999999999999999992129 11999999999999999999999
 19 24 29 32 34 35 34 34 34 35 37 39 42 45 46 45 41 36 29 22 17 13 11 1125 725S6 455 351354 4699999999999999 716 342216 1199999999999999
 15 20 25 29 32 33 33 32 31 31 32 34 37 41 44 44 43 39 33 27 20 15 12 1125 726S6 513 331448 4499999999999999 814 312258 1199999999999999
 12 17 22 26 30 32 32 31 29 29 29 30 32 35 39 41 42 40 36 30 24 19 15 1225 727S6 536 321538 4299999999999999 914 292335 1299999999999999
 12 15 19 24 28 30 31 30 28 27 26 26 27 30 33 36 38 38 36 32 27 22 18 1525 728S6 6 1 311625 38999999999999991024 26999999999999999999999
 14 15 18 22 26 29 30 30 29 27 25 24 24 25 28 31 34 35 34 32 29 25 21 1925 729S6 625 301714 3599999999999999 0 7 141136 2499999999999999
 17 17 19 22 26 29 30 31 30 28 25 24 23 23 24 26 29 31 32 31 30 27 24 2225 730S6 645 311810 3299999999999999 031 171238 2399999999999999
 21 21 22 24 27 29 31 32 31 29 27 25 23 22 22 23 25 27 29 29 29 28 27 2525 731S6 7 1 321923 2999999999999999 045 211336 2299999999999999
 24 24 25 27 29 31 33 33 33 32 29 27 25 23 22 22 23 24 26 27 28 28 28 2825 8 1S6 711 332111 2899999999999999 039 241436 222357 289999999
 28 28 29 30 32 34 35 36 36 35 33 30 27 25 23 22 22 22 23 25 26 28 29 3025 8 2S6 723 369999999999999999999991544 21999999999999999999999
 30 31 32 33 34 36 37 38 38 38 36 34 31 28 25 23 22 21 22 23 25 27 29 3125 8 3S6 746 389999999999999999999991658 21999999999999999999999
 32 33 34 35 36 37 38 39 40 40 39 37 35 32 28 25 23 21 21 21 23 25 28 3025 8 4S6 826 4099999999999999999999918 2 21999999999999999999999
 32 34 35 36 37 38 39 40 41 42 41 40 38 36 32 29 25 22 20 20 21 23 25 2925 8 5S6 924 429999999999999999999991855 20999999999999999999999
 31 34 36 37 37 38 38 39 40 42 42 42 41 39 36 32 28 24 21 19 18 20 22 2625 8 6S61032 429999999999999999999991942 18999999999999999999999
 29 32 35 36 37 37 37 37 38 40 42 43 43 42 39 35 31 26 22 18 17 17 19 2225 8 7S61138 439999999999999999999992027 16999999999999999999999
 26 30 33 35 36 36 35 35 36 37 39 41 43 43 41 38 34 29 23 19 16 14 15 1825 8 8S61237 4399999999999999999999921 9 14999999999999999999999
 22 27 30 33 34 34 33 33 33 34 35 38 41 43 43 41 37 32 26 20 16 13 13 1425 8 9S6 429 341331 4399999999999999 725 332149 1399999999999999
 18 23 27 30 32 33 32 30 30 30 31 33 37 40 42 42 39 35 29 23 18 14 12 1225 810S6 444 331422 4299999999999999 813 302227 1299999999999999
 15 19 24 28 31 31 31 29 27 26 27 28 31 35 39 41 40 38 33 27 21 16 13 1225 811S6 5 2 311514 4199999999999999 9 5 2623 4 1299999999999999
 13 17 22 27 30 31 31 29 26 24 24 24 26 29 34 38 39 39 36 31 26 20 17 1525 812S6 519 3116 8 399999999999999910 7 242338 1599999999999999
 15 17 21 26 29 31 31 30 27 24 22 21 21 24 28 32 36 37 37 34 30 25 22 2025 813S6 536 321710 37999999999999991115 21999999999999999999999
 19 19 22 26 30 33 33 32 29 26 23 20 19 19 22 26 30 33 35 35 33 30 27 2525 814S6 554 331824 3599999999999999 0 8 191221 1999999999999999
 24 24 25 28 32 34 36 35 33 30 26 22 20 18 18 21 24 28 31 33 33 32 31 2925 815S6 615 361953 3399999999999999 033 231326 1899999999999999
 29 29 29 31 34 37 38 38 37 35 31 27 23 20 18 18 20 23 26 29 31 32 33 3325 816S6 643 39999999999999999999999 038 291436 1899999999999999
 33 33 34 35 36 38 40 41 41 39 37 33 28 24 21 19 18 19 21 24 27 30 32 3425 817S6 723 419999999999999999999991559 18999999999999999999999
 35 35 36 37 38 40 41 43 43 43 42 39 35 31 26 22 19 18 18 20 22 26 29 3225 818S6 819 439999999999999999999991727 18999999999999999999999
 34 36 37 38 39 40 41 42 44 45 45 43 41 37 32 28 23 20 18 17 19 22 25 2925 819S6 934 459999999999999999999991843 17999999999999999999999
 33 35 37 38 39 39 40 40 42 44 45 46 45 42 38 33 28 23 19 17 16 18 21 2625 820S61054 469999999999999999999991944 16999999999999999999999
 30 33 36 37 37 37 37 38 39 40 43 45 46 45 43 38 33 28 22 18 16 16 18 2225 821S612 5 469999999999999999999992035 16999999999999999999999
 27 31 33 35 36 35 34 34 35 36 38 41 44 45 45 42 37 32 26 21 17 15 16 1925 822S6 353 3613 6 4599999999999999 648 342119 1599999999999999
 23 28 31 33 34 34 32 31 31 32 33 36 40 43 44 43 40 35 29 23 19 16 15 1625 823S6 4 0 3414 0 4499999999999999 744 312156 1599999999999999
 20 25 29 32 33 33 31 29 28 28 29 31 34 38 41 42 41 37 32 26 21 18 16 1625 824S6 415 331450 4299999999999999 838 282229 1699999999999999
 18 23 27 30 32 32 31 28 26 25 25 26 29 33 37 39 39 38 34 29 24 20 18 1725 825S6 433 321537 4099999999999999 932 252257 1799999999999999
 18 22 26 30 32 32 31 29 26 24 23 23 24 28 32 35 37 37 35 31 27 23 21 2025 826S6 450 321625 37999999999999991025 232319 2099999999999999
 20 22 26 30 32 33 32 30 27 24 22 21 22 24 27 31 34 35 34 32 29 26 24 2325 827S6 5 4 331717 35999999999999991114 212332 2399999999999999
 23 24 27 30 33 34 33 32 29 25 23 21 21 21 24 27 30 32 33 33 31 29 27 2725 828S6 514 341816 339999999999999912 1 212330 2699999999999999
 27 27 30 32 34 35 35 34 31 28 25 23 21 21 22 24 27 29 31 32 32 31 30 3025 829S6 520 351927 32999999999999991249 2123 4 3099999999999999
 30 31 32 34 36 37 37 36 34 31 28 25 23 22 22 23 25 27 28 30 31 32 32 3225 830S6 529 379999999999999999999991341 22999999999999999999999
 32 33 35 36 38 39 39 39 37 35 32 29 26 24 23 22 23 24 26 28 30 31 32 3325 831S6 546 399999999999999999999991446 22999999999999999999999
 34 35 36 37 39 40 40 40 39 38 35 32 29 27 25 23 23 23 24 25 27 30 32 3325 9 1S6 615 4199999999999999999999916 8 23999999999999999999999
 35 36 37 38 39 40 41 41 41 40 38 36 33 30 27 25 23 22 22 23 25 27 30 3225 9 2S6 7 7 419999999999999999999991730 22999999999999999999999
 34 36 37 38 38 39 39 40 40 40 40 38 36 33 30 27 24 22 20 20 22 24 27 3025 9 3S6 834 419999999999999999999991831 20999999999999999999999
 33 35 36 37 37 37 37 38 39 40 40 40 39 36 33 29 26 22 19 18 18 20 23 2725 9 4S61015 409999999999999999999991920 18999999999999999999999
 30 33 34 35 35 35 35 35 36 37 39 40 40 39 36 32 28 23 19 17 16 17 19 2325 9 5S6 325 351133 4099999999999999 559 3520 3 1699999999999999
 27 30 32 33 33 32 32 31 32 33 36 38 40 40 39 35 31 26 21 17 15 14 16 2025 9 6S6 319 341235 4099999999999999 648 312042 1499999999999999
 24 28 31 32 32 30 29 28 28 29 31 34 38 40 40 38 34 29 24 19 15 14 14 1725 9 7S6 325 321332 4099999999999999 733 272120 1499999999999999
 21 26 29 31 31 30 27 25 24 24 25 29 33 37 40 40 38 33 28 22 18 15 14 1625 9 8S6 334 311427 4099999999999999 822 232156 1499999999999999
 20 25 29 31 31 30 27 24 21 20 20 22 27 32 37 39 39 37 32 27 22 19 17 1725 9 9S6 346 311526 3999999999999999 915 202230 1799999999999999
 20 24 29 32 33 32 29 25 21 18 17 17 20 25 31 36 38 38 36 32 27 24 22 2125 910S6 359 331630 38999999999999991013 1723 1 2199999999999999
 22 25 29 33 35 34 32 28 23 19 16 15 15 19 24 30 34 36 37 35 32 29 26 2625 911S6 417 351740 37999999999999991112 152325 2599999999999999
 26 27 31 35 37 37 36 33 28 22 18 15 14 15 18 23 28 32 34 35 34 32 31 3025 912S6 441 371856 35999999999999991211 142331 3099999999999999
 30 31 33 36 39 40 39 37 33 28 23 19 16 14 15 18 22 26 30 32 34 34 33 3325 913S6 510 409999999999999999999991314 14999999999999999999999
 33 34 35 37 40 41 42 41 38 34 30 25 21 18 16 16 18 21 24 28 30 32 33 3425 914S6 547 429999999999999999999991427 16999999999999999999999
 35 36 37 38 40 41 42 42 41 39 36 32 27 23 20 18 17 18 20 23 26 29 32 3425 915S6 638 429999999999999999999991555 17999999999999999999999
 35 36 37 38 39 40 41 42 42 42 40 37 33 29 25 21 19 17 17 19 22 25 29 3125 916S6 759 429999999999999999999991726 17999999999999999999999
 34 35 36 37 37 38 38 39 40 41 41 40 38 35 31 26 22 19 17 17 18 21 25 2925 917S6 940 419999999999999999999991837 17999999999999999999999
 32 34 35 35 35 35 35 35 37 38 40 41 40 38 35 31 26 22 18 17 17 18 22 2625 918S611 9 419999999999999999999991931 16999999999999999999999
 29 32 33 33 33 32 31 31 32 34 36 39 40 40 38 34 30 25 21 18 16 17 19 2325 919S6 244 331218 4099999999999999 634 312015 1699999999999999
 27 30 32 32 31 30 28 27 27 29 31 35 38 39 39 36 33 28 23 19 17 16 18 2125 920S6 245 321315 3999999999999999 723 272051 1699999999999999
 25 29 31 31 30 28 26 24 24 24 26 30 34 37 38 37 34 30 26 22 19 17 18 2025 921S6 253 3114 7 3899999999999999 8 7 242121 1799999999999999
 24 28 30 31 31 28 25 23 21 21 22 24 29 33 36 36 35 32 28 24 21 19 19 2025 922S6 3 5 311456 3699999999999999 849 212146 1999999999999999
 23 27 30 31 31 29 26 22 20 19 19 20 24 28 32 35 35 34 31 27 24 22 21 2225 923S6 317 321545 3599999999999999 930 1822 5 2199999999999999
 24 28 31 32 32 31 27 24 20 18 17 18 20 24 29 32 34 34 32 29 27 25 24 2425 924S6 328 321635 349999999999999910 8 172218 2499999999999999
 26 29 32 33 34 32 30 26 22 19 17 16 18 21 25 29 32 33 33 31 29 28 27 2725 925S6 338 341727 33999999999999991047 162220 2799999999999999
 28 30 33 35 35 35 32 29 24 21 18 17 17 19 22 26 29 31 32 32 31 30 29 2925 926S6 349 361822 33999999999999991127 162212 2999999999999999
 30 32 34 36 37 37 35 32 28 24 20 18 17 18 20 23 26 29 31 32 32 31 31 3125 927S6 4 2 371930 32999999999999991211 172152 3199999999999999
 32 34 35 37 38 38 37 34 31 27 23 21 19 18 19 21 24 26 28 30 31 32 32 3325 928S6 419 3899999999999999999999913 0 18999999999999999999999
 33 35 36 38 39 39 38 36 34 30 27 24 21 20 19 20 21 23 25 27 29 31 32 3325 929S6 443 3999999999999999999999914 0 19999999999999999999999
 34 35 36 37 38 38 38 37 35 33 30 27 24 22 20 19 20 21 22 24 26 29 30 3225 930S6 513 389999999999999999999991518 19999999999999999999999
 33 34 35 36 36 37 37 37 36 35 32 30 27 24 22 20 19 18 19 21 23 26 28 302510 1S6 6 2 379999999999999999999991643 18999999999999999999999
 32 33 34 34 34 34 35 35 35 35 34 32 30 27 24 21 19 17 17 18 20 22 25 282510 2S6 752 359999999999999999999991749 17999999999999999999999
 30 31 32 32 32 31 32 32 33 34 34 34 32 30 26 23 20 17 15 15 16 19 22 262510 3S6 226 3210 0 3499999999999999 517 311839 1599999999999999
 28 30 30 30 29 28 28 28 29 31 33 34 34 32 30 26 22 18 16 14 14 16 20 232510 4S6 2 3 301126 3499999999999999 6 7 281922 1499999999999999
 27 29 29 29 27 25 24 23 24 26 29 32 34 35 33 30 26 21 17 15 14 15 18 222510 5S6 159 291234 3599999999999999 649 2320 1 1499999999999999
 26 28 29 28 26 23 21 19 19 21 24 28 32 35 35 33 30 26 21 18 16 16 17 212510 6S6 2 1 291337 3599999999999999 733 192038 1699999999999999
 25 29 30 29 27 23 19 16 15 15 17 22 28 33 35 36 34 31 26 22 19 18 19 222510 7S6 210 301442 3699999999999999 822 152114 1899999999999999
 26 30 32 32 30 26 21 16 12 11 12 15 21 27 32 35 36 34 31 27 24 22 22 232510 8S6 225 321549 3699999999999999 913 112145 2299999999999999
 27 31 34 35 33 30 25 19 13 10  9 10 14 20 27 32 35 36 34 32 29 27 26 272510 9S6 248 351657 369999999999999910 7  92210 2699999999999999
 29 32 36 38 37 35 30 24 17 12  9  8  9 13 20 26 30 33 35 34 32 30 30 30251010S6 317 3818 4 359999999999999911 3  82219 3099999999999999
 31 33 37 39 40 39 36 30 24 18 13  9  8  9 14 19 24 29 32 33 33 32 32 32251011S6 350 401921 339999999999999912 2  82159 3299999999999999
 33 34 37 39 41 41 39 36 31 25 19 14 11 10 11 14 19 23 27 30 31 32 32 33251012S6 429 4199999999999999999999913 5 10999999999999999999999
 34 35 36 38 40 41 41 39 36 31 26 21 17 13 12 12 15 18 22 25 28 30 31 32251013S6 517 419999999999999999999991418 12999999999999999999999
 33 34 35 36 37 38 39 39 38 35 31 27 23 19 16 14 13 15 17 20 24 27 29 31251014S6 622 399999999999999999999991541 13999999999999999999999
 32 33 33 33 34 35 35 36 37 36 34 32 28 24 21 17 15 14 15 17 20 23 26 29251015S6 756 3799999999999999999999917 1 14999999999999999999999
 30 31 31 31 30 30 31 32 33 34 34 34 32 29 25 21 18 16 15 15 17 21 24 27251016S6 146 31 947 3499999999999999 444 3018 6 1599999999999999
 29 29 29 29 28 27 26 27 28 30 32 33 33 31 28 25 21 18 16 15 16 19 22 25251017S6 125 301117 3399999999999999 558 261855 1599999999999999
 27 29 28 27 25 24 22 22 23 25 28 30 32 32 30 27 24 21 18 17 16 18 21 24251018S6 123 291226 3299999999999999 648 221934 1699999999999999
 27 28 28 27 25 22 20 19 19 20 23 27 29 31 31 29 26 23 20 19 18 18 21 24251019S6 128 281325 3199999999999999 730 1920 4 1899999999999999
 27 28 29 27 25 22 19 16 16 16 19 22 26 29 31 30 29 26 23 21 20 20 21 24251020S6 136 291419 3199999999999999 8 7 162027 2099999999999999
 27 29 30 29 26 22 19 16 14 14 15 18 23 27 30 31 30 28 26 23 22 22 23 25251021S6 147 301510 3199999999999999 841 132044 2299999999999999
 28 30 31 30 28 24 20 16 13 12 13 15 19 24 28 30 31 30 28 26 25 24 25 27251022S6 159 311559 3199999999999999 914 122057 2499999999999999
 29 32 33 32 30 27 22 18 14 12 11 13 16 21 25 29 31 31 30 28 27 26 27 28251023S6 213 331647 3199999999999999 948 1121 7 2699999999999999
 30 33 34 35 33 30 25 20 16 13 11 12 14 18 22 26 29 31 31 30 29 28 28 29251024S6 230 351735 31999999999999991024 112115 2899999999999999
 31 34 36 36 35 33 29 24 19 15 13 12 13 15 19 24 27 29 31 31 30 29 30 30251025S6 250 361826 319999999999999911 3 122118 2999999999999999
 32 34 36 37 36 35 32 27 22 18 15 13 12 14 17 20 24 27 29 30 30 30 30 31251026S6 314 379999999999999999999991145 12999999999999999999999
 32 33 35 36 37 36 33 30 26 21 17 15 13 13 15 17 20 23 26 28 29 29 30 30251027S6 341 379999999999999999999991233 13999999999999999999999
 31 32 34 35 36 35 34 31 28 24 20 17 15 13 14 15 17 20 22 25 26 28 29 29251028S6 412 369999999999999999999991327 13999999999999999999999
 30 31 32 33 34 34 33 32 29 26 23 19 17 15 13 13 14 16 19 21 24 25 27 28251029S6 449 349999999999999999999991430 13999999999999999999999
 29 29 30 30 31 31 31 31 30 28 25 22 19 16 14 13 13 14 16 18 21 23 25 26251030S6 545 319999999999999999999991539 13999999999999999999999
 27 27 28 27 27 28 28 29 29 28 27 24 22 19 16 14 13 12 13 15 18 21 23 25251031S6 733 299999999999999999999991642 12999999999999999999999
 26 26 25 25 24 24 24 25 26 27 27 26 25 22 19 16 14 13 13 14 16 19 22 242511 1S6 037 26 944 2799999999999999 5 0 241736 1399999999999999
 25 25 24 23 21 20 19 20 22 24 26 27 27 26 23 20 17 15 14 14 16 18 22 242511 2S6 026 251121 2899999999999999 551 191823 1499999999999999
 26 26 24 22 19 17 15 15 16 19 23 26 28 29 27 25 22 19 17 16 17 19 22 252511 3S6 026 261240 2999999999999999 637 1519 6 1699999999999999
 28 28 26 23 19 15 12 10 11 13 17 22 27 29 30 29 27 24 21 20 19 20 23 272511 4S6 037 281355 3099999999999999 725 101944 1999999999999999
 30 31 30 27 22 17 12  8  6  7 10 16 22 27 31 32 31 29 26 24 23 23 25 282511 5S6 057 3115 8 3299999999999999 815  62018 2399999999999999
 32 34 34 31 27 21 14  9  5  4  5  9 15 22 28 31 33 32 30 28 27 26 27 292511 6S6 125 341615 3399999999999999 9 7  42044 2699999999999999
 33 36 37 36 33 27 20 13  7  4  2  4  8 15 22 27 31 33 32 31 29 29 29 312511 7S6 2 0 371718 339999999999999910 1  221 1 2999999999999999
 33 37 39 40 38 33 27 20 13  7  3  2  4  9 15 21 26 30 32 31 31 30 30 312511 8S6 239 401823 32999999999999991057  22110 3099999999999999
 33 35 38 40 40 38 33 27 20 13  8  4  3  5  9 15 20 25 28 30 30 30 30 312511 9S6 324 419999999999999999999991155  3999999999999999999999
 32 33 36 38 40 39 37 32 27 20 14  9  6  5  6 10 15 20 24 26 28 28 29 29251110S6 415 409999999999999999999991257  5999999999999999999999
 30 31 32 34 36 37 37 35 31 26 20 15 11  8  7  8 11 15 19 22 25 26 27 27251111S6 512 3799999999999999999999914 1  7999999999999999999999
 28 28 29 30 31 33 33 33 32 29 25 21 16 13 10  9 10 12 15 19 22 24 25 26251112S6 619 3399999999999999999999915 7  9999999999999999999999
 26 26 26 26 26 27 28 29 29 29 27 24 21 17 14 12 11 11 13 16 19 22 24 25251113S6 746 292345 25999999999999991611 11999999999999999999999
 25 24 24 23 22 22 22 24 25 26 26 25 23 21 18 15 14 13 13 15 18 20 23 24251114S6 937 262350 2599999999999999 438 2217 6 1399999999999999
 25 24 23 21 19 18 18 18 20 22 23 24 24 23 21 19 17 15 15 16 18 20 22 24251115S61115 242359 2599999999999999 549 181751 1599999999999999
 25 24 23 20 18 16 14 14 15 17 20 22 23 24 23 21 20 18 17 17 19 21 23 25251116S61237 24999999999999999999999 640 141825 1799999999999999
 26 25 24 21 18 15 13 12 12 14 16 20 22 24 24 23 22 21 20 20 20 22 24 26251117S6 0 8 261348 2499999999999999 719 111849 2099999999999999
 27 27 25 23 19 15 12 10  9 11 13 17 21 23 25 25 25 24 23 22 22 24 26 28251118S6 020 271448 2599999999999999 753  919 6 2299999999999999
 29 29 28 25 21 17 13 10  8  9 11 14 19 22 25 26 27 26 25 24 24 25 27 29251119S6 035 291538 2799999999999999 824  81925 2499999999999999
 31 31 30 28 24 20 15 11  8  7  9 12 16 20 24 27 28 28 27 26 26 26 28 30251120S6 054 311621 2899999999999999 857  71947 2699999999999999
 32 33 33 31 28 23 18 13  9  7  7  9 13 18 22 26 28 29 28 27 27 27 28 30251121S6 118 3317 1 2999999999999999 931  72010 2799999999999999
 32 34 34 33 30 26 21 16 11  8  7  8 10 15 19 23 26 28 29 28 27 27 28 29251122S6 147 341742 299999999999999910 9  72033 2799999999999999
 31 34 35 34 33 29 24 19 14 10  7  7  8 11 16 20 24 26 28 28 27 27 27 28251123S6 219 351826 28999999999999991049  72051 2799999999999999
 30 32 34 34 33 31 27 22 17 12  9  7  7  9 12 16 20 23 25 26 26 26 26 27251124S6 254 349999999999999999999991131  6999999999999999999999
 28 30 32 33 33 31 28 24 19 14 10  8  6  7  9 12 16 20 22 24 24 25 25 25251125S6 331 339999999999999999999991216  6999999999999999999999
 26 27 29 30 31 30 29 25 21 17 12  9  7  6  7  9 12 16 19 21 22 23 23 24251126S6 410 3199999999999999999999913 1  6999999999999999999999
 24 25 25 27 28 28 28 26 23 19 15 11  8  7  6  7 10 13 16 18 20 21 22 22251127S6 457 289999999999999999999991348  6999999999999999999999
 22 22 22 23 24 25 25 25 23 21 17 14 11  9  7  7  8 11 14 16 19 20 21 21251128S6 558 252234 21999999999999991435  7999999999999999999999
 21 20 20 19 20 21 22 22 22 21 20 17 14 12 10  9  9 10 13 15 18 20 21 21251129S6 731 222237 2199999999999999 257 191524  999999999999999
 20 19 18 16 16 16 17 18 20 21 21 20 18 16 14 12 12 12 13 16 18 21 22 23251130S6 935 212246 2399999999999999 421 161614 1299999999999999
 22 20 17 15 13 12 12 13 15 18 20 22 22 20 19 17 16 15 16 17 19 22 24 252512 1S61127 2223 3 2599999999999999 525 1117 3 1599999999999999
 25 22 19 15 11  9  7  8 10 13 17 21 23 24 23 22 21 20 19 20 21 24 27 282512 2S613 6 242329 2999999999999999 621  71750 1999999999999999
 28 26 23 18 13  8  5  4  4  7 12 17 22 25 26 26 25 24 23 23 24 26 28 312512 3S61434 26999999999999999999999 716  41831 2399999999999999
 32 31 28 24 18 11  6  2  1  2  5 11 17 22 26 28 28 27 26 26 26 27 29 322512 4S6 0 4 321545 2899999999999999 810  119 7 2699999999999999
 35 36 34 30 24 17 10  4  0 -1  0  4 11 17 23 26 29 29 28 27 27 28 29 322512 5S6 045 361644 2999999999999999 9 4 -11938 2799999999999999
 35 37 38 35 31 24 17  9  3 -1 -2 -1  4 11 17 22 26 28 28 28 27 27 28 302512 6S6 133 381736 2999999999999999 959 -22010 2799999999999999
 33 36 38 38 36 31 24 16  9  3 -1 -2  0  4 11 17 22 25 27 27 26 26 27 282512 7S6 225 391826 27999999999999991055 -22044 2699999999999999
 30 33 36 38 37 34 30 23 15  8  3  0 -1  1  5 11 17 21 24 25 25 24 24 252512 8S6 320 381915 25999999999999991150 -12127 2499999999999999
 26 28 31 34 35 34 32 27 21 14  8  4  1  0  2  7 12 16 20 22 23 22 22 222512 9S6 416 3520 2 23999999999999991243  02232 2299999999999999
 22 23 25 28 30 31 31 28 24 19 13  8  5  3  3  5  9 13 17 19 21 21 21 20251210S6 512 312046 21999999999999991333  2999999999999999999999
 20 20 20 22 24 25 26 26 24 21 17 13  9  6  5  5  8 11 14 17 19 20 20 19251211S6 611 262123 2099999999999999 047 201419  599999999999999
 18 18 17 17 18 19 21 21 21 20 18 15 13 10  9  8  9 11 13 16 18 20 20 19251212S6 726 212151 2099999999999999 234 171459  899999999999999
 18 17 15 14 14 14 15 16 17 18 18 17 15 13 12 11 11 12 14 16 18 20 21 20251213S6 913 182212 2199999999999999 4 3 141531 1199999999999999
 19 17 15 13 12 11 11 12 13 15 16 17 16 16 15 15 15 15 16 18 19 21 22 22251214S61116 172229 2299999999999999 521 111549 1599999999999999
 21 19 16 13 11  9  8  8 10 12 14 16 17 18 18 18 18 18 19 20 21 23 24 24251215S62245 24999999999999999999999 618  8999999999999999999999
 23 21 18 15 12  9  7  6  7  9 12 15 17 19 20 20 20 21 21 22 23 24 26 26251216S623 4 26999999999999999999999 7 0  6999999999999999999999
 26 24 21 17 14 10  7  5  5  7 10 13 16 19 21 22 22 23 23 23 24 26 27 28251217S62331 28999999999999999999999 735  5999999999999999999999
 28 27 24 21 16 12  8  6  4  5  7 11 15 19 21 23 24 24 24 24 25 26 28 30251218S69999999999999999999999999999 8 9  4999999999999999999999
 30 30 28 24 20 15 10  6  4  4  5  8 13 17 21 23 25 25 25 25 25 26 28 29251219S6 0 5 30999999999999999999999 845  4999999999999999999999
 31 31 30 27 23 18 13  8  5  3  3  5  9 14 18 22 24 25 25 24 24 25 26 28251220S6 045 311715 2599999999999999 923  31939 2499999999999999
 30 31 31 30 26 22 16 10  6  3  2  3  6 10 15 19 22 24 24 23 23 23 24 26251221S6 127 311741 249999999999999910 2  22017 2399999999999999
 28 30 31 30 28 24 19 13  8  4  1  1  2  6 11 15 19 21 22 22 21 21 22 23251222S6 211 311813 22999999999999991042  12051 2199999999999999
 25 27 29 29 28 25 21 15 10  5  1  0  0  2  7 11 15 18 20 20 20 19 19 20251223S6 253 291847 20999999999999991121  02129 1999999999999999
 21 23 25 27 27 26 22 17 12  7  2  0 -1  0  3  7 12 15 17 19 18 18 17 17251224S6 335 281920 19999999999999991159 -12217 1799999999999999
 18 19 21 24 25 25 22 19 14  9  4  1 -1 -1  1  5  9 13 15 17 17 17 16 15251225S6 419 251951 17999999999999991235 -12331 1599999999999999
 15 16 17 19 21 22 22 19 16 12  7  4  1  0  1  3  7 11 14 16 17 16 15 14251226S6 5 9 222015 179999999999999913 9  0999999999999999999999
 13 13 13 14 16 18 19 19 17 14 11  7  5  3  3  4  7 10 13 16 17 17 16 14251227S6 611 192034 1799999999999999 1 7 131340  399999999999999
 13 11 10 10 11 13 15 16 17 16 14 12  9  8  7  7  9 11 14 17 18 19 18 16251228S6 741 172054 1999999999999999 229 101410  799999999999999
 14 11  9  8  7  8 10 12 14 15 16 15 14 13 12 12 12 14 16 18 20 22 21 20251229S6 945 162119 2299999999999999 346  71436 1299999999999999
 17 13 10  7  5  4  5  7 10 13 15 16 17 17 16 16 17 17 19 21 23 24 25 24251230S61212 172154 2599999999999999 5 1  41455 1699999999999999
 21 18 13  9  5  2  1  2  4  8 12 15 18 19 20 21 21 21 22 23 25 27 28 28251231S62235 29999999999999999999999 610  1999999999999999999999
