 23 26 26 24 20 14  8  1 -4 -8 -9 -7 -3  2  6  9 11 12 11 11 11 12 14 1725 1 1SA 142 26999999999999999999999 953 -9999999999999999999999
 20 24 26 26 23 18 12  5 -1 -6 -9 -9 -7 -2  2  6  9 10 10 10  9 10 11 1325 1 2SA 229 261717 10999999999999991036 -91946  999999999999999
 16 20 23 25 24 21 16  9  3 -3 -7 -9 -9 -6 -1  3  7  9 10  9  8  8  8  925 1 3SA 317 251746 10999999999999991118 -92055  899999999999999
 11 14 18 21 22 21 18 13  7  1 -4 -7 -8 -7 -3  1  5  8  9  9  8  7  6  625 1 4SA 4 7 221816  99999999999999912 0 -82237  699999999999999
  7  9 12 15 18 19 18 15 10  5  1 -3 -5 -5 -4  0  4  7  9 10  9  7  6  525 1 5SA 5 4 191847 10999999999999991240 -6999999999999999999999
  4  4  6  8 11 14 15 14 12  8  5  2 -1 -2 -2  0  4  7 10 11 11  9  7  525 1 6SA 610 151920 1199999999999999 020  41319 -299999999999999
  3  2  1  2  4  7  9 10 11  9  7  5  4  2  2  3  5  8 11 13 14 13 10  725 1 7SA 733 111956 1499999999999999 153  11353  299999999999999
  4  2 -1 -2 -2  0  2  5  7  8  8  7  7  6  6  6  7  9 12 14 16 16 15 1225 1 8SA 936  82037 1699999999999999 325 -21418  699999999999999
  8  4  0 -3 -5 -5 -4 -2  1  4  6  8  8  9  9  9 10 11 13 15 17 19 19 1725 1 9SA2125 19999999999999999999999 448 -5999999999999999999999
 13  9  4  0 -4 -7 -8 -7 -4 -1  3  6  8 10 10 11 11 12 13 15 18 20 21 2125 110SA2220 21999999999999999999999 558 -8999999999999999999999
 19 15 10  4 -1 -6 -9-10 -9 -6 -2  3  6  9 11 11 12 12 13 14 16 19 22 2325 111SA2319 23999999999999999999999 658-10999999999999999999999
 23 20 16 10  4 -2 -7-10-11-10 -6 -1  3  7 10 11 11 12 12 13 14 17 20 2325 112SA9999999999999999999999999999 752-11999999999999999999999
 25 24 21 16 10  3 -3 -8-11-12 -9 -5  0  4  8 10 11 11 11 11 12 14 17 2125 113SA 017 25999999999999999999999 840-12999999999999999999999
 24 25 25 21 16  9  2 -4 -9-11-11 -8 -4  1  6  8  9  9  9  9  9 11 13 1625 114SA 113 25999999999999999999999 925-12999999999999999999999
 20 24 25 24 20 14  7  0 -5 -9-11-10 -6 -2  3  6  8  9  8  7  7  8  9 1225 115SA 2 4 251640  99999999999999910 6-111937  799999999999999
 16 19 22 23 21 17 11  4 -2 -6 -9-10 -8 -4  0  4  7  8  7  6  6  6  6  825 116SA 251 2317 4  8999999999999991044-102039  699999999999999
 10 14 18 20 20 18 13  7  2 -3 -7 -9 -8 -5 -2  2  5  7  7  6  5  4  4  525 117SA 335 201730  7999999999999991118 -92149  499999999999999
  6  9 12 15 17 16 13  9  4  0 -4 -6 -7 -5 -2  1  4  6  7  6  5  4  3  325 118SA 416 171756  7999999999999991146 -723 2  399999999999999
  3  5  7 10 12 12 11  9  5  2 -1 -3 -4 -4 -2  1  4  6  7  7  6  4  3  225 119SA 457 121820  79999999999999912 7 -4999999999999999999999
  1  2  3  5  7  8  8  7  5  3  0 -1 -2 -2  0  2  4  6  8  8  7  6  4  225 120SA 542  81842  899999999999999 012  11216 -299999999999999
  1  0  0  1  2  4  5  5  4  3  1  1  0  1  2  3  5  7  9  9  9  8  6  325 121SA 639  519 5  999999999999999 126  012 4  099999999999999
  1  0 -1 -2 -1  0  1  2  2  2  2  2  2  2  3  5  7  8 10 11 11 10  8  625 122SA1933 11999999999999999999999 246 -2999999999999999999999
  3  1 -1 -3 -3 -3 -2 -1  0  1  2  2  3  4  5  6  7  9 11 12 12 12 11  925 123SA2011 12999999999999999999999 4 7 -3999999999999999999999
  6  3  0 -2 -4 -5 -5 -4 -2  0  1  3  4  5  6  7  8  9 11 12 13 14 13 1225 124SA21 3 14999999999999999999999 513 -5999999999999999999999
 10  6  3 -1 -4 -6 -7 -6 -5 -3  0  2  4  5  6  7  8  9 10 12 14 15 15 1525 125SA22 3 15999999999999999999999 6 6 -7999999999999999999999
 13 10  6  2 -2 -6 -8 -9 -8 -5 -2  1  3  5  6  7  8  8  9 11 13 15 16 1725 126SA23 3 17999999999999999999999 652 -9999999999999999999999
 16 14 11  6  1 -4 -8-10-10 -9 -5 -2  2  4  6  7  7  7  8  9 11 13 16 1825 127SA2359 18999999999999999999999 735-10999999999999999999999
 18 17 15 10  5 -1 -7-11-12-12 -9 -5 -1  3  5  6  6  6  6  7  8 10 13 1725 128SA9999999999999999999999999999 817-13999999999999999999999
 19 20 18 15  9  2 -4 -9-13-14-13 -9 -4  0  3  5  6  5  4  4  5  7 10 1325 129SA 050 201544  699999999999999 857-141835  499999999999999
 17 20 20 18 13  7  0 -7-12-15-15-13 -8 -3  1  4  5  4  3  2  2  3  5  825 130SA 140 201558  599999999999999 936-151937  299999999999999
 13 17 20 20 17 11  4 -3 -9-13-15-15-11 -6 -1  3  5  4  3  1  0 -1  0  325 131SA 230 201619  5999999999999991015-152047 -199999999999999
  7 12 16 18 18 14  9  2 -4 -9-13-14-12 -8 -3  2  5  5  4  1 -1 -3 -3 -325 2 1SA 322 181644  5999999999999991052-1422 1 -399999999999999
  0  4  9 13 15 14 11  6  0 -5 -8-11-11 -8 -3  1  5  6  6  3  0 -3 -5 -625 2 2SA 416 151712  6999999999999991128-112314 -699999999999999
 -5 -3  1  6  9 11 10  8  4  0 -4 -6 -7 -6 -3  1  5  8  8  6  3 -1 -4 -625 2 3SA 516 111742  89999999999999912 1 -7999999999999999999999
 -8 -8 -5 -2  2  5  7  6  5  2  0 -1 -2 -2 -1  2  6  9 10 10  7  4  0 -425 2 4SA 625  71817 1099999999999999 026 -81227 -299999999999999
 -7 -9 -9 -8 -5 -2  1  2  3  3  2  2  2  2  2  4  7  9 12 12 11  9  5  125 2 5SA 8 6  31857 1299999999999999 145 -91227  299999999999999
 -3 -7 -9-11-10 -8 -6 -3 -1  1  2  3  4  4  5  6  8 10 12 14 14 13 10  725 2 6SA1948 14999999999999999999999 316-11999999999999999999999
  3 -2 -6 -9-11-12-11 -8 -5 -2  0  2  4  6  7  7  8 10 12 13 15 16 15 1225 2 7SA2054 16999999999999999999999 448-12999999999999999999999
  9  4 -1 -5 -9-12-13-12-10 -6 -3  0  3  5  7  7  8  9 10 12 14 16 17 1625 2 8SA22 9 17999999999999999999999 6 3-13999999999999999999999
 14 10  6  0 -5 -9-12-14-13-10 -6 -2  1  4  6  7  7  8  8  9 11 14 16 1825 2 9SA2320 18999999999999999999999 7 3-14999999999999999999999
 17 15 11  6  0 -5-10-13-14-12 -9 -5 -1  3  5  6  6  6  6  6  8 10 14 1725 210SA9999999999999999999999999999 751-14999999999999999999999
 18 18 15 11  5 -1 -6-11-13-14-11 -7 -3  1  4  5  5  4  4  4  4  6 10 1325 211SA 022 181521  599999999999999 833-141825  499999999999999
 17 18 17 14  9  3 -3 -8-12-14-13 -9 -5 -1  3  4  4  3  2  1  1  2  5  925 212SA 115 181526  499999999999999 9 9-141927  199999999999999
 13 16 17 16 12  7  0 -5-10-12-13-11 -7 -2  1  4  4  3  1  0 -1 -1  1  425 213SA 2 2 171543  499999999999999 941-132021 -199999999999999
  8 12 14 15 13  9  3 -2 -7-10-12-11 -8 -4  0  3  4  3  1 -1 -2 -3 -3 -125 214SA 244 1516 2  49999999999999910 9-122113 -399999999999999
  3  7 10 12 12  9  5  0 -4 -8-10-10 -8 -4 -1  3  4  4  2 -1 -3 -4 -5 -425 215SA 325 121622  4999999999999991033-1022 2 -599999999999999
 -2  2  5  8  9  8  6  2 -2 -5 -7 -8 -7 -4 -1  3  5  5  3  1 -2 -4 -6 -625 216SA 4 5  91641  5999999999999991051 -82252 -699999999999999
 -5 -3  1  4  6  6  5  2 -1 -3 -5 -5 -5 -3  0  3  5  6  5  3  0 -3 -5 -725 217SA 447  61658  69999999999999911 0 -52342 -799999999999999
 -7 -6 -3 -1  2  3  3  2  0 -2 -3 -3 -2 -1  1  4  6  7  7  5  2 -1 -4 -625 218SA 532  31716  7999999999999991055 -3999999999999999999999
 -7 -7 -6 -4 -2  0  1  1  0 -1 -1 -1  0  1  3  5  7  8  8  7  5  2 -1 -325 219SA 629  11737  899999999999999 038 -71013 -199999999999999
 -6 -7 -7 -7 -5 -4 -2 -1 -1 -1  0  0  1  2  4  6  8  9  9  9  8  5  2  025 220SA18 6  9999999999999999999999 142 -7999999999999999999999
 -3 -5 -7 -8 -7 -6 -5 -3 -2 -1  0  1  2  3  5  6  8  9 10 10 10  8  6  325 221SA1849 10999999999999999999999 3 3 -8999999999999999999999
  0 -3 -5 -7 -8 -8 -7 -6 -4 -3 -1  1  2  4  5  6  7  8 10 10 11 10  9  725 222SA1956 11999999999999999999999 431 -8999999999999999999999
  4  1 -2 -6 -8-10-10 -9 -7 -5 -2  0  2  3  5  6  6  7  8 10 11 12 11 1025 223SA2124 12999999999999999999999 539-10999999999999999999999
  8  5  1 -3 -7-10-11-11-10 -7 -4 -1  1  3  4  5  5  6  7  8 10 11 13 1325 224SA2242 13999999999999999999999 631-12999999999999999999999
 12  9  5  1 -4 -9-12-14-13-11 -7 -4  0  2  3  3  3  4  4  5  7  9 12 1425 225SA2345 14999999999999999999999 715-14999999999999999999999
 14 13 10  5 -1 -7-11-15-16-14-11 -6 -2  1  2  3  2  1  1  1  3  6  9 1325 226SA1442  3999999999999999999999 755-161756  199999999999999
 15 16 14  9  4 -3 -9-13-16-16-14 -9 -4  0  2  2  1  0 -2 -2 -2  0  4  925 227SA 042 161445  299999999999999 832-1719 3 -299999999999999
 13 16 16 13  8  2 -5-10-14-16-15-11 -6 -2  2  3  2 -1 -3 -5 -6 -5 -3  225 228SA 137 1615 0  399999999999999 9 9-1620 7 -699999999999999
  7 12 15 15 12  7  0 -6-11-14-15-12 -8 -2  2  4  4  1 -3 -6 -8 -9 -9 -625 3 1SA 232 151522  499999999999999 945-152110-1099999999999999
  0  5 10 13 13 10  5 -1 -6 -9-11-11 -7 -3  2  5  6  4  0 -4 -8-11-12-1225 3 2SA 328 131548  6999999999999991019-112212-1399999999999999
 -8 -3  3  8 10 10  7  3 -1 -4 -6 -7 -6 -2  3  7  9  8  5  0 -5 -9-13-1425 3 3SA 426 101617  9999999999999991051 -72315-1499999999999999
-14-10 -5  0  4  6  6  5  2  0 -2 -3 -2  0  4  7 10 11  9  5  0 -5 -9-1325 3 4SA 531  71650 11999999999999991116 -3999999999999999999999
-15-14-12 -8 -3  0  3  3  3  2  1  1  1  3  5  8 11 13 12 10  6  1 -4 -825 3 5SA 654  31728 1399999999999999 021-151119  199999999999999
-12-14-14-13-10 -6 -3 -1  1  2  2  3  4  5  6  8 11 13 14 13 11  7  3 -225 3 6SA1815 14999999999999999999999 136-14999999999999999999999
 -6-10-13-14-13-11 -8 -5 -3 -1  1  3  5  6  7  8 10 11 13 14 14 12  9  525 3 7SA1917 14999999999999999999999 3 9-14999999999999999999999
  1 -4 -8-11-13-13-12-10 -7 -4 -1  2  4  6  7  7  8  9 11 12 14 14 13 1025 3 8SA2041 14999999999999999999999 444-13999999999999999999999
  7  3 -2 -6-10-12-13-12-10 -6 -3  0  3  4  6  6  6  7  8  9 11 13 14 1325 3 9SA2211 14999999999999999999999 559-13999999999999999999999
 11  8  4 -1 -5 -9-12-13-12 -9 -5 -2  1  3  4  5  5  4  5  6  8 10 12 1425 310SA2324 14999999999999999999999 654-13999999999999999999999
 14 12  8  4 -1 -6-10-12-12-10 -7 -3  0  3  4  4  3  2  2  2  3  6  9 1225 311SA1425  4999999999999999999999 736-121816  299999999999999
 13 13 11  7  2 -2 -7-10-12-11 -8 -4 -1  2  3  3  2  1  0 -1  0  1  5  825 312SA 023 141420  499999999999999 810-1219 7 -199999999999999
 11 13 12  9  5  0 -4 -8-10-11 -9 -5 -1  2  4  4  2  0 -2 -3 -4 -3  0  425 313SA 112 131430  499999999999999 839-111951 -499999999999999
  8 11 12 10  7  3 -2 -6 -9-10 -9 -6 -2  2  4  4  3  0 -2 -5 -6 -6 -4 -125 314SA 156 121444  499999999999999 9 3-102031 -699999999999999
  4  7 10 10  8  4  0 -4 -6 -8 -8 -5 -2  2  4  5  4  2 -2 -5 -7 -8 -7 -525 315SA 238 1015 1  599999999999999 924 -82111 -899999999999999
 -1  3  7  8  8  5  2 -1 -4 -6 -6 -4 -1  2  5  6  6  3  0 -4 -7 -9-10 -825 316SA 319  81517  699999999999999 940 -62150-1099999999999999
 -5 -1  3  5  6  6  3  0 -2 -3 -4 -3  0  3  6  7  7  6  2 -2 -6 -8-10-1025 317SA 4 1  61533  899999999999999 950 -42231-1099999999999999
 -8 -5 -1  2  4  5  3  2  0 -1 -1 -1  1  4  7  8  9  8  5  1 -3 -7 -9-1025 318SA 444  51550  999999999999999 949 -12314-1099999999999999
-10 -8 -4 -1  1  3  3  2  1  1  1  1  3  5  7  9 10 10  8  4  0 -4 -7 -925 319SA 532  316 9 1099999999999999 924  0999999999999999999999
-10 -9 -7 -4 -2  0  1  2  1  1  2  3  4  6  8 10 11 11 10  7  4  0 -3 -625 320SA1633 11999999999999999999999 0 2-10999999999999999999999
 -8 -9 -8 -6 -4 -2 -1  0  1  2  2  4  5  6  8 10 11 12 11  9  7  4  1 -325 321SA17 3 12999999999999999999999 059 -9999999999999999999999
 -5 -7 -8 -8 -7 -5 -3 -2  0  1  2  4  5  6  8  9 10 11 11 11  9  7  4  125 322SA1747 11999999999999999999999 213 -8999999999999999999999
 -2 -5 -7 -8 -8 -7 -6 -4 -2  0  1  3  5  6  7  8  9 10 11 11 11 10  8  525 323SA19 2 11999999999999999999999 344 -8999999999999999999999
  2 -1 -4 -7 -9 -9 -9 -7 -5 -2  0  2  4  5  6  7  7  8  9 10 11 11 10  925 324SA2048 11999999999999999999999 5 0 -9999999999999999999999
  6  3 -1 -5 -8-10-11-10 -8 -5 -2  1  3  4  5  5  5  5  6  8  9 11 12 1225 325SA2219 12999999999999999999999 555-11999999999999999999999
 10  7  3 -2 -6-10-12-12-10 -7 -4  0  2  3  4  3  3  2  2  3  6  8 11 1325 326SA1340  42331 1399999999999999 639-121711  299999999999999
 13 11  7  3 -3 -7-11-13-12 -9 -5 -1  2  4  3  2  1 -1 -2 -1  0  3  8 1125 327SA1328  4999999999999999999999 719-131818 -299999999999999
 14 14 12  8  2 -3 -8-11-12-10 -7 -2  2  4  5  3  0 -3 -5 -6 -6 -3  1  625 328SA 035 141339  599999999999999 756-121918 -699999999999999
 11 14 14 12  7  2 -3 -7 -9 -9 -7 -2  2  6  7  6  2 -2 -6 -9-10-10 -7 -125 329SA 137 1414 0  799999999999999 832-102015-1199999999999999
  5 10 13 13 11  7  2 -2 -5 -6 -5 -2  3  7 10  9  6  1 -4 -9-12-14-13 -925 330SA 237 141426 1099999999999999 9 6 -62113-1499999999999999
 -3  3  8 12 12 10  6  3  0 -2 -2  0  4  9 12 13 11  7  1 -5-11-14-16-1525 331SA 338 121456 1399999999999999 938 -22210-1699999999999999
-11 -5  1  6  9 10  8  6  4  3  2  3  5  9 13 16 16 13  7  1 -6-11-15-1725 4 1SA 442 101531 169999999999999910 5  223 9-1799999999999999
-16-12 -6 -1  4  6  7  7  6  6  5  6  7 10 13 16 18 17 13  8  2 -4 -9-1325 4 2SA 558  71610 18999999999999991013  5999999999999999999999
-15-15-12 -7 -3  1  4  5  6  6  7  8  8 10 13 15 18 18 17 14  9  3 -2 -725 4 3SA1655 18999999999999999999999 014-15999999999999999999999
-11-13-13-11 -8 -4 -1  2  4  5  7  8  9 10 12 14 16 17 18 17 14 10  5  025 4 4SA1750 18999999999999999999999 128-13999999999999999999999
 -4 -8-10-11-10 -8 -5 -2  1  3  5  7  9  9 10 11 13 14 16 16 16 14 11  725 4 5SA19 2 16999999999999999999999 258-11999999999999999999999
  3 -2 -5 -8 -9 -9 -8 -5 -2  1  4  6  7  8  9  9 10 11 12 13 14 15 13 1125 4 6SA2036 15999999999999999999999 426 -9999999999999999999999
  8  4  0 -3 -6 -8 -8 -7 -4 -1  2  5  6  7  8  7  7  7  8  9 11 13 14 1325 4 7SA22 7 14999999999999999999999 534 -8999999999999999999999
 11  8  5  1 -3 -6 -7 -7 -5 -2  1  4  6  7  7  6  5  4  4  5  7  9 11 1325 4 8SA1324  72319 1399999999999999 624 -71743  499999999999999
 12 11  8  4  1 -3 -5 -6 -5 -3  1  4  6  7  6  5  4  2  1  1  3  5  8 1025 4 9SA1312  7999999999999999999999 7 1 -61833  199999999999999
 12 11  9  7  3  0 -3 -4 -4 -3  1  4  6  7  7  5  3  1 -1 -2 -1  1  4  725 410SA 017 121316  799999999999999 729 -51913 -299999999999999
 10 11 10  8  5  2 -1 -2 -3 -2  1  4  7  8  8  7  4  1 -2 -4 -4 -3  0  425 411SA 1 8 111327  999999999999999 752 -31949 -499999999999999
  7 10 10  9  7  4  2  0 -1 -1  2  5  8 10 10  8  5  1 -2 -5 -6 -6 -4  025 412SA 154 101340 1099999999999999 8 9 -12022 -699999999999999
  4  7  9 10  8  6  4  2  1  1  3  5  9 11 12 10  7  3 -1 -5 -7 -8 -7 -425 413SA 238 101356 1299999999999999 821  12056 -899999999999999
  1  5  8  9  9  7  5  4  3  3  4  7 10 12 13 13 10  6  1 -3 -6 -8 -8 -625 414SA 320  91414 1399999999999999 830  32132 -999999999999999
 -3  2  5  8  9  8  7  6  5  5  6  8 10 13 15 15 13  9  5  0 -4 -7 -9 -825 415SA 4 4  91434 1599999999999999 833  52210 -999999999999999
 -5 -1  3  6  8  8  8  7  6  6  7  9 11 14 16 16 15 12  8  3 -1 -5 -7 -825 416SA 450  81457 1699999999999999 821  62252 -899999999999999
 -7 -4  0  3  6  7  8  7  7  8  8 10 11 14 16 17 17 15 12  7  3 -1 -5 -725 417SA1522 179999999999999999999992339 -7999999999999999999999
 -7 -6 -3  0  3  5  7  7  7  8  9 10 12 14 15 17 17 16 14 11  7  3 -1 -425 418SA1552 179999999999999999999999999999999999999999999999999
 -6 -6 -4 -2  0  3  5  6  7  8  9 10 11 13 15 16 17 17 16 13 10  6  3 -125 419SA1627 17999999999999999999999 033 -6999999999999999999999
 -3 -5 -5 -4 -2  0  2  4  6  7  8 10 11 12 13 15 16 16 16 15 13 10  6  325 420SA1717 16999999999999999999999 139 -5999999999999999999999
  0 -3 -5 -5 -4 -3 -1  2  4  6  7  9 10 11 12 13 13 14 15 15 14 12 10  725 421SA1837 15999999999999999999999 256 -5999999999999999999999
  3  0 -3 -5 -5 -5 -3 -1  2  5  7  8  9  9 10 10 11 11 12 13 14 14 13 1125 422SA2023 14999999999999999999999 4 7 -5999999999999999999999
  7  4  0 -3 -5 -6 -5 -3  0  3  6  8  8  8  8  7  7  7  8 10 12 14 14 1425 423SA1226  822 0 1499999999999999 5 3 -61613  799999999999999
 11  8  4  1 -2 -4 -5 -4 -1  3  6  8  9  8  7  5  4  3  3  5  7 11 13 1525 424SA12 4  92321 1599999999999999 549 -51726  399999999999999
 14 12  9  5  2 -1 -3 -3 -1  2  6  9 11 10  8  5  2  0 -2 -1  1  5  9 1325 425SA1213 11999999999999999999999 631 -31823 -299999999999999
 15 15 14 10  7  3  1 -1  0  3  7 11 13 13 11  7  3 -2 -5 -6 -6 -3  2  825 426SA 035 161234 1499999999999999 7 9 -11919 -699999999999999
 12 15 16 14 11  8  5  3  3  5  8 12 16 17 16 12  6  0 -5 -8-10 -9 -6  025 427SA 145 1613 2 1799999999999999 745  32014-1099999999999999
  7 12 15 16 15 12 10  8  7  7 10 14 18 20 21 18 13  6 -1 -7-11-13-11 -725 428SA 251 161336 2199999999999999 817  721 9-1399999999999999
 -1  5 11 14 15 14 13 11 10 10 11 14 18 22 24 23 19 13  6 -1 -7-11-13-1225 429SA 357 151415 2499999999999999 843 1022 6-1399999999999999
 -8 -2  5 10 13 14 14 13 13 13 13 15 18 22 25 26 25 20 14  6  0 -6-11-1225 430SA 510 141458 2699999999999999 847 1323 4-1299999999999999
-11 -7 -2  4  8 11 13 13 13 14 14 15 17 20 24 26 27 25 20 14  8  1 -4 -825 5 1SA1546 279999999999999999999999999999999999999999999999999
-10 -9 -6 -1  3  7 10 11 12 13 14 15 16 18 21 24 25 26 24 20 15  9  3 -225 5 2SA1639 26999999999999999999999 0 7-10999999999999999999999
 -5 -7 -6 -4 -1  3  6  9 11 12 13 14 15 16 18 20 22 23 24 22 19 15 10  525 5 3SA1740 24999999999999999999999 117 -7999999999999999999999
  1 -2 -4 -4 -3  0  3  6  9 11 12 13 14 15 15 16 17 19 20 21 20 18 15 1125 5 4SA1852 21999999999999999999999 233 -4999999999999999999999
  7  3  0 -1 -2 -1  1  4  7 10 11 13 13 13 13 13 13 14 16 17 18 18 16 1425 5 5SA2019 18999999999999999999999 345 -2999999999999999999999
 11  8  5  2  1  0  1  3  6  9 11 12 13 13 12 11 10 10 11 13 14 15 16 1525 5 6SA12 8 132147 1699999999999999 445  01636 1099999999999999
 13 11  8  6  4  2  2  4  6  9 11 13 13 13 12 10  8  7  7  8 10 12 14 1425 5 7SA1154 1323 5 1499999999999999 530  21740  799999999999999
 14 12 11  8  6  5  4  5  7  9 12 14 14 14 12 10  7  6  4  5  6  8 11 1325 5 8SA1156 14999999999999999999999 6 2  41825  499999999999999
 13 13 12 10  9  7  6  6  8 10 13 15 16 15 13 10  7  5  3  2  3  5  8 1125 5 9SA 013 1412 5 1699999999999999 623  619 1  299999999999999
 13 13 13 12 11  9  8  8  9 11 14 16 17 17 15 12  8  5  2  0  0  2  5  825 510SA 113 131218 1799999999999999 635  81933  099999999999999
 11 13 14 13 12 11 10 10 11 13 15 18 19 19 18 15 10  6  2 -1 -2 -1  2  625 511SA 2 4 141236 1999999999999999 642 1020 4 -299999999999999
  9 12 14 15 14 13 12 12 13 14 16 19 21 22 21 18 13  9  4  0 -2 -2 -1  325 512SA 250 151258 2299999999999999 650 122038 -399999999999999
  7 11 14 15 15 14 14 13 14 15 17 20 22 23 23 21 17 12  7  2 -1 -3 -2  025 513SA 333 151324 2399999999999999 7 0 132115 -399999999999999
  4  9 12 15 16 15 15 15 15 16 17 20 22 24 25 24 21 16 11  6  1 -2 -3 -125 514SA 417 161354 2599999999999999 7 5 152155 -399999999999999
  2  6 10 13 15 16 15 15 16 16 18 20 22 24 26 25 24 20 15 10  5  1 -2 -225 515SA1426 269999999999999999999992239 -2999999999999999999999
  0  3  7 11 13 15 15 15 16 16 17 19 21 23 25 26 25 23 19 14  9  4  1 -125 516SA15 1 269999999999999999999992326 -1999999999999999999999
 -1  1  4  8 11 13 14 15 15 16 17 18 20 22 24 25 25 24 21 17 13  8  4  125 517SA1540 269999999999999999999999999999999999999999999999999
  0  0  2  5  8 11 13 14 15 16 17 18 19 20 22 24 24 24 23 20 16 12  8  425 518SA1624 25999999999999999999999 018 -1999999999999999999999
  1  0  1  2  5  8 11 13 14 15 16 17 17 18 20 21 22 23 23 21 19 15 11  725 519SA1721 23999999999999999999999 113  0999999999999999999999
  4  2  1  1  3  6  9 11 13 14 15 16 16 16 17 18 19 20 21 21 20 18 15 1125 520SA1839 21999999999999999999999 212  1999999999999999999999
  8  5  3  2  2  4  7 10 13 14 15 15 15 15 14 14 15 16 17 19 20 19 18 1525 521SA1039 152014 2099999999999999 3 9  21441 1499999999999999
 12  9  6  5  4  4  7 10 13 15 16 16 15 14 12 11 10 11 12 14 17 18 19 1825 522SA1026 162153 1999999999999999 4 2  41616 1099999999999999
 16 14 11  9  7  6  8 10 13 16 18 19 17 15 12  9  7  6  6  8 11 15 18 1925 523SA1041 192326 1999999999999999 449  61722  699999999999999
 19 18 15 13 11 10 10 12 15 18 21 22 21 18 15 10  6  3  2  2  5  9 13 1725 524SA11 6 22999999999999999999999 531 101819  299999999999999
 20 20 19 18 16 14 14 14 16 20 23 25 26 24 19 14  8  3  0 -2 -1  2  7 1225 525SA 052 201138 2699999999999999 6 8 141915 -299999999999999
 17 20 21 21 19 18 17 17 18 21 24 28 30 29 26 21 14  7  1 -3 -5 -4  0  625 526SA 2 9 211217 3099999999999999 639 172011 -599999999999999
 12 17 20 22 22 21 20 20 20 22 25 29 32 33 32 28 21 14  7  1 -4 -6 -4  025 527SA 320 2213 2 3399999999999999 7 0 2021 7 -699999999999999
  6 12 17 20 22 22 21 21 21 22 24 28 32 34 35 34 29 22 14  7  1 -3 -5 -425 528SA 429 221352 3599999999999999 655 2122 3 -599999999999999
  0  6 12 17 20 21 21 21 22 22 24 26 29 33 36 36 34 29 22 15  8  2 -2 -325 529SA1444 3699999999999999999999923 0 -3999999999999999999999
 -2  2  7 12 16 19 20 21 21 22 22 24 26 30 33 35 36 33 29 22 16  9  4  025 530SA1538 369999999999999999999992357 -1999999999999999999999
 -1  0  4  8 13 16 18 19 20 21 21 22 23 26 29 31 33 33 31 27 22 16 10  625 531SA1634 349999999999999999999999999999999999999999999999999
  3  2  3  6 10 13 16 18 19 20 20 21 21 22 24 26 29 30 30 28 25 20 16 1125 6 1SA1732 30999999999999999999999 055  2999999999999999999999
  8  6  5  6  8 11 14 17 18 19 20 20 20 20 20 21 23 25 26 26 25 23 19 1625 6 2SA1835 27999999999999999999999 152  5999999999999999999999
 12 10  8  8  9 11 14 16 18 19 20 20 19 19 18 18 19 20 21 23 23 22 20 1825 6 3SA1016 201949 2399999999999999 246  81441 1899999999999999
 16 13 12 11 11 12 14 16 18 20 21 20 20 18 17 16 15 16 17 18 19 20 20 1925 6 4SA1014 212116 2099999999999999 331 101612 1599999999999999
 18 16 15 14 13 14 15 17 19 21 22 22 21 19 17 15 13 13 13 14 16 17 18 1925 6 5SA1023 222254 1999999999999999 4 4 131716 1399999999999999
 18 18 17 16 16 16 17 18 20 22 24 24 23 21 18 15 13 11 10 11 13 15 17 1825 6 6SA1036 24999999999999999999999 422 1618 2 1099999999999999
 19 19 19 18 18 18 19 20 22 24 25 26 25 23 20 17 13 10  9  9 10 12 15 1725 6 7SA 038 191053 2699999999999999 424 181838  999999999999999
 19 20 20 20 20 20 20 21 23 25 27 28 28 26 23 19 15 11  8  7  8 10 13 1625 6 8SA1115 289999999999999999999991911  7999999999999999999999
 19 20 21 21 21 21 22 23 24 26 28 30 30 29 26 22 18 13  9  7  6  8 11 1425 6 9SA1144 309999999999999999999991946  6999999999999999999999
 18 20 22 22 23 22 23 23 25 27 29 31 32 32 30 26 21 16 11  8  6  6  8 1225 610SA1218 329999999999999999999992024  6999999999999999999999
 16 19 22 23 23 23 23 24 25 26 29 31 33 34 33 30 26 20 15 10  7  5  6  925 611SA1256 3499999999999999999999921 4  5999999999999999999999
 13 17 21 23 24 24 24 24 24 26 28 31 33 35 35 33 30 25 19 13  9  6  5  725 612SA1337 359999999999999999999992147  5999999999999999999999
 10 15 18 21 23 24 24 24 24 25 27 29 32 34 35 35 33 28 23 17 12  8  6  625 613SA1418 359999999999999999999992231  5999999999999999999999
  8 11 15 19 22 23 23 23 23 24 25 27 30 32 34 35 34 31 27 21 16 11  7  625 614SA15 1 359999999999999999999992316  5999999999999999999999
  6  9 12 16 19 22 22 23 23 23 24 25 27 30 32 34 34 33 30 25 19 14 10  725 615SA1545 349999999999999999999999999999999999999999999999999
  6  7 10 13 17 20 22 22 22 22 23 24 25 26 29 31 32 33 31 27 23 18 14 1025 616SA1635 33999999999999999999999 0 1  6999999999999999999999
  8  7  9 11 15 18 21 22 22 22 22 22 22 23 25 27 29 30 30 29 26 22 18 1425 617SA1734 30999999999999999999999 047  7999999999999999999999
 11  9  9 11 14 17 20 22 23 23 22 21 21 20 21 22 24 26 27 28 27 24 21 1825 618SA 812 231848 2899999999999999 132  913 3 2099999999999999
 15 13 12 12 14 17 20 23 24 25 24 22 20 19 18 18 19 20 23 25 26 25 24 2225 619SA 835 252019 2699999999999999 216 121444 1899999999999999
 20 18 16 16 16 18 21 24 26 27 27 25 22 19 17 15 14 15 17 19 22 24 25 2425 620SA 9 3 2722 7 2599999999999999 3 0 1616 6 1499999999999999
 23 22 21 20 20 21 23 26 28 30 30 29 26 22 18 14 12 11 11 13 17 20 23 2525 621SA 936 31999999999999999999999 340 201715 1099999999999999
 25 25 25 24 23 24 25 27 30 33 34 34 31 27 22 17 13  9  7  8 11 15 19 2325 622SA 0 6 251015 3499999999999999 415 231817  799999999999999
 25 27 27 27 27 26 27 29 31 34 37 38 37 34 28 22 16 11  7  5  6  9 14 1925 623SA 153 2711 2 3899999999999999 439 261916  599999999999999
 23 26 28 28 28 28 29 29 31 34 38 40 41 40 36 30 23 16 10  6  4  5  8 1425 624SA1154 419999999999999999999992012  4999999999999999999999
 19 24 27 28 29 29 29 29 31 33 36 40 43 43 42 37 31 23 16 10  6  4  5  925 625SA1250 4399999999999999999999921 7  4999999999999999999999
 14 20 24 27 28 29 28 29 29 31 34 37 41 44 45 43 38 31 24 16 10  6  5  625 626SA1347 4599999999999999999999922 0  5999999999999999999999
 10 16 21 25 27 28 28 28 28 29 31 33 37 41 44 44 42 37 30 23 17 11  7  625 627SA1442 459999999999999999999992250  6999999999999999999999
  8 12 17 22 25 27 27 27 27 27 28 30 33 36 40 42 43 40 35 29 22 17 12  925 628SA1535 439999999999999999999992338  9999999999999999999999
  9 11 15 19 23 25 26 26 26 26 26 27 28 31 35 38 40 40 37 32 27 22 17 1325 629SA1627 409999999999999999999999999999999999999999999999999
 11 12 14 17 21 24 26 26 26 25 25 25 25 27 29 32 35 36 35 33 29 25 21 1825 630SA 655 261718 3699999999999999 022 111054 2599999999999999
 15 14 15 17 20 23 25 27 27 26 25 25 24 24 25 27 29 31 32 31 29 27 24 2125 7 1SA 729 271812 3299999999999999 1 2 141232 2499999999999999
 19 17 17 19 21 23 26 27 28 27 26 25 24 23 22 23 24 26 27 28 28 27 25 2325 7 2SA 759 281916 2899999999999999 135 1714 0 2299999999999999
 22 21 20 21 22 24 26 28 29 29 28 26 25 23 21 21 21 22 23 24 25 25 25 2425 7 3SA 825 292046 2599999999999999 156 201524 2199999999999999
 24 23 23 23 24 26 28 29 30 31 30 29 26 24 22 20 19 19 20 21 23 24 25 2525 7 4SA 849 31999999999999999999999 154 231634 1999999999999999
 25 25 25 26 26 28 29 31 32 33 33 31 29 26 23 21 18 17 17 18 20 22 24 2525 7 5SA 915 339999999999999999999991727 17999999999999999999999
 26 26 27 27 28 29 30 32 34 35 35 34 32 29 26 22 19 17 16 16 18 20 23 2525 7 6SA 948 359999999999999999999991811 16999999999999999999999
 26 27 28 29 29 30 31 33 35 36 37 37 36 33 30 25 21 18 16 15 16 18 21 2425 7 7SA1027 379999999999999999999991852 15999999999999999999999
 26 28 29 29 30 30 31 33 35 37 38 39 39 37 34 29 25 20 17 15 15 16 19 2225 7 8SA1112 399999999999999999999991933 14999999999999999999999
 25 28 29 30 30 30 31 32 34 36 38 40 41 40 38 34 29 23 19 15 14 14 17 2025 7 9SA1159 419999999999999999999992015 14999999999999999999999
 24 27 29 30 30 30 31 31 33 35 37 40 42 42 41 38 33 27 22 17 14 13 14 1725 710SA1247 429999999999999999999992057 13999999999999999999999
 21 25 28 30 30 30 30 30 31 33 35 38 41 43 43 41 37 31 25 20 15 12 12 1425 711SA1332 439999999999999999999992138 12999999999999999999999
 18 22 26 28 30 30 29 29 29 31 33 36 39 42 43 43 40 35 29 23 18 14 12 1225 712SA 429 301417 4499999999999999 647 292219 1199999999999999
 15 19 23 27 29 29 29 28 28 29 30 32 35 39 42 43 42 38 33 27 21 16 13 1225 713SA 452 2915 3 4399999999999999 739 282258 1299999999999999
 13 16 21 25 28 29 29 28 27 27 27 29 31 35 38 41 41 40 36 31 25 20 16 1325 714SA 518 291551 4199999999999999 844 272337 1399999999999999
 13 15 19 23 27 29 29 28 27 26 26 26 27 29 33 36 38 39 37 33 29 24 20 1725 715SA 546 291644 39999999999999991016 26999999999999999999999
 15 16 18 22 26 29 30 30 28 27 25 24 24 25 27 30 33 35 36 34 31 28 24 2125 716SA 616 301745 3699999999999999 015 151147 2499999999999999
 19 19 20 23 26 29 31 32 31 29 26 24 23 22 22 24 27 30 32 33 32 30 28 2625 717SA 647 3219 0 3399999999999999 052 191311 2299999999999999
 24 23 23 25 27 30 33 34 34 32 30 27 24 21 20 20 21 24 26 29 30 31 30 2925 718SA 722 352042 3199999999999999 126 231434 2099999999999999
 28 27 27 28 29 32 34 37 37 37 34 31 27 24 20 18 17 18 20 23 26 29 30 3125 719SA 8 2 37999999999999999999999 153 271558 1799999999999999
 31 31 31 31 32 33 36 38 40 41 39 36 33 28 24 20 17 15 16 18 21 25 28 3025 720SA 850 419999999999999999999991715 15999999999999999999999
 32 32 33 33 34 35 36 39 41 43 43 42 39 34 29 24 19 16 14 14 16 20 24 2825 721SA 946 449999999999999999999991822 14999999999999999999999
 31 33 34 34 35 35 36 38 41 43 46 46 45 41 36 30 24 19 15 13 13 16 20 2525 722SA1049 469999999999999999999991922 13999999999999999999999
 29 32 33 34 34 35 35 37 39 42 45 48 48 47 43 38 31 24 19 14 12 13 16 2125 723SA1152 489999999999999999999992015 12999999999999999999999
 26 30 32 33 34 34 34 34 36 38 42 46 49 50 48 44 38 31 24 18 14 13 14 1825 724SA1252 5099999999999999999999921 4 13999999999999999999999
 22 27 31 32 33 33 32 32 33 35 38 42 46 49 50 48 43 37 30 23 18 14 14 1525 725SA 351 331348 5099999999999999 618 322148 1399999999999999
 20 24 28 31 32 32 31 31 31 31 33 37 41 45 48 49 46 41 35 28 22 18 15 1525 726SA 4 9 321439 4999999999999999 723 302229 1599999999999999
 18 22 26 30 32 32 31 30 29 29 30 32 35 40 44 46 46 43 38 32 26 22 18 1725 727SA 434 321528 4699999999999999 834 2923 6 1799999999999999
 18 21 25 29 31 32 32 30 29 28 28 28 31 34 38 41 43 42 39 35 30 25 22 2025 728SA 5 2 321614 4399999999999999 949 282338 1999999999999999
 20 21 24 28 31 32 32 31 29 28 27 27 27 29 32 36 38 39 38 35 32 28 25 2325 729SA 530 3317 0 39999999999999991058 27999999999999999999999
 22 23 25 28 31 33 33 33 31 29 27 26 26 26 28 30 33 35 35 34 32 30 28 2625 730SA 556 331749 3599999999999999 0 4 2212 4 2699999999999999
 25 26 27 29 32 33 35 34 33 31 29 27 26 25 25 27 28 30 32 32 31 30 29 2825 731SA 621 351850 3299999999999999 018 251311 2599999999999999
 28 28 29 31 33 35 36 36 35 34 31 29 27 25 24 24 25 27 28 29 30 30 30 3025 8 1SA 646 36999999999999999999999 010 281423 2499999999999999
 30 31 31 33 34 36 37 38 38 36 34 32 29 27 25 24 24 24 25 27 28 29 30 3125 8 2SA 715 389999999999999999999991541 23999999999999999999999
 31 32 33 34 35 37 38 39 39 39 38 35 33 30 27 24 23 23 23 25 26 28 30 3125 8 3SA 756 399999999999999999999991651 23999999999999999999999
 32 33 34 35 36 37 39 40 41 41 40 39 36 33 30 26 24 22 22 23 24 26 29 3125 8 4SA 851 419999999999999999999991748 22999999999999999999999
 32 33 34 35 36 37 38 40 41 42 43 42 40 37 34 30 26 23 21 21 22 24 27 3025 8 5SA 954 439999999999999999999991837 21999999999999999999999
 32 33 34 35 35 36 37 39 41 42 44 44 44 41 38 33 29 24 21 20 20 22 25 2825 8 6SA1054 449999999999999999999991921 20999999999999999999999
 31 33 34 35 35 35 36 37 39 41 44 45 46 45 42 37 32 27 22 19 18 19 22 2525 8 7SA1149 4699999999999999999999920 2 18999999999999999999999
 29 32 33 34 34 34 34 35 36 39 42 45 47 47 45 41 36 30 25 20 17 17 19 2225 8 8SA1238 479999999999999999999992041 17999999999999999999999
 27 30 33 34 33 33 32 32 33 35 39 42 46 48 47 45 40 34 28 22 18 16 16 1925 8 9SA 318 341325 4899999999999999 616 322118 1699999999999999
 24 28 31 33 33 32 31 30 30 32 34 38 42 46 48 47 43 38 32 25 20 17 16 1725 810SA 331 331413 4899999999999999 714 302154 1699999999999999
 21 26 30 33 33 32 30 29 28 28 30 33 37 42 45 47 45 41 36 29 24 20 17 1725 811SA 351 3315 2 4799999999999999 818 282230 1799999999999999
 20 24 29 32 34 34 31 29 27 26 26 28 31 36 40 43 44 43 39 33 28 24 21 2025 812SA 415 341554 4499999999999999 931 2623 5 2099999999999999
 21 24 28 32 35 35 34 31 28 26 24 24 25 29 33 38 40 41 40 36 32 29 26 2425 813SA 443 361651 41999999999999991042 242338 2399999999999999
 23 25 29 33 36 37 37 34 31 27 25 23 22 23 27 31 34 37 38 37 35 32 30 2825 814SA 513 381757 38999999999999991152 22999999999999999999999
 28 28 31 34 37 39 40 38 35 31 28 24 22 21 22 24 27 31 33 35 35 34 33 3225 815SA 547 401924 3599999999999999 0 8 2813 5 2199999999999999
 32 32 33 35 38 40 42 42 40 37 33 29 25 22 20 20 22 25 28 30 32 33 34 3425 816SA 627 42999999999999999999999 027 321428 2099999999999999
 35 35 36 37 39 41 43 44 44 42 39 35 30 26 23 20 19 20 22 25 28 31 33 3425 817SA 718 4499999999999999999999916 0 19999999999999999999999
 36 37 37 38 39 41 43 45 46 46 44 41 37 32 28 23 20 19 19 21 24 27 30 3325 818SA 824 469999999999999999999991723 19999999999999999999999
 35 37 37 38 39 40 41 44 46 47 48 46 43 39 34 29 24 20 18 18 20 24 27 3125 819SA 940 489999999999999999999991829 18999999999999999999999
 34 36 37 37 38 38 39 41 44 46 49 49 48 45 40 35 29 24 20 18 18 21 24 2825 820SA1053 499999999999999999999991924 18999999999999999999999
 32 34 36 36 36 36 36 38 40 43 47 49 50 49 46 41 34 28 23 19 18 19 22 2625 821SA1158 5099999999999999999999920 9 18999999999999999999999
 30 33 35 35 35 34 34 34 36 38 42 46 49 50 49 45 39 33 27 22 19 18 20 2425 822SA 247 351255 5099999999999999 555 342049 1899999999999999
 28 32 34 35 34 33 32 32 32 34 37 42 46 49 49 47 43 37 31 26 22 19 20 2325 823SA 255 351345 4999999999999999 7 0 322124 1999999999999999
 27 31 34 35 35 33 31 30 29 30 32 36 41 45 47 47 45 40 34 29 25 22 21 2225 824SA 313 351432 4799999999999999 8 0 292155 2199999999999999
 26 30 33 35 35 34 31 29 28 27 28 31 35 39 43 45 44 41 36 32 28 25 23 2325 825SA 335 361516 4599999999999999 856 272222 2399999999999999
 26 29 33 35 36 35 33 30 28 26 26 27 30 34 38 41 42 41 37 34 30 28 26 2525 826SA 357 361559 4299999999999999 949 262244 2599999999999999
 27 30 33 36 37 37 34 31 29 27 25 25 26 29 33 36 38 39 37 35 32 30 29 2825 827SA 419 371644 39999999999999991040 252255 2899999999999999
 29 31 34 36 38 38 37 34 31 28 26 25 25 26 29 32 34 36 36 34 33 32 31 3125 828SA 438 381733 36999999999999991131 242249 3199999999999999
 31 33 35 37 39 39 39 36 33 30 28 26 24 25 26 28 30 32 33 33 33 32 32 3325 829SA 458 391837 33999999999999991225 242147 3299999999999999
 33 34 36 38 40 40 40 39 36 34 31 28 26 25 25 26 27 29 31 32 32 33 33 3425 830SA 520 419999999999999999999991329 25999999999999999999999
 35 36 37 39 40 41 42 41 39 37 34 32 29 27 25 25 25 27 28 30 31 32 33 3425 831SA 552 429999999999999999999991449 25999999999999999999999
 35 36 38 39 40 41 42 42 41 40 38 35 32 30 27 25 25 25 26 27 29 31 32 3425 9 1SA 641 429999999999999999999991617 25999999999999999999999
 35 36 37 38 39 41 42 42 43 42 41 39 36 33 30 27 25 24 24 25 27 29 31 3325 9 2SA 755 439999999999999999999991726 23999999999999999999999
 35 36 37 38 38 39 40 42 43 43 43 42 40 37 33 29 26 23 22 22 24 26 29 3225 9 3SA 922 439999999999999999999991817 22999999999999999999999
 34 35 36 36 37 37 38 40 42 43 44 44 43 41 37 32 28 24 21 20 21 24 27 3025 9 4SA1034 459999999999999999999991859 20999999999999999999999
 33 34 35 35 35 35 36 37 39 42 44 46 46 44 40 36 30 25 21 19 19 21 24 2825 9 5SA1131 469999999999999999999991936 19999999999999999999999
 31 33 34 34 33 33 33 34 35 38 42 45 46 46 44 40 34 28 23 19 18 19 22 2625 9 6SA 215 341223 4799999999999999 535 332011 1899999999999999
 30 33 34 34 32 31 30 30 31 33 37 42 45 47 46 43 38 32 26 22 19 18 20 2425 9 7SA 217 341315 4799999999999999 636 302045 1899999999999999
 29 32 34 35 33 30 28 27 27 28 31 36 41 45 46 45 42 36 30 25 21 19 20 2325 9 8SA 231 3514 7 4699999999999999 737 262119 1999999999999999
 28 32 35 36 35 31 28 25 23 23 25 29 34 40 44 45 44 40 35 30 26 23 22 2425 9 9SA 252 3615 2 4599999999999999 839 232153 2299999999999999
 28 32 36 38 37 34 30 26 23 21 20 22 27 32 38 41 43 41 38 34 30 27 26 2625 910SA 318 381559 4399999999999999 941 202225 2699999999999999
 29 33 37 40 40 38 34 29 25 21 19 18 20 25 30 35 38 40 39 36 34 32 30 3025 911SA 347 4017 2 40999999999999991043 182253 3099999999999999
 31 34 38 41 43 42 39 35 29 25 21 18 18 19 23 27 32 35 36 36 35 34 34 3325 912SA 421 431818 36999999999999991148 1723 6 3399999999999999
 34 35 38 41 44 45 44 40 36 31 26 22 19 18 19 21 25 29 32 33 34 35 35 3625 913SA 5 0 4599999999999999999999913 1 18999999999999999999999
 36 37 39 41 44 45 46 45 41 37 33 28 24 20 19 19 20 23 26 29 31 33 35 3625 914SA 548 469999999999999999999991428 18999999999999999999999
 37 38 39 40 42 44 46 46 45 43 39 35 30 26 22 20 19 19 21 24 27 30 33 3525 915SA 652 4699999999999999999999916 5 19999999999999999999999
 37 38 38 39 40 42 44 45 46 46 44 41 37 32 28 24 20 19 19 21 24 27 30 3325 916SA 815 469999999999999999999991724 19999999999999999999999
 35 36 37 37 38 39 40 42 44 46 46 45 42 38 34 29 24 21 19 19 21 25 28 3125 917SA 944 469999999999999999999991824 19999999999999999999999
 34 35 36 36 35 35 36 38 40 43 46 46 45 43 39 34 29 24 21 19 20 23 26 3025 918SA1058 469999999999999999999991910 19999999999999999999999
 33 34 35 34 33 33 33 33 36 39 42 45 46 45 42 37 32 27 23 21 20 22 25 2925 919SA 151 351159 4699999999999999 542 331947 2099999999999999
 32 34 34 34 32 31 30 30 31 34 37 41 44 45 43 40 35 30 26 23 21 21 24 2825 920SA 148 341252 4599999999999999 638 302018 2199999999999999
 31 34 35 34 32 30 28 27 27 29 32 36 40 43 43 41 37 33 29 25 23 22 24 2725 921SA 2 0 351339 4399999999999999 727 272045 2299999999999999
 31 34 36 35 33 30 27 25 24 25 27 31 36 39 41 41 38 35 31 28 25 24 25 2725 922SA 217 361423 4199999999999999 812 2421 7 2499999999999999
 31 34 36 36 35 31 28 25 23 22 23 27 31 35 38 39 38 36 33 30 27 26 26 2825 923SA 235 3715 7 3999999999999999 855 222124 2699999999999999
 31 35 37 38 36 33 29 26 23 21 21 23 26 30 34 37 37 36 34 31 30 29 29 3025 924SA 254 381550 3799999999999999 936 212132 2899999999999999
 32 35 38 39 38 36 32 28 24 22 20 21 23 26 30 33 35 35 34 32 31 31 31 3225 925SA 311 391636 35999999999999991017 202125 3099999999999999
 33 36 38 40 40 38 35 31 27 23 21 20 21 23 27 30 32 33 33 33 32 32 32 3325 926SA 330 401727 349999999999999911 2 202048 3299999999999999
 35 37 39 40 41 40 37 34 30 26 23 21 21 22 24 27 29 31 32 32 32 32 33 3425 927SA 350 419999999999999999999991151 21999999999999999999999
 35 37 39 41 41 41 39 37 33 30 27 24 22 22 22 24 26 28 30 30 31 32 33 3425 928SA 415 419999999999999999999991250 22999999999999999999999
 35 37 39 40 41 41 41 39 36 33 30 27 25 23 22 23 24 25 27 28 30 31 32 3425 929SA 449 4199999999999999999999914 6 22999999999999999999999
 35 36 38 39 40 41 41 40 39 36 34 31 28 25 23 22 22 23 24 26 28 30 31 3325 930SA 538 419999999999999999999991538 22999999999999999999999
 34 36 37 37 38 39 40 40 40 39 37 34 31 28 25 22 21 21 21 23 25 28 30 322510 1SA 657 409999999999999999999991649 21999999999999999999999
 33 34 35 36 36 37 38 39 40 40 39 37 34 31 27 24 21 19 19 20 23 26 28 312510 2SA 838 409999999999999999999991738 19999999999999999999999
 32 33 33 33 34 34 35 36 38 39 40 39 37 34 30 26 22 19 18 18 20 23 27 302510 3SA10 1 409999999999999999999991818 18999999999999999999999
 31 32 32 31 31 31 31 32 35 37 39 41 40 37 34 29 25 21 18 17 18 21 25 292510 4SA 117 3211 8 4199999999999999 454 311854 1799999999999999
 31 32 31 30 28 27 27 27 30 33 37 40 41 40 37 33 28 23 20 18 18 20 24 282510 5SA 1 4 3212 8 4199999999999999 556 271929 1799999999999999
 31 33 32 30 27 25 23 23 24 27 31 36 39 41 40 37 32 27 23 20 19 20 24 282510 6SA 112 3313 8 4199999999999999 651 2220 2 1999999999999999
 32 34 35 32 28 24 21 19 18 20 24 29 35 39 40 39 36 32 28 24 22 22 24 282510 7SA 131 3514 8 4099999999999999 747 182035 2299999999999999
 33 36 37 36 32 27 21 17 15 15 17 21 28 33 37 39 38 35 32 29 26 25 26 292510 8SA 156 3715 8 3999999999999999 843 1421 6 2599999999999999
 34 38 40 40 37 31 25 20 15 12 12 14 20 26 31 35 37 36 34 32 30 29 29 312510 9SA 227 401611 3799999999999999 941 122132 2999999999999999
 34 38 42 43 42 37 31 25 19 14 11 11 13 18 24 29 33 34 34 33 32 32 32 33251010SA 3 2 431722 34999999999999991041 112139 3299999999999999
 35 38 42 44 45 43 38 32 25 20 15 12 11 13 17 22 26 30 31 32 32 33 33 34251011SA 342 459999999999999999999991145 11999999999999999999999
 35 38 41 43 45 45 43 38 33 27 22 17 14 13 14 16 20 24 27 29 31 32 33 34251012SA 430 459999999999999999999991258 13999999999999999999999
 35 37 39 41 43 45 44 42 39 34 29 24 19 16 14 14 16 19 22 25 28 30 32 33251013SA 527 459999999999999999999991425 14999999999999999999999
 34 35 36 38 40 41 43 43 42 39 35 31 26 22 18 16 15 16 18 21 25 27 30 32251014SA 639 439999999999999999999991553 15999999999999999999999
 33 34 34 35 35 37 39 40 41 41 39 36 32 28 23 20 17 16 17 19 22 25 28 30251015SA 8 9 4199999999999999999999917 4 16999999999999999999999
 31 32 32 32 32 32 34 36 38 39 39 38 36 32 28 24 20 18 17 18 20 24 27 29251016SA 939 409999999999999999999991756 17999999999999999999999
 31 31 31 30 29 28 29 30 33 35 37 38 37 35 31 27 24 20 18 18 20 23 26 29251017SA 054 311053 3899999999999999 5 9 281836 1899999999999999
 31 31 30 29 27 26 25 25 27 30 33 36 36 35 33 30 26 23 21 19 20 23 26 29251018SA 044 311155 3699999999999999 6 7 2519 7 1999999999999999
 31 32 31 29 26 24 22 22 23 25 29 32 34 35 34 31 28 25 23 21 21 23 26 29251019SA 050 321249 3599999999999999 653 221931 2199999999999999
 32 33 32 29 26 23 21 19 19 21 24 28 31 33 33 32 29 27 25 23 23 24 26 30251020SA 1 2 331337 3399999999999999 733 191948 2399999999999999
 32 34 33 31 28 24 20 18 17 17 20 24 28 31 32 32 31 28 26 25 24 25 27 30251021SA 118 341423 3299999999999999 8 9 171959 2499999999999999
 33 35 35 33 30 25 21 18 15 15 17 20 24 28 31 32 31 29 28 27 26 27 28 31251022SA 135 3515 7 3299999999999999 844 1520 2 2699999999999999
 34 36 36 35 32 28 23 19 16 14 14 17 21 25 28 30 31 30 29 28 27 28 29 31251023SA 154 361552 3199999999999999 919 141958 2799999999999999
 34 36 38 37 35 31 26 21 17 14 13 15 17 21 25 28 30 30 29 28 28 29 30 32251024SA 216 381639 3099999999999999 958 131945 2899999999999999
 34 37 38 38 37 34 29 24 20 16 14 14 15 18 22 25 27 28 29 28 29 29 30 32251025SA 240 389999999999999999999991040 14999999999999999999999
 34 36 38 39 38 36 32 28 23 19 16 15 15 16 19 22 24 26 27 28 28 29 30 31251026SA 3 7 399999999999999999999991128 14999999999999999999999
 33 35 37 38 38 37 35 31 27 23 19 17 15 15 17 19 21 23 25 26 27 28 29 31251027SA 338 389999999999999999999991223 15999999999999999999999
 32 34 35 37 37 37 36 33 30 26 23 19 17 15 15 17 18 20 22 24 25 27 28 30251028SA 414 379999999999999999999991329 15999999999999999999999
 31 32 33 35 35 36 35 34 32 29 25 22 19 17 15 15 16 17 20 22 24 25 27 28251029SA 5 1 369999999999999999999991443 15999999999999999999999
 29 30 31 32 33 34 34 34 33 31 28 25 22 19 16 15 14 15 17 19 22 24 26 27251030SA 613 349999999999999999999991548 14999999999999999999999
 28 28 29 29 30 30 31 32 32 32 30 28 24 21 18 15 14 14 15 17 20 23 25 26251031SA 752 329999999999999999999991639 14999999999999999999999
 27 27 26 26 26 26 27 29 30 31 31 30 28 24 21 18 15 14 14 16 19 22 25 272511 1SA 019 27 928 322345 279999999 359 261722 1499999999999999
 27 26 25 23 22 22 22 24 26 29 31 31 30 28 24 21 18 16 15 16 18 22 25 282511 2SA1050 312350 2899999999999999 5 8 2218 0 1599999999999999
 28 27 25 22 19 18 17 18 20 24 28 30 31 31 28 25 22 19 17 17 19 22 26 292511 3SA12 4 31999999999999999999999 6 2 171836 1799999999999999
 31 30 27 23 19 15 13 12 13 17 22 26 30 32 31 29 26 23 21 20 20 23 27 312511 4SA 0 8 311314 3299999999999999 654 121910 2099999999999999
 33 33 31 27 21 16 11  8  8 10 14 20 25 29 31 31 29 26 24 23 23 24 28 322511 5SA 035 341421 3199999999999999 748  81941 2399999999999999
 35 37 36 32 26 19 13  8  5  4  7 12 18 24 28 30 30 29 27 26 26 26 28 322511 6SA 1 9 371526 3199999999999999 843  420 4 2699999999999999
 36 39 40 38 33 26 19 12  7  3  3  6 11 17 23 27 29 29 28 28 27 28 29 322511 7SA 148 401635 2999999999999999 939  320 3 2799999999999999
 35 39 42 42 39 33 26 19 12  6  3  3  5 10 16 21 25 27 27 27 28 28 29 312511 8SA 232 429999999999999999999991039  2999999999999999999999
 34 37 41 42 42 39 33 26 19 13  8  4  4  6 10 15 19 23 25 26 27 27 28 292511 9SA 322 439999999999999999999991142  4999999999999999999999
 31 34 37 40 41 41 38 33 27 20 15 10  7  6  7 10 14 18 21 23 25 26 27 28251110SA 417 429999999999999999999991250  6999999999999999999999
 29 30 33 35 38 39 39 36 32 27 21 16 12  9  8  9 11 14 17 20 22 24 25 26251111SA 518 3999999999999999999999914 3  8999999999999999999999
 27 27 28 30 32 34 35 35 34 31 26 22 18 14 11 10 10 12 15 18 21 23 24 25251112SA 628 369999999999999999999991516 10999999999999999999999
 25 25 25 25 26 28 30 31 32 31 29 26 22 19 15 13 12 12 14 16 19 22 24 24251113SA 751 322341 25999999999999991617 12999999999999999999999
 25 24 23 22 22 22 24 26 27 28 28 27 24 22 19 16 14 13 14 16 19 21 24 25251114SA 919 282329 2599999999999999 4 1 2217 5 1399999999999999
 25 24 22 21 19 18 19 20 22 24 26 26 25 23 21 19 17 16 15 17 19 22 24 25251115SA1042 262334 2699999999999999 516 181740 1599999999999999
 25 24 22 20 18 16 15 15 17 20 22 24 24 24 22 21 19 18 17 18 19 22 25 26251116SA1158 242346 2799999999999999 610 1518 4 1799999999999999
 27 26 23 20 17 14 12 12 13 15 18 21 23 23 23 22 21 20 19 19 20 23 25 27251117SA13 4 23999999999999999999999 652 121816 1999999999999999
 28 27 25 22 18 14 11 10 10 12 15 18 21 23 23 23 22 21 20 21 22 24 26 28251118SA 0 2 281358 2399999999999999 726 101819 2099999999999999
 30 29 27 24 19 15 11  9  8  9 12 15 19 22 23 23 23 22 22 22 22 24 27 29251119SA 021 301445 2399999999999999 758  81820 2199999999999999
 31 31 30 27 22 17 12  9  7  7  9 12 16 20 22 23 23 23 22 22 23 24 27 29251120SA 044 311527 2499999999999999 831  71829 2299999999999999
 31 33 32 29 25 20 15 10  7  6  7  9 13 17 21 23 23 23 23 23 23 24 26 29251121SA 111 3316 9 2399999999999999 9 6  61839 2399999999999999
 31 33 33 32 28 24 18 13  9  6  6  7 10 14 18 21 22 23 23 23 23 24 26 28251122SA 142 33999999999999999999999 945  5999999999999999999999
 30 33 34 33 31 27 22 16 11  8  6  6  8 11 15 18 20 22 22 22 22 23 25 26251123SA 215 349999999999999999999991028  5999999999999999999999
 29 31 33 33 32 29 25 20 15 10  7  6  6  8 12 15 18 20 20 21 21 22 23 25251124SA 250 339999999999999999999991114  6999999999999999999999
 27 29 31 32 32 30 27 23 18 13  9  7  6  6  9 12 15 17 19 20 20 21 22 23251125SA 327 3299999999999999999999912 2  6999999999999999999999
 25 26 28 30 30 30 28 24 20 16 12  8  6  6  7  9 12 14 16 18 19 20 21 22251126SA 4 6 309999999999999999999991253  6999999999999999999999
 23 24 25 27 28 28 27 25 22 18 14 11  8  6  6  7  9 12 14 17 18 19 20 20251127SA 454 289999999999999999999991345  6999999999999999999999
 21 21 22 23 24 25 25 25 23 20 17 14 10  8  7  6  8 10 13 15 17 19 19 19251128SA 558 252233 19999999999999991437  6999999999999999999999
 19 19 19 19 19 21 22 23 23 21 19 16 13 11  9  8  8  9 12 15 17 19 20 19251129SA 727 2322 5 2099999999999999 2 4 191526  899999999999999
 18 17 16 15 15 15 17 19 20 21 21 19 17 14 12 10 10 10 12 15 18 20 21 21251130SA 910 212217 2299999999999999 356 151612 1099999999999999
 20 17 15 12 11 10 11 13 16 18 20 20 20 18 16 14 13 12 13 15 19 22 24 242512 1SA1050 202240 2499999999999999 5 2 101654 1299999999999999
 23 19 16 12  8  6  5  6  9 13 17 19 21 21 19 18 16 15 15 17 19 23 26 272512 2SA1222 212312 2799999999999999 558  51731 1599999999999999
 27 24 19 14  9  5  2  1  2  6 11 16 19 21 22 21 20 19 18 19 20 24 27 302512 3SA1344 222352 3199999999999999 653  118 2 1899999999999999
 31 29 25 19 13  6  1 -2 -3 -1  4  9 15 19 21 22 21 21 20 20 21 24 27 312512 4SA1455 22999999999999999999999 748 -31824 2099999999999999
 34 34 31 26 19 12  5 -1 -4 -5 -2  3  9 14 19 21 22 21 21 21 22 23 26 302512 5SA 037 3416 0 2299999999999999 843 -51831 2199999999999999
 34 36 36 33 27 19 11  4 -2 -5 -6 -3  2  8 14 18 20 21 20 20 21 22 24 272512 6SA 128 36999999999999999999999 940 -6999999999999999999999
 31 35 37 37 33 27 19 11  4 -1 -5 -5 -2  2  8 13 17 19 19 19 20 20 21 242512 7SA 221 379999999999999999999991036 -5999999999999999999999
 27 31 35 36 36 32 26 19 11  5  0 -3 -4 -1  3  8 13 16 17 18 18 18 19 202512 8SA 317 379999999999999999999991133 -4999999999999999999999
 22 26 29 32 34 33 30 24 18 11  6  1 -1 -1  1  5  9 12 15 16 17 17 17 182512 9SA 413 349999999999999999999991229 -2999999999999999999999
 19 20 23 26 29 30 29 26 22 16 11  7  3  1  1  3  6 10 13 15 16 16 16 16251210SA 510 309999999999999999999991324  1999999999999999999999
 16 16 18 20 22 24 25 25 22 19 15 11  8  5  4  4  6  9 11 14 16 16 16 16251211SA 611 252123 16999999999999991416  4999999999999999999999
 15 14 14 14 16 17 19 20 20 18 16 14 11  9  7  6  7  9 11 14 16 17 17 16251212SA 722 202137 1799999999999999 2 2 1415 2  699999999999999
 15 14 12 11 11 12 13 15 16 16 15 14 13 11 10  9  9 10 12 14 16 17 18 17251213SA 849 162156 1899999999999999 345 111538  999999999999999
 16 14 12 10  8  8  8  9 11 13 13 14 13 13 12 12 11 12 13 15 17 18 19 19251214SA1046 142216 1999999999999999 5 4  81558 1199999999999999
 18 15 13 10  7  5  5  5  7  9 11 12 13 13 13 13 13 13 14 16 18 19 21 21251215SA2237 21999999999999999999999 559  5999999999999999999999
 20 17 14 11  7  5  3  3  4  6  9 11 13 14 14 14 14 15 15 17 18 20 22 23251216SA23 2 23999999999999999999999 640  3999999999999999999999
 22 20 17 13  9  5  2  1  1  3  6  9 12 14 15 15 15 15 16 17 19 21 23 24251217SA2333 24999999999999999999999 713  1999999999999999999999
 24 23 20 15 11  6  2  0  0  1  4  7 10 13 15 15 16 16 16 17 19 21 23 25251218SA9999999999999999999999999999 746  0999999999999999999999
 26 25 23 19 14  9  4  0 -1 -1  1  5  8 12 14 15 16 16 16 16 18 20 22 24251219SA 0 9 26999999999999999999999 821 -1999999999999999999999
 26 27 25 22 18 12  7  2 -1 -2 -1  2  6 10 13 15 15 16 15 16 17 18 20 23251220SA 048 27999999999999999999999 858 -2999999999999999999999
 25 27 27 25 21 16 10  4  0 -3 -3 -1  2  7 10 13 14 15 15 15 15 16 18 21251221SA 129 27999999999999999999999 938 -3999999999999999999999
 24 26 27 26 24 19 13  7  2 -2 -4 -3 -1  3  7 11 13 14 14 14 14 15 16 18251222SA 2 9 279999999999999999999991018 -4999999999999999999999
 21 24 26 26 25 21 16 10  5  0 -3 -4 -3  0  4  8 11 12 13 13 13 13 14 15251223SA 248 269999999999999999999991058 -4999999999999999999999
 18 20 23 24 24 22 18 13  7  2 -1 -4 -4 -2  1  5  8 11 12 12 12 12 12 13251224SA 327 249999999999999999999991138 -4999999999999999999999
 14 16 19 21 22 21 19 15 10  5  1 -2 -4 -3 -1  3  6  9 11 12 11 11 11 11251225SA 410 2219 6 12999999999999991216 -42159 1199999999999999
 11 13 15 17 18 19 18 16 12  8  4  0 -2 -2 -1  1  5  8 10 12 12 11 10 10251226SA 459 191932 12999999999999991255 -2999999999999999999999
  9  9 10 12 14 15 16 15 13 10  7  4  1  0  0  1  4  7 10 12 13 12 11  9251227SA 6 2 161958 1399999999999999 021  91332  099999999999999
  8  7  6  7  8 10 12 13 12 11  9  7  5  4  3  3  5  8 10 13 14 14 13 11251228SA 726 132028 1599999999999999 2 8  614 9  399999999999999
  8  6  4  3  3  4  6  8 10 11 10 10  8  7  7  6  7  9 11 14 16 17 16 14251229SA 917 1121 2 1799999999999999 336  31444  699999999999999
 11  7  4  1 -1 -1  0  2  5  8 10 11 11 10 10 10 10 11 13 15 18 20 20 19251230SA1143 112143 2099999999999999 451 -11513 1099999999999999
 16 11  7  2 -2 -4 -5 -4 -1  3  6  9 11 12 13 13 13 13 14 16 19 22 23 23251231SA2230 24999999999999999999999 555 -5999999999999999999999
