134108 71 31  0-13 -7 22 6912116519320720719216613911810410211313415115525 1 1SB1231209225015599999999999999 511-14184110199999999999999
149130 99 57 18 -8-15 -1 35 87140179201210203182152125106 96 9911714015725 1 2SB13 6210233615999999999999999 549-151917 9599999999999999
158147125 90 47 10-10-10 10 51105156190207210198172139112 94 88 9611814325 1 3SB1344211999999999999999999999 631-121959 8899999999999999
158158146122 86 44 12 -3  1 25 69123169198210208190159124 97 81 78 9011625 1 4SB 029160142221199999999999999 717 -42044 7799999999999999
142157157146123 88 50 22 11 18 45 88137177201209201178143108 82 67 66 8325 1 5SB 13315915 220999999999999999 8 7 112131 6599999999999999
110137154157149128 98 66 42 33 41 65104146179197200188162126 91 65 52 5425 1 6SB 248158154220199999999999999 9 4 332221 5199999999999999
 73101130150159155140116 90 69 61 66 84115148174187186172145109 75 50 3825 1 7SB 41315916261899999999999999910 9 602317 3799999999999999
 42 60 90123148162166158141118 99 89 88 98118143164173170155129 94 61 3625 1 8SB 5491661714173999999999999991135 87999999999999999999999
 25 28 47 80116147169179179166147127112103104116135152159155141116 82 4925 1 9SB 727181181015999999999999999 017 24132510299999999999999
 24 12 15 36 72114150178194198189169146125110104111127143149146132107 7325 110SB 84819819 914999999999999999 119 11145710499999999999999
 39 13  0  5 29 6911615718720621220218115412911010110812413914514112610025 111SB 95321220 414599999999999999 216  016 410199999999999999
 64 28  2 -9 -1 28 73124166195213217205180152125106 9910812714214614012325 112SB1047218205114699999999999999 3 7 -91656 9999999999999999
 93 54 17 -6-13  0 34 84135174200214214198170141117101 9911313514914913925 113SB1133216213215199999999999999 351-131739 9899999999999999
119 85 44  8-11-11  8 48101149181201210205183154128108 9710212214515615225 114SB1212211221215699999999999999 432-131815 9799999999999999
139114 75 33  2-10 -4 21 67120162187201204191164135113 99 9410713215316025 115SB1245204225416099999999999999 510-111848 9499999999999999
153136107 65 25  0 -5  8 41 90140174193200196175144117 99 89 9211213915825 116SB1312200234216199999999999999 548 -51920 8899999999999999
161152132 98 56 21  5  6 25 64114158185197198185157125100 85 80 9011514325 117SB1336199999999999999999999999 626  31953 7999999999999999
158159149127 91 52 25 14 21 47 89137173193199192170138106 84 71 72 8911725 118SB 03516014 119999999999999999 7 6 142028 6999999999999999
143156157146122 88 55 35 30 42 71113154182195195180152118 88 68 60 67 8925 119SB 135158142919799999999999999 748 3021 5 6099999999999999
117140153154143120 91 65 51 51 66 95132164183190183163132 99 72 55 52 6425 120SB 23815515 019099999999999999 832 492144 5199999999999999
 88115137150153144124101 82 73 75 89114142164176176165142112 82 59 47 4725 121SB 345153153217899999999999999 921 722228 4599999999999999
 61 86112134148154149135118104 96 97107124142156162158145123 96 69 50 4125 122SB 5 215416 9162999999999999991025 952319 4099999999999999
 43 58 82109132150160160151137125116112115124135142145141130109 84 61 4425 123SB 62916116581459999999999999912 8112999999999999999999999
 35 37 53 78107134156171174167156142129118114117123129132130120101 78 5525 124SB 747174181713299999999999999 019 3414 011499999999999999
 37 26 29 47 75108140167184188182168150131115107108114121127127117 98 7325 125SB 850188193112899999999999999 119 26152110799999999999999
 48 26 15 20 42 76114151180196199190172148124106 99102112123131130118 9525 126SB 941199202413299999999999999 213 151611 9999999999999999
 67 36 13  4 13 41 81126165192205203189165137113 98 9510311913414013511825 127SB102420621 414099999999999999 3 0  41646 9499999999999999
 91 55 21 -1 -5 11 46 94142179201208202181151123103 93 9611313414814913925 128SB11 3208213615099999999999999 342 -61716 9299999999999999
116 81 40  5-12 -9 15 59112159190205207193165134110 95 9110312815116015525 129SB113920822 616099999999999999 422-131746 9199999999999999
139110 68 24 -6-16 -6 26 78134175198207202180146116 97 88 9211414416516825 130SB1212207224116999999999999999 5 0-161815 8899999999999999
158137101 54 12-11-14  4 45102155189204206192161125 99 84 81 9412415617325 131SB1242207232317499999999999999 539-151846 8099999999999999
172159134 92 45  9 -7 -3 22 69127173198206201178140104 81 70 73 9413116225 2 1SB1310206999999999999999999999 619 -71921 6999999999999999
176173160131 88 44 16  6 15 45 95148185202204190158117 83 62 55 64 9313225 2 2SB 017176133920599999999999999 7 3  620 0 5599999999999999
162175174160131 91 55 33 27 39 71118162190200195173136 95 63 44 41 56 9025 2 3SB 124176141020099999999999999 752 272042 4099999999999999
128158172174163137104 75 57 54 66 95133167186189178152115 76 47 31 31 4925 2 4SB 239175144519099999999999999 846 532129 2999999999999999
 83120150168174168149125102 87 82 91111138161173172158132 98 63 37 23 2525 2 5SB 4 0174152517499999999999999 952 822224 2299999999999999
 42 73109140162175176166149131116108108118133148155152140118 89 58 34 2125 2 6SB 53717716151559999999999999911281072332 1999999999999999
 20 35 62 96130158177186184173157140125116115122131137137128111 87 60 3625 2 7SB 7191871730138999999999999991334114999999999999999999999
 20 16 26 51 85123156181196200192175152131114106108117126130126112 92 6525 2 8SB 847200185913099999999999999 048 15151710699999999999999
 38 18 11 19 43 79121159187204210201180152126106 96 99112126133130119 9825 2 9SB 955210201013399999999999999 158 111617 9599999999999999
 67 36 13  6 14 40 81127165191208212199172142116 96 89 9811913514113712525 210SB104621221 214199999999999999 259  61657 8999999999999999
100 63 29  9  3 14 46 93139173194207205185154126103 88 8910813414915114525 211SB1125209214115199999999999999 351  31729 8699999999999999
128 95 53 21  5  5 22 62113155180196202191163132108 91 84 9612515116115925 212SB1156202221416199999999999999 433  31756 8499999999999999
148124 83 41 15  6 12 39 87136170187196192170137109 91 81 8510914216416925 213SB1218196225116999999999999999 5 8  61819 8099999999999999
163147113 69 32 14 12 27 65116159182192193177145112 89 76 74 9012315617225 214SB1233194233317499999999999999 539 111841 7399999999999999
173163140100 58 30 19 24 49 94143177192194184156120 89 70 63 70 9713516325 215SB1245195999999999999999999999 611 1919 5 6399999999999999
175173160130 90 54 34 30 43 77123165188195189168132 95 69 54 54 7210614225 216SB 02217513 419599999999999999 646 301933 5299999999999999
166175172154122 86 58 45 47 67104146177191191176145107 73 51 43 51 7711325 217SB 115175132819299999999999999 723 4420 4 4399999999999999
146166174168149119 89 69 62 69 92127159179185176154120 84 55 39 37 53 8325 218SB 2 7174135318599999999999999 8 3 622036 3699999999999999
119148165172165147122 99 85 82 92113140162172169155130 97 65 43 33 38 5825 219SB 3 1172141817299999999999999 847 822112 3399999999999999
 88121147163169165150131114104102110125142154156149133109 80 55 38 33 4125 220SB 4 4169144315699999999999999 9431022155 3399999999999999
 61 90120144160169168158144131122118119126134139137130117 97 73 53 40 3525 221SB 52617015101399999999999999911201172257 3599999999999999
 42 59 86114139159173176170159147135124118118121123122119111 95 75 57 4325 222SB 6511771610123999999999999991324117999999999999999999999
 35 37 53 78107136162181187183172157138121110107108113118121115101 82 6225 223SB 8 3187185512199999999999999 019 3415 310799999999999999
 42 28 27 42 69102138170191198193179157132111 99 96102114126132126112 8925 224SB 9 419820 013299999999999999 132 261548 9699999999999999
 61 33 16 16 32 63105148181200205197177147119 99 89 9210612714314613912025 225SB 955205204614799999999999999 232 141620 8999999999999999
 90 53 21  4  7 27 67117162192206207193163129104 88 84 9612214916116014825 226SB1036208212216299999999999999 323  31648 8499999999999999
123 83 39  9 -3  4 32 82137178199208202177141108 89 79 8410914417017617025 227SB1111208215417699999999999999 4 8 -31714 7999999999999999
153119 70 27  3 -3 11 49106159190203204188153114 87 74 73 8912616518518525 228SB1138205223018799999999999999 449 -31739 7299999999999999
175152109 59 22  6  6 28 76134178197202195167124 87 67 60 67 9714217919325 3 1SB1159202231519399999999999999 529  418 5 6099999999999999
190178148101 55 27 17 23 54106159190200197179140 95 63 48 46 6410415218525 3 2SB1216200999999999999999999999 610 171837 4599999999999999
196193179145100 62 41 35 47 82132174194196186157113 69 42 30 35 6210815425 3 3SB 016196124119799999999999999 654 351915 3099999999999999
183195194179146108 78 61 58 73107149178190186168133 89 50 26 18 29 6110725 3 4SB 128196131419099999999999999 744 571958 1899999999999999
150178192194180153123 99 85 83 96124154173178169147112 72 38 18 13 28 6025 3 5SB 237195135217899999999999999 841 822046 1399999999999999
102141170187192184165143123109105112129147158159149128 98 65 37 20 17 3025 3 6SB 353192143516099999999999999 9531052142 1699999999999999
 58 94130159179190189179162145130120118124133139139132117 94 68 45 30 2525 3 7SB 52619115331409999999999999911401182254 2599999999999999
 33 54 84116147172189195191180162143126115112115120124123114 99 80 60 4225 3 8SB 7 61951722124999999999999991358112999999999999999999999
 32 34 48 73104138168190201201191170145122105 97 99108119124122112 96 7325 3 9SB 83420219 812499999999999999 021 311520 9799999999999999
 51 35 32 41 63 97136169191205206193166137111 93 85 9110912613413512810925 310SB 938207203413599999999999999 145 3216 3 8599999999999999
 81 52 35 29 36 61101142173194206203183151121 97 81 79 9712214114915014025 311SB1024207213715099999999999999 258 291636 7799999999999999
114 78 48 31 26 37 70115154179195202191162129103 83 73 8411314315816416125 312SB1057202221616499999999999999 353 2617 2 7399999999999999
143108 69 42 29 28 48 90136167185195192169134105 84 71 74 9913616317317525 313SB1122196224417599999999999999 434 271724 7099999999999999
165137 95 59 39 31 39 70118158179189190174140105 82 68 65 8312015717718325 314SB1137191231018399999999999999 5 6 311742 6499999999999999
180161123 82 53 39 39 58100146175188189178148110 79 62 56 66 9814117318625 315SB1143190234318999999999999999 534 3718 0 5699999999999999
188178150109 74 53 46 55 85130168186190182158119 82 58 47 50 7411515718125 316SB1151190999999999999999999999 6 2 461820 4699999999999999
191189172138100 73 59 58 77114154180189184166131 90 58 40 37 52 8713116725 317SB 02219212 918999999999999999 633 571844 3699999999999999
186193186162128 97 77 69 76100137168183183170142103 65 40 29 35 6010214425 318SB 1 2193123218499999999999999 7 8 691912 2999999999999999
174189192180155124100 86 83 94121150170176170149116 78 46 28 25 39 7211425 319SB 144193125717699999999999999 745 821942 2499999999999999
152177190189175151126107 97 97110133153164163150126 93 60 35 24 28 48 8325 320SB 229191132316599999999999999 829 962015 2399999999999999
122156178188186173153133117109110120135147151145131108 79 52 33 27 35 5725 321SB 322189135315199999999999999 9261082057 2799999999999999
 89124154174185185176160143129119116121129135135129117 99 76 54 40 35 4125 322SB 43318614321369999999999999910551162157 3599999999999999
 59 88119147169183188182169154138125116114117121122121115102 84 65 51 4225 323SB 55818816 21229999999999999912451142328 4199999999999999
 42 55 79109138165185194191179162142122108103104110118124124115 99 80 5925 324SB 7141941827125999999999999991412103999999999999999999999
 43 37 46 67 98133167191201199186164136112 96 91 95109127139141133116 9125 325SB 818202193914199999999999999 054 3715 3 9199999999999999
 61 38 29 35 57 93137175198207203185154121 97 84 82 9512014615916015012925 326SB 912207203116199999999999999 2 4 291539 8199999999999999
 94 56 30 21 29 55100149185203208199171133100 80 72 7910514216917917716325 327SB 954208211417999999999999999 3 3 2116 8 7299999999999999
133 89 49 26 20 31 66119167194204203184146105 77 64 64 8312416719019518925 328SB1025205215219599999999999999 355 201634 6299999999999999
170130 81 46 28 26 44 89144182198200189158112 75 55 50 60 9414618720420525 329SB1043200223620599999999999999 440 251657 5099999999999999
196169123 78 50 38 41 68118166192196190168126 79 48 35 37 6010816319821125 330SB1052196233221299999999999999 523 371723 3499999999999999
211199165119 82 61 53 62 95144181193190176143 94 50 26 20 30 6512017220225 331SB1113193999999999999999999999 6 6 531757 2099999999999999
213214198163123 94 77 71 85120160184188179157117 68 31 12  9 28 7012617225 4 1SB 034215114518899999999999999 653 711839  899999999999999
200213214197166133109 94 90104135163178177165137 96 53 21  5  7 31 7512625 4 2SB 134215122717999999999999999 746 891925  499999999999999
168195210211197172146124109105117138157165162148120 84 47 21  8 13 38 7825 4 3SB 236213131516599999999999999 8461052015  899999999999999
122160187204208199181159138122115120131143148145133110 81 52 31 20 25 4625 4 4SB 34820814121489999999999999910 41152112 2099999999999999
 78115149177196204201188169148130118115119125131131124109 88 66 48 38 3925 4 5SB 51220415351319999999999999911521152225 3699999999999999
 52 77107138167189201202194176154131114104103109117124124117103 86 68 5425 4 6SB 63820317321259999999999999913381032355 4999999999999999
 49 56 73 98129160184199203196178151124104 91 89 97113126132131123106 8525 4 7SB 7542031918133999999999999991443 88999999999999999999999
 66 56 56 68 92125158183198203194171140112 90 77 79 9612013814714914212125 4 8SB 855203204615099999999999999 126 551525 7699999999999999
 93 70 57 54 65 92130163185197199184154121 94 75 67 7910713615616516715425 4 9SB 939200214116899999999999999 246 541557 6799999999999999
126 94 70 56 53 69104143171188196190165130 99 76 62 65 9012715717418217925 410SB1011196221918399999999999999 342 531623 6199999999999999
157122 89 67 55 58 83123159179189189172138102 76 59 55 7311115117719019425 411SB1033191225019499999999999999 423 541645 5499999999999999
182150112 84 66 59 72106146173184186175145106 74 55 47 57 9113617219120125 412SB1045187231920199999999999999 456 5917 3 4799999999999999
197175138104 81 69 70 94132165181184177152114 76 52 40 43 6911315818620125 413SB1052184234920599999999999999 526 671721 3999999999999999
205192162127100 83 76 88119154176182177159124 83 52 35 32 49 8813617419625 414SB11 3182999999999999999999999 556 761741 3199999999999999
206203182149119 99 87 88109141167178176163134 94 57 34 25 33 6310915418525 415SB 019207112117999999999999999 627 8518 5 2599999999999999
202207196171140116100 94102127154170173165144108 69 38 22 22 41 8012816825 416SB 052207114417499999999999999 7 0 941832 2099999999999999
193206205189162136116103102115138158166164150122 86 51 27 18 26 54 9714125 417SB 128207121416799999999999999 73810119 4 1899999999999999
176198207201183158135117107109122141154158151133104 71 42 23 20 34 6610825 418SB 2 8207125115899999999999999 8241061942 1999999999999999
149181200206199181158137120111113123137146147138120 94 66 41 27 28 44 7425 419SB 258206133614899999999999999 9221112029 2699999999999999
113150180198204198183162141124113112118128135136130116 95 70 49 37 37 5125 420SB 4 120414381379999999999999910401112131 3699999999999999
 77111146175194203200187167145125111106109118126131130121105 84 64 49 4525 421SB 51620416211319999999999999912 41062254 4599999999999999
 53 74104137168192204204191171145121103 96 98108122134140135122103 80 6025 422SB 62620618 3140999999999999991314 95999999999999999999999
 48 51 67 95130166193206206193169138110 90 83 88104127148157155143122 9325 423SB 727208191815799999999999999 019 4814 7 8399999999999999
 65 49 48 61 90130170196207205188158121 91 74 70 8110914316817817616413625 424SB 818208202117899999999999999 135 471449 7099999999999999
100 68 51 48 60 93139178199204197174135 95 69 57 59 8212316418919719517825 425SB 858204211819899999999999999 243 471523 5699999999999999
143102 71 55 52 68108155187198197183148103 66 46 41 54 9114418620721320925 426SB 922199221021399999999999999 342 511551 4199999999999999
185144103 77 63 63 85129171191193185160116 69 38 27 30 5610716420221922425 427SB 93719423 022499999999999999 433 611619 2699999999999999
215185143107 86 75 79108151182190184168133 83 40 17 12 24 6312317821022525 428SB 957190235022999999999999999 519 741651 1299999999999999
229216183144115 97 88 98129165184184173149106 57 20  3  4 26 7413518421225 429SB1027186999999999999999999999 6 5 881730  199999999999999
227229213182149124107101114143169179175160130 86 42 11 -2  4 33 8414018325 430SB 04123011 817999999999999999 6541011814 -299999999999999
211226227210183155132115110123145164170164147116 75 37 11  1 11 43 9114125 5 1SB 13422812 017099999999999999 74811019 2  199999999999999
180207222222208185160137120114123139153158153137109 74 42 19 12 24 54 9625 5 2SB 23322413 215899999999999999 8511141954 1299999999999999
139175201216218207187162138120113117128140146143131108 80 53 34 29 39 6425 5 3SB 33821914141469999999999999910 61132052 2999999999999999
 99136170195210213205186161137117107107115127135137130115 93 71 54 48 5425 5 4SB 447214154413799999999999999112710622 1 4899999999999999
 73101133164188204209201183158132110 97 95103116129137136127111 92 75 6525 5 5SB 5522091726137999999999999991240 952323 6499999999999999
 67 79101129159184199204196177150122 99 85 83 93111130144148144131112 9225 5 6SB 65220419 0148999999999999991341 83999999999999999999999
 79 75 82100127157182195198190168138108 85 73 73 8911514015716516315012725 5 7SB 747199202116599999999999999 049 751429 7199999999999999
103 87 80 83100130160182192193180152119 89 69 60 68 9312715617418318116325 5 8SB 833194211918499999999999999 214 8015 6 6099999999999999
135109 91 81 85106138166183189184164130 95 69 54 52 7110814617519320019225 5 9SB 9 818922 220099999999999999 317 811536 5199999999999999
167136109 91 83 91118150172183183170140103 71 50 42 52 8512916719320821025 510SB 934184223821199999999999999 4 4 8316 1 4299999999999999
193163132108 91 88104134161176179172149112 75 49 36 38 6310615218520721725 511SB 954180231021799999999999999 442 871624 3499999999999999
210186155128106 94 99122150169175172155122 83 52 33 29 44 8213117219921525 512SB1010175234021999999999999999 516 941646 2899999999999999
218203175146123106101114140161171170159132 94 58 34 23 30 6010615218720825 513SB1026172999999999999999999999 5481011710 2399999999999999
218212190163138119108111129152166169162142108 70 40 23 21 40 7912817019825 514SB 010218104616999999999999999 6201071736 2099999999999999
213216203179153132116111120140158165163150124 87 52 28 17 25 54 9914618225 515SB 041217111416699999999999999 65411018 7 1799999999999999
206216212195170146127114114126145158162155138108 72 41 22 18 33 6811415825 516SB 115217115216299999999999999 7331121843 1799999999999999
192211218209189164141122112115128144155157148127 97 64 37 21 23 43 8012525 517SB 155218124015799999999999999 8191121926 2099999999999999
167198215218208187161137118110113125140150152142122 94 64 39 27 31 52 8825 518SB 243219133715299999999999999 9141092016 2699999999999999
131171200216218207186159133114105108119135146148141124 99 72 49 37 41 6025 519SB 33921914461499999999999999910171052116 3799999999999999
 93133171199215217206184156128108 98100112129143149146133112 86 64 51 5125 520SB 4402181611150999999999999991120 972228 4999999999999999
 67 95132168197213215203180149120 97 87 89103124144157158149131106 82 6525 521SB 5382161738159999999999999991219 862345 6199999999999999
 61 72 95129165194209210197171138105 82 73 77 96124152170176170154128 9925 522SB 6322111858176999999999999991311 73999999999999999999999
 78 71 76 96128165193205202187157119 84 63 57 66 9213116618819519217514525 523SB 718205201419699999999999999 1 5 711358 5799999999999999
113 90 80 81 99133169192198191171135 93 60 43 41 57 9514418320521421219125 524SB 756198211921599999999999999 225 781438 4099999999999999
157124101 88 88107143175190189178151108 65 36 24 29 5610616019922022922425 525SB 825191221423099999999999999 332 861515 2499999999999999
200163131109 96 97121156180186180162127 80 39 16 10 23 6212017521123023725 526SB 85218723 323899999999999999 427 941552 1099999999999999
229201166137117104110135166182181169145104 57 20  3  3 25 7313418521623425 527SB 924183235123999999999999999 5161041630  099999999999999
239227198166141122112121147171180174159129 86 41 10 -3  3 33 8614418921825 528SB10 3180999999999999999999999 6 41121712 -399999999999999
234236221194166142124117129152170175168150118 75 35  8 -1 11 45 9715019125 529SB 040237105217599999999999999 6531171758 -199999999999999
217231231216190163140123119130150165169162143112 72 36 14  8 23 5810715425 530SB 131233115116999999999999999 7461181847  899999999999999
191215227226210185158134118115126143158162157140111 76 44 25 22 38 7211625 531SB 224228125816299999999999999 8431151938 2199999999999999
159192214224221204178150126111108118135150157153139114 84 56 40 39 55 8525 6 1SB 317224141115799999999999999 9431072033 3899999999999999
124162192211219214195169140117102 99110127143152153142122 96 73 59 59 7225 6 2SB 4 72191532154999999999999991040 992133 5799999999999999
 98132165191208213205185158129105 91 90101120138151156149134112 93 80 7825 6 3SB 4552131656156999999999999991135 892241 7799999999999999
 88109137165189203205195174146117 93 81 81 93114137155163161150132113 9925 6 4SB 5422061819164999999999999991229 792358 9499999999999999
 94100115138163184196196184161132102 80 69 72 8811314116417617816915213125 6 5SB 6291971940178999999999999991320 69999999999999999999999
115106107118138161180188186172147115 86 66 58 64 8711915217719219618616725 6 6SB 716189204719699999999999999 12710514 5 5899999999999999
144124112109118138161176181176158129 96 68 51 48 62 9313216819420921119825 6 7SB 8 0181213721299999999999999 2461081443 4799999999999999
175149128113110121142161173174164141108 75 51 39 43 6710715018521022221925 6 8SB 839175221822399999999999999 3441091516 3899999999999999
200175148126112112127148163170167150121 86 56 36 31 46 8112616820022122825 6 9SB 912170225322899999999999999 4281101547 3099999999999999
217195168143122113119137155165167157133 99 65 39 26 31 5810114718521222625 610SB 939167232622899999999999999 5 51131616 2599999999999999
225209184159135119117129147161166161145115 79 47 27 22 38 7512216619821925 611SB10 4166235722699999999999999 5391161645 2299999999999999
226217197172148129119124139156165165154131 97 61 34 20 25 51 9414218120825 612SB1029166999999999999999999999 6111191717 1999999999999999
222222208184160138123120130148162167162146118 82 48 25 18 32 6511215919425 613SB 03022411 116799999999999999 6451191751 1899999999999999
216224218199174149130119120134153165168159139107 70 39 21 21 41 8012817325 614SB 1 5224114216899999999999999 7231181830 1899999999999999
205222226215192164139121114119136155167167156133101 64 36 22 27 52 9314225 615SB 144226123216899999999999999 8 61141914 2299999999999999
185214227227211185155129112107116135155167167155132 99 65 39 29 38 6410625 616SB 227229132916899999999999999 85310720 3 2999999999999999
154194219230225206176144118102 99111132154167168158136105 73 50 42 52 7825 617SB 312230143616999999999999999 942 992058 4299999999999999
118162198220227219197165132105 90 90104127151167172164146119 90 69 61 6825 618SB 3582271552172999999999999991033 8822 1 6199999999999999
 92127165197216220209185151117 90 77 78 94121149170179176163139113 92 8225 619SB 4452201715180999999999999991124 762313 8299999999999999
 86103131165193208209196170135100 74 62 65 8411515017619119318416413811525 620SB 5322101843193999999999999991217 61999999999999999999999
102101110133162187198196181154118 82 57 46 52 7411215318620521220618716025 621SB 61919920 621299999999999999 0411001311 4699999999999999
136119111115133160181189184167138 99 63 39 31 39 6811316119721922922420425 622SB 7 4189211522999999999999999 21411014 2 3199999999999999
176150129117118135160178182174155122 81 45 23 18 31 6812017120723024023525 623SB 747182221224099999999999999 3281151449 1799999999999999
213183156134120122140163177177166143107 65 30 11 10 30 7413018021523624425 624SB 82917923 424499999999999999 4261181534  899999999999999
236213183156134122127147168178174160134 94 52 20  5  9 36 8514118821923725 625SB 911178235224299999999999999 5161221617  499999999999999
242231206177152132124132154173179173156126 85 43 15  5 15 47 9815319522025 626SB 956179999999999999999999999 6 212417 1  599999999999999
234236222196168145128124136159176180171153121 79 40 16 11 26 6211316320025 627SB 038237104518099999999999999 6471241745 1199999999999999
221231229211183156135122122137161176179170150117 76 41 23 22 41 7912817425 628SB 122232114017999999999999999 7321201832 2099999999999999
205222229221199170143124113117136160175177169149116 78 48 34 37 58 9714425 629SB 2 2229124317899999999999999 8161131919 3399999999999999
184210224225212186155129111103112133157172175169149117 84 59 49 55 7911725 630SB 238226135217699999999999999 9 010320 8 4999999999999999
159193214223219200171140114 98 94106130153168174169151123 95 75 68 7610025 7 1SB 31422315 317499999999999999 944 942059 6899999999999999
134170197213217208185154124100 86 87102125149166174171156134111 96 91 9825 7 2SB 3492181615175999999999999991029 842155 9099999999999999
119147175196207206193168138109 88 77 80 9712114616617717816715013211811225 7 3SB 4282081732179999999999999991116 7623 411299999999999999
117132152173188195192176152123 96 77 69 74 9211814616918518918316915313925 7 4SB 51119518541899999999999999912 6 69999999999999999999999
130129137150165177182177161137110 85 67 61 69 8911915017719620420018717025 7 5SB 6 118220 720499999999999999 0361281258 6199999999999999
153139133135144157167171165149125 98 74 57 53 64 8912315918921021821319925 7 6SB 65817121 621899999999999999 2141331347 5299999999999999
180158140130131139151161164157140114 86 61 46 46 63 9413317220322322822125 7 7SB 752164215322899999999999999 3271291432 4499999999999999
203179155135126128138151161162152131102 73 48 36 42 6610514718721623123225 7 8SB 838163223323399999999999999 4181251512 3699999999999999
219198171146129123130143157164161147121 89 58 36 30 43 7612016420122423325 7 9SB 91616523 923499999999999999 4561231549 2999999999999999
228211186159137124125137153166169161140109 74 43 26 28 50 9013818121222825 710SB 947169234323299999999999999 5271231625 2599999999999999
231220198171146129123131148166174172158132 96 58 31 22 32 6210815719622025 711SB1015175999999999999999999999 55712317 0 2299999999999999
230227209182156135124124139160176180172153122 82 46 24 22 40 7812917720925 712SB 017231104718099999999999999 6281221737 2199999999999999
227231221197167142125119126147170184183171148112 70 38 23 28 52 9714919425 713SB 050231112518599999999999999 7 11191816 2399999999999999
221232230213183151128115113127153177188185170143104 65 38 29 39 6911716925 714SB 123233121318899999999999999 7381121859 2999999999999999
208229235226202167135113102106127156180190186171142103 68 46 41 55 8913725 715SB 157235131119099999999999999 8171021945 4199999999999999
184217232233217186149117 96 89 99124156180191189174146111 80 62 60 7610925 716SB 231234141919299999999999999 858 892037 5999999999999999
153194220229223202168130 99 80 77 91119152179192193181157128101 86 84 9825 717SB 3 8229153419499999999999999 942 762136 8399999999999999
127163195214218208184149112 82 66 65 8111114617619319919317515112811311025 718SB 3472191658199999999999999991032 63224910999999999999999
118137164188202203190166132 97 69 54 55 7110213917219620820819717715614025 719SB 4312041833209999999999999991128 52999999999999999999999
130130141159177188187175152120 87 59 44 44 60 9213217120021822421820117925 720SB 52518820 022499999999999999 0321291231 4299999999999999
159143135138151166176175165144113 80 52 35 34 51 8512917220622823823421725 721SB 628177211323899999999999999 2151351335 3399999999999999
193168147134133144160170171161140110 75 45 27 27 45 8213017721223524524125 722SB 732172221424599999999999999 3331321432 2599999999999999
222195167144130130143162173172161139107 69 37 21 23 45 8613818521823724625 723SB 82517423 624699999999999999 4321281524 2099999999999999
239217187159138127130149170179176163139102 61 31 19 25 51 9715119422123625 724SB 911179235024199999999999999 5171261610 1999999999999999
241229202172148131125135160180186180164136 94 54 29 22 33 6511516720322225 725SB 953186999999999999999999999 5551251653 2299999999999999
233232213183156136124124143171189191182164130 86 49 31 30 46 8513718321125 726SB 027234103619299999999999999 6301221734 2899999999999999
224229220194163139123116125151180194193183161123 80 50 38 42 6510916019825 727SB 057229112419599999999999999 7 21161815 3799999999999999
218226224205174143122110109126157184195194182156117 80 56 50 59 8913418025 728SB 121227122119699999999999999 7341071856 5099999999999999
210224226215188154125106 97103128160184194193180152116 85 68 66 8111415725 729SB 144227132519599999999999999 8 8 971938 6599999999999999
194216225220200168134107 90 87100129160182193192178152121 97 85 8710513825 730SB 210225142919499999999999999 844 862023 8499999999999999
174202216218206181147115 91 79 8110012915818019119217915713311510711112825 731SB 239219153219399999999999999 922 78211210699999999999999
154181200207203187160128 99 80 72 7910012915717819119318416714913612913225 8 1SB 31020716431949999999999999910 2 72221412999999999999999
144162179189191184166140112 88 73 69 7810012715417719319919418216815614825 8 2SB 34319218 4199999999999999991049 69234914599999999999999
145150160169173173166150127103 83 70 67 76 9812515317819820820719718517125 8 3SB 4261741922209999999999999991147 67999999999999999999999
158149148151155158159155141121 99 80 67 62 72 9412315418420721921921019625 8 4SB 548159202822099999999999999 1451471250 6299999999999999
177158145139140144150155152139120 98 76 60 55 66 9012315919321822922821725 8 5SB 712155212223099999999999999 3211391349 5599999999999999
198173151136130133141153159156142121 95 68 49 46 61 9012817020522823623125 8 6SB 81115922 723699999999999999 4 91301440 4599999999999999
215190162139127125134149164169162145118 85 55 38 39 59 9514118521723423725 8 7SB 855169224623899999999999999 4391251526 3699999999999999
227204174147129122127145165178178167144110 71 42 30 37 6410915920122623725 8 8SB 929179232123799999999999999 5 612216 7 3099999999999999
234216187156134122122137162183190184167137 96 56 32 28 42 7813018021423125 8 9SB 958190235323699999999999999 5321201645 2799999999999999
236226199166139123117126151181197197186164126 81 46 30 32 5510015520022525 810SB1028199999999999999999999999 5581171722 2999999999999999
234232212177144123112114133166195205201186158114 71 43 35 44 7512718021625 811SB 02023511 520699999999999999 6261111759 3599999999999999
232234222192154123106101111140177203209203185152108 70 50 47 6310015320025 812SB 044235115320999999999999999 6561011840 4699999999999999
226234229207169130102 89 89108144183206211205185151110 80 65 66 8612617425 813SB 1 8234125521199999999999999 730 871926 6499999999999999
211228230217187145107 82 72 78104145182204212207188157123 98 87 9011014725 814SB 13623114 721299999999999999 8 9 722019 8699999999999999
186213223218199164123 88 65 59 7010014017720121221019617014312311211513125 815SB 210223152321399999999999999 854 59212111299999999999999
159187205209200178145107 75 55 51 65 9413216819521121520718916815013813625 816SB 249209165021599999999999999 945 51224513599999999999999
144160178190191181161132 99 70 52 48 60 8612115818820922122020919217415925 817SB 3361921828222999999999999991047 48999999999999999999999
149147153163171173167151127 99 73 54 47 54 7610914718221022723322721219125 818SB 444174195823399999999999999 04214612 2 4799999999999999
170152142141148157163161150131106 79 57 45 48 67 9913918021223324223822225 819SB 619164211424299999999999999 2331411318 4499999999999999
196169147133130138153164165157140114 83 56 42 43 61 9514018321623624524025 820SB 737165221324699999999999999 3451291425 4099999999999999
219189160137123123139160172173166149118 81 52 39 41 60 9914919121923624325 821SB 835174225724399999999999999 4301211523 3899999999999999
232205173146127117126150174185183174152115 75 49 39 44 6911516520122223425 822SB 920185233223699999999999999 5 51171611 3899999999999999
234214182152131117116136168190195191178148105 67 47 43 54 8813918521122425 823SB 956196235722999999999999999 5341141651 4299999999999999
229219190156132117110121152185202203195175137 94 63 51 52 7211616620221825 824SB1032204999999999999999999999 5591101725 5099999999999999
224220198162132114104107130168197208206195168126 87 65 59 68 9814619021525 825SB 013224111620899999999999999 6221031758 5999999999999999
223221205173136111 97 93107141179203210207191158118 88 73 73 8912717220625 826SB 02222312 821099999999999999 646 931833 7199999999999999
221223212185147113 92 82 87112150185204210205185151118 95 86 9111415319025 827SB 03822313 421099999999999999 713 821911 8699999999999999
213221215195161123 93 76 73 8711915718720421020218015012410810311213817125 828SB 1 3221135821099999999999999 744 72195310399999999999999
198211212199172136102 78 66 70 9112616118820420820018015613612412213315525 829SB 130213145220899999999999999 817 65204012199999999999999
179195201194177148115 87 68 63 72 9713116318720220620018416515014013914725 830SB 157201155420799999999999999 853 62213913999999999999999
162176184183173155129101 78 66 65 7710213316218520020720319217716515515125 831SB 222185171120799999999999999 934 64231315199999999999999
153159166168164155140119 96 79 69 69 8010213015718119921021120219017716425 9 1SB 2471681832212999999999999991032 68999999999999999999999
153149150151151150146135118100 84 73 69 77 9712315217920321822021320018325 9 2SB 332151194222099999999999999 1161491153 6999999999999999
164147139136138142147149141126108 90 73 64 69 8811514818321122622922120425 9 3SB 641149204122999999999999999 3 213613 9 6499999999999999
180155136126125132145156160153137116 89 65 54 59 7911215219222123423422225 9 4SB 749160213123699999999999999 3371251411 5499999999999999
198167140123117122138159173175166146116 81 54 44 51 7611716520522923823425 9 5SB 837176221323999999999999999 4 511715 4 4499999999999999
214181148125113113129156180191188174147107 68 44 38 50 8413418521823423725 9 6SB 914191224623899999999999999 4311111550 3899999999999999
225195157128111106116145180201204196177139 93 57 40 40 6010416020422723425 9 7SB 944204231223499999999999999 4551061630 3899999999999999
230206167131109100103127167201215212200172127 82 54 44 51 8013218621823025 9 8SB1014215232823199999999999999 518 9917 7 4499999999999999
229214179136105 91 89104142187216222216200165117 79 60 56 7010816220622625 9 9SB1053222234022899999999999999 540 881745 5699999999999999
228218191148106 82 74 80108154199222225218198159116 86 74 75 9513718521725 910SB1146226999999999999999999999 6 7 741827 7299999999999999
225220201164118 81 62 59 74112162203222227220197160124102 92 9611915919725 911SB 0 2225125522799999999999999 642 591917 9299999999999999
217218207180138 94 62 47 49 7111416219921922722120016914112211311813917125 912SB 03521914 722799999999999999 725 46201411399999999999999
197208205189159118 79 51 39 45 7011215719221422522220718416114413413515025 913SB 115208152022599999999999999 813 39212313399999999999999
170186192187170142107 74 50 40 47 7010714718120622122421620018116415014525 914SB 2 1192164722599999999999999 9 8 4023 114599999999999999
150160169173168156134106 79 58 48 51 70 9913416819721722722621519817815925 915SB 2591731823228999999999999991016 47999999999999999999999
146142144150155156150135115 92 72 58 56 67 9012115618921523023422620818425 916SB 441156194923499999999999999 1 51421141 5599999999999999
159139129127134145153153145130109 85 66 58 63 8111114918721523223823020925 917SB 632154205823899999999999999 23912713 7 5899999999999999
178150127115115128147161165161147123 93 69 57 59 7510915219021723323822525 918SB 758165215023899999999999999 3301131423 5699999999999999
197163135114103111135160175179176160128 93 68 56 58 7811816319821923123025 919SB 9 8180222823399999999999999 4 71031526 5599999999999999
209175142118101 99119152178190193187162124 88 66 57 63 9113818020622022525 920SB 957193225622599999999999999 437 971613 5799999999999999
214183147119101 92104137174196203203189155114 83 67 63 7711616319721221825 921SB1031204231221999999999999999 5 2 921649 6399999999999999
213189151119 99 88 91117159193208212206182142105 82 72 7510114618720921525 922SB11 0212231421599999999999999 522 861719 7199999999999999
212194159120 94 81 79 96136179206215216202170131101 85 82 9513017320321425 923SB1132217231821499999999999999 540 781748 8199999999999999
212198168127 93 74 68 78109154192212219214194159125103 94 9711915719221025 924SB1210219233721299999999999999 559 681820 9399999999999999
211202177139 99 72 60 62 8412416920021521921018415212511010511514217519925 925SB1251219999999999999999999999 623 59185510599999999999999
207202184152111 78 57 52 63 9513917820421721720317815013011911813215818325 926SB 0 3207133421999999999999999 652 52193511799999999999999
196196185161126 89 62 49 51 7110815018420621621419817615413812913114516525 927SB 031198142021799999999999999 724 48202212899999999999999
180186181165138105 75 55 48 57 8211915718620621421119717816014613814015025 928SB 1 0186151321499999999999999 758 48212113899999999999999
162171171163146121 94 70 55 53 65 9112415818520321221020018416715414514225 929SB 131172162221299999999999999 840 52225014299999999999999
146153156155147134115 93 74 63 61 72 9312315417919921121320519117515914525 930SB 211156174221499999999999999 937 61999999999999999999999
137137139142143141133119101 85 73 67 72 901161451731982142192131991791582510 1SB 350143185421999999999999999 03713611 4 6799999999999999
138127123126132140145143132116 98 80 67 67 811051371712012212262192021762510 2SB 615146195522699999999999999 1571231231 6699999999999999
148126113111118133150160160150132107 80 62 59 71 971351762092272302201972510 3SB 728161204623199999999999999 2441101342 5899999999999999
163131109 99102119146169180179167142107 75 55 52 66 971441882182302292132510 4SB 823181212723299999999999999 319 991441 5199999999999999
179140110 93 89102133168192199195178144101 68 52 51 701111622032232282202510 5SB 9 6199215722899999999999999 348 891533 4999999999999999
192150111 88 79 84112155193211213205180138 94 66 55 59 851351852142232192510 6SB 944214221322399999999999999 413 781617 5499999999999999
201161115 83 68 68 86129180213224223210176130 91 71 65 751111632032182162510 7SB1021225222021899999999999999 434 661659 6599999999999999
204172124 81 58 51 61 94149199225231228209170126 97 83 81 981391852112142510 8SB11 7231223921599999999999999 456 511740 8099999999999999
204182140 90 53 38 39 59105164208229234229206167131109 98 991221621962092510 9SB12 523523 920999999999999999 527 361826 9799999999999999
205189158111 64 35 25 32 62114170209228235228204170142123114117140172195251010SB13 5235234820099999999999999 6 6 25191811399999999999999
200191171135 90 49 26 19 31 67119169204224233227206179156138127130148170251011SB14 8233999999999999999999999 653 19201912799999999999999
184185176154120 80 46 26 22 37 72118162196218229226211190169150137136146251012SB 036186151822999999999999999 745 21213513599999999999999
159168169160142113 81 53 35 32 46 75114153186210224226217200179157141134251013SB 136169164122799999999999999 843 31231613399999999999999
136143150153149137116 92 68 52 47 55 77108142175201219226221206184159138251014SB 25915318 522699999999999999 954 46999999999999999999999
125121125133141145140128109 89 71 61 63 77101132166195216226223208183154251015SB 458145191722699999999999999 0561211122 6099999999999999
129111105109123138149151145131110 87 72 68 75 95126162193214224221204174251016SB 644151201822599999999999999 2 51051252 6799999999999999
141114 96 90100122146161167164150125 97 78 70 74 93127165195213221214190251017SB 81416721 722199999999999999 253 901414 7099999999999999
155122 97 81 81102133161177185182162131101 81 71 75 99138175199212214200251018SB 917186214221599999999999999 330 791517 7099999999999999
167130100 79 70 82114152179194201192165129100 81 73 83115156186202208202251019SB10 220122 620899999999999999 4 0 7016 3 7399999999999999
176137102 78 64 66 93136174197209210193158123 98 83 81100138174195202199251020SB1037212221720299999999999999 424 621640 8099999999999999
181144105 76 59 55 73114160192210218211185148118 99 89 95124161188198196251021SB11 8218222119899999999999999 444 551712 8899999999999999
183152111 75 55 47 56 89137180206218220204172139116101 99115148178193194251022SB1137221223319599999999999999 5 2 471742 9899999999999999
184159120 80 53 40 43 67111159194213221215192160134116107112135165186191251023SB12 8222225319199999999999999 522 39181310799999999999999
184166132 91 57 38 34 48 84132175203217220206180153132118115126151174184251024SB1240221231918599999999999999 546 33184711499999999999999
182169143105 68 42 30 35 60103150186208219215197172149132121122137158173251025SB1316219235017699999999999999 614 29192612099999999999999
176169151121 84 53 33 29 42 75120162193211218210191168148132124128142157251026SB1356218999999999999999999999 647 29201212499999999999999
166165155134104 71 46 32 34 53 89131169196212215206188167148133126129139251027SB 027167144521699999999999999 725 31211112699999999999999
150155153142121 95 68 47 37 43 64 97136170196211214206189169149133124124251028SB 113155154621499999999999999 810 37222812399999999999999
131139144143134117 96 73 55 47 52 71100135168193209214208192171149130118251029SB 216144165721499999999999999 9 8 47234911599999999999999
115120128135138134123105 85 68 58 59 72 98130162190209216211194171145122251030SB 35813818 4216999999999999991026 57999999999999999999999
107103108119132142144137122102 82 66 62 71 92123158189211218212194166135251031SB 54614419 321899999999999999 0561031151 6299999999999999
108 93 89 98116138155161157143120 93 71 62 67 871191591932132182091861512511 1SB 7 4161195221899999999999999 147 8913 8 6299999999999999
115 89 75 76 93123154175182178162132 98 73 63 66 861241671992132131991672511 2SB 8 9182203121599999999999999 228 741417 6299999999999999
125 89 67 59 68 97139176196202197174137100 76 66 69 941371792032092021792511 3SB 9 5202205720999999999999999 3 1 591517 6599999999999999
138 92 60 45 45 66111162198214218209179137102 82 73 801121571912032001852511 4SB 953218211320399999999999999 330 4316 8 7399999999999999
151102 58 34 27 38 74131183214227229213178137107 90 84 971341741961971862511 5SB1039230213219999999999999999 357 271655 8499999999999999
162118 67 30 13 14 37 87149198224234233212174139115101 981171531851951882511 6SB1126235215919599999999999999 426 121740 9799999999999999
170137 88 40 10  0 10 431011622042262362312081731441241111121331641851872511 7SB1215236223618899999999999999 5 2  0182810999999999999999
176153115 66 24  1 -4 12 531111662042252342272051761501311191221411641772511 8SB13 8234232317899999999999999 545 -5192111899999999999999
176163138100 56 20  1 -1 20 621161652002212302242041791551351231251391562511 9SB14 6230999999999999999999999 634 -3202312299999999999999
165164152128 94 56 26  9 10 31 70118161194216225221205182157135122120129251110SB 023166151222599999999999999 727  7213711999999999999999
142151152143124 96 65 39 24 26 44 77117157188209220218204181155132116110251111SB 137153162122199999999999999 826 23225711099999999999999
116127138142139127106 80 58 44 43 57 83117152182204215214201177150124105251112SB 3 8142172621699999999999999 934 42999999999999999999999
 97101113127137141135121100 80 65 60 68 87116147177199210209195170140112251113SB 454141182521199999999999999 0 9 971054 6099999999999999
 91 83 87102121139148149140122101 84 75 77 90114145174195205202186158125251114SB 632150191820599999999999999 110 831219 7499999999999999
 96 76 68 76 97124147162166160142118 98 85 82 92115146174192198193172140251115SB 75716620 519999999999999999 2 2 681345 8299999999999999
105 77 59 56 71101135162179185178156129106 91 85 95121152176189191180153251116SB 9 2185204219299999999999999 243 551455 8599999999999999
116 81 57 44 49 75115152180196201189162133109 93 88102131160178185181161251117SB 949201211018599999999999999 317 441547 8899999999999999
126 88 58 39 35 52 90135172197211210190160131109 94 95115144167178178165251118SB1027213213017999999999999999 345 341629 9299999999999999
136 97 61 37 26 34 65112157189210218209184153127107 98106131156171174166251119SB11 0218214817499999999999999 4 9 2617 4 9899999999999999
143107 68 38 22 22 44 86135175202217217200172145123107105121145164170166251120SB113022022 617099999999999999 431 19173610499999999999999
149118 79 44 22 14 27 62110156189210218209187160137118109115135155165165251121SB1159218222916799999999999999 455 1418 810999999999999999
154130 93 55 27 13 16 40 84132172199213213198174150130115113125143158163251122SB1229215225716399999999999999 521 11184111299999999999999
157140109 72 39 17 10 23 57104150184205213206187164141123114116130146156251123SB13 2213233315899999999999999 552 10191911399999999999999
157147125 92 57 28 12 14 35 74121163193209212201180156134118111117131145251124SB1340212999999999999999999999 626 1120 311199999999999999
152150137113 81 49 24 14 21 48 88133172199212211197175150128113108114127251125SB 018153142521399999999999999 7 7 14205610899999999999999
140147143130106 77 47 27 20 31 59 99142178202213210195171145122107102108251126SB 111147151721399999999999999 753 20215610299999999999999
121134141139127106 80 53 35 31 42 68106146180203212209192167139114 98 93251127SB 216141161321399999999999999 848 302257 9399999999999999
 99113128137139131114 91 67 49 44 53 76109147179201210205188160130103 86251128SB 338139171021099999999999999 953 442355 8099999999999999
 80 88104124139145142129108 85 66 58 62 81110145177198206199180150116 87251129SB 51014518 22069999999999999911 9 57999999999999999999999
 70 66 76 97124147158159150131105 83 70 71 83109143175194199190167133 95251130SB 635160185019999999999999999 047 651229 6999999999999999
 66 51 49 65 96132161177181173152123 97 81 77 861111451751901901771491092512 1SB 753181193019299999999999999 134 481352 7799999999999999
 69 42 30 34 59101146179196202193169136108 90 83 901171511771851791611262512 2SB 85820220 318599999999999999 216 2915 4 8399999999999999
 81 41 18 11 24 60113163196213218207178143115 97 89 991271601771781671412512 3SB 952219203117999999999999999 254 1116 2 8999999999999999
 99 52 15 -3 -3 20 68128178209225228211180146121103 961101401671761701532512 4SB104122921 317699999999999999 330 -51652 9699999999999999
121 74 27 -5-17 -9 24 811421892162302292091771471241071051221501701731622512 5SB1128232213917399999999999999 4 8-17173910499999999999999
140102 54 10-16-22 -7 34 941521942182292252041741461241111121301541681672512 6SB1217230222417099999999999999 449-23182710999999999999999
154128 89 42  3-19-20  2 471051581942162252191971691431231111141321531632512 7SB13 7225231716499999999999999 534-22191911099999999999999
161147120 82 38  4-13-10 14 591131611942132202121911631381181071111271462512 8SB14 0220999999999999999999999 622-15201510799999999999999
156154142117 81 42 12 -1  4 29 72121163193210215206183155129109 991031192512 9SB 020157145221599999999999999 713 -22114 9999999999999999
137148148138117 85 51 26 16 22 46 85128166192207210198174145119 98 88 93251210SB 132149154221099999999999999 8 8 162211 8899999999999999
109127140144138121 94 66 45 37 42 64 97135167190202202188163133106 85 76251211SB 257144163020499999999999999 9 7 3723 8 7699999999999999
 82 98117133142141129108 86 68 59 63 80108138166186195192176150120 92 72251212SB 4261431716196999999999999991012 59999999999999999999999
 64 70 88110130144148142127108 91 82 82 93114139162179186180163136105 77251213SB 55414818 318699999999999999 0 3 641128 8099999999999999
 58 52 60 80107133151161159148130112100 95100115136157171175168149120 88251214SB 722161185117599999999999999 057 5213 0 9599999999999999
 61 44 40 52 78111141164177178167148128111102102114134152164165155133102251215SB 835179193716699999999999999 146 40142810099999999999999
 70 44 30 31 49 83121156181194194180158135115102101114133149158156142115251216SB 930196201915899999999999999 228 28153310099999999999999
 82 50 27 18 27 55 95138172197207203185159134112100102117135149153146126251217SB1012208205515399999999999999 3 3 181621 9999999999999999
 96 61 31 13 12 31 68114156188208213202180153127107100107124140149149135251218SB1048213212615099999999999999 335 10165910099999999999999
109 74 40 15  4 13 43 87134172199212210193168141118104103115133146150142251219SB1120213215315099999999999999 4 5  4173210199999999999999
122 90 54 22  3  2 22 61109153186205210200179154129110103109125141150148251220SB1150210222015099999999999999 434  018 210399999999999999
134107 72 36  9 -3  6 36 82129169195207204188164139118105104116134148151251221SB1220207225015299999999999999 5 5 -3183310399999999999999
144124 92 55 21  0 -2 16 54102148182201206197176150126109101106122140151251222SB1252206232615299999999999999 538 -419 710199999999999999
150138113 79 41 11 -2  3 29 72122165193206205190165138115100 97107126144251223SB1326207999999999999999999999 613 -31945 9799999999999999
152147132104 68 32  8  0 13 44 90139178201209203183154125103 92 92106127251224SB 0 915214 421099999999999999 653  02028 9099999999999999
144150144127 99 63 31 11  9 26 60107154189207210199174142112 91 82 85102251225SB 059150144421199999999999999 737  72114 8199999999999999
125143149143126 99 66 37 22 23 42 77122164194207206190162128 98 78 70 77251226SB 159149152520999999999999999 825 2022 1 7099999999999999
 97122141148145130106 77 52 40 42 60 92131168192202197178147112 82 63 58251227SB 31014916 820299999999999999 921 392251 5899999999999999
 67 89116139151151141122 97 75 62 63 76102135166186191183162131 95 65 47251228SB 4331521654191999999999999991028 612344 4399999999999999
 44 55 80111139157163159144122100 86 82 89107133159176178168147114 78 48251229SB 6 61631742179999999999999991152 82999999999999999999999
 31 28 42 71108143167179180169148124106 97 96107129152166166155132 98 60251230SB 736181183216799999999999999 040 271335 9599999999999999
 29 13 12 29 65110150179196200191169144122106100107127147157155142117 81251231SB 850201191915899999999999999 133 1015 010099999999999999
