  7 32 62 90113127130125115105100100109123139149150138115 84 50 20 -2-1025 1 1SD 5511301535151999999999999991023 9923 5-1099999999999999
 -4 15 43 73100119128127118107 97 93 97109126141150147132106 74 41 14 -225 1 2SD 62212816181509999999999999911 1 932342 -699999999999999
 -5  6 28 57 85109123127122111 98 89 88 95109126140145140122 96 65 36 1425 1 3SD 65312717 2145999999999999991142 87999999999999999999999
  3  6 21 45 73 98117126124115102 89 82 82 91105121133137129112 87 60 3725 1 4SD 722126175013799999999999999 018  31227 8199999999999999
 21 16 24 41 65 89110123126120108 93 80 74 75 84 98112122125117102 82 6125 1 5SD 749126184512599999999999999 052 161319 7399999999999999
 44 34 35 46 63 85105121128125115100 84 72 65 66 75 87 99109111106 95 8125 1 6SD 814128195011199999999999999 126 331419 6599999999999999
 67 57 53 57 68 85103119128130123110 94 77 63 56 56 62 72 84 94 99 98 9325 1 7SD 8411302121 9999999999999999 159 531532 5599999999999999
 85 78 73 73 79 89103117128133131121107 89 71 55 46 43 47 56 69 80 89 9425 1 8SD 911133999999999999999999999 231 731653 4399999999999999
 95 94 92 91 92 97106116127134136131121105 86 66 47 34 29 32 41 55 70 8425 1 9SD 0 0 95 94913699999999999999 3 6 911810 2999999999999999
 95102105106106107110116123131136137133122106 84 61 39 23 16 18 28 45 6425 110SD10431389999999999999999999991917 15999999999999999999999
 83 99110116117116115116119125132138140136125107 82 55 30 12  4  7 20 4025 111SD 347117115514099999999999999 6 61152015  399999999999999
 64 88106119124123119116115117123131139143140128107 79 49 21  2 -5  0 1725 112SD 41912413 814399999999999999 75011521 5 -599999999999999
 42 70 95114125127123117111109112120131142147144129105 74 41 13 -5-10  025 113SD 44912714 914799999999999999 8561092149-1099999999999999
 21 50 79104121128126118109103102107118133145150144127 99 66 33  6 -8 -825 114SD 51512815 115099999999999999 9431012229-1099999999999999
  7 32 62 91113125127120110 99 93 94103118134146149141120 90 56 25  3 -625 115SD 5401271547150999999999999991022 9223 5 -699999999999999
  0 20 48 78104121126122112 98 88 83 88101118134145144132109 78 47 20  425 116SD 6 312616291469999999999999911 0 832337  199999999999999
  2 15 38 67 95115125125115101 87 77 76 85100117132139135120 96 67 40 2025 117SD 6251261710139999999999999991137 76999999999999999999999
 12 17 35 60 87110124127120106 90 76 70 72 83 99115126130123106 83 59 3925 118SD 646127174913099999999999999 0 7 121215 6999999999999999
 27 26 37 58 82105122128125112 96 80 69 65 70 81 96109117118109 94 75 5725 119SD 7 7129183111999999999999999 033 251255 6599999999999999
 44 39 44 59 80101119129129119104 87 72 63 62 68 78 91101107105 97 85 7225 120SD 729130191910799999999999999 058 391341 6199999999999999
 61 54 56 65 80 98115127130125112 96 80 67 60 59 64 73 83 91 95 95 90 8225 121SD 7521302020 9699999999999999 121 541436 5999999999999999
 75 70 69 74 84 97112124130128119105 90 75 63 57 55 59 66 74 81 86 88 8725 122SD 8181302212 8899999999999999 141 691545 5599999999999999
 85 83 83 85 90 99109120127129124114101 86 72 60 52 49 51 56 64 72 80 8625 123SD 848129999999999999999999999 150 8317 8 4999999999999999
 90 93 95 96 98102108116122126126121112 99 84 69 55 45 40 40 46 55 66 7825 124SD 9281279999999999999999999991825 39999999999999999999999
 89 98103106107107109112117122125125121112 99 82 64 47 35 28 28 35 48 6425 125SD10311269999999999999999999991927 27999999999999999999999
 81 96107113115113111110112116121126127124115100 79 57 37 22 15 17 28 4525 126SD 354115115412799999999999999 6541102017 1599999999999999
 67 88105117121120115110107109114122129133130118 99 74 48 24  9  3  8 2425 127SD 41212113 713399999999999999 81310721 0  399999999999999
 48 73 97114124124119111104101104113125135140135120 96 66 36 12 -3 -6  525 128SD 43512514 414099999999999999 9 11012140 -699999999999999
 27 55 84107122127123113103 95 94100114129142146139119 90 56 25  1-10 -725 129SD 5 0127145314699999999999999 940 932218-1199999999999999
 10 37 68 96117128127117103 91 84 86 98116134147149138114 81 46 16 -4-1025 130SD 5241291540150999999999999991017 832253-1099999999999999
  0 22 53 84110125129121106 90 77 72 79 96117137148147132105 72 39 13 -125 131SD 5471291626150999999999999991054 722326 -399999999999999
  0 16 42 73101122130126112 93 74 63 62 74 94116135144140123 96 65 36 1725 2 1SD 6 91301712145999999999999991133 612357 1099999999999999
 10 18 39 66 95118130130119 99 77 60 51 54 69 90112129135129112 87 61 4025 2 2SD 62913218 0135999999999999991213 51999999999999999999999
 29 30 43 66 91115130134126108 86 64 48 42 49 64 85104118122116101 82 6325 2 3SD 649134185212399999999999999 025 281258 4299999999999999
 50 47 54 70 92113130137133119 98 75 54 40 37 44 58 76 93105108103 93 8125 2 4SD 7 9137195210899999999999999 049 471349 3799999999999999
 71 66 69 79 95113129138138129111 90 68 49 37 34 40 51 66 80 90 94 93 8925 2 5SD 7311392118 9499999999999999 1 8 661451 3499999999999999
 85 82 83 90100114126136139135123106 86 66 49 37 32 34 42 53 66 76 83 8825 2 6SD 757139999999999999999999999 114 821611 3299999999999999
 91 93 96100106114123131136136130120105 88 69 52 38 29 27 32 41 53 66 7825 2 7SD 8311379999999999999999999991747 27999999999999999999999
 89 97103108111115119124128131131127120108 93 74 54 37 24 19 21 31 45 6225 2 8SD 9311319999999999999999999991911 19999999999999999999999
 79 94106113116116116116118121124127128124115 99 78 54 33 17 10 13 25 4325 2 9SD11411289999999999999999999992013 10999999999999999999999
 65 86103115119118114110107108112119127132130121103 78 50 26  9  3  9 2525 210SD 416119132113299999999999999 82110721 1  399999999999999
 49 74 97113121121114106 98 95 97106118130137136124102 73 43 18  3  0 1125 211SD 427122142313899999999999999 9 7 952140 -199999999999999
 33 60 87109121123117105 93 84 83 89103120134142138122 96 64 34 11  0  425 212SD 443124151114299999999999999 943 822214  099999999999999
 22 48 77103119125120107 92 78 71 74 86104124138143135114 85 54 26  8  525 213SD 5 01251553143999999999999991015 712244  499999999999999
 16 39 68 96117127124112 94 76 64 61 69 86107127139139126103 74 45 22 1225 214SD 5171271631141999999999999991047 602311 1299999999999999
 17 35 62 90114127128118 99 79 61 52 54 68 88110127135131114 90 63 40 2525 215SD 53412917 9135999999999999991118 522336 2399999999999999
 24 36 59 85110127131124106 85 64 49 45 53 70 91111125128119102 79 57 4125 216SD 5521321746128999999999999991150 452359 3599999999999999
 35 42 59 83107125133129114 93 70 52 42 43 55 73 93109118117107 90 72 5725 217SD 6101341824119999999999999991223 41999999999999999999999
 49 51 63 82104122133133122102 79 59 44 40 45 58 75 92104109106 96 83 7125 218SD 62913519 610999999999999999 020 491258 4099999999999999
 63 62 69 84102119131134127111 90 69 52 42 41 47 60 74 87 96 99 96 89 8125 219SD 6481341957 9999999999999999 037 621338 4099999999999999
 75 74 78 87101115127132129118100 81 63 50 43 43 49 59 70 80 87 89 89 8725 220SD 7 91322118 9099999999999999 049 741429 4299999999999999
 85 84 87 93102112122128128122109 93 76 62 51 44 43 47 54 62 70 78 83 8725 221SD 732129999999999999999999999 039 841543 4399999999999999
 90 93 96 99104111117123125122115104 91 77 64 52 44 40 40 44 52 61 71 8125 222SD 8 11259999999999999999999991727 39999999999999999999999
 90 97102106108111113116119119118113105 94 81 66 52 40 32 29 33 41 54 6925 223SD 8561209999999999999999999991856 29999999999999999999999
 84 97107112113112110110110113115117116111101 86 67 48 31 20 17 22 34 5225 224SD 355113111211799999999999999 7 31101956 1799999999999999
 73 92107116118115109104101102107115121124120108 89 65 41 20  8  6 15 3325 225SD 350118125712499999999999999 8131012041  699999999999999
 57 82103117122118110 99 91 89 93104117129133129113 88 59 32 10 -1  2 1625 226SD 4 312214 213399999999999999 852 892120 -199999999999999
 41 69 95115124123112 97 84 75 76 86103122137142134114 85 53 24  4 -2  625 227SD 420125145514299999999999999 926 742156 -299999999999999
 27 56 86111125127117 99 80 64 58 64 81105128143146135111 79 47 20  5  525 228SD 43812815441479999999999999910 1 582229  399999999999999
 20 47 77105125131123105 81 59 45 43 56 79106131145145131105 73 44 23 1525 3 1SD 4561311631147999999999999991037 4223 0 1599999999999999
 23 44 72101123134130113 88 61 39 29 33 51 78106130141138122 97 69 46 3325 3 2SD 5151341718142999999999999991114 282328 3299999999999999
 34 48 71 98122136137124100 70 43 24 18 27 49 76104124132127111 90 69 5425 3 3SD 53313918 6132999999999999991153 182352 4999999999999999
 50 57 75 98121137142134113 85 55 30 15 14 27 48 74 98114119113101 85 7325 3 4SD 5521421857119999999999999991234 13999999999999999999999
 66 69 82100120136144141126102 73 46 25 15 17 29 48 70 88100104101 93 8525 3 5SD 613145195710499999999999999 011 661321 1499999999999999
 80 81 89102118133142143134116 92 67 45 28 20 22 32 46 63 77 87 91 91 9025 3 6SD 6361442134 9299999999999999 023 801419 2099999999999999
 89 90 95104116127136139136125108 89 68 50 36 28 28 33 42 54 66 75 82 8725 3 7SD 7 1139999999999999999999999 0 2 891538 2799999999999999
 92 96100106113120126130130126117105 91 75 60 46 35 30 30 36 45 57 69 8025 3 8SD 7331319999999999999999999991726 30999999999999999999999
 90 98104108111114116118119119117114107 98 85 69 52 38 29 26 29 39 53 6825 3 9SD 8391199999999999999999999991858 26999999999999999999999
 84 97106111111109107104104106109113115113106 93 75 54 36 24 20 25 38 5625 310SD 33611112 911599999999999999 7421041958 2099999999999999
 75 93107114114108101 94 89 90 95104114120121114 97 75 51 31 19 17 26 4325 311SD 329114133712299999999999999 826 892040 1699999999999999
 66 88106116117111 99 87 77 74 78 89104118127127117 96 70 45 25 15 19 3325 312SD 339118143112999999999999999 858 742115 1599999999999999
 56 81103117121115102 85 70 61 61 72 89108125133130114 90 63 38 22 18 2825 313SD 353121151413399999999999999 927 602146 1899999999999999
 48 74 99117125121107 87 67 52 47 54 70 93115130135127108 82 55 34 24 2725 314SD 4 8125155313599999999999999 956 472214 2399999999999999
 44 68 95116128126113 92 69 49 38 39 52 74 99121133133120 98 73 50 35 3325 315SD 4241291629135999999999999991025 362240 3299999999999999
 44 65 91114129131121100 74 50 33 28 36 55 81106124132126111 89 66 49 4225 316SD 44113217 6132999999999999991053 2823 4 4299999999999999
 48 64 88111129135128109 83 56 35 23 25 39 62 88110124126117100 81 64 5425 317SD 4581351742126999999999999991122 222326 5399999999999999
 55 66 86108127136133117 93 66 41 25 20 28 46 70 93111119117107 92 77 6625 318SD 5161361819120999999999999991152 202347 6399999999999999
 64 71 86105123135135124103 77 51 32 21 23 35 54 76 95107111107 98 86 7725 319SD 5351371859111999999999999991223 21999999999999999999999
 73 76 87103119131135129112 89 64 43 29 24 29 42 60 77 92100102 98 92 8525 320SD 554135194610299999999999999 0 4 731257 2499999999999999
 82 83 90101115126132130118100 78 57 40 31 30 36 47 61 75 85 92 93 92 9025 321SD 61513221 2 9399999999999999 015 821340 2999999999999999
 89 90 94102111120126127121108 91 73 56 43 36 35 39 47 57 67 77 83 88 9125 322SD 638128999999999999999999999 0 8 891443 3599999999999999
 94 96 99103109114119121120113102 88 74 60 49 41 37 37 41 49 59 69 79 8825 323SD 7 51219999999999999999999991625 36999999999999999999999
 95101104107108110111113113112108101 92 80 67 54 43 34 31 33 40 51 65 8025 324SD 7561139999999999999999999991810 31999999999999999999999
 93103109111109106103102102105107108106100 89 75 57 41 29 23 24 34 49 6825 325SD 255111105510899999999999999 7 91021918 2299999999999999
 87102112115112104 96 89 87 90 98107114116111 99 80 58 37 23 16 20 34 5525 326SD 255115125211699999999999999 754 8720 7 1699999999999999
 78 99114120116105 91 78 71 71 79 94110122127122106 83 57 34 19 15 24 4325 327SD 3 712014 012799999999999999 829 702048 1599999999999999
 68 93113123122110 91 71 56 50 55 71 93115132137129110 83 55 33 21 23 3725 328SD 323124145513799999999999999 9 3 502124 2099999999999999
 61 88111126128117 96 70 47 32 31 43 66 95121138142131109 82 56 37 31 3825 329SD 340129154514299999999999999 938 302158 3199999999999999
 58 84109128135127106 77 47 23 12 16 36 65 97124140141128106 81 59 47 4725 330SD 3581351634142999999999999991014 122228 4599999999999999
 60 83108129140137120 91 57 26  5 -1  9 34 66 99124136135121101 81 66 6125 331SD 4181411723137999999999999991052 -12255 6099999999999999
 67 85107129143145133108 75 40 11 -5 -6  9 36 68 97118127124112 97 82 7525 4 1SD 4391461813128999999999999991132 -82319 7499999999999999
 77 88107127143149143124 95 61 29  5 -6 -2 15 40 68 93109115112104 94 8625 4 2SD 5 314919 7116999999999999991214 -62338 8599999999999999
 85 92106123138147147135113 84 53 27  8  2  7 23 45 67 86 99103102 97 9325 4 3SD 52814920121039999999999999913 2  22350 9299999999999999
 92 95104117130140143138124102 78 53 32 18 14 19 31 47 64 78 88 93 95 9525 4 4SD 5561439999999999999999999991358 14999999999999999999999
 95 98103111120128133133126113 96 77 59 43 31 26 28 35 47 59 72 81 88 9325 4 5SD 6281349999999999999999999991514 26999999999999999999999
 97100102106111115119121119114106 95 82 68 55 43 36 34 37 45 56 68 80 9025 4 6SD 7 81219999999999999999999991653 34999999999999999999999
 97102104104104104104104106106106103 98 90 79 65 51 41 35 37 44 56 70 8425 4 7SD 238105 91410699999999999999 5171041819 3599999999999999
 96104108106102 96 91 88 88 92 97103106105 99 87 70 54 41 35 37 46 61 7825 4 8SD 211108122210699999999999999 725 881918 3599999999999999
 94106112111104 93 83 74 71 74 82 94104112113105 91 72 53 40 35 40 53 7125 4 9SD 221113133711399999999999999 8 2 7120 1 3599999999999999
 91107116117109 96 80 65 57 56 64 79 95110119119109 91 70 51 40 38 48 6525 410SD 236118142812099999999999999 833 562037 3899999999999999
 86106119123116101 81 62 47 41 46 61 81102118126122108 88 66 50 42 47 6125 411SD 253123151112699999999999999 9 3 4121 9 4299999999999999
 82103120128124109 87 63 42 30 30 42 63 88110125129122105 83 64 51 50 5925 412SD 310128155012999999999999999 931 292139 4999999999999999
 78100119131130117 95 68 43 25 19 26 44 70 97118130129118 99 79 64 57 6125 413SD 328132162713199999999999999 959 1922 7 5799999999999999
 76 97117131135126105 77 49 26 13 13 28 51 79105123130125111 93 77 67 6625 414SD 34713517 3130999999999999991027 112233 6599999999999999
 76 94114130138133115 89 59 32 13  7 15 35 61 89111124126118104 89 77 7325 415SD 4 71381740126999999999999991056  72258 7399999999999999
 78 92110127137137124101 71 43 20  8  9 23 45 71 95113121119110 97 86 8025 416SD 4281391817121999999999999991125  72320 8099999999999999
 81 91106122135138130112 85 57 32 15  9 16 32 55 78 98110114111102 93 8725 417SD 4501381859114999999999999991157  92341 8699999999999999
 86 91103117129136133120 98 72 47 27 16 15 25 41 61 81 96104107104 98 9325 418SD 5141361950107999999999999991233 14999999999999999999999
 91 93101112123131132124108 87 63 42 28 21 23 32 47 64 79 91 98100100 9825 419SD 539132211010199999999999999 0 0 911316 2199999999999999
 96 97101107116123126124114 99 80 61 44 33 28 30 37 48 62 75 86 93 9810025 420SD 6 8126999999999999999999999 015 961414 2899999999999999
101101102105109114117118115107 94 79 64 50 40 34 33 38 46 58 71 83 9310025 421SD 6461189999999999999999999991538 33999999999999999999999
104106105104103103105107108107103 95 85 72 59 47 39 35 36 44 56 70 85 9725 422SD 1 9106 81010899999999999999 4171031712 3599999999999999
106110110105 99 94 91 91 94 99103104102 95 83 68 54 42 35 36 44 58 76 9325 423SD 121111105410499999999999999 628 901824 3599999999999999
106114115109 99 87 77 72 73 80 91103110112107 94 77 59 45 38 39 50 67 8725 424SD 138116124611299999999999999 717 711919 3799999999999999
105117121116102 84 67 54 50 55 69 88106119123118103 84 64 49 43 48 62 8225 425SD 156121135712399999999999999 756 5020 5 4399999999999999
103119128125111 89 64 42 29 28 40 62 87111128133126110 89 69 57 54 62 7925 426SD 216128145513399999999999999 834 272045 5499999999999999
100120133134123100 70 40 18  7 12 30 58 90117134138130112 92 75 66 68 8025 427SD 237135154913899999999999999 913  72121 6699999999999999
 99120137143136116 85 50 19 -2 -9  2 26 59 92120135138128112 95 82 78 8425 428SD 3 1143164013899999999999999 952 -92154 7899999999999999
 99119137148148133105 69 33  3-15-16  0 28 62 95119132133124110 97 89 9025 429SD 3271501732134999999999999991034-172225 8899999999999999
100116134149154146125 93 56 22 -5-17-14  5 33 66 95115125124117106 98 9525 430SD 3551541825126999999999999991116-182253 9599999999999999
100112128143153152139114 82 48 18 -4-11 -5 14 41 69 93109116115110103 9925 5 1SD 42715419211179999999999999912 2-112321 9899999999999999
100107119133145150144129104 75 46 21  5  0  8 25 48 71 9010310810810510125 5 2SD 5 11502026109999999999999991250  0235210099999999999999
100103110121132139140133118 96 72 48 29 17 15 22 36 54 72 88 9810310410225 5 3SD 5401412147104999999999999991344 15999999999999999999999
100100103109116123128127120108 92 73 55 40 31 29 34 44 59 74 87 9710210425 5 4SD 62412823 910499999999999999 0381001447 2999999999999999
103101100100103106110113113109101 91 78 64 52 43 40 43 51 64 78 90 9910525 5 5SD 730113235910699999999999999 21710016 1 4099999999999999
106105101 96 93 92 92 95 98101101 99 94 85 73 62 52 48 50 57 70 83 9610625 5 6SD 942102999999999999999999999 5 9 921714 4899999999999999
111111106 98 89 82 77 77 80 86 93 99101 99 92 81 69 59 54 56 64 77 9210525 5 7SD 03111112 610199999999999999 639 761815 5499999999999999
114117113104 91 78 67 61 62 68 79 91101107107 99 87 74 63 59 62 73 8710325 5 8SD 058117132610899999999999999 725 6019 5 5999999999999999
116122121112 97 79 62 50 45 50 61 77 94108115114105 91 77 67 65 71 8310025 5 9SD 123123142211599999999999999 8 0 451948 6599999999999999
115125128121106 85 62 44 33 33 43 60 82102116122119108 93 79 71 72 81 9625 510SD 14712815 712299999999999999 832 322027 7199999999999999
112126133129115 93 68 44 27 20 26 42 65 90111124128121108 93 81 77 81 9325 511SD 210133154812899999999999999 9 3 2021 3 7799999999999999
109125135136125104 77 50 27 14 13 25 47 74100120130129120106 93 84 83 9125 512SD 234137162613199999999999999 933 122136 8299999999999999
105122135140134116 90 60 33 13  6 12 30 56 84108125131127116103 92 87 9025 513SD 25914017 41319999999999999910 3  622 7 8799999999999999
102117132141140127104 74 44 20  5  4 16 39 66 93114126128122111100 92 9225 514SD 3251421742129999999999999991035  32236 9199999999999999
 99112127139143136117 90 59 32 12  4  8 25 49 75 99116124123116106 98 9425 515SD 35214318221249999999999999911 8  323 4 9499999999999999
 97107121134142140127105 76 48 24 10  7 16 34 58 82102115120117110103 9725 516SD 42114219 6120999999999999991144  62333 9799999999999999
 97103114127137140133117 93 66 40 21 12 13 25 43 65 8610211211511210710225 517SD 4511401958115999999999999991222 11999999999999999999999
 99101108118128134134124106 84 59 38 24 18 21 33 51 70 8810211011211010625 518SD 525135205811299999999999999 0 7 9913 6 1899999999999999
102101103109117124128125115 99 78 58 41 30 26 30 41 56 74 9010211011211025 519SD 6 612822 211299999999999999 0551011358 2699999999999999
106102100101105111116119116108 95 79 62 48 38 35 38 48 62 78 9310511211425 520SD 7 4119225611499999999999999 21410015 0 3599999999999999
112106100 95 93 95 99104108109105 96 84 71 58 49 45 47 55 68 84 9911111725 521SD 839109233511899999999999999 4 6 931611 4599999999999999
117112104 93 84 79 78 83 90 98104106102 94 83 71 60 55 56 64 78 9310811925 522SD1049106999999999999999999999 535 781719 5599999999999999
123120111 96 80 67 59 58 65 77 91103111112106 96 83 72 66 68 76 9010612025 523SD 0 7123123911299999999999999 634 571820 6699999999999999
128129121105 84 62 45 36 38 49 67 88106118122118107 94 83 78 80 8910411925 524SD 036130135912299999999999999 722 351913 7899999999999999
132137133119 96 68 42 23 15 20 36 61 87110126131127116103 93 89 9310311825 525SD 1 513715 313199999999999999 8 7 1520 1 8999999999999999
133143145135113 84 51 22  3 -2  7 29 58 89115131136132121109100 9910411625 526SD 13714516 013699999999999999 852 -22045 9899999999999999
132145152149133106 71 36  7-10-12  2 28 60 9211813313713212211110510611425 527SD 212153165313799999999999999 937-13212610599999999999999
127142154158149128 97 60 25 -2-16-14  3 31 64 9511813113412811911110711025 528SD 2491581745134999999999999991022-1722 510799999999999999
120134149158158146121 89 53 20 -4-14 -8 11 39 70 9811812712812311510810725 529SD 33015918351299999999999999911 9-14224510799999999999999
112123138150157154139113 81 48 19  0 -6  3 22 49 7710011612312211610910525 530SD 4121571922123999999999999991155 -6232710499999999999999
105112123136147151145129105 76 47 24  9  7 17 36 60 8410311511911711110425 531SD 45715120 5119999999999999991240  6999999999999999999999
101102109119130138140134119 97 73 50 31 21 22 33 50 71 9110711511711310725 6 1SD 544141204611799999999999999 0161001326 2099999999999999
100 97 98104112121127127121109 92 73 55 41 35 38 48 64 82 9911111711611125 6 2SD 637128212511799999999999999 117 971412 3599999999999999
104 97 92 92 96102108113114110102 89 76 62 53 49 52 62 77 9310711611911725 6 3SD 74511422 312099999999999999 235 9215 1 4999999999999999
111102 93 87 84 85 89 95100103103 99 91 82 72 65 62 66 75 8810311512212325 6 4SD 922104224212399999999999999 413 841555 6299999999999999
119110 99 87 78 73 72 76 82 90 97100100 97 90 82 76 74 77 86 9911212212725 6 5SD1132101232112799999999999999 538 721653 7499999999999999
126119108 93 78 66 59 58 64 73 84 95103106105 99 92 86 83 87 9610811912825 6 6SD1312107235913199999999999999 637 581753 8399999999999999
131128118102 84 66 52 45 46 55 68 84 99110115114108100 93 91 9510411612725 6 7SD1419115999999999999999999999 722 451850 9199999999999999
134134127113 93 71 51 38 33 38 51 69 89107119124121114105 98 9710211212325 6 8SD 03613515 812499999999999999 8 0 331943 9799999999999999
134139136125105 81 57 36 25 24 33 51 74 9711612713012511610710210210811925 6 9SD 112139155013099999999999999 836 23202910199999999999999
131140142135119 95 67 42 23 15 19 33 56 8210612413313312611610710310511425 610SD 147143162913499999999999999 911 15211110399999999999999
126138145144132110 82 53 29 13 10 18 38 64 9111412913413212311310610410925 611SD 22214617 713599999999999999 947  9214810499999999999999
120133144149143125 99 69 41 19  7  9 22 46 73 9912013113312811911010410525 612SD 2571491745133999999999999991023  6222310499999999999999
113126140149149138117 88 57 31 12  6 12 30 55 8210612313113012311410610325 613SD 33215018231319999999999999911 0  6225810399999999999999
107117131144150146131106 77 48 24 10  9 19 39 65 9111112512912611810910325 614SD 4 915019 2129999999999999991138  8233610299999999999999
102109120134144147139122 96 68 42 22 13 16 29 51 75 9811612612712211310525 615SD 4471471941127999999999999991216 12999999999999999999999
100101109121133141141131112 88 62 40 25 20 27 42 63 8610612012612511810925 616SD 530142201812799999999999999 0191001256 2099999999999999
100 96 99106117127133132122105 83 62 44 33 32 40 56 76 9711412412712311425 617SD 620134205212799999999999999 110 961337 3199999999999999
104 95 91 92 99108118124123115101 83 66 53 46 47 57 72 9010812212812812125 618SD 724124212512999999999999999 214 901421 4699999999999999
110 97 87 81 81 87 96106113114110101 89 76 67 62 65 74 8710411912913212925 619SD 848115215813299999999999999 329 811510 6299999999999999
119105 90 76 68 66 71 81 92103109110106 99 90 83 80 82 9010211612913613625 620SD1041110223313799999999999999 446 6616 5 8099999999999999
129116 99 80 63 52 49 53 65 80 95106113114111105 99 96 9810511612713714225 621SD1245114231314299999999999999 554 4917 7 9699999999999999
140130114 92 69 48 35 31 37 51 70 9010711812312211711210911011612613614525 622SD1418124235914899999999999999 653 31181310999999999999999
148144131111 85 57 34 19 15 23 41 64 8911012513213212712111711812413314325 623SD1527132999999999999999999999 748 15191911799999999999999
151154148132108 77 46 21  6  3 14 35 63 9111413013713613112412012112713725 624SD 050154162113899999999999999 841  3202112099999999999999
148157159151132104 70 38 12 -2 -3 11 36 66 9511913413913713012311912012825 625SD 14315917 713999999999999999 931 -4211511999999999999999
139152161162152130 99 64 31  7 -5 -2 15 41 7210112313513813312511711411725 626SD 2361631747138999999999999991018 -622 411499999999999999
126140154162162149125 93 59 27  6 -3  4 24 52 8210812713513412611710910725 627SD 32616318221359999999999999911 3 -3224910799999999999999
112124139153160157143118 86 54 27  9  6 17 38 66 9411612913312811910810125 628SD 4151611852133999999999999991144  5233310099999999999999
101108121137149154149133109 80 51 29 18 19 34 56 8210612413113012211010025 629SD 5 21541920132999999999999991222 17999999999999999999999
 94 95104117131141144138122 99 75 52 36 30 37 53 76 9911813013212611510325 630SD 549144194513299999999999999 019 931257 3099999999999999
 92 88 90 99111123131132125111 92 73 56 47 47 56 73 9411412813413212211025 7 1SD 639133201213499999999999999 1 9 881330 4599999999999999
 96 87 83 85 93103113119120114103 89 76 65 61 65 76 9211012513513613011825 7 2SD 735120203913699999999999999 2 6 8314 2 6199999999999999
104 91 82 77 79 85 93102108109106100 91 83 77 77 82 9310712213313813612725 7 3SD 850110211013899999999999999 313 771437 7699999999999999
114100 86 76 71 71 76 83 92 99103104102 98 94 91 92 9710711913013713913425 7 4SD1046104214613999999999999999 429 701521 9199999999999999
124111 96 81 69 63 62 66 74 84 9410210710910810610410410911612613413913925 7 5SD1311109222914099999999999999 541 61162310499999999999999
133122107 90 74 60 53 51 57 67 80 9410611411811911611311311612212913614025 7 6SD1433119232014199999999999999 640 51174311399999999999999
139133120103 84 65 50 42 42 49 63 80 9811312312812712311911711912413213925 7 7SD1521128999999999999999999999 731 4119 211799999999999999
142141133118 98 75 54 38 31 34 45 63 8410412113113413112612011812012613425 7 8SD 017143155813499999999999999 815 3120 611899999999999999
142146144133114 90 64 42 27 22 28 44 66 9111312913713713212411811611912725 7 9SD 110146163113899999999999999 857 22205611699999999999999
138147151146131108 80 53 31 18 16 27 47 73 9912113514013712912011411311925 710SD 15915117 414099999999999999 937 15213711399999999999999
130143153155147127100 70 42 21 11 14 30 55 8310912813914013312311310811025 711SD 2431551735140999999999999991015 11221510899999999999999
120134148157156144121 90 59 32 14  9 18 38 66 9411913414013712711510610325 712SD 32615818 5140999999999999991052  9225210399999999999999
108121137152158154138112 80 50 26 13 14 28 52 80107128139139131118106 9825 713SD 4 81591833140999999999999991127 122331 9699999999999999
 97106122139152156148129102 72 45 26 19 25 43 69 96120135140136124109 9625 714SD 45215618591409999999999999912 1 19999999999999999999999
 90 92104120137148149140120 94 67 45 32 32 43 63 88113131141140130114 9825 715SD 539150192314199999999999999 012 891234 3099999999999999
 86 82 87 99115131140140130112 89 68 52 46 50 65 8510812814014313612210525 716SD 630141194714399999999999999 058 8213 6 4699999999999999
 88 77 74 80 92107121129129121106 90 75 66 65 73 8710612513914614313111525 717SD 730130201114699999999999999 150 741337 6499999999999999
 96 79 68 66 71 82 96109117119114106 96 87 83 86 9510912413814714814112725 718SD 846119203714999999999999999 251 6514 7 8399999999999999
109 89 72 61 56 60 69 82 9510611111211010610210210611412513714615114813925 719SD1042112211015199999999999999 4 3 56143810299999999999999
124106 85 67 53 46 47 55 68 83 9710711411711811711812112713514315015214925 720SD2156152999999999999999999999 521 46999999999999999999999
140125105 84 62 45 36 35 42 56 74 9110711912612912912813013313814515015325 721SD23 6153999999999999999999999 636 34999999999999999999999
151143128107 83 58 38 25 23 31 47 69 9111112513413713513313113213714315025 722SD16 2137999999999999999999999 742 2319 513199999999999999
155155148132109 81 53 30 16 15 25 44 69 9511713214014013613012712713114025 723SD 031156163014199999999999999 839 14202912699999999999999
150158160152135109 77 47 23 10 10 24 47 7610312513814213813012211811812625 724SD 144160165714299999999999999 928  8212211799999999999999
138152162164155134105 72 41 18  8 13 30 57 8711413314114013212111110711025 725SD 2431641721142999999999999991011  822 510799999999999999
121137153164164153129 98 65 36 17 12 22 44 73102126139141135122108 99 9625 726SD 3331651744142999999999999991049 122245 9699999999999999
104118137153162160145120 89 58 34 21 23 38 64 92118136143138126110 96 8825 727SD 41916318 5143999999999999991123 202323 8799999999999999
 89100117136151157151134109 81 55 37 31 40 60 86112133143142132115 98 8525 728SD 5 31571825144999999999999991153 31999999999999999999999
 79 84 98116133145148140122 99 75 56 45 48 61 83108130143146139123104 8725 729SD 545148184514799999999999999 0 1 791220 4599999999999999
 76 74 82 96113128136136127111 92 74 62 60 68 84106126142149145132113 9525 730SD 62913719 614999999999999999 042 741245 5999999999999999
 79 71 72 80 94108120126124116104 90 79 75 78 8910512414014914813912310525 731SD 718126192915099999999999999 125 7113 8 7599999999999999
 87 75 69 71 79 90102111116115109102 94 90 90 9610712213614614914413211625 8 1SD 818116195314999999999999999 215 691329 8999999999999999
 98 83 72 68 69 75 84 9410210710910710510310310511212113214214714613912625 8 2SD 958109202214799999999999999 317 67134110299999999999999
111 95 81 71 65 65 69 77 86 9510210711111311411511812312913714214414213425 8 3SD2058144999999999999999999999 434 64999999999999999999999
123109 94 80 68 61 58 61 68 79 9010111111812212512512612813213614014214025 8 4SD2157142999999999999999999999 556 58999999999999999999999
133123109 93 77 63 53 49 52 60 74 8910411712713213213012912813013413814125 8 5SD1540132232814199999999999999 7 5 49184012899999999999999
141136126110 91 71 54 42 38 43 55 72 9211112613513813513112612412613113825 8 6SD1556138999999999999999999999 759 3820 212499999999999999
144146141129110 86 63 43 31 29 37 54 7610012113514114013412611911812213025 8 7SD 049146161714299999999999999 843 28205011899999999999999
141150152146130106 78 52 31 21 22 36 58 8511113114214413712711611011011825 8 8SD 150152164014499999999999999 923 20212710999999999999999
132146157158149128 99 68 41 22 15 23 42 69 98123140146141130116104 9910425 8 9SD 23915917 214699999999999999 959 1522 3 9999999999999999
117135152162161147122 91 59 33 18 17 31 56 85114136147145134118102 91 8925 810SD 3251631724148999999999999991033 162238 8899999999999999
 99117138156164160142114 82 52 30 22 28 47 75105130146149140123103 86 7825 811SD 41016417441499999999999999911 5 222315 7799999999999999
 81 95117139156162154133105 76 51 36 34 47 70 98125144151146130109 87 7125 812SD 45516218 4151999999999999991135 332353 6799999999999999
 67 74 92115137151154144124 99 74 56 49 55 72 96121142153152139118 94 7325 813SD 54315518241549999999999999912 3 49999999999999999999999
 60 59 70 89111131143143133116 95 78 68 68 79 98120141154157148129105 8125 814SD 633144184415799999999999999 034 581228 6799999999999999
 63 53 55 66 85105121131131123110 97 88 85 91104122140153159155141120 9625 815SD 73013219 515999999999999999 121 521249 8599999999999999
 74 58 50 52 62 78 9510911711911510910410110411212413915115915915013411425 816SD 846119193016099999999999999 217 5013 210199999999999999
 92 72 58 50 50 57 69 83 9510511011211311311512012813814715515715414513125 817SD20 1157999999999999999999999 328 49999999999999999999999
113 94 76 60 50 47 50 58 71 84 9610611412012412813113614214715115215014325 818SD2051152999999999999999999999 5 0 47999999999999999999999
132117100 81 63 49 41 41 48 60 76 9210712012813313513513613814014414614725 819SD2248147999999999999999999999 632 40999999999999999999999
145138125107 85 63 45 34 32 40 55 74 9511412813613813613212912813013614225 820SD1553138999999999999999999999 742 32194912899999999999999
148150145132111 85 60 39 27 26 37 56 8010412313614113813012211611512013025 821SD 04915016 314199999999999999 834 25204211599999999999999
142152156151136111 82 54 33 22 25 41 65 9211613414214013111910810210311225 822SD 2 0156161814399999999999999 917 22212010199999999999999
128144157161154134106 75 47 29 23 32 53 80108130143144135120104 92 88 9425 823SD 253161163514599999999999999 952 232155 8899999999999999
109129148160162150128 98 67 43 29 31 47 72100126142147140124105 88 77 7725 824SD 3381631653147999999999999991024 282228 7699999999999999
 89109131150160158142117 88 61 43 37 46 67 95121141150146131110 89 73 6625 825SD 4191611710150999999999999991052 3723 1 6699999999999999
 72 88111133150156149131106 81 60 49 52 68 91118139152151139118 95 74 6125 826SD 4581561728153999999999999991118 492334 5999999999999999
 60 71 91114134146147138119 98 78 64 62 72 91115137152155146127103 80 6325 827SD 5371481746155999999999999991141 62999999999999999999999
 55 60 74 94115131139137126110 93 80 75 79 93113134150156152136114 90 7025 828SD 61713918 515699999999999999 0 8 5512 3 7599999999999999
 57 55 63 78 96113126130126116104 94 88 89 98113131146155154143124102 8125 829SD 7 1130182515699999999999999 043 541221 8799999999999999
 65 57 58 67 81 96109118120117111104100 99105115128142151153147133113 9325 830SD 754120184615399999999999999 123 561233 9999999999999999
 76 64 59 61 69 80 9210210911211111010810911211812713714514914713812410725 831SD 92111219 914999999999999999 212 59122010899999999999999
 90 77 67 63 63 68 76 85 9410110611011311611912312813313914314414013111925 9 1SD1937144999999999999999999999 323 62999999999999999999999
106 92 80 70 63 61 63 68 76 86 9610611412112512813013113413613713713412925 9 2SD2027138999999999999999999999 5 4 61999999999999999999999
120109 96 83 70 60 54 54 59 68 82 9611012213013313313112912812913113313425 9 3SD1527134225113499999999999999 635 5319 412899999999999999
132126115100 83 66 52 44 43 50 64 8210211913113713713212612111912112613325 9 4SD1527138999999999999999999999 735 4220 211999999999999999
138139134121102 79 58 41 33 35 47 66 9011213014014113512511510810711312425 9 5SD 041139153914299999999999999 819 33203710799999999999999
137146148141124100 73 49 32 26 33 51 76103126141145139126111 99 93 9610825 9 6SD 146149155514599999999999999 857 2621 9 9399999999999999
126143155156145123 95 65 41 27 27 40 64 92119139148145131111 93 80 78 8725 9 7SD 237157161214899999999999999 932 252142 7799999999999999
106129150161160145119 88 59 38 30 36 56 83113137150150137116 92 72 62 6525 9 8SD 32516316301529999999999999910 4 302216 6199999999999999
 81106133154164159141113 83 58 43 42 55 79107134151155145124 97 71 52 4725 9 9SD 4111641648156999999999999991035 402252 4799999999999999
 57 79107135154161153133107 82 63 55 61 80105131151160154135107 77 52 3825 910SD 45716117 61609999999999999911 3 552329 3699999999999999
 38 53 78107133149153143125103 84 73 74 86106130150162161147122 91 62 4025 911SD 5451531726163999999999999991128 72999999999999999999999
 31 35 53 78105127139141132117102 91 88 95110130149162165156136109 79 5325 912SD 636141174716699999999999999 0 9 301149 8899999999999999
 36 31 38 55 77 99117127127121113105101105115130146159165162148126100 7425 913SD 734128181016599999999999999 055 3112 310199999999999999
 53 39 36 42 56 74 91105113115114112111113119130142153160160153139119 9725 914SD 9 3115183616199999999999999 149 36115611199999999999999
 76 59 47 43 46 55 68 81 9310210811211511912312913714415015315114413211725 915SD19 7153999999999999999999999 3 3 43999999999999999999999
101 84 69 56 49 48 52 60 72 84 9610611512212613013313513814014114013713125 916SD20 6141999999999999999999999 446 47999999999999999999999
122110 95 78 63 51 46 46 54 66 81 9711112212913113012812612512612813213425 917SD1511131232713499999999999999 623 4519 612599999999999999
134129119104 84 65 50 42 42 51 66 8510412013113413112511711110911211812825 918SD15 1134999999999999999999999 728 41195910999999999999999
136140138127108 85 63 46 38 41 54 74 96117131138135125113101 94 9310011325 919SD 111141151113899999999999999 814 382034 9299999999999999
128141147144130107 81 58 42 38 46 64 88112131141140130113 96 82 77 81 9425 920SD 210148152514299999999999999 851 3821 5 7799999999999999
113133147152146127102 75 54 42 44 58 81107129143145136118 96 77 65 64 7425 921SD 256153154114699999999999999 922 412136 6399999999999999
 94117139152154142121 95 70 53 48 57 77102127144150143125101 77 59 51 5625 922SD 337155155715099999999999999 951 4822 6 5199999999999999
 73 98123143153150135113 88 68 58 61 76 99123143153150134109 82 59 45 4325 923SD 4161541615154999999999999991018 572235 4299999999999999
 55 78104129145150143126105 84 71 68 78 97120141154155142119 91 64 45 3725 924SD 4531511633156999999999999991043 6823 5 3799999999999999
 42 60 85111132144144134117 99 85 78 83 97117138153157149129102 74 51 3725 925SD 53114516511579999999999999911 6 782335 3599999999999999
 36 47 68 92115131138135124110 97 89 90 99115134150157153138114 86 61 4425 926SD 6 91381711157999999999999991127 88999999999999999999999
 36 41 55 76 98116127130125116106 99 97103115130145154154143124 99 75 5525 927SD 650130173115599999999999999 0 7 361145 9799999999999999
 43 41 49 63 81 99112120121117111106105107115127139148151145131111 89 6925 928SD 741121175215199999999999999 042 41115610599999999999999
 55 48 48 56 68 82 96106111113112111111113117125133141145143135121103 8525 929SD 9 6113181414599999999999999 124 47114311199999999999999
 70 59 54 54 60 68 79 89 9810510911311511812112512913413713813412611410125 930SD1838138999999999999999999999 225 53999999999999999999999
 87 75 65 59 57 58 64 72 82 921021111171221251261271281281291291261211142510 1SD1915129999999999999999999999 4 3 57999999999999999999999
104 93 81 70 60 54 53 57 65 77 911051171251291291261221191181181201221222510 2SD1428130223212299999999999999 546 53191011899999999999999
119112101 87 71 58 48 46 50 62 78 961131261331331281191101051031071151232510 3SD1430134999999999999999999999 653 46194210399999999999999
128128122109 90 70 53 43 41 49 65 86108126136138131118104 92 86 89 991132510 4SD 034129144113999999999999999 741 402012 8699999999999999
128138139131114 91 68 49 40 42 55 76100123138143137121101 82 69 67 76 932510 5SD 142140145614399999999999999 821 392043 6799999999999999
115135148149137116 90 66 49 43 51 69 94119139148144128104 78 57 47 50 672510 6SD 235150151314899999999999999 857 432117 4699999999999999
 92120143155154139116 89 67 54 54 67 90116139152152138113 82 54 34 28 392510 7SD 324156153115499999999999999 930 532151 2899999999999999
 62 93124147158153137113 90 72 66 72 89114138155160150126 94 60 32 16 172510 8SD 41215815511609999999999999910 1 662228 1499999999999999
 33 62 96126147154148132111 92 81 82 93113136155165160141111 76 42 17  72510 9SD 5 11541612165999999999999991029 8023 8  799999999999999
 13 34 64 97125142146139125109 97 93 99114134153166167154130 97 62 32 12251010SD 5501461636168999999999999991054 932350  799999999999999
  7 17 39 68 96119132134129119109104106116131148162168162144118 86 55 30251011SD 64413517 2168999999999999991115103999999999999999999999
 16 15 25 45 69 93110120123120114111111117127141154161161152133108 81 56251012SD 750123173116399999999999999 036 13112911099999999999999
 37 26 26 35 51 69 87101110113114114114117124133142150153150140124104 83251013SD18 3153999999999999999999999 131 25999999999999999999999
 64 49 40 38 43 54 67 82 94103109113116118121125130135139139136129118105251014SD1843139999999999999999999999 243 38999999999999999999999
 90 75 61 52 47 48 55 65 78 91102111117120121121121121121123124124122117251015SD2032124999999999999999999999 418 47999999999999999999999
110 99 86 72 60 52 50 55 65 79 94107117123124121115110105104106110115119251016SD1342124235212199999999999999 547 50185910499999999999999
121118109 95 79 64 54 52 57 69 86103117126129125115104 93 87 86 91100112251017SD1352129999999999999999999999 649 521940 8699999999999999
122127125116 99 81 65 55 54 63 79 98116129134131120104 87 74 68 71 81 97251018SD 11712714 813599999999999999 735 542013 6899999999999999
114128134131119100 80 65 57 61 73 92113130139138127109 87 68 55 53 61 78251019SD 212134142514099999999999999 812 572043 5299999999999999
100120135140134118 98 79 66 63 71 88109129142145136117 92 67 48 39 43 58251020SD 257140144414599999999999999 845 632113 3999999999999999
 81107128141143133115 95 78 70 73 86105127143150144126100 72 47 32 29 40251021SD 33714415 315099999999999999 916 692141 2899999999999999
 62 89115135145142129111 93 80 77 86102123141152150136111 81 52 31 21 26251022SD 415145152315399999999999999 945 772210 2199999999999999
 44 70 98123139144137123106 92 85 88101119138151154144122 93 62 36 21 18251023SD 4521441544154999999999999991013 852239 1899999999999999
 30 52 80107128139139130116103 94 92100115133148155150132106 75 47 27 18251024SD 52914016 6155999999999999991038 922310 1899999999999999
 22 39 63 90113129135132122111101 98101112128143152152140118 90 61 38 24251025SD 6 713516291539999999999999911 2 982342 2199999999999999
 21 31 49 73 96114125128123116108103104111123136147150144127104 77 52 35251026SD 6491281652150999999999999991124102999999999999999999999
 27 29 41 59 79 98112119120117112108107111119130140145143133115 92 69 50251027SD 741120171714599999999999999 016 26114310799999999999999
 37 33 38 49 65 81 96107113115114112111112117124131137138133121104 85 67251028SD 859115174413899999999999999 057 3312 011199999999999999
 52 43 41 45 54 67 80 93103110113115115115116119123127129128123113 99 84251029SD1816129999999999999999999999 151 41999999999999999999999
 70 58 50 47 49 56 66 78 91102110116119119118117116116117118118115109100251030SD1240119192411899999999999999 3 6 47162111699999999999999
 89 77 66 57 51 51 55 65 78 92105116122124122116110105102102105109111110251031SD1255124222011199999999999999 437 50182310299999999999999
106 98 87 74 62 54 51 56 66 82 98113124129127119107 95 87 83 86 931031122511 1SD1312129999999999999999999999 552 5119 4 8399999999999999
117116109 97 81 66 57 54 60 73 91110125133133125109 90 74 64 62 70 851022511 2SD 024118133013599999999999999 649 541939 6299999999999999
118127128120105 87 71 61 60 69 86106125137141133116 92 67 48 39 43 57 802511 3SD 137129134914199999999999999 735 602015 3999999999999999
104125137138129112 92 77 69 71 84103123140148144127101 70 42 23 18 28 502511 4SD 236139141114899999999999999 816 692051 1899999999999999
 79109132145145133115 97 84 80 86101122141154154142116 82 48 19  3  3 192511 5SD 328146143415699999999999999 854 802130  199999999999999
 47 81113137148145133116101 92 92102120140156162155134102 64 29  2 -9 -42511 6SD 41914815 116299999999999999 928 912211-1099999999999999
 17 49 84115136145141130116104100105118136154165165151124 88 50 17 -6-122511 7SD 511145153016799999999999999 9591002254-1299999999999999
 -2 22 54 87114132138134125114107108116130147161167161143113 77 42 13 -42511 8SD 6 313816 21679999999999999910291062339 -899999999999999
 -7  6 30 59 88111125129126119112110113123137151161163153132103 71 40 172511 9SD 6591291638163999999999999991058110999999999999999999999
  4  5 18 39 64 88107117120119114111111116126138148154152141121 96 69 45251110SD 8 3120171715499999999999999 027  3113111099999999999999
 26 18 20 31 49 69 88103112115114112110111115123131138141138128112 92 72251111SD 91711518 114199999999999999 119 17121711099999999999999
 53 39 33 34 43 57 74 90102110113113112109109111114119123125123116106 93251112SD103211419 212599999999999999 219 32134710999999999999999
 78 64 52 46 47 53 65 79 93105112116115112107103101101103106109110109104251113SD112311621 011099999999999999 327 46163210199999999999999
 96 86 75 64 58 57 62 72 86100111118120118111102 94 87 84 85 89 96102106251114SD1158120234010799999999999999 439 561817 8499999999999999
107103 95 84 73 66 65 70 81 95109120126125119107 93 80 70 66 69 77 88 99251115SD1227126999999999999999999999 543 6419 7 6699999999999999
108112111103 91 80 72 72 78 90105119129132128116 98 79 63 52 50 56 70 86251116SD 112113125513299999999999999 637 711945 5099999999999999
102115120118109 96 84 78 79 87101117130137136125107 84 62 44 36 38 50 69251117SD 212120132113899999999999999 723 772018 3699999999999999
 90110123128123112 99 88 83 87 98113128139142135117 93 66 43 28 24 32 50251118SD 3 0128134714299999999999999 8 5 832049 2499999999999999
 74 99119131133126113100 91 89 95109125139146143128105 76 48 26 15 17 32251119SD 341134141314699999999999999 843 892120 1599999999999999
 56 83109128136135125112100 94 95105120135146148138117 88 58 31 14  9 18251120SD 419137144014999999999999999 918 932151  999999999999999
 38 65 94118133137132121109100 97102115130144150146129103 72 42 19  7  9251121SD 45613715 715099999999999999 951 972223  699999999999999
 23 47 76103123133134127116106100101110124139149150139117 88 57 30 12  6251122SD 5331351535151999999999999991021 992255  699999999999999
 14 33 58 85109124131128120111103101106117131144149144128103 73 45 23 10251123SD 61113116 41499999999999999910501012330  999999999999999
 10 22 43 68 93112123126122115107103104111123136144145135116 90 62 38 20251124SD 6531261634146999999999999991120103999999999999999999999
 14 18 33 53 76 97112120121117111106104107115126136140137124104 79 55 35251125SD 73912117 614099999999999999 0 6 14115310499999999999999
 23 20 28 43 62 82100112118118114109106105109116124131132126113 94 73 53251126SD 832119174313299999999999999 045 20123910599999999999999
 37 29 29 37 52 69 87102112117117114109105104106111117121121116104 89 72251127SD 928118183212299999999999999 129 28135010499999999999999
 56 44 38 39 47 60 76 92106115119118114108102 99 98101105109110108100 89251128SD1019119195311099999999999999 221 381538 9899999999999999
 77 64 54 49 50 56 68 83 98111120122120113104 94 87 84 85 90 96101103101251129SD11 012222 210399999999999999 324 491715 8499999999999999
 95 86 76 67 61 61 66 78 92107119126126120109 94 80 69 64 65 73 84 95104251130SD1135127999999999999999999999 434 601816 6499999999999999
107106 99 89 80 73 72 78 89103118128133130118101 80 60 47 41 45 58 75 932512 1SD 01110712 613399999999999999 540 7219 3 4199999999999999
108116118112102 92 85 84 89101116130138139131113 89 62 38 23 20 28 46 702512 2SD 140118123714099999999999999 639 831948 1999999999999999
 94114126128123112101 95 95102114129141148144130105 74 43 17  2  2 15 402512 3SD 246129131114899999999999999 731 942032  099999999999999
 69 98120133135129118108103104113126141152155147126 95 60 25  0-12 -9  92512 4SD 343136134815599999999999999 8191022117-1399999999999999
 38 71102124136138131120111108111122136151160159146120 85 47 13-11-20-132512 5SD 436138142716199999999999999 9 210822 3-2099999999999999
  9 41 75105126136135128119112110116128143157164159142113 76 38  6-14-192512 6SD 52713615 916499999999999999 9431102249-2099999999999999
 -9 15 47 80107124132130123114109110118131147159163155135104 69 34  5-112512 7SD 61513215521639999999999999910241082334-1399999999999999
-12  2 26 56 85108122126123116108105107117131145155156146125 96 64 33 102512 8SD 7 012616371579999999999999911 6105999999999999999999999
 -1  1 16 40 67 92110120121116109102100104113126138145144134114 89 61 362512 9SD 741121172414699999999999999 019 -2115410099999999999999
 19 13 18 33 55 78 99113118117111103 97 95 99107117127132130120104 83 62251210SD 818119181513299999999999999 1 3 131251 9599999999999999
 43 31 29 36 51 70 90106116118115108 99 92 89 91 97105112116115108 96 81251211SD 852119191611699999999999999 145 2914 3 8999999999999999
 66 53 46 46 54 68 84101114120120114105 95 87 82 82 85 91 97101102 99 92251212SD 927121204310299999999999999 228 451536 8299999999999999
 83 73 65 61 62 70 82 97111120124121114103 91 80 73 70 71 76 82 89 94 95251213SD10 412423 1 9599999999999999 315 601713 7099999999999999
 94 89 83 77 74 76 83 94107118126127123113100 85 71 61 56 57 62 72 82 91251214SD1045127999999999999999999999 410 741822 5699999999999999
 98100 99 94 89 86 87 93103115124130130123111 94 76 59 47 42 44 53 66 81251215SD 1 9100112713199999999999999 515 861912 4299999999999999
 95105109109104 98 95 95101110121129134131122106 85 64 45 33 29 35 48 66251216SD 222110121013499999999999999 622 941952 2999999999999999
 86102114119117111104100100106115126134137132118 98 73 49 30 20 20 30 49251217SD 312119125213799999999999999 724 992029 1999999999999999
 71 94112123126122114106102103110121131139139130112 87 59 34 17 10 15 31251218SD 352126133214099999999999999 81710221 5 1099999999999999
 54 80103121129129122113105102105114126137143139125102 74 45 21  7  5 15251219SD 428130141014399999999999999 9 11022140  499999999999999
 36 62 89112126131128119110103102108119132143145137118 91 60 31 10  0  4251220SD 5 2131144614599999999999999 9391022215  099999999999999
 20 44 72 99118129130124114105100102111125138146144131108 78 47 20  3 -1251221SD 53613015221479999999999999910141002250 -199999999999999
  8 28 55 83107122128126118108100 98103115130142146140122 96 65 35 13  1251222SD 6101281557146999999999999991048 982324  099999999999999
  3 16 40 67 93113124126121111102 96 97105118132142142132111 83 54 28 10251223SD 6431261633143999999999999991123 952358  499999999999999
  4 11 29 53 79102118124123115105 96 93 96106119131138135121 99 72 46 25251224SD 71612517121389999999999999912 2 93999999999999999999999
 13 13 24 43 67 91110121124119109 99 91 89 94104116126130124110 89 66 44251225SD 748124175613099999999999999 032 121247 8999999999999999
 28 22 26 40 59 82102117124122115104 93 85 84 89 98109117119114101 83 64251226SD 819124184911999999999999999 1 6 221342 8499999999999999
 48 38 36 43 57 76 96112123125120110 97 86 78 76 79 87 97105108104 95 83251227SD 84812520 010899999999999999 143 361451 7699999999999999
 70 59 53 54 62 75 92108121127126118105 91 77 67 63 65 73 82 92 98 99 95251228SD 9191282142 9999999999999999 222 5216 9 6399999999999999
 88 80 74 70 72 80 92106119128131126116101 83 67 54 48 48 55 67 79 90 97251229SD 953131999999999999999999999 3 9 701724 4799999999999999
 99 98 94 90 88 90 96105117127134134128115 97 75 55 39 30 30 38 52 70 86251230SD 0 8 99103313599999999999999 4 7 881830 2999999999999999
 99107110109106104105109117126134138137129113 92 66 41 22 12 12 23 41 63251231SD 214110111913999999999999999 5201041928 1199999999999999
