-11-10  8 41 81120149164163148126104 89 86 96115139158168162140106 65 2625 1 1SR 72516518 916899999999999999 029-131244 8699999999999999
 -2-14 -7 18 55 96132157165158138114 93 82 84 98121144162168157131 94 5325 1 2SR 8 0165185216899999999999999 1 7-141322 8199999999999999
 18 -5-10  4 33 72111143161162149127103 85 77 83100124146161162148120 8325 1 3SR 836164193716499999999999999 146-1114 4 7799999999999999
 46 16  0  2 20 52 89124150161156139116 93 77 73 8210012214315415313811025 1 4SR 912161202515699999999999999 225 -11450 7399999999999999
 77 46 23 13 20 41 72105134153157148129105 84 71 69 78 9511613414414212825 1 5SR 949158212114499999999999999 3 5 131542 6899999999999999
104 77 52 36 32 42 63 90118141153152140120 97 77 65 63 71 8610512113113125 1 6SR1027154222913299999999999999 347 321642 6299999999999999
121103 83 66 55 55 65 83106127143150146133113 90 71 58 54 60 73 9010711825 1 7SR11 9150999999999999999999999 434 541752 5499999999999999
123119109 96 84 77 76 84 98115132143147142129109 86 65 49 43 46 58 75 9325 1 8SR 0 1123115814799999999999999 531 761910 4399999999999999
109119122119111103 96 94 98107120132142146141128107 82 58 39 29 30 41 6025 1 9SR 157122125814699999999999999 650 942025 2899999999999999
 83105121131132127119110104104110120132142147143129107 79 50 28 15 15 2725 110SR 34113314 614799999999999999 8311042130 1399999999999999
 50 78106128142145140129116107104108118132145151147132106 74 41 15  1  225 111SR 450145151115199999999999999 9561042225 -199999999999999
 18 46 80113139153155146131115103 99105118135150157152133103 66 30  3-1025 112SR 53915516 8157999999999999991054 992314-1199999999999999
 -5 16 50 88124149161159145125107 95 93102120140157163155131 96 56 18 -825 113SR 6181621658163999999999999991139 922357-1699999999999999
-16 -5 22 61101136158164156137114 95 86 89103125147163166153124 85 43  825 114SR 6531651743167999999999999991216 85999999999999999999999
-13-15  3 36 77117147163162146123100 84 79 88107131153166164145112 72 3225 115SR 725164182316799999999999999 036-171251 7999999999999999
  2-12 -5 19 56 96132156162153132108 86 75 76 90113137156164156133 98 5825 116SR 75416319 116499999999999999 111-121324 7499999999999999
 24  2 -3 12 41 79116145159156140116 92 75 69 76 94118140155157143117 8325 117SR 821160193815899999999999999 144 -31357 6999999999999999
 48 22  9 14 35 67102132152156146125101 80 68 67 79 9812013914814412810225 118SR 847157201514899999999999999 214  91431 6699999999999999
 71 45 27 24 36 60 91121143153149133110 88 71 64 68 8110011913213713011325 119SR 911153205513799999999999999 242 2415 9 6499999999999999
 90 67 48 40 44 60 85111134147148138120 98 79 66 62 68 81 9811312312411725 120SR 937149214112599999999999999 310 401552 6299999999999999
103 85 69 59 57 66 82104124139145141127109 90 73 63 61 67 78 9210411111325 121SR10 4145224411399999999999999 339 571645 6199999999999999
108 99 88 78 74 76 85100116130138139132119102 85 70 61 59 63 71 82 9310125 122SR1037140999999999999999999999 412 741752 5999999999999999
105105102 96 92 90 92 99109120129134133126114 99 82 68 58 53 55 61 72 8425 123SR 028106112113499999999999999 459 901915 5399999999999999
 95104109111109106103103106112119126130129124113 98 81 64 51 43 43 49 6225 124SR 254111122913099999999999999 6341032033 4299999999999999
 78 94109119123122117111107106109115123129131127115 98 77 56 39 30 29 3825 125SR 416123135213199999999999999 8431062134 2899999999999999
 55 77100119132135132123112104101104112123133137132119 97 71 45 24 14 1525 126SR 45913515 11379999999999999910 01012221 1399999999999999
 30 54 83111133145145136122107 96 94100113129142146139121 92 60 29  7 -225 127SR 5331461556146999999999999991046 9323 3 -299999999999999
  6 27 59 94126148156150134114 96 86 87 99118139153156145119 84 45 12 -925 128SR 6 41561644157999999999999991124 852342-1399999999999999
-13  2 32 71110142160161148125101 82 75 83102127150164164146113 72 30 -325 129SR 6351631728166999999999999991159 75999999999999999999999
-19-16  8 45 88128157168161139111 85 68 67 82107136161173167142103 58 1725 130SR 7 5168181217399999999999999 019-211234 6699999999999999
-12-21 -9 22 64109145167169153124 93 68 57 62 83113144167175163133 92 4725 131SR 736170185517599999999999999 056-211311 5699999999999999
 10-11-12  8 44 87129159170163139106 75 54 48 60 86118148167170154122 8125 2 1SR 8 5171193917199999999999999 132-141349 4899999999999999
 42 12  0  7 33 70111145165167150121 88 60 44 44 60 8711914616116014111125 2 2SR 835168202616299999999999999 2 7 -11430 4199999999999999
 75 44 24 20 34 62 96130155164157135104 73 49 38 42 59 8611413714814512825 2 3SR 9 4164211614999999999999999 242 191515 3799999999999999
103 76 54 43 46 63 89117142156157144120 91 64 44 36 41 58 8110512313213025 2 4SR 933159221813399999999999999 317 4316 6 3699999999999999
118101 83 71 67 74 89109130145151147131109 84 60 44 37 40 53 72 9110711625 2 5SR10 5151234511899999999999999 352 6717 9 3799999999999999
118113105 97 91 91 96107121133141143137123105 83 63 46 38 37 45 59 75 9125 2 6SR1044143999999999999999999999 434 901832 3699999999999999
104112116115113110109111115122128133135131122107 88 68 49 36 30 33 44 6025 2 7SR 220116115113599999999999999 55410920 9 3099999999999999
 80 98114124128128124119115113115120126131132127114 95 72 49 30 20 20 3125 2 8SR 420129134413299999999999999 8581132129 1999999999999999
 51 76101122136141138129118109104105112122133138136123100 72 44 20  8  925 2 9SR 5 514115141399999999999999910201032226  799999999999999
 24 49 80111135148150141126109 96 91 95108125140148145129101 67 34  9 -325 210SR 53715016151499999999999999911 2 912310 -399999999999999
  3 25 57 93126148157151135114 94 81 80 91111133151158151128 94 56 21 -225 211SR 6 515717 3158999999999999991135 792347 -899999999999999
 -7  6 35 73111142159159145121 96 76 68 74 93118143161164150121 82 42 1025 212SR 63116117431659999999999999912 4 68999999999999999999999
 -7 -3 19 54 94131156163153131103 77 62 61 75100129153167163142107 67 2925 213SR 655163181916899999999999999 020 -81233 5999999999999999
  4 -3 10 40 79118148163159140111 82 60 52 59 81110139160166155128 91 5225 214SR 718164185316699999999999999 050 -313 1 5299999999999999
 22  6 10 33 67106139160163148121 90 63 48 48 63 90119145160159142111 7525 215SR 739164192716299999999999999 118  51329 4699999999999999
 43 22 18 32 60 95129154162154131100 71 49 42 50 71 99126147154147125 9525 216SR 8 016220 015499999999999999 144 171359 4299999999999999
 65 42 32 37 58 88120146159156138111 81 56 42 42 56 7910512814214413211025 217SR 820160203514599999999999999 2 8 311430 4099999999999999
 84 62 49 48 61 84112137153155143121 93 67 48 41 46 63 8510712513313011825 218SR 840156211413399999999999999 232 4715 3 4199999999999999
 99 81 67 62 68 84106128144150144128105 80 59 46 44 52 68 8610411612111725 219SR 9 115022 312199999999999999 256 621543 4499999999999999
108 95 84 78 79 88103120134142141131114 94 74 58 49 49 56 68 83 9610511025 220SR 925143231911099999999999999 321 781633 4899999999999999
109104 99 94 93 96103114124132134131121106 90 74 61 53 51 55 63 74 85 9525 221SR 954134999999999999999999999 349 931750 5199999999999999
102107108108107107108112116121125125123116105 92 78 65 54 48 47 52 61 7425 222SR 223109104712599999999999999 4501071937 4799999999999999
 88101112119121120117113111111113116120121119112 99 83 66 50 38 34 37 4925 223SR 411121125712199999999999999 83611121 5 3499999999999999
 66 87107123133134129120110103100104111120127129122108 86 62 40 23 17 2325 224SR 443135144312999999999999999 95610022 1 1799999999999999
 41 66 95121139147143131114 99 89 89 97112128140143134114 85 53 25  6  325 225SR 5101471547143999999999999991034 882244  299999999999999
 15 41 75109138155157145124100 82 73 79 95118141156158144115 78 40  9 -825 226SR 53715816381599999999999999911 7 732323 -999999999999999
 -5 16 50 91129156167159137108 80 62 59 72 98129156171169147111 68 27 -325 227SR 6 41671723172999999999999991140 58999999999999999999999
-14 -3 27 69113150171171153121 86 57 43 48 71105140169181173145103 57 1825 228SR 63117418 718199999999999999 0 0-141214 4399999999999999
 -6 -8 12 49 94136167177166137 99 62 36 29 43 74113150176184170137 93 5025 3 1SR 659177185118499999999999999 035-101250 2999999999999999
 16  2  9 36 77120156176175152116 75 40 21 22 43 78119154176178159126 8525 3 2SR 726178193518099999999999999 110  11327 1999999999999999
 49 25 20 35 66105142168176163133 93 54 25 13 21 47 8312115216816514511525 3 3SR 753176202216999999999999999 144 1914 6 1399999999999999
 82 55 42 46 66 96129156170166146112 75 41 19 14 26 52 8511814215314813125 3 4SR 819171211215399999999999999 217 421448 1399999999999999
108 85 69 65 74 94119143159162151128 96 64 37 22 20 33 55 8310812713513225 3 5SR 845163221213599999999999999 248 651536 1999999999999999
121106 94 87 89 99114132146152149135114 88 63 42 31 30 39 55 76 9511011825 3 6SR 911152234712099999999999999 319 871636 2999999999999999
120117111107106108115124133139140135124108 89 70 53 42 38 41 51 65 80 9525 3 7SR 942140999999999999999999999 35210618 3 3899999999999999
107115119121121120120120122124126126125120111 97 82 65 51 41 38 42 53 6825 3 8SR 319121105212799999999999999 5531201956 3899999999999999
 86103118128132132127121115111110112117122124120110 93 73 54 38 30 32 4325 3 9SR 420133135312499999999999999 9431102120 3099999999999999
 63 86109128139142136125112101 95 96103115127134132121101 75 50 30 21 2525 310SR 4471421522134999999999999991021 942213 2099999999999999
 41 66 95122142150146133114 96 83 79 86102120137146143127101 70 40 20 1425 311SR 5101501616147999999999999991050 792253 1499999999999999
 24 48 79112139154155142120 96 76 66 69 84107131150157149126 93 59 29 1325 312SR 5321561658157999999999999991116 652326 1299999999999999
 14 33 63 99132154161151129101 74 57 54 66 89118145162163147118 81 46 2125 313SR 5541611735165999999999999991142 532355 1399999999999999
 13 24 51 87123151164160139109 78 53 43 49 70100132157168162139104 67 3625 314SR 61416518 91699999999999999912 8 43999999999999999999999
 20 23 43 76113145164165149119 85 55 37 36 52 80114145165168154125 89 5625 315SR 634167184116999999999999999 022 191234 3499999999999999
 33 28 41 68103137160168157130 95 61 37 28 37 61 93127154166161140110 7725 316SR 654168191316799999999999999 048 2813 0 2899999999999999
 51 39 44 65 95128154167162140107 71 42 26 27 44 73107137156161149125 9625 317SR 713167194616199999999999999 113 381327 2499999999999999
 70 53 52 65 90120146162163147118 84 52 31 24 33 56 8611614015215013411125 318SR 732165201915399999999999999 137 501355 2499999999999999
 88 70 63 70 88113137155160151128 97 66 41 28 29 43 67 9512113814313612125 319SR 752160205614399999999999999 2 0 631426 2699999999999999
102 86 76 77 89107128146154150134110 81 56 38 32 38 54 76 9911812913112425 320SR 812154214013199999999999999 225 7515 1 3299999999999999
112100 91 88 93105120135144145136119 96 73 54 42 40 47 61 79 9611011812025 321SR 835146224712099999999999999 250 881545 4099999999999999
116110104100101107115125133137133124108 91 73 59 50 47 52 61 74 87 9910825 322SR 9 2137999999999999999999999 3211001651 4799999999999999
114116115114112112114118122125126123117107 94 80 67 56 50 50 54 63 76 9025 323SR 116116 94712699999999999999 4321121838 4999999999999999
103115122126125122117113111112114117119118113104 91 75 59 47 41 42 51 6625 324SR 322126122111999999999999999 8251112022 4199999999999999
 86106124135139135126114104 98 98103113122128127118101 80 57 39 28 29 4225 325SR 359139142412999999999999999 930 972126 2799999999999999
 64 91117139150149138120101 86 79 84 97115133144144132109 80 50 27 16 2125 326SR 42715115331469999999999999910 6 792213 1699999999999999
 40 70104135156162153132105 79 63 61 73 96124148162161143112 76 41 17  925 327SR 4541621625163999999999999991039 602254  999999999999999
 21 48 85124155171168147116 81 53 40 45 68101136164178172148111 69 34 1325 328SR 5211721713178999999999999991113 392332 1099999999999999
 12 32 67108146172179164132 92 54 27 21 36 68109148177188176146106 64 3325 329SR 5481791759188999999999999991148 20999999999999999999999
 19 26 53 91132166182177150110 65 28  7  9 33 72117158184189173140100 6325 330SR 616183184419099999999999999 0 9 181225  599999999999999
 39 34 49 79118154178183166130 85 41  9 -4  6 36 79124161182182163131 9625 331SR 643184193118599999999999999 045 3313 3 -499999999999999
 68 52 55 75106140167180174148109 64 25  0 -4 11 44 8512615717216915012325 4 1SR 711181201917399999999999999 120 511344 -599999999999999
 96 77 71 80101128154171173158129 90 51 20  3  4 22 53 8912214715715213825 4 2SR 739174211115799999999999999 154 711427  199999999999999
118101 91 91102120141157164159141112 79 48 25 14 17 34 59 8811413214013825 4 3SR 8 6164221514099999999999999 228 891515 1399999999999999
129118109105108117130142150151143126103 77 54 37 29 32 44 62 8310311812625 4 4SR 835152235512899999999999999 3 41051616 2999999999999999
128126122118117118123129134137135129117102 84 67 52 44 43 49 61 76 9210725 4 5SR 911137999999999999999999999 3581171740 4299999999999999
118125129129126123120119119120121122121117108 96 81 66 55 48 49 56 69 8625 4 6SR 22712911 412299999999999999 7361191926 4899999999999999
103119130136136130122114107103104108115121123119108 93 75 59 48 45 52 6625 4 7SR 328136135312399999999999999 9191032048 4599999999999999
 86108127139144139128113 99 89 86 91102115127134131118 99 77 57 44 42 5125 4 8SR 358144151313499999999999999 953 862141 4199999999999999
 71 95120140150148136118 97 80 71 73 84103123139145140123 99 73 51 40 4225 4 9SR 42315016 4145999999999999991021 702220 3999999999999999
 58 82111136153156146126100 76 60 56 65 85111135152155144122 93 65 46 4025 410SR 4451571645156999999999999991047 562253 4099999999999999
 49 71101130153162156136108 78 54 43 48 66 94124149162160143115 84 58 4425 411SR 5 71621722163999999999999991113 432323 4399999999999999
 46 63 91122149164164147118 84 54 35 33 47 74107139161168159136105 75 5525 412SR 5271661756168999999999999991139 322351 4999999999999999
 49 59 83114143164169156129 94 59 34 23 31 54 87123152169168152125 95 7025 413SR 54716918291719999999999999912 5 23999999999999999999999
 57 60 78106136159170163140106 69 38 20 19 37 67103137161170162141113 8625 414SR 6 817019 117099999999999999 018 561231 1799999999999999
 69 65 76 99127153168167150119 82 48 23 15 24 48 8211714716316515112810325 415SR 628170193416699999999999999 044 641258 1599999999999999
 82 73 78 95119144162167156131 97 62 33 17 18 34 63 9612815015915413811725 416SR 65016720 816099999999999999 110 731328 1599999999999999
 97 84 83 93112134153163159140112 79 48 27 20 27 48 7610613214715114312725 417SR 713163204615199999999999999 137 821359 2099999999999999
110 96 90 94107125143155156145124 95 66 43 29 27 39 59 8511012914014013225 418SR 738157213214199999999999999 2 5 901436 2699999999999999
120108101100106118132144149145131110 86 62 44 36 37 48 67 8810812313113225 419SR 8 5149223813299999999999999 238 991521 3599999999999999
127120112108109114122131138139133121104 84 65 51 44 45 53 68 8510211512525 420SR 842139999999999999999999999 3251081624 4499999999999999
129128125120116114115119124127129125117105 90 74 60 51 49 53 64 78 9511125 421SR 021129 94812999999999999999 5 71141753 4999999999999999
124132135133126119112108108111116121124122114101 85 69 56 48 48 57 73 9325 422SR 15913512 612499999999999999 7331071927 4799999999999999
113131142145140129114101 92 91 96107120130133129116 97 75 56 44 43 52 7225 423SR 252145135913399999999999999 843 902038 4299999999999999
 97122143155154142123100 81 71 71 83102124141150146130105 78 55 41 40 5325 424SR 328156151215099999999999999 926 692133 3899999999999999
 78108137158166158137108 78 56 46 53 74103133156167161141111 79 53 40 4325 425SR 4 016616 91679999999999999910 5 462219 3999999999999999
 62 92126155173173155123 86 51 29 25 40 70108144171181172147113 80 55 4525 426SR 43117517 1181999999999999991043 2423 2 4599999999999999
 54 78111145171182172143103 60 25  6  9 33 71115155181189176148113 81 6025 427SR 5 11821751189999999999999991122  52343 5599999999999999
 56 70 98132163182183163126 80 36  4 -8  2 33 77123162186189173145112 8425 428SR 53218518391909999999999999912 2 -8999999999999999999999
 70 72 90119150175186177149107 60 19 -8-13  4 39 8412816418318216613911125 429SR 6 4186192918599999999999999 022 691244-1499999999999999
 90 82 90110136162179181165132 90 46 11 -8 -8 13 48 9013016017417115513325 430SR 636182201917499999999999999 1 1 821327-1199999999999999
112 98 96106125147166175170149117 78 41 13  0  5 26 58 9512815116115814525 5 1SR 710175211316199999999999999 140 951413 -199999999999999
128114106108118133150162164155135106 73 44 23 15 21 40 67 9712314114814625 5 2SR 746165221514999999999999999 22110615 4 1499999999999999
138127118113115123134144151150141124101 75 53 37 31 37 52 73 9611713213925 5 3SR 827151233214099999999999999 31211316 2 3199999999999999
139134127121117117121127133137136130118102 83 66 53 47 49 60 76 9511212625 5 4SR 926137999999999999999999999 4311171711 4699999999999999
135137135129123116113112114118123125124118108 93 78 66 58 58 65 78 9511225 5 5SR 058137111712599999999999999 6421121832 5799999999999999
127137140138130120110102 98 99105112120125124116104 89 75 65 63 68 81 9825 5 6SR 2 4140132112599999999999999 816 981948 6399999999999999
117133143145140128112 97 86 82 85 95108121130132126112 96 79 68 65 72 8725 5 7SR 247145144413399999999999999 9 5 822048 6599999999999999
106126143151149137119 99 80 69 67 75 91110128140142134118 98 80 69 68 7825 5 8SR 319151154214299999999999999 941 662135 6799999999999999
 96119139153157148129105 80 61 52 56 71 94119140151150138119 97 79 71 7425 5 9SR 3471571627152999999999999991012 522214 7099999999999999
 88110133152161157141114 85 59 43 40 52 75103131152161155139116 94 78 7425 510SR 41216217 7161999999999999991040 392249 7499999999999999
 83102126148163165152126 94 63 39 29 34 54 84117145163166156135111 90 7925 511SR 43716617431679999999999999911 9 282321 7899999999999999
 81 95118142161169161139107 72 42 23 21 36 63 98132158170167151128104 8825 512SR 5 11691818171999999999999991137 202351 8399999999999999
 83 91110134156169168151122 86 51 26 15 22 44 77113145165171162143119 9925 513SR 52617018521719999999999999912 7 15999999999999999999999
 88 90104125148165170161136102 66 35 16 14 29 56 9112615316716715313311125 514SR 552170192716999999999999999 021 871237 1399999999999999
 96 92 99117138158168166148119 84 50 25 14 19 40 7010513515616415914312425 515SR 61916920 316499999999999999 051 921310 1499999999999999
106 97 98110128147162166156134103 70 41 22 18 29 52 8311414015515814913425 516SR 649166204415899999999999999 123 961346 1899999999999999
118105101106118135151160158144120 91 61 38 25 26 40 63 9211914015015114225 517SR 722161213115299999999999999 1581011426 2499999999999999
129116107106112124138149154148133111 84 59 40 32 35 49 71 9712013714614625 518SR 8 0154222714799999999999999 2421051513 3199999999999999
138127117110109114123134142145140126106 84 62 47 40 44 57 76 9912013614425 519SR 851145233414599999999999999 3411081610 4099999999999999
145139129119111107110116125133137134124109 89 71 56 49 51 62 7910012113725 520SR10 7137999999999999999999999 5 51071718 4999999999999999
146148142131118106 99 98104113123131134129117100 82 66 57 57 65 8210312425 521SR 041148115113499999999999999 638 981833 5699999999999999
142152153145130112 95 84 81 87100116130139139130114 94 76 64 62 70 8710925 522SR 136154133114099999999999999 749 811945 6199999999999999
132150160158145124 99 77 63 60 69 88112133148152145128106 85 71 67 76 9425 523SR 222161145115399999999999999 843 602048 6799999999999999
119143161168162142113 81 54 39 39 54 80111140160166159140115 92 77 74 8425 524SR 3 2168155616799999999999999 931 372144 7399999999999999
105131156172175161133 97 60 31 17 21 43 77115149171178169148122 98 83 8225 525SR 3401761654178999999999999991016 162235 8199999999999999
 95118145168181177156121 79 39 11  0 10 38 78120157180185174151125102 9025 526SR 41818117481859999999999999911 1  02322 8999999999999999
 92107131157178185175147107 62 23 -3 -9  7 40 8312616218318617315012510525 527SR 4561851840187999999999999991146 -9999999999999999999999
 96101119143167183184168136 94 49 13 -9 -9 10 46 8913216418118116714512325 528SR 536185193018399999999999999 0 7 961232-1299999999999999
107102110129151171182179159125 83 42 10 -6 -2 20 56 9713516317617315913825 529SR 617183201817699999999999999 0511021318 -799999999999999
120108107117135155171177169147114 76 40 14  4 11 34 6810413715916716314925 530SR 65917721 716899999999999999 13510614 6  499999999999999
132117109111121137153165167158136106 73 44 24 18 27 50 8011113815415915325 531SR 744168215515999999999999999 2211091453 1899999999999999
141127115109112121134147155155146127102 75 52 37 35 45 65 9111713815015225 6 1SR 833156224515399999999999999 3131091542 3499999999999999
146135123113108109116127137143143136121101 80 62 52 51 61 7910112213814725 6 2SR 933144233614999999999999999 4161081633 5099999999999999
148142131120110104103108116125132134129119104 88 74 66 66 75 9010912714025 6 3SR1051134999999999999999999999 5341031728 6599999999999999
147147140129116104 96 94 97104114123128128121110 97 86 79 79 8610011613225 6 4SR 027148122812899999999999999 655 941830 7899999999999999
144149148139125110 95 85 81 85 94106118128131128119107 96 89 88 9510712325 6 5SR 11615014 113199999999999999 8 1 811935 8799999999999999
138149153148136119100 82 71 68 74 86103120133139137128115103 95 9410111425 6 6SR 2 0153151413999999999999999 851 682037 9499999999999999
130145154156148131109 86 67 56 56 66 84106127142149146135120107 99 9910725 6 7SR 23915616 914999999999999999 931 542131 9899999999999999
121138152160157143121 95 69 50 42 47 63 8711413815315815213812210710010225 6 8SR 31516016551589999999999999910 8 42221610099999999999999
113130147160164155136108 78 52 35 32 44 66 9612615016316415413711910610125 6 9SR 3491641734165999999999999991042 32225610199999999999999
107121139157166165150124 92 60 36 24 28 46 7510813916117016615213211410325 610SR 4221671811170999999999999991116 23233310299999999999999
103113130150165170162141110 75 44 23 18 28 53 8612115016817216314512510925 611SR 4551701847172999999999999991150 17999999999999999999999
102106120140159171170156129 94 59 31 16 17 34 64 9913315917117015613711725 612SR 529172192317299999999999999 0 71021226 1499999999999999
105102111129149166173167147116 80 46 23 14 21 44 7611214316417116414812825 613SR 6 417320 017199999999999999 04110213 2 1499999999999999
111102105117136156169171160136103 68 38 20 17 30 56 8912315016616715714025 614SR 642172203816899999999999999 1181021341 1699999999999999
121107102108122141158168166151125 92 60 35 22 24 41 6910113215416516315025 615SR 722169211916699999999999999 1571021421 2199999999999999
133115104102109124142157164159143116 86 58 37 29 35 54 8211213915716415825 616SR 8 816422 216499999999999999 24310215 4 2999999999999999
144127111101100108122138151157152136112 85 61 45 40 49 68 9412214515916225 617SR 9 2157224716299999999999999 337 991551 4099999999999999
155140122106 96 95102115131143149146133113 90 70 57 55 64 8210513014916025 618SR10 9149233416299999999999999 440 941644 5499999999999999
161152136117 99 88 85 91104120134143143135119101 84 73 70 78 9411513615325 619SR1133144999999999999999999999 550 851743 7099999999999999
162161150132110 90 76 71 76 89107125139145141130115 99 88 85 9110512314225 620SR 02316313 814599999999999999 659 711852 8599999999999999
158165162149127102 78 60 53 58 74 96119139150152144130115102 9710111313025 621SR 114165143815299999999999999 8 4 5320 6 9799999999999999
148163169164148122 92 63 43 35 41 60 8711714215916315714412711310610811925 622SR 2 5169155516499999999999999 9 3 35211710599999999999999
136154169174166146116 81 49 26 19 27 51 8311814816817416815313411811011225 623SR 257174165817499999999999999 958 19222010999999999999999
123141161175179168144109 70 35 12  6 18 46 8312215517618217315613611911025 624SR 3471791753182999999999999991050  6231411099999999999999
113127147167181182168140101 60 24  3 -1 16 48 8812916218118417315413211525 625SR 4371831841185999999999999991139 -2999999999999999999999
109115131152172185183166134 93 51 17 -1  0 20 55 9713716818318216714612525 626SR 525186192518499999999999999 0 21091227 -399999999999999
110107116134157176186181160126 85 45 15  1  8 32 6810914617118117515813625 627SR 61218620 618199999999999999 0461071311  199999999999999
116105106118138159176183175151117 77 42 18 10 22 49 8512215317217516514625 628SR 658183204317699999999999999 1281041354 1099999999999999
125108101105119139159173175164140107 72 43 26 25 41 6910313515917016815425 629SR 743176211817199999999999999 2 91011433 2499999999999999
134115102 98105119138155165165152129100 71 49 40 44 63 9011914516216615925 630SR 828166215116699999999999999 252 981511 3999999999999999
143124108 97 96103117134148155152140120 96 75 60 57 65 8410913315216216125 7 1SR 917155222416399999999999999 339 951547 5799999999999999
150134116102 94 93100113127138143141131115 98 83 75 75 8610312414215516025 7 2SR1014144225916099999999999999 433 921626 7499999999999999
155143127111 97 89 89 95105118128134134127117105 95 90 9310211713314715625 7 3SR1129135234015799999999999999 535 881710 9099999999999999
157151138122105 92 83 82 87 9610812012813213012411510810510711412613814925 7 4SR13 7132999999999999999999999 644 8118 910599999999999999
155155148134118100 85 75 72 77 8810111612813613713412712011511512113014025 7 5SR 028156144613799999999999999 751 72192811599999999999999
150155154146131113 93 76 64 62 67 81 9811713314414714413612712111912313125 7 6SR 123155155814799999999999999 849 62205011999999999999999
142151157155145128106 83 64 52 51 60 7710012314315415715214113012111812225 7 7SR 218157164915799999999999999 938 50215511899999999999999
132144155161158145123 97 71 50 40 42 55 7910713415416516515514112711711625 7 8SR 3 91611729166999999999999991022 39224211599999999999999
122135150162166160142116 85 57 36 29 36 56 8511714616517216815413612011225 7 9SR 35516618 51729999999999999911 2 29232211199999999999999
113124141158170172160137105 71 42 24 21 35 61 9613015817417616614712711225 710SR 4381721838177999999999999991140 21235710799999999999999
107113129149167177175158129 92 57 29 15 19 40 7210914416918017515913711725 711SR 5191781911180999999999999991217 15999999999999999999999
104103115135158175182175152117 79 44 20 12 23 50 8712515717718117014912525 712SR 6 0182194418299999999999999 0331021254 1299999999999999
106 98102119142165181183170143105 67 35 17 16 34 6610414116918217816113725 713SR 641184201718299999999999999 1 9 971331 1499999999999999
113 97 93102122147169182180163132 95 59 32 21 28 51 8512215517618117115025 714SR 724183205018299999999999999 148 9314 8 2199999999999999
125102 89 90102124149169178173153123 88 58 38 33 46 7210513916517917716225 715SR 810178212318099999999999999 230 881446 3399999999999999
138113 93 83 86101123146164170164144117 88 64 51 52 68 9412415217117717025 716SR 9 1170215717799999999999999 316 831525 5099999999999999
151127103 85 77 82 96117139155160155138116 94 77 70 74 9011313916017217325 717SR10 0160223417499999999999999 4 8 7716 7 6999999999999999
162142118 95 78 71 75 89108128143150148138122106 95 91 9611012814816317025 718SR1116151231617099999999999999 5 8 711656 9199999999999999
168156136112 90 72 64 66 77 9511413214314614213312211411111412313715116225 719SR1256146999999999999999999999 618 6318 211199999999999999
167164153133110 86 66 55 54 63 8010212213914915114713913112512513013915025 720SR 010168144715199999999999999 735 53193512499999999999999
161166165154135110 83 60 45 41 49 67 9211814115616316015214113212812913725 721SR 119167161316399999999999999 849 41211512799999999999999
148160168169159138110 79 52 33 27 36 57 8711914716617417115914513112412425 722SR 233170171117499999999999999 954 27222612399999999999999
133148163174176165142109 74 42 22 16 28 54 8912615617618217515914012411625 723SR 3391761755182999999999999991048 16231611599999999999999
118131150169182183169142105 66 32 13 11 27 59 9813716718418517215112911325 724SR 4361841833187999999999999991136  9235710799999999999999
107114132154176189187170138 97 56 24  9 12 35 7211315117718818216313811625 725SR 52619019 6188999999999999991218  8999999999999999999999
101100113135161182192187164128 87 48 21 12 23 52 9013116418418617214912325 726SR 611193193718799999999999999 034 991257 1299999999999999
102 93 98115140166185191180154116 76 43 24 23 42 7411314917518517815813225 727SR 65319120 518599999999999999 1 9 921331 2199999999999999
107 91 88 98119145169183184168139104 69 44 34 42 6610013516418018116614225 728SR 732186203118399999999999999 144 8714 3 3499999999999999
116 95 84 86101123148167177172154126 95 68 52 52 66 9312415317317917115225 729SR 811177205518099999999999999 219 831433 5099999999999999
126103 86 81 88104126147161166158140115 91 74 67 74 9211714416517517315925 730SR 852166211917699999999999999 256 8115 1 6799999999999999
137114 94 82 81 90106125142152153145130111 95 86 86 9611413615616817116325 731SR 938154214517199999999999999 337 801530 8599999999999999
147126105 89 81 81 9010412013414114213612611410510110511613114716016616325 8 1SR1037143221416699999999999999 425 8016 210199999999999999
153137118101 87 81 81 8810011312413213513412912311811712112914015015716025 8 2SR12 9135225416099999999999999 526 80164611799999999999999
156146132115100 87 79 78 82 9210311612713413713713513213013113514114715225 8 3SR1426138235615499999999999999 643 77181213099999999999999
154151144131116 99 85 74 70 73 82 9511112613914614814614113613313413714325 8 4SR1558148999999999999999999999 8 6 70202713399999999999999
149152152146134117 97 79 66 59 62 73 9011113214815815915414613613012813225 8 5SR 126153164416099999999999999 914 59214912899999999999999
139149156158151137116 92 69 53 46 51 67 9111814316116916715714313012112125 8 6SR 24315817181709999999999999910 5 46223512099999999999999
128141154164166157138111 81 55 38 34 44 67 9813015717417817015313411811125 8 7SR 3421671748178999999999999991047 34231011199999999999999
115128147164176175162136102 67 40 24 26 44 7511114617218518116514212010525 8 8SR 4291771817185999999999999991125 23234310299999999999999
102112132156176187182162128 89 52 26 16 25 52 8912916418619017815412710425 8 9SR 51318718451919999999999999912 1 16999999999999999999999
 92 96113140167188194184156118 76 40 18 16 34 6810915018019418916813810925 810SR 555195191419599999999999999 016 921236 1499999999999999
 88 82 93117148177195197180147106 65 33 20 26 52 9013216919119518115212025 811SR 637198194219699999999999999 051 821311 1999999999999999
 91 75 76 93122154182196193171136 96 60 36 31 46 7711515418319518916613425 812SR 720198201019699999999999999 127 731345 3199999999999999
101 76 66 73 95125157181191184160126 91 63 49 52 7210413917018919217714925 813SR 8 5191203819399999999999999 2 6 661419 4899999999999999
116 86 66 61 72 96126154175181171149121 94 75 69 7810012815717918818216225 814SR 85418121 618899999999999999 248 611454 6999999999999999
133103 77 61 60 72 95122146162167159142122104 93 9310412414616717918117025 815SR 951167213718299999999999999 336 591530 9299999999999999
149122 95 74 61 61 71 9011313314715315014012911911411612614015516717317125 816SR11 7153221417499999999999999 433 59161111499999999999999
160141118 95 76 64 61 68 8210011813314314614514013613313413914615516216525 817SR13 9146231116599999999999999 547 61171813399999999999999
163155140121101 81 66 59 60 69 8510412313814915415415114614214114314715325 818SR1529155999999999999999999999 721 58195514199999999999999
158160157146129108 85 65 52 49 56 72 9511914115816616616015014113413313725 819SR 056160163116799999999999999 849 49214413399999999999999
146156164165156139114 85 60 43 37 45 65 9412415117017717316114513012112125 820SR 23816517 817799999999999999 954 37223412099999999999999
129144160172176166145114 81 51 32 28 41 6710113616518118317315413211510725 821SR 3481761739184999999999999991044 27231010799999999999999
111126147168183186172145109 71 41 24 26 45 78117153179189183164139114 9825 822SR 44018618 7189999999999999991125 222343 9499999999999999
 95106128155179193191172139 98 60 33 22 33 60 98138170189190175148119 9625 823SR 52419418331929999999999999912 0 22999999999999999999999
 84 89108135165188197189164126 86 51 31 30 49 83122159185193183159128 9925 824SR 6 3197185719399999999999999 014 841232 2899999999999999
 80 76 89114145173192195180150112 75 48 38 47 7411014717719218916913910725 825SR 640196191919399999999999999 044 7613 1 3899999999999999
 82 70 74 94123154179191187166135 99 70 53 54 7110213716818719017614911725 826SR 716192194019199999999999999 113 691328 5199999999999999
 88 70 66 78102131159178184174151121 92 72 66 76 9912915918018918115912925 827SR 75118420 018999999999999999 144 661353 6699999999999999
 99 76 65 68 85110137160173172159137112 92 82 8510012415017218318116514025 828SR 827174202018499999999999999 215 641418 8199999999999999
111 86 70 66 74 93116139156163159145128111 99 9710512214316317517816814925 829SR 9 7163204117899999999999999 249 661442 9799999999999999
124100 81 70 71 81 9811813514715114713712611611211412413815416617116715425 830SR 95715121 417199999999999999 328 6915 811299999999999999
136115 95 81 75 76 85 9911412713614013913513012612612913714615516116115525 831SR1117140213316299999999999999 418 74153912599999999999999
144129112 97 86 80 79 85 9410511712713413814013913813813914214615015215125 9 1SR1415140222215299999999999999 532 79165413899999999999999
147140129116102 90 81 77 78 84 9410812213414415015114914514113913914014325 9 2SR1552151999999999999999999999 718 77203713899999999999999
146147143135123107 91 77 68 66 72 8510312314215516216115514513512912813225 9 3SR 040147162416399999999999999 845 66214512899999999999999
139148153153145129108 86 67 54 52 62 8110613315517017316715313612311611725 9 4SR 227154165017399999999999999 941 52221911599999999999999
127142156165165154133104 76 52 40 41 57 8511714917218318016414212110510125 9 5SR 3301671715183999999999999991023 38224910199999999999999
110128150170180178160131 95 62 37 28 37 62 98136168188191178153124100 8725 9 6SR 41918117411929999999999999911 1 282320 8699999999999999
 90107134163185194186161124 83 48 27 25 43 77118158187199191167134101 7825 9 7SR 5 319418 6199999999999999991136 232352 7199999999999999
 71 83109144176198203188156114 72 40 26 33 60 99142179200201182148110 7725 9 8SR 5452041832204999999999999991210 26999999999999999999999
 59 60 81115154187206205184147105 66 41 36 52 85126166195205194165125 8625 9 9SR 628208185920599999999999999 026 571244 3599999999999999
 57 45 55 83122161192206200174138 99 67 52 56 7811315218420220017914310225 910SR 712206192520499999999999999 1 2 451318 5199999999999999
 66 43 40 56 88127163189198188163130 99 77 71 8210713917119319918816012225 911SR 757198195220099999999999999 140 391351 7199999999999999
 84 54 39 41 61 92128159179184173152127105 93 9510913215818019218917114225 912SR 847184201819299999999999999 221 371424 9299999999999999
107 75 52 42 48 67 9412414916416716014512911711311813215016717918217415525 913SR 946168204618299999999999999 3 8 42145811399999999999999
129101 76 58 51 56 70 9211413414715215014413713213213714515616517016916025 914SR1112152211917099999999999999 4 6 51153613299999999999999
145126104 84 69 61 62 70 8410211913314314814914814714514614815115415615625 915SR14 0149222415799999999999999 526 60171914599999999999999
152143131114 97 80 68 63 65 74 8910712514115315915915615014414013814014425 916SR1539160999999999999999999999 714 6321 013899999999999999
149151150142127108 88 70 59 56 64 8010212614816316916715814513312412212625 917SR 111151161416999999999999999 844 56215112299999999999999
136148158161155138115 89 66 51 48 58 8010713616017417716815113211510610725 918SR 251161164117799999999999999 943 47222310599999999999999
118136155169174165144115 83 58 43 44 61 88121152175184178160136112 95 9025 919SR 35117417 5184999999999999991026 422252 9099999999999999
 98118143166182183169142108 74 49 40 48 72106141171187186170144115 90 7725 920SR 43618417281899999999999999911 2 402320 7699999999999999
 79 97124154179191187166133 97 65 46 45 62 93129163186192180154122 91 7025 921SR 5161921750192999999999999991133 432348 6499999999999999
 65 77102135166189195183156121 85 59 49 58 83118154181194188165132 97 6925 922SR 55219518111949999999999999912 2 49999999999999999999999
 56 61 82113148177193192174143108 78 61 62 79110144174192192175143107 7425 923SR 626195183119599999999999999 015 561228 5999999999999999
 54 50 64 92126160183192183160129 99 77 71 81105136166187193181154119 8425 924SR 659192185019399999999999999 042 491254 7099999999999999
 58 46 52 74105139167183184170145118 95 83 86103129157180190184163132 9725 925SR 73318619 919099999999999999 1 9 461318 8399999999999999
 67 50 47 61 86117147168177172156133112 98 9510512514917018318316914311125 926SR 8 7177192918599999999999999 138 461342 9599999999999999
 81 59 50 55 72 9812514916316615814312611210711012314216117417817015112525 927SR 845167195017899999999999999 2 9 5014 710699999999999999
 97 74 59 56 65 8310512714515415414713612511911812513715116316916615413525 928SR 932155201216999999999999999 244 56143311899999999999999
113 91 74 65 66 74 8910712313614314414113613112913013614415215815915314225 929SR1043144203715999999999999999 329 6415 412999999999999999
126109 93 80 74 73 79 8910211512613413914114114013913914014314614714714325 930SR1321142211514799999999999999 435 72163313999999999999999
136125113100 88 80 76 76 82 921051191321421491511501461411361341341361382510 1SR15 5151999999999999999999999 620 75203213499999999999999
139138132122109 95 81 72 68 72 83 991181371521611621561451341241191201272510 2SR 0 2139153816299999999999999 8 0 68211911999999999999999
136144148145134117 97 77 62 56 61 771001261501671731691551361181051021092510 3SR 2 714816 417399999999999999 9 3 56214910299999999999999
123140155163160145121 93 68 51 46 56 79110141167182182168144117 95 84 862510 4SR 313163162918499999999999999 948 462219 8399999999999999
102126152172180173152120 87 58 42 42 60 91128162185193182157124 92 69 632510 5SR 4 41801654193999999999999991028 402251 6299999999999999
 74101134166188194182153116 79 51 40 48 74111150182199196173137 97 63 452510 6SR 45019517212009999999999999911 5 402324 4399999999999999
 47 69104145180202203184150110 74 51 47 63 96135173198204189155112 69 382510 7SR 5342051747205999999999999991141 46999999999999999999999
 27 38 69112155190208204180144106 75 59 63 86121159190205200173132 86 452510 8SR 619209181520699999999999999 0 0 271217 5899999999999999
 20 18 37 74119162193206197172138105 82 75 86112145177199203187153109 652510 9SR 7 5206184320499999999999999 037 161252 7599999999999999
 30 13 18 43 81124163188196185162133108 94 95110135163186198192169133 91251010SR 753196191119899999999999999 117 131327 9399999999999999
 53 26 17 26 52 88125157177181171152132116110115131151172185188176151118251011SR 846181194018899999999999999 2 0 1714 311099999999999999
 83 52 33 28 38 61 91121146161165159147135127125132143157169175172159138251012SR 949165201117699999999999999 249 28144112599999999999999
111 84 61 46 43 51 68 90113133146152151147141137137140146153158160156147251013SR1122152205116099999999999999 349 43153913799999999999999
132113 93 75 62 57 60 70 86104121136145150151149145142139139140142144144251014SR1341151223214499999999999999 5 9 57184113999999999999999
141133121106 90 76 66 64 68 80 97115133147155157154147138129124123126132251015SR1454157999999999999999999999 651 63204712399999999999999
138142141133120102 84 70 63 65 77 95117138154163163155141126112105105113251016SR 120143152916499999999999999 816 63212710499999999999999
126140150152145129108 86 69 60 64 78101126150166171164148127107 92 86 92251017SR 247153155617199999999999999 913 602158 8699999999999999
107128147161163154133108 83 65 59 67 87114142165176174158134107 84 72 72251018SR 343164161917799999999999999 956 592227 7099999999999999
 86110136159172171156131103 78 63 63 77103133160178181169144113 83 63 56251019SR 4261741642182999999999999991031 612254 5699999999999999
 66 88119149172181174154125 95 73 65 72 94123153176186178155122 88 60 46251020SR 5 518117 31869999999999999911 2 652321 4599999999999999
 48 67 98132162181184171146116 89 73 73 88115145171186185166134 97 64 41251021SR 5401851724188999999999999991131 712347 3699999999999999
 36 49 76112147174186182163135107 86 78 87108136164183188174146109 72 44251022SR 6141871745188999999999999991159 78999999999999999999999
 30 35 57 90127159180185174152124101 88 89104129156177187180157123 85 52251023SR 64818518 618799999999999999 014 301225 8799999999999999
 32 28 42 70105140167180178162139116 99 95103122146169182181165136101 66251024SR 721181182818499999999999999 042 281251 9499999999999999
 40 29 34 55 85119148168174167150129112103105118138159174178169147116 83251025SR 755174185117999999999999999 111 29131810299999999999999
 55 37 34 45 68 98127150163164154139123112110117131148163171168153129100251026SR 833165191517299999999999999 142 33134611099999999999999
 72 51 41 44 58 80106130147155153145133123117119127139152161162155138116251027SR 919155194216399999999999999 218 40141911799999999999999
 91 70 55 49 54 68 87108127140146146140133127124126132140148152150142127251028SR1023147201515299999999999999 3 1 4915 612499999999999999
109 90 73 62 58 62 73 88106121134141143142138133130129131134138140139133251029SR12 2143211214099999999999999 4 0 58165112999999999999999
124110 96 82 71 65 66 73 85101117131142148148144138131125121122125129132251030SR1337149233313299999999999999 524 64192512199999999999999
132128119106 91 77 68 65 69 80 97116135149157156149137123111105105111121251031SR1428158999999999999999999999 656 65202910499999999999999
131138139132118100 81 67 61 64 78 99123145161167162148127106 90 83 871002511 1SR 13613915 316799999999999999 8 9 6121 9 8399999999999999
119137151154147129106 82 65 57 63 81107135160175176162138109 82 64 60 722511 2SR 250155153417799999999999999 9 4 572145 6099999999999999
 94123149167171160138109 82 63 57 67 91122153176186178154120 83 53 38 412511 3SR 34717116 318699999999999999 951 572221 3799999999999999
 61 94131163182185170142110 81 64 63 79107141171190191172138 96 55 26 162511 4SR 4381861634193999999999999991034 612258 1699999999999999
 27 57 98141175194193174143110 83 70 74 95127160186197188160117 70 30  52511 5SR 52719617 5197999999999999991115 692337  099999999999999
  2 22 59105150183199194172141110 87 80 90115146175195197179142 96 49 122511 6SR 6151991737198999999999999991155 80999999999999999999999
 -7 -2 24 65112155185196188166137111 95 94108133161184196189164124 78 352511 7SR 7 4196181019699999999999999 019 -81234 9299999999999999
  4 -8  2 31 72117155180187178157134114104108123146169185189176148109 672511 8SR 754187184518999999999999999 1 2 -8131410499999999999999
 31  7  1 14 42 801181501701741661491321181141191341521681781761611341002511 9SR 848174192217999999999999999 149  0135711499999999999999
 65 35 18 15 28 54 85117143158161155144132123121126137149160165161147124251110SR 94916220 416599999999999999 239 14144712199999999999999
 97 69 47 34 32 43 64 89114135148152149141133127124126132140146149146136251111SR11 115221 114999999999999999 336 3116 212499999999999999
120100 79 61 50 48 56 71 91111129142147147142135127122120121125130134135251112SR1224148224213599999999999999 443 4818 512099999999999999
130121107 91 76 65 61 65 76 93111128141148149143134123113107105108115123251113SR1333149999999999999999999999 6 0 61195010599999999999999
129131127117103 88 76 69 71 81 96115133146153152143129113 98 89 87 93104251114SR 051131142015499999999999999 718 692045 8799999999999999
117129136135127112 96 82 74 76 86103123142155159153138118 97 80 71 72 82251115SR 224137145515999999999999999 822 742124 7099999999999999
100119136145145135118100 85 77 81 93113134153163162149127101 77 60 54 61251116SR 327146152416499999999999999 913 772157 5499999999999999
 79103127146155153139120100 85 81 87104126148164168159139110 80 55 42 43251117SR 416156155116899999999999999 955 802227 4099999999999999
 57 82112139158164157140118 98 86 85 97117141161171168150122 88 57 36 29251118SR 4571641617172999999999999991032 842256 2999999999999999
 38 61 93126153168169157136113 95 88 93109132155170173161135101 66 37 22251119SR 53417016421749999999999999911 5 882324 2099999999999999
 23 41 71107140164174168151129107 94 92103123147166175169148116 79 45 22251120SR 6 817417 8175999999999999991137 912354 1599999999999999
 15 25 51 85122152170173163143120102 95 99115137158172173159131 95 58 29251121SR 64217417341759999999999999912 7 94999999999999999999999
 14 16 34 64100135160171168153132112100 98109127148166173166144112 76 43251122SR 71617218 117399999999999999 024 121236 9899999999999999
 21 13 23 46 79114143162167159142123107101105118137156167167154128 95 61251123SR 751167183016999999999999999 056 1313 710199999999999999
 34 19 19 34 60 92123147159159149133117106104112126143157163157140113 82251124SR 82916119 216399999999999999 130 17134110499999999999999
 53 32 23 28 46 72102128147154151141126114107109117130144154155145127101251125SR 912154193715599999999999999 2 7 23142110799999999999999
 74 50 35 31 39 57 82108130144149146136124114110111119129139145144134117251126SR10 2149202214699999999999999 249 30151510999999999999999
 95 72 53 41 40 49 66 88111130143147144135124115110109114122130135134127251127SR11 2147212613599999999999999 339 39163410999999999999999
113 95 77 61 51 49 57 73 93113131143148145136125113104101102109117125128251128SR12 614823 612899999999999999 439 4918 810099999999999999
126117103 86 71 61 58 64 77 96117135147152148137122105 92 85 85 93105118251129SR13 3152999999999999999999999 550 581925 8499999999999999
127130126115 99 83 70 65 69 82101122141154158151135113 91 73 63 65 76 95251130SR 056130135115899999999999999 7 5 652021 6399999999999999
115132141140129113 94 79 71 74 88108131151163164151128 99 70 49 39 44 622512 1SR 225142143316599999999999999 814 7121 9 3999999999999999
 88117140154155144125103 86 77 80 95118142162172167148117 80 47 24 16 272512 2SR 334156151217299999999999999 914 772154 1699999999999999
 52 87122151167168155133109 91 82 87105129154173178167140102 60 24  1 -22512 3SR 43317015511799999999999999910 7 822239 -399999999999999
 15 48 89130161178177161138113 94 88 96115141166181181163129 86 41  5-152512 4SR 5271791631183999999999999991057 882324-1699999999999999
-12 11 49 94137168183180162137113 97 94105126152174185180156117 71 26 -72512 5SR 6181841712185999999999999991143 93999999999999999999999
-22-15 13 54101142171182176157133111 99 99113135159178184174146105 59 182512 6SR 7 8182175418499999999999999 010-221228 9799999999999999
-11-21 -9 21 63107145169177168149127109100104119140162176178164135 95 522512 7SR 756177183817999999999999999 057-21131210099999999999999
 16 -7-11  4 34 74113146165168158140121106101107122141159169168152123 872512 8SR 843168192317099999999999999 143-12135810199999999999999
 51 21  4  4 20 50 851191451581581471311151041011081211371511581541391142512 9SR 930160201115899999999999999 230  2144810199999999999999
 83 54 31 20 23 39 66 96123143152149139124111102100105116128139143140127251210SR101615221 714399999999999999 317 19154710099999999999999
107 83 61 44 37 42 58 80105127141147143133120107 98 95 98106116124129128251211SR11 4147221812999999999999999 4 5 3717 0 9599999999999999
119105 87 71 59 56 61 74 93113130141144139129116103 93 87 88 93102111117251212SR1153144235412099999999999999 456 551825 8799999999999999
120116107 95 83 75 72 76 87103119133142143138126112 96 83 76 74 79 89100251213SR1244143999999999999999999999 554 721942 7499999999999999
111118119114106 96 88 84 87 96109124136144144137123105 86 70 61 60 67 80251214SR 142119133314599999999999999 7 3 842039 6099999999999999
 95111122127124116106 97 92 94102115129141147145135116 94 72 55 46 47 58251215SR 3 8127141714799999999999999 814 922123 4599999999999999
 76 97117131137134125112102 96 98106120135146151145130106 80 56 38 32 38251216SR 4 9137145815199999999999999 917 9622 1 3299999999999999
 55 79105128143147141129114102 97100111126142152153142121 93 63 38 23 22251217SR 45514715351549999999999999910 8 972236 2199999999999999
 34 58 88117140153154144128111 99 96103117134150157153136109 76 45 22 12251218SR 5331551610157999999999999991050 962310 1299999999999999
 17 37 66100130152160156141122105 96 96107125143157160149126 94 59 28  9251219SR 6 81601644160999999999999991126 952343  599999999999999
  5 18 45 79114143159162152134114 98 93 99114134152162159142113 77 42 14251220SR 6411631718163999999999999991159 93999999999999999999999
  1  5 25 57 94127152163159144123104 93 93104122143158163154131 98 60 27251221SR 713163175216499999999999999 016  11231 9199999999999999
  5 -1 11 37 72108139157161152133113 96 90 95110130150161161145117 82 46251222SR 746162182716399999999999999 050 -113 4 9099999999999999
 17  2  4 21 51 87121146159156143123104 91 89 98116136152159153134103 68251223SR 82015919 415999999999999999 125  11340 8999999999999999
 36 13  5 13 35 67102132151157150133113 97 88 90101119137151153144121 91251224SR 855157194515499999999999999 2 1  51420 8799999999999999
 59 32 16 14 27 52 83114139153153142125106 91 85 89101118134144145133111251225SR 932155203114699999999999999 238 1315 7 8599999999999999
 84 56 35 24 27 43 68 97124144152149135117 99 86 81 85 97112127135135124251226SR1011152212813699999999999999 317 2416 3 8199999999999999
106 82 60 44 38 44 60 84109132146150144130111 93 80 74 77 87102116125127251227SR1053151224212799999999999999 4 2 3817 9 7499999999999999
120106 88 71 59 55 61 76 96118136147149141125105 86 70 62 64 73 88104116251228SR1140150999999999999999999999 454 551822 6299999999999999
123121113100 86 76 72 76 88105124139148149139122100 77 58 47 47 56 72 92251229SR 020123123215099999999999999 559 721933 4599999999999999
110123128125115103 93 87 88 97111128142151150140120 93 66 43 29 27 38 58251230SR 2 5128132915299999999999999 719 862038 2699999999999999
 83108128139139132120107 99 97103115131145154153140116 86 53 26 10  8 21251231SR 335140142515599999999999999 844 962136  799999999999999
