  2 -9 -6  9 31 60 92118131128118104 91 84 88102117129137137125 99 68 3925 1 1ST 818131183413999999999999999 118 -913 9 8499999999999999
 15 -3-10 -2 17 42 71102124130123110 96 85 81 89104118129136134118 90 6025 1 2ST 852130192313799999999999999 156-101350 8199999999999999
 33 11 -3 -4  8 29 54 83110126126116103 91 82 81 91105117126131127109 8125 1 3ST 928128201113199999999999999 234 -61434 8099999999999999
 54 31 13  4  8 24 44 68 93115125120108 97 86 79 80 90101110117122116 9825 1 4ST10 612521 212299999999999999 312  41523 7999999999999999
 74 53 35 22 19 27 42 61 81102117120113102 92 82 76 77 84 92 9910610910425 1 5ST104412122 010999999999999999 349 191621 7699999999999999
 90 72 57 45 38 38 48 62 78 94108117116107 96 86 77 70 70 74 79 85 92 9625 1 6ST11211182314 9799999999999999 425 371736 6999999999999999
 94 85 74 65 59 57 60 69 81 93103112116112102 91 80 69 61 58 60 64 70 7825 1 7ST1158116999999999999999999999 458 5719 9 5899999999999999
 85 88 86 81 78 76 77 80 88 96104110115115109 98 85 73 60 50 44 44 48 5525 1 8ST 1 1 88123511699999999999999 522 762031 4399999999999999
 66 78 87 91 92 92 93 94 96101107112115117116109 96 81 65 50 36 28 27 3325 1 9ST13161179999999999999999999992136 27999999999999999999999
 43 58 75 90 99104106106105105107112115118119118109 94 76 57 39 23 13 1325 110ST 642106141211999999999999999 8361052231 1299999999999999
 21 35 55 78 98110115115113109106108112117120123121112 94 72 50 28 10  025 111ST 64211615201239999999999999910111062320 -199999999999999
  2 13 32 57 85109120123120114106102104111117123127126114 93 68 42 18 -225 112ST 6491231626128999999999999991110101999999999999999999999
-10 -4 11 34 65 96119128125118108 98 94 99109118126132130115 90 62 35  925 113ST 7 9128172413299999999999999 0 4-101155 9499999999999999
-10-15 -4 16 43 76109128130122110 98 87 86 96109119129135131112 84 55 2725 114ST 737130181413699999999999999 045-151234 8599999999999999
  2-14-12  4 27 56 91119131126114100 87 79 83 96110120130136127104 75 4725 115ST 8 7131185813699999999999999 124-151312 7899999999999999
 20 -1-10 -1 18 42 72104125128117103 90 78 74 83 97110120129131117 92 6525 116ST 838129193813199999999999999 159-101348 7499999999999999
 40 17  3  2 16 36 60 89114125120107 93 81 73 74 85 98108117123120103 7925 117ST 9 8125201412499999999999999 231  01423 7299999999999999
 56 36 20 14 21 37 56 79102118120110 97 85 75 71 76 86 96104111113105 8825 118ST 937121204911399999999999999 259 141459 7199999999999999
 69 51 37 29 31 42 58 76 95110117112100 89 79 72 71 76 84 90 96101100 9125 119ST10 1117212510199999999999999 321 291539 7199999999999999
 77 63 52 45 44 51 64 78 93106114112103 92 82 74 70 70 73 78 82 86 89 8725 120ST102211422 9 8999999999999999 337 431629 6999999999999999
 80 71 63 59 57 62 71 83 94104111112106 96 86 77 70 66 65 67 69 72 76 7825 121ST10381132318 7899999999999999 345 571742 6599999999999999
 78 74 71 69 70 72 79 88 98105111113109101 91 81 73 65 61 58 58 59 61 6625 122ST1054113999999999999999999999 326 691958 5899999999999999
 70 73 75 77 80 83 87 93100106110113111106 96 86 77 68 59 53 49 47 47 5125 123ST11141139999999999999999999992124 47999999999999999999999
 58 66 74 80 87 92 95 98102106109111112110104 94 84 73 62 51 43 38 36 3725 124ST11521129999999999999999999992213 35999999999999999999999
 44 54 67 79 90 99103104104105107108110112110104 94 83 70 55 42 32 26 2425 125ST13 11129999999999999999999992252 24999999999999999999999
 28 39 55 72 89102110111108105103103106110113112107 97 83 65 48 32 20 1325 126ST 64311114211139999999999999910261022326 1299999999999999
 13 22 38 59 82102114117113106 99 95 97104111116118113101 82 60 38 20  625 127ST 6531171548118999999999999991112 952359  199999999999999
  1  6 21 42 69 95115122119110 99 89 86 93104114122126121104 79 52 28  725 128ST 7 812317 2126999999999999991149 86999999999999999999999
 -7 -7  5 25 51 82111126126116102 88 78 79 90105119129135127104 74 44 1725 129ST 728128175913599999999999999 032 -91225 7699999999999999
 -5-15 -8 10 34 65 99124131123108 91 75 67 74 90108123136141128 99 66 3625 130ST 753131184914199999999999999 1 6-1513 3 6799999999999999
  9-11-14  0 22 49 82114132130115 97 78 63 60 71 90108125140141123 92 6025 131ST 821134193614399999999999999 140-151342 5999999999999999
 31  6 -7 -3 15 39 67 99126133122104 85 66 54 56 70 89106124137134113 8325 2 1ST 851133202213899999999999999 215 -81423 5399999999999999
 55 30 12  6 17 37 60 86113130127111 92 73 57 49 53 68 8410011712712110125 2 2ST 922131211012799999999999999 249  615 8 4899999999999999
 76 55 37 26 29 43 62 81102121126117 99 81 64 51 46 51 63 76 9110511210625 2 3ST 95212722 211299999999999999 321 261558 4699999999999999
 90 74 60 51 48 55 69 85 99113121119106 89 72 58 47 43 47 55 66 78 90 9625 2 4ST101812223 8 9699999999999999 347 481659 4399999999999999
 92 84 76 71 69 72 81 92103111117118111 97 81 67 55 45 40 41 46 54 64 7425 2 5ST1036118999999999999999999999 357 691819 4099999999999999
 82 84 83 83 85 88 93101108114116116112104 91 78 65 53 43 36 34 36 41 5025 2 6ST10261179999999999999999999991959 34999999999999999999999
 62 72 81 88 93 99104108112115117116113108101 90 78 65 52 40 30 25 25 3025 2 7ST10 21179999999999999999999992130 24999999999999999999999
 40 54 70 85 96105110113114114114113112110107102 94 81 66 51 36 22 15 1425 2 8ST 8 21149999999999999999999992231 14999999999999999999999
 22 35 53 74 94107114116115111107106107109109110108101 86 67 49 30 13  525 2 9ST 71311615121109999999999999910501062316  599999999999999
  7 18 35 58 85106117119116109101 95 96102106111116117107 88 66 44 22  425 210ST 6451191638118999999999999991118 952354 -299999999999999
 -2  5 20 41 70 99118122117109 97 86 82 88 98107116125125110 87 62 37 1325 211ST 6491231732127999999999999991150 82999999999999999999999
 -3 -3 10 29 54 86115126122111 97 82 71 72 84 97109122132128108 81 55 2825 212ST 7 9126181713399999999999999 029 -51223 7099999999999999
  6 -4  3 21 43 72104126127115100 83 67 60 68 84 98113128135125100 73 4625 213ST 734129185613699999999999999 1 2 -41257 6099999999999999
 21  4  4 17 37 62 92119129121104 87 69 56 56 69 85100117131132115 89 6325 214ST 8 0129193313399999999999999 132  21330 5499999999999999
 39 19 11 19 37 58 83110126125110 91 73 57 50 56 71 87102118127121101 7725 215ST 82412820 712799999999999999 159 1114 2 5099999999999999
 55 36 24 26 40 59 80102121125114 96 78 62 51 50 59 73 87102115118106 8725 216ST 846126204211899999999999999 222 241435 4999999999999999
 68 52 40 38 47 63 81 99115123117101 83 67 54 48 52 62 73 86 99107105 9225 217ST 9 4123211810799999999999999 241 3715 8 4899999999999999
 78 64 55 51 56 69 85 99112120118105 88 72 59 50 48 53 62 71 82 92 96 9225 218ST 91812022 0 9699999999999999 256 511545 4899999999999999
 82 73 67 64 67 76 89101111117117108 93 77 64 55 49 49 53 59 67 75 82 8525 219ST 9301182256 8599999999999999 3 5 641631 4899999999999999
 82 78 75 75 77 83 93103111115116110 98 83 70 60 53 48 48 51 55 60 66 7325 220ST 937116999999999999999999999 239 751734 4899999999999999
 76 78 79 83 87 91 98105111114114111103 91 78 67 59 52 47 45 46 48 51 5825 221ST 93011499999999999999999999919 8 45999999999999999999999
 65 72 78 86 93 99103107111112112110106 98 87 77 68 59 51 44 40 38 38 4225 222ST 9101129999999999999999999992131 38999999999999999999999
 51 61 73 84 96104108110110109108106105103 97 90 81 71 60 48 39 32 28 2825 223ST 7541109999999999999999999992226 27999999999999999999999
 35 47 62 79 95108113113110106102100101103104102 97 88 75 59 44 31 21 1625 224ST 62711413411049999999999999911 010023 3 1699999999999999
 20 31 48 68 91109118117112103 95 90 92 98105109112109 97 77 56 37 19  825 225ST 62711816 6112999999999999991112 902335  699999999999999
  7 16 32 54 81107122123115104 90 79 77 85 97108119126122103 77 52 28  725 226ST 6351241712126999999999999991139 76999999999999999999999
 -2  3 19 40 68 99123130122107 90 72 61 66 81 98114131140131105 75 46 1925 227ST 65213018 214099999999999999 0 8 -21211 6199999999999999
 -1 -5  8 28 54 87119136131114 94 71 52 46 59 79 99121142149133103 71 4025 228ST 715136184814999999999999999 041 -61247 4699999999999999
 13 -2  3 21 45 74108134139124101 76 52 35 37 54 77100127148149128 97 6625 3 1ST 741140193315299999999999999 115 -31325 3399999999999999
 38 15  8 21 42 66 95125141133111 85 59 36 24 32 51 74100128145141118 9125 3 2ST 8 9141201814699999999999999 149  814 6 2499999999999999
 64 41 27 29 46 67 89114135137120 95 69 45 26 21 31 49 71 9712213412610725 3 3ST 83713921 613499999999999999 221 251449 2099999999999999
 86 67 52 47 56 73 91109126134126105 80 57 37 23 22 32 48 67 8910911611025 3 4ST 9 2134215911699999999999999 250 471536 2199999999999999
 97 84 74 69 72 83 97110120128125111 90 69 51 35 26 26 33 45 61 78 93 9925 3 5ST 92012823 8 9999999999999999 311 691631 2599999999999999
 96 91 87 86 88 95105114120123122114 99 81 64 50 39 31 30 34 42 53 66 7725 3 6ST 913123999999999999999999999 257 861745 3099999999999999
 85 88 91 94 99105111118121122119113103 91 78 65 54 44 37 32 32 37 44 5525 3 7ST 8351229999999999999999999991929 32999999999999999999999
 66 77 87 95103110115119120119116111104 97 90 81 71 60 50 40 32 29 31 3725 3 8ST 8 41209999999999999999999992111 29999999999999999999999
 48 61 77 92104111116118117113110106103 99 97 94 88 78 66 53 40 29 24 2625 3 9ST 7 11189999999999999999999992213 24999999999999999999999
 34 46 64 84102112116116113106 99 97 97 98 99102104 97 84 69 54 37 24 1925 310ST 6331171545104999999999999991113 972255 1999999999999999
 25 35 51 73 97113118116110100 89 84 86 91 96103112114105 87 69 50 31 1825 311ST 6 21181643115999999999999991110 842329 1799999999999999
 18 28 42 62 89112122119110 98 83 71 70 78 88 98111123123107 87 66 44 2525 312ST 6101221728125999999999999991135 69999999999999999999999
 17 23 37 54 79107125125113 99 82 65 56 62 75 88104122132125105 83 60 3725 313ST 62912718 713299999999999999 0 1 1712 5 5699999999999999
 21 21 34 50 71 98123130120103 84 64 48 47 59 75 92112131135122 99 76 5325 314ST 652130184513699999999999999 030 191236 4599999999999999
 33 25 33 50 68 92117132127109 88 67 48 38 44 59 77 98120135132113 91 6825 315ST 715132192013699999999999999 057 2513 7 3899999999999999
 48 35 37 51 69 89111129131116 94 72 51 36 34 45 62 82104125132122103 8225 316ST 736133195513299999999999999 122 341337 3399999999999999
 63 48 44 54 71 89108125132121100 77 56 39 31 35 49 66 87108123124111 9325 317ST 754132203012699999999999999 145 4414 8 3099999999999999
 76 62 55 60 74 90106121130124106 84 63 45 33 31 40 54 70 9010811611210025 318ST 81013021 811799999999999999 2 6 551438 3099999999999999
 86 75 67 68 78 93106118126125111 90 69 52 39 33 35 45 57 72 8910210610125 319ST 823127215110699999999999999 225 661512 3299999999999999
 92 84 79 78 84 95107117123123114 97 77 60 47 38 36 40 48 59 72 85 94 9625 320ST 8331242249 9699999999999999 240 781550 3699999999999999
 93 89 88 88 91 99108116120120114102 85 68 55 46 41 40 44 50 58 67 77 8525 321ST 830120999999999999999999999 225 871641 4099999999999999
 88 90 92 95 99104110115118117113104 92 78 65 56 49 44 43 45 49 54 61 7025 322ST 8141189999999999999999999991754 43999999999999999999999
 78 85 91 99105109112114115114110105 98 88 77 68 60 53 47 43 42 44 47 5425 323ST 7551159999999999999999999991955 42999999999999999999999
 65 76 87 98108113115114112109105103100 96 90 84 76 66 56 47 41 37 36 4125 324ST 6 21159999999999999999999992134 36999999999999999999999
 51 64 79 95109116117114108102 97 95 97 98 99 99 95 86 72 58 45 35 28 3025 325ST 5421181428100999999999999991051 952221 2899999999999999
 38 51 68 89108120121115106 95 85 82 86 93101109114110 96 77 58 41 27 2125 326ST 5371221611114999999999999991051 822258 2199999999999999
 27 40 57 79105123127120107 91 74 64 67 79 92107122131124104 80 57 35 2025 327ST 54612817 6131999999999999991117 642334 1799999999999999
 19 31 48 70 97123135128112 92 70 50 44 55 73 92115138146133108 81 55 3125 328ST 6 51351754146999999999999991150 44999999999999999999999
 19 24 42 62 87117139140122 97 72 45 27 28 46 69 94125150154136109 81 5325 329ST 631143184015699999999999999 010 181226 2599999999999999
 31 26 39 59 81108136147135109 80 50 23 11 19 40 66 97132155153133106 8025 330ST 658147192615799999999999999 045 2513 6 1099999999999999
 55 40 43 60 80102127146145122 92 61 32  9  3 15 38 6610013315114512510325 331ST 726149201315199999999999999 120 381347  299999999999999
 81 62 56 65 83101120139146133106 75 47 20  3  3 17 39 66 9912713813111625 4 1ST 75314621 313899999999999999 153 561431  199999999999999
100 85 75 77 89104118131140136117 90 63 38 18  7  9 22 41 66 9311412111725 4 2ST 81514022 112199999999999999 223 741519  699999999999999
108 99 93 91 98109120128133132121101 78 56 38 23 16 19 28 44 64 84 9910625 4 3ST 824134232510699999999999999 242 911614 1699999999999999
106104102103107113121126128126119106 90 72 57 43 33 27 28 34 45 60 75 8725 4 4ST 757128999999999999999999999 2161021725 2799999999999999
 95100104108112117121124124121115106 96 85 73 62 52 44 38 36 38 46 56 6825 4 5ST 7311259999999999999999999991854 36999999999999999999999
 80 91100108114118120120118114109103 97 92 86 79 71 62 53 45 40 40 45 5425 4 6ST 6301209999999999999999999992028 40999999999999999999999
 66 80 94106113117118116111105101 97 95 93 94 93 88 79 69 58 49 42 41 4725 4 7ST 5501189999999999999999999992133 41999999999999999999999
 56 69 86102113117116112105 96 89 88 89 90 95101103 96 85 73 61 49 42 4425 4 8ST 5121171542103999999999999991059 882216 4299999999999999
 52 63 78 97113120117110101 88 78 74 78 83 91102111112102 89 75 60 48 4425 4 9ST 5 61201633113999999999999991052 742251 4399999999999999
 50 60 73 91111123122112100 85 69 60 63 72 82 95112122119105 89 74 58 4725 410ST 5211241715123999999999999991115 602322 4699999999999999
 49 59 72 87107125128118102 84 66 51 48 56 69 85104123130121105 88 70 5525 411ST 5421291754130999999999999991143 472352 5099999999999999
 50 58 71 86104123133125107 87 66 47 36 40 54 71 92115133133120102 84 6725 412ST 6 41331831135999999999999991213 36999999999999999999999
 56 58 71 86102121134132116 93 70 48 31 28 38 55 76101126137131116 98 7925 413ST 62513619 813799999999999999 019 551242 2799999999999999
 65 62 71 86102118133137124101 76 52 32 22 26 41 60 84111131136125109 9225 414ST 644137194413699999999999999 045 611312 2299999999999999
 76 68 72 85101116131138130109 84 59 38 23 20 29 46 67 9311813112911810325 415ST 7 2138202113299999999999999 111 681342 2099999999999999
 88 77 76 86100114127136133117 92 68 46 29 21 24 35 52 74 9911812512011025 416ST 72013621 212599999999999999 136 751414 2099999999999999
 98 88 84 88100112124132132122101 77 56 38 27 24 30 43 59 7910011311711225 417ST 736133215011799999999999999 2 1 841448 2499999999999999
105 98 93 94101111121127129123107 86 66 49 37 30 31 38 49 64 80 9610610825 418ST 746129225510899999999999999 224 921527 3099999999999999
106103101101105111119124125121111 95 77 60 48 40 36 37 44 53 65 78 90 9925 419ST 743125999999999999999999999 2321011616 3699999999999999
103104106108110113117120121117111101 87 73 61 52 45 42 43 47 55 64 74 8625 420ST 7331219999999999999999999991722 42999999999999999999999
 95102107112115116116117116113108103 95 86 76 67 58 51 47 46 48 54 62 7225 421ST 6531179999999999999999999991848 46999999999999999999999
 84 96106113117118116112108105102100 98 96 91 85 76 66 57 50 46 47 52 6225 422ST 4411189999999999999999999992022 46999999999999999999999
 74 88102114120120116109100 93 90 92 94 98102103 98 87 74 62 52 46 46 5425 423ST 42812114441039999999999999910 8 902126 4599999999999999
 66 80 97114124124117107 94 80 73 74 82 91102113118112 97 81 66 53 45 4825 424ST 4311251558118999999999999991019 732214 4599999999999999
 59 74 90110127132123108 91 72 56 51 60 73 90109128134125106 88 69 53 4725 425ST 4491321653135999999999999991049 512256 4799999999999999
 55 69 86105127140135116 94 70 47 31 32 47 67 91119142147134114 93 72 5625 426ST 5151401743148999999999999991125 292336 5299999999999999
 54 66 83101122142147131104 76 48 22 10 18 38 63 94129153154138117 96 7425 427ST 54414818321569999999999999912 5 10999999999999999999999
 62 66 81 99117138152146121 89 58 27  3 -3 10 33 62 99136156153137118 9725 428ST 614153192115799999999999999 015 611247 -399999999999999
 79 72 82 98114132149153137107 74 42 13 -6 -6  9 33 6510313615114713311625 429ST 645154201215299999999999999 053 721331 -999999999999999
 99 86 87 99114128142151145123 93 62 32  8 -5 -2 13 37 6910413114113712625 430ST 71315121 714199999999999999 129 851418 -699999999999999
113102 97102113125136143144132109 81 54 30 11  3  7 22 44 7210012112812625 5 1ST 73614522 912999999999999999 2 2 9715 9  399999999999999
119112107108114123131136137131117 96 74 53 35 21 16 20 32 50 73 9511011725 5 2ST 741137232911899999999999999 22910716 5 1699999999999999
117115114113116121126130129125117104 88 72 57 44 34 30 33 42 56 73 9010325 5 3ST 718130999999999999999999999 23611317 5 3099999999999999
110113115116118119121122121117111105 96 86 75 64 54 46 43 44 51 62 74 8825 5 4ST 7 11229999999999999999999991812 42999999999999999999999
100108114117118118117115112108104100 97 93 88 81 73 64 57 53 54 59 67 7825 5 5ST 4301189999999999999999999991924 53999999999999999999999
 90102112117118117113108103 98 95 93 92 94 96 94 88 80 73 66 61 61 66 7525 5 6ST 35811814 5 96999999999999991138 922030 6199999999999999
 85 97109117120117111104 95 87 83 83 85 90 96102101 95 87 79 72 67 68 7525 5 7ST 3511201525102999999999999991028 832120 6799999999999999
 84 94106118123119111101 90 78 70 70 75 81 91103110109101 92 84 76 72 7625 5 8ST 4 51231618111999999999999991029 7022 0 7299999999999999
 85 94105117126125115101 87 72 60 56 61 70 82 98113119115106 96 86 78 7825 5 9ST 42412717 3119999999999999991052 562235 7799999999999999
 85 95105117128130122105 88 70 54 44 46 56 69 87108123127119109 98 87 8125 510ST 4451311744127999999999999991120 4423 8 8199999999999999
 84 95106117128135130113 92 72 52 37 33 40 54 73 97120132131122109 96 8625 511ST 5 61351824133999999999999991149 332340 8499999999999999
 84 92104116128137137123101 77 55 36 25 27 39 57 81108130137132121107 9425 512ST 52813919 2137999999999999991219 24999999999999999999999
 86 90101114127138142132111 86 62 39 23 19 26 42 64 9111813513813011710325 513ST 551142194013999999999999999 011 861251 1999999999999999
 92 89 97110124135143139122 97 71 48 28 18 19 30 48 7310112513613512511225 514ST 615143202013799999999999999 042 891323 1799999999999999
100 93 95106119131140141131109 83 59 38 23 18 23 37 56 8110712613312911925 515ST 63914221 313399999999999999 114 921358 1899999999999999
109100 97104115126135139134119 96 71 50 33 23 22 30 45 64 8810912312712325 516ST 7 2139215212799999999999999 146 971437 2299999999999999
115108103105112122130134133124106 85 64 46 34 28 29 38 53 71 9010811912125 517ST 719134225112199999999999999 2191031519 2899999999999999
118114111109112118125128128123113 97 78 61 48 39 35 37 46 60 75 9110611525 518ST 726129999999999999999999999 25510916 7 3599999999999999
118117116115114116119122122119114105 91 76 63 53 45 42 45 54 65 78 9210525 519ST 0 8118 73212299999999999999 35611417 2 4299999999999999
114118119119117115113114114112110107101 92 80 69 60 54 51 53 60 70 82 9525 520ST 2 511999999999999999999999918 4 51999999999999999999999
108117121121119115109104101101101102103102 98 89 79 70 63 59 60 67 77 8925 521ST 232122122010399999999999999 9171011915 5999999999999999
101114123125122115106 96 88 84 86 90 96103108108101 90 80 72 67 67 75 8625 522ST 251125142810999999999999999 910 842026 6699999999999999
 98110123130128118105 91 77 66 64 70 80 92106118121114102 91 81 74 75 8425 523ST 317131154312199999999999999 943 642126 7399999999999999
 96108121133137128111 92 72 54 43 45 56 71 91113130134126114101 89 81 8425 524ST 3481371644134999999999999991021 422217 8199999999999999
 95107119133143141124100 76 52 31 22 28 44 65 92122142145135123109 95 8725 525ST 42114417401469999999999999911 3 2223 5 8799999999999999
 93105118131144151141116 88 60 32 11  6 17 36 63 96130150151141128112 9825 526ST 4571511833153999999999999991148  62349 9499999999999999
 94102116128141153154136107 76 45 17 -1 -3 11 34 6410213615315314212811325 527ST 5331551925155999999999999991235 -5999999999999999999999
101100111125137149157151128 97 66 35  9 -6 -4 11 36 6910713815114913812525 528ST 6 9157201715299999999999999 032 991323 -799999999999999
112104107119132143152154143119 88 58 30  8 -3  1 18 43 7611013614514113225 529ST 64515421 814599999999999999 1131041412 -399999999999999
121111108114125136143148146132108 81 55 32 14  7 13 29 53 8211113113713325 530ST 71714822 013799999999999999 15310815 1  799999999999999
125118112112118128135139139134120 99 76 56 37 24 20 28 43 64 8811012512925 531ST 742139225412999999999999999 2341111550 2099999999999999
126121117114115120126129129127121109 92 75 60 47 37 36 44 57 74 9311012125 6 1ST 735129235312399999999999999 3191141636 3699999999999999
123122119116114114117119118117115110101 89 78 67 57 52 53 60 71 84 9911225 6 2ST 719119999999999999999999999 4261141721 5199999999999999
119121120118115112110109108106105104102 97 90 82 75 69 66 68 74 84 9410625 6 3ST 05712199999999999999999999918 5 66999999999999999999999
115121122120116111105100 97 95 94 95 97 98 97 94 89 83 80 79 81 87 9510425 6 4ST 1471221315 9899999999999999 959 941850 7999999999999999
113120123122117110103 95 87 83 82 84 88 94 99102100 96 92 90 89 92 9810625 6 5ST 21812415 510299999999999999 947 821943 8999999999999999
114120125126121112102 91 81 73 70 72 77 85 96105109108104101 98 9810110825 6 6ST 24212616131099999999999999910 3 702042 9799999999999999
115122127130127117104 90 77 65 58 58 64 74 8710211311811611210710410310825 6 7ST 3 413017 7118999999999999991029 57213510399999999999999
116123129133133125110 93 76 61 50 46 50 60 75 9311212312612311711010610725 6 8ST 3271341752126999999999999991058 46222210699999999999999
113122130136138133120101 81 62 46 37 37 45 60 8010312213213312711811010625 6 9ST 3541381832134999999999999991130 3623 510699999999999999
109117127136142141131112 90 68 48 33 28 32 44 64 8911413213913612711610725 610ST 42714219 81399999999999999912 4 28234510599999999999999
105111122133142146141126103 78 55 36 24 23 31 47 71 9912413914113512411225 611ST 5 31461944142999999999999991239 22999999999999999999999
104105114126138146147138118 93 67 45 27 19 22 34 54 8010813114214013111925 612ST 539148202014299999999999999 0231041315 1999999999999999
108103108119132142148145132109 82 58 37 23 19 25 41 63 9011613514113612625 613ST 616148205814199999999999999 1 11031353 1999999999999999
114106105112124135143146140123 99 73 51 33 23 23 33 50 72 9812113513713125 614ST 653146213913899999999999999 1401041432 2199999999999999
121112107108116127136141141132114 90 67 48 34 27 31 43 61 8210412413413325 615ST 730141222213599999999999999 2221061512 2799999999999999
126119112109111118127132134133124106 85 65 50 39 36 42 55 72 9011012613225 616ST 81213423 813299999999999999 3111091553 3699999999999999
130124118112109110116121124126124116101 83 68 56 49 48 55 68 83 9911512725 617ST 912126235513199999999999999 4131091637 4799999999999999
131127122116110105105108111113116117111100 87 75 67 61 62 70 82 9510812125 618ST1040117999999999999999999999 5351041723 6199999999999999
130131126119111102 96 93 94 97102107111111104 95 86 80 76 77 84 9510611725 619ST 039131122511299999999999999 7 8 931816 7699999999999999
127133132124114102 91 81 77 78 83 90100109114112106 99 94 91 92 9810811725 620ST 121133141211499999999999999 817 761921 9199999999999999
126133137133121106 91 76 64 58 60 68 80 9511012012211811310810410410911825 621ST 2 1137154212299999999999999 910 58203510399999999999999
126134140141133117 97 78 59 45 39 44 56 72 9311412913313012511911311111725 622ST 24214216561339999999999999910 0 39214311199999999999999
126134141146145133112 88 65 44 28 23 31 46 67 9412113914314013312511711525 623ST 3261471757143999999999999991050 23224211599999999999999
122131139147152149132107 80 54 30 14 11 21 40 66 9812914715014513612511625 624ST 4141521847151999999999999991141 10233511599999999999999
116124135144152157151131103 73 45 20  5  5 18 40 7010513615215314513412125 625ST 5 31571930154999999999999991230  3999999999999999999999
113115125137147156159150128 98 68 39 15  2  5 21 46 7811414215415014012825 626ST 553159201115499999999999999 0221121318  199999999999999
116109114126139148156158146122 92 63 36 14  5 12 31 56 8812214515114313225 627ST 642159205115199999999999999 1 610914 3  599999999999999
120110107115128139147153152138113 86 60 37 19 16 26 45 70 9912814414413525 628ST 728154212914699999999999999 1471071444 1599999999999999
125114107107116127135142146143127104 81 60 41 30 32 44 62 8511013114013625 629ST 81114622 714099999999999999 2291061523 2999999999999999
127119110106108116124129133136130115 96 79 63 50 46 51 64 80 9911913213525 630ST 854136224413599999999999999 3131061557 4699999999999999
129122114108105107112117120123123117105 92 80 70 63 64 72 83 9711212513225 7 1ST 938124231713299999999999999 4 31051625 6299999999999999
131124117111105102103105107109112112107100 92 85 80 78 82 9010111212212925 7 2ST1034112234513199999999999999 5141021646 7899999999999999
131127121114107101 97 95 95 96 99102103102 99 96 93 92 93 9910611512312925 7 3ST12 5103999999999999999999999 744 951659 9299999999999999
132130125117109100 93 88 85 84 86 90 9510010310410410310410711211812513025 7 4ST 0 7132999999999999999999999 850 84999999999999999999999
134133129122113102 92 83 76 73 73 77 84 9310110811211411411511712112613125 7 5ST 026134999999999999999999999 930 72999999999999999999999
135137134128119107 94 82 71 64 61 63 71 82 9510711612212312212212212512925 7 6ST 05613717591239999999999999910 7 6120 912299999999999999
134138139135127115101 85 71 60 53 51 56 68 8310011612613113112712412312525 7 7ST 1421391820132999999999999991044 51214912399999999999999
130136141141137127112 94 75 60 48 42 43 52 68 8810912613613813412712212025 7 8ST 2371421845138999999999999991120 42225012099999999999999
124131139144144139126107 86 66 49 37 33 39 52 72 9612013714314113312411725 7 9ST 3351451910144999999999999991156 33233611699999999999999
116122133142148148141124101 77 56 38 28 28 38 56 8010713114514613912811725 710ST 4341491937147999999999999991231 26999999999999999999999
111113123136146152152141120 94 68 46 29 22 26 41 63 9011914115014513412125 711ST 52915320 515099999999999999 01611013 6 2299999999999999
110106112125139149156154139114 86 60 38 23 21 31 50 7410313114815014012725 712ST 622156203515199999999999999 0551051341 2099999999999999
114104103113128141151157152134106 78 54 34 23 26 41 62 8711514015014513325 713ST 71115721 715099999999999999 1351021417 2399999999999999
120108100102115129140149154147125 98 73 51 36 30 39 56 7710112714514813925 714ST 8 0154214114999999999999999 217 991453 3099999999999999
126114103 97102114125135144147138117 93 72 55 44 44 56 74 9311513514614325 715ST 849148221614799999999999999 3 3 971529 4399999999999999
132120108 98 95 99109118127135138128110 92 76 65 59 64 77 9210912614014425 716ST 943138225114499999999999999 356 9516 4 5999999999999999
137125113102 93 89 93100107116124127120108 95 86 79 79 85 9711012313414225 717ST1048127232514299999999999999 459 891638 7899999999999999
141132119107 95 86 81 82 87 95104113118116110104 99 97 9910511512513313925 718ST1214118235714299999999999999 617 8117 8 9799999999999999
142138127114101 88 77 70 70 74 81 9110311211611611511411511612112813514025 719ST1423117999999999999999999999 737 69172111499999999999999
142142137125110 95 80 67 58 56 60 68 81 9611112112612712812812813113514025 720ST 030143999999999999999999999 850 56999999999999999999999
143144144137125108 90 72 57 45 42 47 57 74 9411412913613913813613313313725 721ST 116145182013999999999999999 954 42213213399999999999999
141145147147141127107 86 65 47 33 30 36 51 71 9612113914614614213713112925 722ST 2301471829147999999999999991050 30224412999999999999999
134140146150152146130107 83 59 37 23 21 31 49 7310313214915214814013112225 723ST 3531521849152999999999999991139 20233312199999999999999
122130139147154158152133106 79 53 29 15 17 31 52 8111414315615314413312025 724ST 5 21581917156999999999999991224 14999999999999999999999
112115127139149158163155131103 74 47 23 13 20 38 62 9312815215714913612225 725ST 558163194715899999999999999 01511213 4 1399999999999999
109103111126139150161165152126 97 69 42 23 19 31 51 7710914015615314112625 726ST 646165201815799999999999999 0551031342 1899999999999999
111 99 99110125138150161161144117 90 65 42 29 33 48 69 9512514815414513025 727ST 730163204915599999999999999 133 971416 2999999999999999
116102 94 98111124136148156150131107 84 63 47 43 53 70 9011313715014713525 728ST 810156211715199999999999999 210 941446 4399999999999999
120107 96 93100111122132142145136118 98 81 67 59 63 76 9210912914414713825 729ST 848145214314799999999999999 249 931511 5999999999999999
125112101 94 94100109117125132132122108 94 84 76 77 85 9811212613814414025 730ST 92813322 414499999999999999 330 931530 7599999999999999
129116105 97 92 93 98103110117121119112103 96 91 90 9610511712713714214125 731ST1013121221914399999999999999 418 921539 9099999999999999
132121110100 93 89 90 92 9610110711111010710410310310611312213013714214225 8 1ST1120111223114299999999999999 524 89152810299999999999999
136126115105 96 89 85 84 84 87 92 9910410610811111311612012613313814114225 8 2ST2249142999999999999999999999 7 6 84999999999999999999999
139132121111101 92 84 79 76 76 78 84 9310110811412012412713013413814014125 8 3ST2325142999999999999999999999 842 76999999999999999999999
141137129119109 98 87 78 71 67 66 70 79 9010211312413113413413513613713825 8 4ST9999999999999999999999999999 944 66999999999999999999999
140140136128119108 95 81 70 62 58 58 64 76 9210812313414013913713413313325 8 5ST 0301411824140999999999999991031 57222213299999999999999
136140141138131121107 91 75 62 52 48 51 61 78 9711713414414414013412812625 8 6ST 14714118361459999999999999911 9 4723 112699999999999999
128135141144143137124105 85 67 51 41 39 47 62 8310713014514914513612611825 8 7ST 3141441852150999999999999991142 39233411799999999999999
118125136144150151143125101 78 57 40 31 35 48 68 9312114415415014012711425 8 8ST 4401511911154999999999999991214 31999999999999999999999
108112124138149157159148124 96 70 47 30 26 36 55 7810713715615714613111525 8 9ST 541160193315899999999999999 0 81071246 2699999999999999
101 98109125141154165165147118 89 62 39 25 29 45 67 9312515216215313711925 810ST 630167195916299999999999999 044 981318 2599999999999999
102 90 92107126142159170165142111 82 56 36 30 40 60 8411214216116014512625 811ST 717171202716399999999999999 122 891351 2999999999999999
107 90 82 89106124142159169159134105 79 56 42 44 59 8010312915316215313425 812ST 8 2169205716299999999999999 2 2 821425 4199999999999999
114 96 81 77 87103120138155160148125101 80 64 58 65 8210212214315815714125 813ST 849161212615999999999999999 245 771457 5899999999999999
122103 87 75 75 84 98113130145147136118101 88 79 80 9110612213715015514725 814ST 941148215315599999999999999 333 731527 7899999999999999
130112 95 81 72 72 80 90104119131133126115107101 9910411512713714615114925 815ST1042133221515199999999999999 429 711548 9999999999999999
137121104 90 78 70 69 73 81 9210511612112011711611711912513314114614914825 816ST1216121222014999999999999999 542 6815 911699999999999999
142130116101 88 76 67 64 65 71 80 9210411311912412813213614014414714814725 817ST2155148999999999999999999999 712 63999999999999999999999
144138128115102 88 75 64 57 56 60 69 82 9711212413313914314414514514514525 818ST22 6145999999999999999999999 844 56999999999999999999999
144141137130119105 89 73 59 50 46 51 61 77 9711713314214714714514113813925 819ST1842147999999999999999999999 955 46222313899999999999999
140141142141137125108 89 71 53 41 38 45 59 7810312714415014914513813012725 820ST 2231421820150999999999999991046 38225412799999999999999
131136141145149146131110 88 66 46 33 33 45 62 8511514015315214613612411525 821ST 4111501825154999999999999991128 32232811499999999999999
115124134142152159154134109 85 60 38 29 35 50 71 9913015315815013812310825 822ST 51015918451589999999999999912 5 29999999999999999999999
101107120133145160166156132105 79 53 34 31 43 62 8611714716115614112510825 823ST 557166191116199999999999999 0 21011239 3099999999999999
 93 91103119134150166168152126 99 73 49 37 42 59 7910513515816114813011125 824ST 639170193716299999999999999 037 901311 3699999999999999
 93 82 87103119135154167163142116 92 68 50 48 60 7810012515016215313511625 825ST 71816820 316299999999999999 112 821340 4799999999999999
 97 82 78 88104120137154162151130107 86 68 60 66 8210012014215715614112125 826ST 756162202615999999999999999 146 7814 5 6099999999999999
103 87 77 79 90105120136150150137118100 85 75 76 8810412113815215514512625 827ST 832152204415699999999999999 220 761425 7499999999999999
108 92 80 76 81 92104118133140136124110 99 90 89 9711012413714815314713125 828ST 910140205815399999999999999 255 761440 8899999999999999
114 98 86 78 77 83 9210211412512912411610810310110611612813814615114713525 829ST 95412921 715199999999999999 333 77144810199999999999999
119104 92 83 78 79 83 90 9810811611811611311211211512213114014514814713825 830ST1055118211214899999999999999 421 78141911299999999999999
125111 99 89 82 78 78 81 85 9210010711111311612012412813414114514614514025 831ST21 3146999999999999999999999 529 78999999999999999999999
131118107 97 89 82 78 76 76 79 84 9210110811512313013513814114314314213925 9 1ST2030143999999999999999999999 716 76999999999999999999999
134126116107 98 90 81 75 71 69 71 77 87 9811012213314014214214114013813625 9 2ST1839142999999999999999999999 9 9 69999999999999999999999
135132125118110101 89 78 70 64 61 64 73 8610111713214214614414013513213025 9 3ST18 214699999999999999999999910 5 61225313099999999999999
132134133130125116102 87 73 62 54 53 59 72 8910912914414914714013212412125 9 4ST 11913418 7149999999999999991042 52225912199999999999999
124130136139140135121102 83 66 52 44 47 59 76 9812214315315114213011710925 9 5ST 3431401815153999999999999991113 44232110899999999999999
111120131141149152144123 99 77 56 41 38 48 65 86113140157157146131114 9925 9 6ST 4501531830159999999999999991144 382351 9499999999999999
 94103118133148162164149123 95 70 47 35 39 55 76101132157165154136116 9525 9 7ST 5401651851165999999999999991215 34999999999999999999999
 80 82 98117136157173171150119 90 63 42 36 48 69 93121152169164144121 9725 9 8ST 625175191617099999999999999 025 791248 3699999999999999
 75 65 74 94116140165179171145115 87 61 45 48 66 8811314116617115513010425 9 9ST 710179194317299999999999999 1 2 651322 4499999999999999
 79 60 56 70 91114141167176163137111 86 66 59 69 8911013315717116414111425 910ST 755176201117199999999999999 142 551354 5999999999999999
 89 65 51 52 68 88112139161165151130109 91 79 80 9411313114916416615012525 911ST 843166203716799999999999999 224 491425 7899999999999999
100 77 58 49 53 67 85107131148150139124112102 9910511913414615616115413525 912ST 935151205716199999999999999 310 481451 9899999999999999
112 90 72 57 51 55 66 81 9911913113412912211811712012813914715315515214025 913ST104213421 015599999999999999 4 5 51145511799999999999999
123104 87 73 62 56 57 64 75 8910411612112312512813213714414915215214814125 914ST2021152999999999999999999999 518 56999999999999999999999
130116102 89 78 67 60 58 61 68 79 9210511512413113814314714915014814513925 915ST1947150999999999999999999999 655 58999999999999999999999
133126117107 95 84 72 63 57 57 62 72 8510111713013914514814814514213913525 916ST1824149999999999999999999999 834 56999999999999999999999
132130127123114102 89 75 62 53 52 58 69 8510412413914614814614013312812725 917ST18 0148999999999999999999999 941 52225612799999999999999
128129131134133123107 91 74 59 49 49 58 72 9111513614714814413712611611325 918ST 3151351737149999999999999991027 48224911399999999999999
117123129138145142128109 90 71 54 46 52 64 81104130148152145135122107 9825 919ST 41814517451539999999999999911 3 462314 9899999999999999
101111121132147155148129108 87 66 50 48 59 75 95121146157151137121103 8825 920ST 5 515518 5157999999999999991135 472344 8399999999999999
 84 93107121139156162149127104 82 61 51 57 72 90113140159158143124104 8425 921ST 54716218281619999999999999912 6 51999999999999999999999
 72 76 90107125147163162144121 98 76 60 59 72 89109133155163151130108 8725 922ST 626165185216399999999999999 016 711234 5799999999999999
 68 63 73 91109131154165156136114 93 74 66 74 90108128150162157137114 9125 923ST 7 4165191416399999999999999 049 6313 1 6699999999999999
 71 59 61 75 93113137156159146126107 89 78 79 93110127145159160144120 9725 924ST 740160193216299999999999999 121 581324 7799999999999999
 76 60 56 63 79 97118140152149135118103 91 88 9711212814315515914812710425 925ST 817153194715999999999999999 152 551345 8899999999999999
 83 66 57 58 68 82100120137143137125113103 9910311512914215215615013211125 926ST 856143195915699999999999999 223 5614 3 9999999999999999
 90 74 62 58 63 73 8610211813013212611911310911111913014114815214913611725 927ST 94113220 615299999999999999 257 58141610999999999999999
 98 82 71 64 63 67 76 8710011312012212011811811912413214014614814613712325 928ST104612220 214899999999999999 337 62135411899999999999999
106 91 80 72 67 67 71 77 85 9510511211611912212613013514014414514213612625 929ST1941145999999999999999999999 433 67999999999999999999999
113100 90 82 75 71 70 71 75 80 89 9810711412213013513914114214113813312725 930ST1910142999999999999999999999 556 70999999999999999999999
119110101 93 86 79 73 70 69 70 75 84 951071181301381421421401371331281252510 1ST1731142999999999999999999999 757 69999999999999999999999
122118113107 99 90 81 72 66 63 65 71 82 961121271391441431391321251211192510 2ST1721145999999999999999999999 916 63225511999999999999999
120122122121116106 93 80 69 60 57 61 71 861031231391471451391281171091082510 3ST 2 1122171914799999999999999 958 57224110799999999999999
112119125132134127112 95 78 63 53 53 62 77 95117138151150140127111 96 912510 4ST 3491341725152999999999999991033 522259 9199999999999999
 96107120133146149137116 95 75 57 49 54 69 87109134154158146128108 88 732510 5ST 44314917411589999999999999911 7 482329 7199999999999999
 73 87104123144161161143118 94 71 53 50 62 81102127153166157135111 86 632510 6ST 53016418 4166999999999999991141 49999999999999999999999
 52 60 80102128156173167145118 93 69 55 59 77 98121147168168148119 91 632510 7ST 616174183117199999999999999 0 3 521217 5499999999999999
 41 37 51 75102133164178167143117 92 71 64 76 96117140163174162133101 712510 8ST 7 1178185917499999999999999 041 351252 6499999999999999
 43 26 29 47 72102137165173160138116 95 81 82 97117136155170169147116 852510 9ST 748174192717299999999999999 122 251326 7999999999999999
 56 32 21 28 47 71102135158161149132116102 96103119135149162167156130101251010ST 839162195116799999999999999 2 5 211357 9699999999999999
 73 49 30 25 33 49 72100127144146138128119113114124137148156160155139115251011ST 93614720 516099999999999999 253 25142211299999999999999
 90 68 49 37 33 39 53 72 94115129132130126125125130138147152153149140125251012ST1055132194715399999999999999 350 33141712599999999999999
105 87 71 57 47 43 47 56 70 87103115122126129132136141145148147143136127251013ST1917148999999999999999999999 5 1 43999999999999999999999
115102 90 78 67 58 52 53 58 68 80 95108119127134139142143142140135129124251014ST18 5143999999999999999999999 629 52999999999999999999999
118113106 97 87 77 66 59 56 59 67 78 93108122132138141140136131125121117251015ST1717141999999999999999999999 8 0 56999999999999999999999
116116116113106 95 84 72 63 58 61 69 81 97115130138140137132122114109108251016ST1653140999999999999999999999 9 7 58225610899999999999999
109112118123122113100 88 74 64 61 66 76 89107126139141137128117104 95 94251017ST 318124164414299999999999999 952 602237 9399999999999999
 98104114126133129117103 89 74 65 65 74 86102121139146140128114 98 83 78251018ST 4111331658146999999999999991026 632257 7899999999999999
 83 92104119135141134119103 88 73 67 73 86100117137149146132115 96 77 65251019ST 4551411718150999999999999991058 672325 6499999999999999
 66 77 90107128145147134118102 85 73 74 85100115133150153140119 98 77 58251020ST 5361481741154999999999999991128 722355 5299999999999999
 52 59 74 92115138152147132115 98 83 77 84 99115131148156148127103 79 58251021ST 61515218 2156999999999999991156 77999999999999999999999
 44 45 58 76 98124146153144128111 95 84 85 98114130145156154136110 85 61251022ST 653153182215799999999999999 026 431223 8399999999999999
 43 37 44 60 81106133150150138122106 93 89 97113128142154156143119 92 68251023ST 730152184015799999999999999 057 371249 8999999999999999
 48 36 36 48 65 88114137147142130116103 96 99111126140151155147127101 77251024ST 8 9147185615599999999999999 127 341314 9599999999999999
 56 41 35 41 54 72 95119135140134123113104103111124136146152148133110 86251025ST 850140191115299999999999999 158 35133810299999999999999
 66 50 40 40 48 61 78 99118129131126119113110113123133142147145135117 96251026ST 939131192114799999999999999 232 39135911099999999999999
 76 60 49 45 47 55 67 82 99113121123121118117119124131138141141134121104251027ST1047123191914299999999999999 311 4514 411799999999999999
 86 71 61 54 51 54 60 70 83 96107115118120122124127131135137135130122110251028ST19 6137999999999999999999999 4 0 51999999999999999999999
 96 83 72 65 59 57 59 64 71 81 92103112118124128131132132132130125119113251029ST1816132999999999999999999999 5 5 57999999999999999999999
104 95 85 77 70 65 61 62 65 71 80 91103114123130133133130127122118114111251030ST1629134999999999999999999999 626 61999999999999999999999
108104 99 92 85 76 69 64 62 65 71 81 94108121130135134129121113107104104251031ST1618135999999999999999999999 753 62222910499999999999999
106108111109103 93 82 72 65 62 65 75 87101118131138136128117104 93 88 902511 1ST 215111161313899999999999999 857 622211 8899999999999999
 96104114122123114100 87 74 64 62 69 82 96113131143142131116 98 81 69 682511 2ST 335124162614499999999999999 944 622233 6799999999999999
 77 90105123137137124108 91 76 65 66 77 93109128146151140120 98 75 54 452511 3ST 4301391649151999999999999991027 6423 5 4499999999999999
 51 66 86110135151148132113 95 77 68 73 89106124144158153132104 77 49 292511 4ST 52015217171599999999999999911 7 682343 2499999999999999
 25 37 59 85116147161155137117 97 79 75 86103121140158164148119 87 56 272511 5ST 6 91621747164999999999999991147 74999999999999999999999
  9 11 29 54 86123154165156138118 99 85 86100119136153166162137104 70 382511 6ST 658165181816799999999999999 024  81226 8399999999999999
 11 -1  6 26 54 89127155161151135118101 93100116132147160165152123 89 572511 7ST 749162184816599999999999999 1 7 -113 3 9399999999999999
 28  5 -2  8 28 56 91126148152143130117106105114129142153159156138109 782511 8ST 843153191516099999999999999 154 -2133810499999999999999
 50 25  9  5 15 34 60 91120137140134125118113116126137146150150142123 982511 9ST 942140193115199999999999999 245  5141011399999999999999
 72 50 31 19 17 26 42 64 90112126129127123121121125132138142141136126110251110ST1055129191614299999999999999 340 16143212099999999999999
 91 72 56 42 32 31 38 51 68 87105117122123124124126128131133131126121113251111ST1858133999999999999999999999 440 30999999999999999999999
102 89 76 65 54 46 44 49 58 71 86101113119123125126126124123120116111108251112ST16 2126999999999999999999999 546 44999999999999999999999
105 99 92 83 74 65 59 56 59 66 76 89103114122125126124120114109104101 99251113ST1546126999999999999999999999 656 562311 9999999999999999
100101101 97 91 83 75 69 66 68 75 84 96109120126126123117108 99 91 88 88251114ST 128102153412799999999999999 8 4 662235 8899999999999999
 90 96103106104 98 90 83 76 73 77 85 94105118127129124115104 92 80 74 75251115ST 3 6106154413099999999999999 856 732224 7499999999999999
 79 86 98109114111103 96 88 81 80 86 95105116128133129117103 88 72 62 60251116ST 4 311416 213399999999999999 937 802242 5999999999999999
 65 74 87104117121116108 99 91 85 88 96106116128136135123105 87 69 53 46251117ST 4511211624137999999999999991014 8523 8 4699999999999999
 49 60 74 93114127128120111101 92 89 95106117128137140131112 91 69 50 37251118ST 5331291646141999999999999991048 892338 3499999999999999
 35 44 59 79103124134132122111 99 92 93103116127138144139122 98 74 52 33251119ST 61413517 8144999999999999991121 91999999999999999999999
 25 29 43 62 87114133138132121108 97 93 99111125136145145131108 82 57 36251120ST 653138173014699999999999999 0 9 251153 9399999999999999
 22 20 29 46 70 98123138138129117103 95 96106120133143147139120 93 67 43251121ST 732139175414799999999999999 040 191224 9499999999999999
 25 17 20 33 53 79107129137134124111100 96102114127139146143129105 79 54251122ST 811138181814699999999999999 113 161255 9699999999999999
 34 20 17 25 40 62 88113129133128118107100100109121133141142134115 91 66251123ST 852133184114399999999999999 146 171326 9999999999999999
 45 29 21 22 32 49 70 94114126127121113106103107116127135138134122102 79251124ST 93712819 013899999999999999 222 20135810399999999999999
 58 41 30 26 30 41 57 77 97113121121117112109109113121128131129122109 90251125ST103012219 913199999999999999 3 0 26143010899999999999999
 71 54 42 35 33 39 50 65 81 97110117117116114113114117121124123118111 99251126ST1135118191212499999999999999 343 33151611399999999999999
 83 68 55 47 42 42 48 58 71 84 98110116117117117115114114115114111107102251127ST131911719 911599999999999999 430 41172111499999999999999
 93 82 70 61 54 50 50 56 65 76 88101112117119119116112108105103101 99 99251128ST1411119999999999999999999999 524 49999999999999999999999
 97 93 86 77 69 63 59 59 64 73 83 95106116122121117111103 94 88 86 86 88251129ST1426122999999999999999999999 628 582119 8599999999999999
 93 97 99 95 88 80 73 68 67 72 81 91103114124126121112100 87 74 67 66 71251130ST 150 99145012699999999999999 741 672132 6699999999999999
 79 90102109107100 91 83 77 75 80 90101112124132130118101 84 66 50 44 482512 1ST 319109152013299999999999999 849 7422 5 4499999999999999
 58 73 91110121121112103 93 84 81 88100111123134139130111 88 65 42 26 222512 2ST 424122155313999999999999999 946 812245 2299999999999999
 31 47 69 95121134132123112 99 89 87 96109121134144144128101 73 45 20  52512 3ST 5211351629146999999999999991037 862328  399999999999999
  5 19 40 68102130143140130117102 92 93104118131144152145122 91 59 28  22512 4ST 61514417 7152999999999999991124 91999999999999999999999
-11 -6 11 37 71108137148143132117102 94 99112126139151154142114 80 47 162512 5ST 7 6148174615599999999999999 014-1112 9 9499999999999999
 -8-18-10 10 39 76114140148141129114101 97104119133144153152134105 71 392512 6ST 756148182615499999999999999 1 2-181252 9699999999999999
 10-11-17 -7 15 45 81116138142134122110100100110124136144149144124 95 642512 7ST 84514319 414999999999999999 150-171333 9999999999999999
 35 10 -6 -9  3 25 53 86116132133126116107101104114125134139140131112 862512 8ST 933135194114099999999999999 238-10141510199999999999999
 60 36 16  5  6 18 38 63 911141251241181111051031061141221261281261171002512 9ST1022126201212899999999999999 325  3145910399999999999999
 79 59 42 27 20 23 35 52 73 94111118117113109105103106111113114113111104251210ST1114119194111499999999999999 411 20155510399999999999999
 91 76 62 50 41 38 42 53 66 82 98110114113110107103101101101101 99 99 98251211ST12 9114999999999999999999999 453 38999999999999999999999
 93 85 76 68 60 55 55 60 69 79 91103110113112108104 99 95 91 88 86 85 86251212ST13 2113999999999999999999999 532 552157 8599999999999999
 87 87 84 80 76 72 70 71 76 83 91100108113114111105 99 91 83 77 73 72 73251213ST 023 88134311499999999999999 6 9 702158 7299999999999999
 77 82 87 88 87 85 83 82 84 88 95101108113116114108 99 89 79 69 61 59 60251214ST 255 88141311699999999999999 651 8222 7 5999999999999999
 65 73 83 91 95 95 94 93 92 93 97104110114118119114103 90 77 64 53 46 46251215ST 427 95143811999999999999999 8 3 922229 4699999999999999
 52 61 75 89100104104102 99 98 99104110116120122120110 95 79 63 48 37 33251216ST 52410415 412299999999999999 914 982257 3399999999999999
 37 47 63 81 98110113111107102100101107115121125126119104 86 66 48 32 24251217ST 6 21131533126999999999999991010 992329 2399999999999999
 24 32 48 68 91109119120115108101 98102110119126130127115 97 74 52 33 19251218ST 63512116 8130999999999999991056 98999999999999999999999
 14 18 32 52 77102119126123114104 97 96103113123131133126110 87 62 39 20251219ST 7 7126164613399999999999999 0 2 141137 9699999999999999
  9  8 18 36 61 88112126128121110 99 93 95104117128135134122101 76 50 27251220ST 739129172413599999999999999 035  71214 9299999999999999
 11  4  8 22 44 71 99120129126116103 93 90 96108122131136131115 91 64 39251221ST 81112918 313699999999999999 1 9  31250 9099999999999999
 18  5  3 12 30 54 82108124128120109 97 90 90 99113125132133125106 79 53251222ST 844128184013499999999999999 142  21327 8999999999999999
 30 13  5  8 21 41 65 92114125123114103 94 89 93104116125129128116 94 68251223ST 919125191713099999999999999 216  414 5 8999999999999999
 45 26 13 10 17 33 53 76 99117122117108 99 93 91 96106115121122119105 83251224ST 956122195612299999999999999 250  91448 9099999999999999
 60 41 27 18 19 30 47 66 86105117118112104 97 92 91 96104110112113108 95251225ST1034119204211399999999999999 325 171539 9199999999999999
 76 57 42 32 28 33 45 61 77 94109116114108101 95 90 88 92 96 99101102 99251226ST1115117215010299999999999999 4 0 281647 8899999999999999
 88 73 59 49 43 42 49 61 75 88102112116112104 97 90 84 80 81 84 86 89 92251227ST11551162326 9399999999999999 437 421817 8099999999999999
 92 86 76 67 61 57 59 65 76 88 98108115115110100 91 81 73 67 65 68 72 77251228ST1236116999999999999999999999 517 571947 6599999999999999
 84 89 88 84 78 75 73 75 80 89 99107114118116108 95 82 70 57 49 47 50 57251229ST 123 89131711899999999999999 6 9 732050 4799999999999999
 67 80 90 96 95 93 90 88 88 92100107113119121118106 90 73 56 40 30 28 33251230ST 320 9614 212199999999999999 737 882143 2799999999999999
 44 59 79 96106109108105101 98100106113119124126119104 83 62 40 22 10  9251231ST 5 1109144912699999999999999 9 8 982233  899999999999999
