 31 33 34 32 28 23 17 10  5  1 -1  0  4  9 14 18 21 23 23 23 22 23 24 2525 1 1SZ 142 341740 23999999999999991011 -120 3 2299999999999999
 27 30 32 32 30 26 20 14  7  2 -1 -2 -1  3  9 14 18 20 21 21 20 20 20 2125 1 2SZ 231 3318 7 21999999999999991054 -22053 2099999999999999
 23 26 29 31 31 28 23 17 11  5  0 -2 -3  0  4 10 14 17 19 19 19 18 18 1825 1 3SZ 320 311836 19999999999999991135 -32149 1799999999999999
 19 21 25 27 29 28 25 21 15  9  3  0 -2 -1  2  7 11 15 18 18 18 17 16 1525 1 4SZ 411 2919 3 18999999999999991216 -223 4 1599999999999999
 16 17 19 22 25 26 25 23 18 13  8  4  2  1  2  6 10 14 17 19 19 17 16 1425 1 5SZ 5 6 261929 19999999999999991255  1999999999999999999999
 14 13 14 17 20 22 23 23 21 17 13  9  7  5  5  7 10 14 18 20 20 19 17 1525 1 6SZ 611 231954 2099999999999999 036 131331  599999999999999
 13 12 11 12 14 17 19 20 20 19 17 15 12 11 10 11 13 16 19 21 23 22 21 1825 1 7SZ 735 212021 2399999999999999 2 3 1114 2 1099999999999999
 15 13 10  9  9 11 13 16 18 19 19 18 17 16 16 16 17 19 21 24 25 26 25 2325 1 8SZ 933 192054 2699999999999999 326  91420 1699999999999999
 19 16 12  9  7  7  8 10 13 16 18 19 20 20 20 21 21 22 24 26 28 29 29 2825 1 9SZ2135 29999999999999999999999 447  7999999999999999999999
 25 21 16 12  8  5  4  5  8 11 15 18 20 22 23 24 24 25 26 27 29 30 32 3125 110SZ2225 32999999999999999999999 6 3  4999999999999999999999
 30 26 22 17 11  7  4  2  3  6 10 14 18 22 24 25 26 26 27 27 29 30 32 3325 111SZ2322 34999999999999999999999 710  2999999999999999999999
 33 31 27 22 16 11  6  2  1  2  5 10 15 19 22 24 25 26 26 27 27 29 31 3325 112SZ9999999999999999999999999999 8 7  1999999999999999999999
 34 34 32 27 22 15  9  4  0 -1  1  5 10 15 19 22 24 24 24 24 25 26 27 3025 113SZ 021 34999999999999999999999 858 -1999999999999999999999
 32 34 33 31 26 20 13  7  2 -1 -2  0  5 11 16 19 21 22 22 22 22 22 23 2625 114SZ 117 34999999999999999999999 943 -2999999999999999999999
 29 31 33 32 29 24 17 10  4  0 -3 -2  1  6 12 16 19 20 20 19 19 19 19 2125 115SZ 2 8 331724 20999999999999991023 -32025 1999999999999999
 23 27 29 30 29 25 20 13  7  2 -2 -3 -2  2  8 13 16 18 18 18 17 16 16 1725 116SZ 255 301744 189999999999999911 0 -32121 1699999999999999
 19 21 25 27 27 25 21 16 10  4  0 -2 -2  0  5 10 14 16 17 17 15 14 14 1425 117SZ 339 2718 9 17999999999999991133 -22221 1499999999999999
 15 17 19 22 24 23 21 17 12  7  3  0 -1  0  3  8 12 15 16 16 15 14 13 1225 118SZ 421 241834 169999999999999912 2 -12327 1299999999999999
 12 13 15 17 20 20 20 17 14 10  6  4  2  2  4  8 11 14 16 17 16 14 13 1225 119SZ 5 3 201857 17999999999999991224  2999999999999999999999
 11 11 12 13 15 17 17 16 14 12  9  7  6  6  7  9 12 15 17 17 17 16 14 1225 120SZ 549 171914 1799999999999999 036 111236  699999999999999
 11 10 10 11 12 14 15 15 14 13 11 10  9  9 10 12 14 16 18 19 19 18 16 1425 121SZ 648 151925 1999999999999999 145 101227  999999999999999
 12 10  9  9 10 11 12 13 13 13 13 12 12 13 14 15 17 19 20 21 21 21 19 1725 122SZ 833 131936 2199999999999999 254  91147 1299999999999999
 14 12 10  9  8  8  9 11 12 13 14 14 15 15 16 17 19 21 22 23 24 23 22 2025 123SZ1956 24999999999999999999999 4 3  8999999999999999999999
 17 14 12  9  8  7  7  8 10 11 13 15 16 17 18 19 20 22 23 25 25 25 25 2325 124SZ2033 25999999999999999999999 510  7999999999999999999999
 20 17 14 11  8  6  5  6  7  9 11 14 16 18 19 20 21 22 23 24 26 26 26 2525 125SZ2130 26999999999999999999999 611  5999999999999999999999
 23 21 17 13  9  6  4  3  3  5  8 12 15 17 19 20 21 21 22 23 24 26 27 2725 126SZ2242 27999999999999999999999 7 4  3999999999999999999999
 26 24 20 16 11  7  3  1  0  1  4  8 12 15 17 19 20 20 20 21 22 23 25 2625 127SZ2351 27999999999999999999999 753  0999999999999999999999
 27 26 23 19 14  9  4  0 -3 -3 -1  3  7 12 15 17 18 18 18 18 19 20 22 2425 128SZ9999999999999999999999999999 838 -3999999999999999999999
 26 27 25 22 18 12  5  0 -4 -6 -6 -3  2  7 12 15 16 16 16 15 15 16 17 2025 129SZ 051 271638 1699999999999999 920 -61934 1599999999999999
 23 26 26 25 21 15  8  2 -4 -7 -9 -7 -3  3  8 12 14 15 14 13 12 12 13 1525 130SZ 145 261652 159999999999999910 0 -92030 1299999999999999
 19 22 25 25 23 19 12  5 -1 -6 -9 -9 -7 -1  4  9 12 13 13 11  9  9  9 1025 131SZ 236 251710 13999999999999991037-102126  899999999999999
 13 17 21 24 24 21 16 10  3 -3 -7 -9 -8 -4  2  7 11 13 13 11  9  7  6  625 2 1SZ 327 241730 13999999999999991113 -92227  699999999999999
  7 11 15 19 22 21 19 14  8  2 -2 -5 -6 -4  1  6 11 13 14 13 10  7  5  325 2 2SZ 421 221752 14999999999999991148 -62332  399999999999999
  3  5  9 13 17 19 19 16 12  8  3  1 -1  0  2  7 11 14 16 15 13 10  6  325 2 3SZ 522 191815 16999999999999991219 -1999999999999999999999
  2  2  3  7 11 14 16 16 15 12  9  6  5  5  6  9 13 16 18 18 17 14 10  625 2 4SZ 633 161841 1899999999999999 040  21243  599999999999999
  3  1  1  2  5  8 11 13 14 13 12 11 10 10 11 12 15 18 20 21 21 18 15 1125 2 5SZ 8 8 141913 2199999999999999 152  11241 1099999999999999
  7  4  1  0  1  3  5  8 11 12 13 14 14 15 15 16 18 19 21 23 23 22 20 1725 2 6SZ1953 23999999999999999999999 312  0999999999999999999999
 13  9  5  2  0  0  1  3  6  9 12 14 15 17 18 19 20 21 22 23 24 25 24 2225 2 7SZ2050 25999999999999999999999 440 -1999999999999999999999
 18 14 10  6  2 -1 -2 -1  1  4  8 11 14 17 18 19 20 21 22 23 24 25 25 2525 2 8SZ22 5 25999999999999999999999 6 6 -2999999999999999999999
 23 20 15 11  6  2 -2 -3 -3  0  4  8 12 15 17 18 19 20 20 21 22 23 25 2625 2 9SZ2320 26999999999999999999999 715 -3999999999999999999999
 25 23 20 15 10  5  0 -3 -4 -4 -1  4  8 12 15 16 17 17 18 18 18 19 21 2425 210SZ9999999999999999999999999999 8 9 -5999999999999999999999
 25 25 23 19 14  8  3 -2 -5 -6 -4  0  4  9 12 14 15 15 14 14 14 15 17 2025 211SZ 025 251618 1599999999999999 853 -619 9 1499999999999999
 23 24 24 21 17 12  6  0 -4 -7 -7 -4  1  6 10 12 13 13 12 11 11 11 12 1525 212SZ 120 241614 1399999999999999 930 -720 7 1199999999999999
 18 21 22 22 19 14  8  2 -3 -6 -8 -6 -2  3  7 10 12 12 10  9  8  7  8  925 213SZ 2 9 231625 129999999999999910 3 -82057  799999999999999
 13 17 19 20 19 15 10  4 -1 -5 -7 -7 -4  0  5  9 11 11 10  8  6  5  4  525 214SZ 253 201642 11999999999999991031 -72144  499999999999999
  8 11 15 17 17 16 12  7  2 -3 -5 -6 -5 -1  3  7 10 11 10  8  5  3  2  225 215SZ 336 1817 1 11999999999999991055 -62230  299999999999999
  4  7 10 14 15 15 12  9  4  0 -2 -4 -3 -1  3  7 10 11 11  9  6  4  2  125 216SZ 418 151718 11999999999999991114 -42315  199999999999999
  1  3  6 10 12 13 12 10  7  3  1  0  0  1  4  8 11 12 12 11  8  5  3  125 217SZ 5 2 131730 12999999999999991126  0999999999999999999999
  0  1  3  6  9 10 11 10  8  6  4  3  3  5  7 10 12 14 14 13 11  8  5  225 218SZ 553 111739 1499999999999999 0 2  01122  399999999999999
  1  0  1  3  6  8  9  9  9  8  7  6  7  8 10 12 14 16 16 15 13 11  7  525 219SZ 656  91748 1699999999999999 052  011 0  699999999999999
  2  1  1  2  3  5  7  8  9  9  9  9  9 10 12 14 16 17 18 18 16 14 11  725 220SZ18 4 18999999999999999999999 148  1999999999999999999999
  5  3  1  1  1  3  4  6  7  8  9 10 11 12 14 15 17 18 19 19 18 16 14 1125 221SZ1831 19999999999999999999999 254  1999999999999999999999
  8  5  3  1  0  0  1  3  5  7  8 10 11 13 14 15 17 18 19 19 19 18 16 1425 222SZ1915 19999999999999999999999 414  0999999999999999999999
 11  8  5  2  0 -1 -1 -1  1  4  6  8 11 12 14 15 16 16 17 18 19 19 18 1725 223SZ2037 19999999999999999999999 536 -2999999999999999999999
 14 11  8  4  0 -2 -4 -4 -3 -1  2  6  9 11 12 13 14 14 15 16 17 17 18 1825 224SZ2223 18999999999999999999999 642 -4999999999999999999999
 17 14 11  7  2 -2 -5 -7 -7 -5 -2  2  6  9 11 12 12 12 12 12 13 14 16 1825 225SZ2344 18999999999999999999999 734 -7999999999999999999999
 18 17 14 10  5  0 -5 -9-10-10 -7 -3  2  6  8 10 10  9  8  8  9 10 12 1525 226SZ1534 10999999999999999999999 818-101855  899999999999999
 18 18 17 13  8  3 -3 -8-12-13-11 -7 -2  3  6  8  8  7  6  4  4  5  7 1025 227SZ 047 181536  899999999999999 857-131953  499999999999999
 15 17 18 16 12  7  0 -6-10-13-13-10 -5  1  5  7  8  7  4  2  0  0  1  425 228SZ 145 181547  899999999999999 934-132046  099999999999999
  9 14 17 18 15 11  5 -1 -7-11-12-11 -7 -1  4  7  9  8  5  1 -2 -4 -4 -225 3 1SZ 241 1816 3  99999999999999910 9-122140 -499999999999999
  2  8 13 16 16 14 10  4 -2 -6 -9 -9 -7 -2  4  8 10 10  7  3 -1 -5 -7 -725 3 2SZ 338 171622 10999999999999991042 -92235 -799999999999999
 -5  0  6 11 14 15 13  9  4  0 -3 -4 -4  0  4  9 12 13 11  7  2 -3 -6 -825 3 3SZ 440 151645 13999999999999991113 -42333 -999999999999999
 -8 -6 -1  5  9 12 13 11  8  5  3  1  1  3  6 10 14 15 15 12  7  2 -3 -725 3 4SZ 549 131712 15999999999999991138  1999999999999999999999
 -9 -9 -6 -2  3  7 10 11 10  9  7  6  6  7  9 12 15 17 17 16 13  8  3 -225 3 5SZ 7 9 111742 1799999999999999 034 -91141  699999999999999
 -6 -8 -8 -6 -3  1  4  7  9  9  9 10 10 11 12 14 16 18 19 19 17 13  9  425 3 6SZ1818 19999999999999999999999 141 -8999999999999999999999
  0 -4 -6 -7 -6 -4 -1  2  5  7  9 10 12 13 14 15 16 18 19 19 19 17 14 1025 3 7SZ19 7 19999999999999999999999 259 -7999999999999999999999
  6  2 -2 -5 -6 -6 -5 -3  1  4  7  9 11 13 14 15 16 16 17 18 18 18 17 1525 3 8SZ2026 19999999999999999999999 431 -7999999999999999999999
 12  8  4  0 -4 -6 -7 -6 -4  0  3  7  9 11 13 14 14 14 15 15 16 17 18 1725 3 9SZ22 3 18999999999999999999999 559 -7999999999999999999999
 15 12  8  4  0 -4 -7 -8 -7 -4  0  3  7  9 11 12 12 12 11 12 12 14 16 1725 310SZ2325 17999999999999999999999 7 4 -8999999999999999999999
 17 15 12  8  3 -1 -5 -8 -8 -7 -4  0  4  7  9  9  9  9  8  8  8  9 12 1425 311SZ1514  9999999999999999999999 752 -819 5  899999999999999
 16 16 14 11  6  1 -3 -7 -9 -9 -6 -2  2  5  7  8  7  6  5  4  4  5  7 1025 312SZ 029 1615 4  899999999999999 830 -91948  499999999999999
 13 14 14 12  8  4 -1 -5 -8 -9 -8 -5  0  4  6  7  7  5  3  1  0  1  2  525 313SZ 122 1515 8  799999999999999 9 1 -92027  099999999999999
  9 12 13 12 10  6  1 -3 -7 -8 -8 -6 -2  2  6  7  7  5  2  0 -2 -3 -2  025 314SZ 210 131520  799999999999999 927 -921 4 -399999999999999
  4  8 11 12 11  8  3 -1 -4 -7 -7 -6 -2  2  5  7  7  6  3  0 -3 -5 -5 -325 315SZ 255 121535  899999999999999 949 -72141 -599999999999999
  0  4  8 10 10  9  6  2 -2 -4 -5 -4 -2  2  6  8  9  7  5  1 -3 -5 -6 -625 316SZ 340 101548  99999999999999910 7 -52217 -699999999999999
 -4  0  5  8  9  9  7  4  1 -1 -2 -2  0  3  7  9 10  9  7  3 -1 -4 -6 -725 317SZ 426  916 0 10999999999999991019 -22253 -799999999999999
 -6 -3  1  5  7  9  8  6  4  2  1  1  3  5  8 11 12 11  9  6  2 -2 -5 -725 318SZ 514  91610 12999999999999991021  12332 -799999999999999
 -7 -5 -2  2  5  7  8  7  6  5  4  4  5  7 10 12 14 13 12  9  5  1 -3 -525 319SZ 6 7  81622 14999999999999991012  4999999999999999999999
 -6 -6 -4 -1  2  5  7  7  7  6  6  7  8  9 11 13 15 15 14 11  8  4  0 -325 320SZ 713  71638 1599999999999999 015 -6 953  699999999999999
 -5 -6 -5 -3  0  2  4  6  7  7  7  8  9 10 12 14 15 16 15 13 11  7  3  025 321SZ17 0 16999999999999999999999 1 4 -6999999999999999999999
 -3 -4 -5 -5 -3 -1  1  3  5  6  7  8  9 11 12 13 14 15 15 14 13 10  7  325 322SZ1730 15999999999999999999999 2 6 -5999999999999999999999
  0 -2 -4 -5 -5 -4 -2  0  2  4  6  7  9 10 11 12 13 14 14 14 13 12  9  725 323SZ1818 14999999999999999999999 325 -5999999999999999999999
  3  0 -3 -5 -6 -7 -6 -4 -2  1  3  6  7  9 10 10 11 11 12 12 13 12 11  925 324SZ2010 13999999999999999999999 452 -7999999999999999999999
  7  3  0 -3 -6 -8 -9 -8 -6 -3  0  3  6  7  8  8  8  8  9  9 10 11 12 1125 325SZ2210 12999999999999999999999 6 3 -9999999999999999999999
 10  7  3 -1 -5 -8-10-11-10 -7 -3  1  4  6  6  6  6  5  5  5  6  8 10 1225 326SZ1421  62335 1299999999999999 656-1118 7  599999999999999
 12 10  7  3 -2 -6-10-12-12-10 -7 -2  2  5  6  5  4  2  1  0  1  3  6  925 327SZ1413  6999999999999999999999 740-1219 3  099999999999999
 12 12 11  8  3 -2 -7-10-12-12 -9 -4  1  4  6  6  4  1 -2 -4 -4 -3  0  425 328SZ 044 131418  699999999999999 820-121954 -499999999999999
  9 12 13 12  8  3 -2 -6 -9-10 -9 -5  1  5  7  7  6  2 -2 -6 -8 -9 -7 -325 329SZ 149 131433  899999999999999 856-102045 -999999999999999
  3  9 12 13 12  8  4 -1 -5 -7 -7 -4  1  6  9 10  9  5  0 -5-10-12-12-1025 330SZ 253 131453 1099999999999999 931 -72137-1299999999999999
 -4  2  8 12 13 12  9  5  1 -1 -2 -1  2  7 11 13 13 10  5 -1 -7-12-14-1425 331SZ 4 0 131519 139999999999999910 3 -22231-1599999999999999
-11 -5  2  7 11 12 12  9  6  4  3  3  5  8 13 16 16 15 11  5 -2 -8-12-1525 4 1SZ 5 7 121548 16999999999999991031  32326-1599999999999999
-15-11 -5  1  6 10 11 11  9  8  7  7  8 10 13 17 18 18 15 11  5 -2 -7-1225 4 2SZ 620 111621 18999999999999991044  7999999999999999999999
-14-14-10 -5  0  4  8 10 10 10 10 10 11 12 14 16 18 19 18 15 11  5 -1 -625 4 3SZ1658 19999999999999999999999 024-14999999999999999999999
 -9-12-12 -9 -6 -1  3  6  8  9 10 11 12 13 14 15 17 18 19 17 15 11  6  125 4 4SZ1743 19999999999999999999999 129-12999999999999999999999
 -3 -7 -9-10 -8 -6 -2  1  5  7  9 11 12 13 13 14 15 16 17 17 16 14 11  725 4 5SZ1845 17999999999999999999999 244-10999999999999999999999
  3 -1 -5 -7 -8 -8 -6 -3  0  4  6  9 10 11 12 12 12 13 13 14 14 14 13 1125 4 6SZ2017 14999999999999999999999 4 9 -8999999999999999999999
  8  4  0 -3 -6 -7 -7 -6 -3  0  4  6  8 10 10 10 10  9  9 10 11 12 13 1225 4 7SZ1421 102159 1399999999999999 528 -81727  999999999999999
 10  8  4  1 -3 -5 -7 -7 -5 -2  1  4  7  8  8  8  7  6  6  6  7  8 10 1125 4 8SZ1356  82324 1199999999999999 628 -71826  699999999999999
 11 10  7  4  0 -3 -5 -7 -6 -4 -1  3  5  7  7  7  5  4  3  2  2  4  7  925 4 9SZ1346  7999999999999999999999 712 -719 9  299999999999999
 10 10  9  6  3  0 -3 -5 -6 -4 -1  2  5  7  7  6  5  2  0 -1 -1  0  2  625 410SZ 030 101348  799999999999999 746 -61945 -199999999999999
  8 10  9  8  5  2 -1 -3 -4 -4 -2  2  5  7  8  7  5  2 -1 -3 -4 -4 -2  225 411SZ 126 101356  899999999999999 813 -42019 -499999999999999
  5  8  9  9  7  4  2 -1 -2 -2 -1  2  6  8  9  9  7  3 -1 -4 -6 -6 -5 -225 412SZ 217 1014 8  999999999999999 835 -22051 -699999999999999
  2  6  9 10  9  7  4  2  0  0  1  3  7 10 11 11  9  5  1 -3 -6 -7 -7 -525 413SZ 3 6 101421 1199999999999999 851  02123 -899999999999999
 -1  4  7  9 10  9  7  5  3  3  3  5  8 11 13 13 11  8  4 -1 -5 -8 -8 -725 414SZ 353 101434 1399999999999999 9 4  32156 -899999999999999
 -4  1  5  8 10 10  9  7  6  5  6  7  9 12 15 15 14 11  7  2 -3 -7 -8 -825 415SZ 440 111449 1599999999999999 911  52230 -999999999999999
 -6 -2  2  6  9 11 11  9  8  8  8  9 11 13 16 17 16 14 10  5  0 -4 -7 -825 416SZ 528 1115 7 1799999999999999 914  823 8 -899999999999999
 -7 -5  0  4  7  9 11 10 10  9  9 10 12 14 16 17 17 16 13  8  3 -1 -5 -725 417SZ 621 111527 1899999999999999 911  92350 -899999999999999
 -8 -6 -3  1  4  7  9 10 10 10 10 11 12 14 16 17 18 17 15 11  7  2 -2 -525 418SZ1551 189999999999999999999999999999999999999999999999999
 -7 -7 -5 -3  1  4  6  8  9 10 10 11 12 13 15 16 17 17 15 13 10  5  1 -225 419SZ1620 17999999999999999999999 039 -7999999999999999999999
 -5 -6 -6 -5 -3  0  3  5  7  8  9 11 12 13 13 14 15 16 15 14 12  8  5  125 420SZ1659 16999999999999999999999 138 -6999999999999999999999
 -2 -5 -6 -6 -6 -4 -1  2  4  6  8  9 10 11 12 12 13 13 14 13 12 11  8  525 421SZ18 9 14999999999999999999999 247 -6999999999999999999999
  1 -2 -4 -6 -7 -6 -5 -2  1  4  6  8  9 10 10 10 10 10 11 12 12 12 10  825 422SZ2010 12999999999999999999999 4 1 -7999999999999999999999
  5  2 -2 -4 -6 -7 -7 -5 -2  2  5  7  8  8  8  7  7  7  7  8  9 11 11 1125 423SZ1256  822 1 1199999999999999 5 7 -717 0  799999999999999
  9  6  3 -1 -4 -6 -7 -6 -3  0  4  7  8  8  7  6  4  3  3  3  5  8 10 1225 424SZ1240  82331 1299999999999999 6 1 -718 0  399999999999999
 12 10  8  4  0 -3 -4 -5 -4  0  4  7  9 10  9  6  3  0 -1 -2 -1  2  6 1025 425SZ1244 10999999999999999999999 647 -51853 -299999999999999
 13 13 12  9  6  2  0 -2 -2  0  4  8 11 13 12  9  5  0 -4 -6 -6 -5  0  525 426SZ 050 1313 0 1399999999999999 729 -21945 -699999999999999
 10 14 15 14 12  8  5  3  2  3  5 10 14 16 16 13  9  3 -3 -7-10-10 -7 -225 427SZ 2 5 151324 1699999999999999 8 8  22037-1099999999999999
  5 10 14 16 16 14 11  8  7  7  8 11 15 19 20 18 14  8  1 -5-10-12-12 -925 428SZ 318 161354 2099999999999999 843  62130-1399999999999999
 -3  4 11 15 17 17 15 13 11 11 11 13 16 20 23 23 20 15  8  1 -6-11-13-1325 429SZ 427 171428 2399999999999999 913 112223-1499999999999999
 -9 -3  4 10 14 17 17 16 15 14 14 15 17 20 23 25 24 21 15  8  0 -6-11-1325 430SZ 535 1715 6 2599999999999999 932 142317-1399999999999999
-12 -8 -2  4 10 14 16 16 16 16 16 16 17 20 23 25 25 24 20 15  8  1 -5 -925 5 1SZ1548 259999999999999999999999999999999999999999999999999
-11-10 -7 -2  4  9 12 14 15 16 16 17 17 19 20 23 24 24 23 19 14  8  2 -325 5 2SZ1636 24999999999999999999999 014-11999999999999999999999
 -7 -9 -8 -5 -1  4  8 11 13 14 15 16 17 17 18 19 21 22 22 20 17 13  8  325 5 3SZ1731 22999999999999999999999 115 -9999999999999999999999
 -1 -4 -6 -6 -4  0  4  7 10 12 14 15 15 15 16 16 17 18 19 19 18 15 12  825 5 4SZ1838 19999999999999999999999 221 -6999999999999999999999
  4  1 -2 -4 -4 -2  1  4  7 10 12 13 14 14 14 13 13 14 14 15 16 15 14 1125 5 5SZ1250 1420 3 1699999999999999 331 -41549 1399999999999999
  8  5  2  0 -2 -2  0  2  5  8 10 12 13 13 12 11 10 10 10 11 12 13 13 1325 5 6SZ1227 132145 1399999999999999 434 -21714 1099999999999999
 11  9  6  3  1  0  0  2  4  7 10 12 13 12 11 10  9  7  7  7  8 10 11 1225 5 7SZ1220 132318 1299999999999999 527  018 9  799999999999999
 12 11  9  7  5  3  2  3  5  7 10 12 13 13 12 10  8  6  4  4  5  7  9 1125 5 8SZ1223 13999999999999999999999 6 7  21851  499999999999999
 12 12 11 10  8  6  5  5  6  8 11 13 15 15 13 11  8  5  3  2  2  3  6  925 5 9SZ 034 121230 1599999999999999 637  51926  299999999999999
 11 13 13 12 11  9  8  8  8 10 12 15 16 17 15 13  9  6  3  1  0  1  3  725 510SZ 139 131240 1799999999999999 657  81957  099999999999999
 10 13 14 14 13 12 11 11 11 12 14 17 19 19 18 16 12  8  3  0 -1 -1  1  425 511SZ 236 141253 1999999999999999 712 112028 -199999999999999
  8 12 15 16 16 15 14 13 13 14 16 18 20 22 21 19 15 10  5  1 -1 -2 -1  225 512SZ 326 161310 2299999999999999 726 1321 0 -299999999999999
  6 11 14 16 17 17 16 15 15 16 17 19 22 23 23 22 18 14  8  3  0 -3 -3 -125 513SZ 411 171331 2499999999999999 742 152135 -399999999999999
  3  8 12 16 18 18 18 17 17 17 18 20 22 24 25 24 21 17 12  6  2 -2 -3 -225 514SZ 454 181357 2599999999999999 8 0 172212 -399999999999999
  1  5 10 14 17 18 18 18 17 18 18 20 22 24 25 25 24 20 15 10  5  0 -2 -325 515SZ 540 181426 2699999999999999 816 172253 -399999999999999
 -2  2  6 11 14 17 18 18 18 18 18 19 21 23 25 25 24 22 18 13  8  3  0 -325 516SZ1458 259999999999999999999992337 -3999999999999999999999
 -3 -1  3  7 11 14 16 17 17 17 18 19 20 21 23 24 24 23 20 16 11  6  2 -125 517SZ1534 249999999999999999999999999999999999999999999999999
 -3 -2  0  3  7 10 13 15 16 16 17 18 19 20 21 22 23 23 21 18 14 10  5  225 518SZ1617 23999999999999999999999 026 -3999999999999999999999
 -1 -2 -2  0  3  7 10 13 14 15 16 17 17 18 18 19 20 21 21 19 17 13  9  525 519SZ1714 21999999999999999999999 118 -2999999999999999999999
  2  0 -2 -1  1  4  7 10 13 14 15 16 16 16 16 17 17 18 19 19 18 16 13  925 520SZ1834 19999999999999999999999 214 -2999999999999999999999
  6  3  1  0  0  2  5  8 11 14 15 15 15 15 14 14 14 14 16 17 18 17 16 1325 521SZ11 6 152013 1899999999999999 310  01520 1499999999999999
 10  7  5  3  2  3  5  8 11 14 16 16 16 14 13 11 10 10 11 13 15 17 18 1725 522SZ1058 1622 0 1899999999999999 4 3  21639 1099999999999999
 15 13 10  8  6  6  7  9 12 15 18 19 18 16 13 11  8  7  7  8 10 14 17 1825 523SZ11 7 192340 1999999999999999 453  61741  699999999999999
 19 18 16 13 12 10 10 11 14 17 20 22 22 20 16 12  8  5  3  3  5  8 13 1725 524SZ1127 22999999999999999999999 539 101838  399999999999999
 20 21 20 19 17 16 15 15 16 19 22 25 26 25 21 17 11  6  2  0 -1  2  7 1225 525SZ 114 211156 2699999999999999 622 151934 -199999999999999
 17 21 23 23 22 21 20 19 20 21 24 27 30 30 27 23 17 10  4  0 -3 -3  0  625 526SZ 239 231231 3099999999999999 7 1 192029 -399999999999999
 12 18 22 25 25 24 23 23 23 23 25 28 32 33 32 29 24 17  9  3 -2 -5 -4  025 527SZ 353 251311 3399999999999999 733 232123 -599999999999999
  6 12 18 23 25 26 26 25 25 25 26 28 31 34 35 34 30 24 16  9  2 -2 -5 -425 528SZ 459 261357 3599999999999999 756 252217 -599999999999999
  0  6 13 19 23 25 26 25 25 25 26 27 30 33 35 35 34 30 23 16  9  2 -2 -425 529SZ1445 359999999999999999999992310 -4999999999999999999999
 -3  1  7 13 18 22 24 25 25 25 25 26 27 29 32 34 34 32 28 22 15  9  3 -125 530SZ1537 349999999999999999999999999999999999999999999999999
 -2 -1  3  8 13 18 21 23 23 23 24 24 25 26 28 30 32 32 30 26 20 14  9  425 531SZ1630 32999999999999999999999 0 3 -2999999999999999999999
  1  0  1  5  9 14 18 20 21 22 22 22 22 23 24 25 27 28 28 26 23 19 14  925 6 1SZ1726 28999999999999999999999 056  0999999999999999999999
  6  3  3  4  7 11 15 18 20 21 21 21 21 21 21 21 22 24 25 25 23 21 17 1425 6 2SZ1827 25999999999999999999999 149  3999999999999999999999
 10  8  6  6  7 10 13 16 18 20 21 21 20 20 19 18 18 19 20 21 21 21 19 1725 6 3SZ1026 211942 2199999999999999 239  61520 1899999999999999
 14 12 10  9  9 10 13 16 18 20 21 21 21 19 18 17 16 16 16 18 19 19 19 1825 6 4SZ1036 212125 1999999999999999 324  91638 1699999999999999
 17 15 14 13 12 13 14 17 19 21 22 23 22 20 18 16 15 14 13 14 16 17 18 1925 6 5SZ1047 232318 1999999999999999 4 1 121736 1399999999999999
 19 18 17 17 16 16 17 19 21 23 24 25 24 22 20 17 15 13 12 12 13 15 17 1925 6 6SZ1057 25999999999999999999999 425 161820 1299999999999999
 20 20 20 20 20 20 20 21 23 25 26 27 27 25 22 19 16 13 11 10 11 13 16 1825 6 7SZ 1 4 2011 7 2799999999999999 432 201856 1099999999999999
 21 22 23 23 23 23 23 24 25 27 29 30 30 28 25 22 18 14 11  9  9 11 14 1725 6 8SZ1121 309999999999999999999991929  9999999999999999999999
 20 23 24 25 25 25 25 26 27 29 31 32 32 31 29 25 20 16 12  9  8  9 12 1525 6 9SZ1144 3299999999999999999999920 4  8999999999999999999999
 19 23 25 26 27 27 27 27 28 30 32 33 34 34 32 29 24 19 14 10  8  8  9 1325 610SZ1214 349999999999999999999992041  7999999999999999999999
 17 21 25 27 28 28 28 28 28 30 31 33 35 36 34 32 28 22 17 12  8  7  7 1025 611SZ1250 369999999999999999999992121  7999999999999999999999
 14 18 23 26 28 28 28 28 28 29 30 32 34 36 36 34 31 26 20 15 10  7  6  725 612SZ1330 3699999999999999999999922 2  6999999999999999999999
 10 15 19 23 26 27 28 27 27 28 29 30 32 34 35 35 33 29 24 18 12  8  5  525 613SZ1413 359999999999999999999992245  5999999999999999999999
  7 10 15 20 23 26 27 27 26 26 27 28 30 32 34 34 33 31 26 21 15 10  7  525 614SZ1456 349999999999999999999992329  4999999999999999999999
  5  7 11 16 20 23 25 25 25 25 26 26 27 29 31 33 33 32 29 24 19 13  9  625 615SZ1542 339999999999999999999999999999999999999999999999999
  4  5  8 12 16 20 23 24 24 24 24 25 25 26 28 30 31 31 30 26 22 17 12  925 616SZ1633 31999999999999999999999 013  4999999999999999999999
  6  6  7 10 14 17 21 23 24 24 23 23 23 24 24 26 28 29 29 28 25 21 17 1325 617SZ 833 241733 2999999999999999 057  61126 2399999999999999
 10  8  8  9 12 16 20 22 24 24 24 23 22 22 22 22 24 26 27 28 27 24 21 1825 618SZ 850 241848 2899999999999999 140  81335 2299999999999999
 15 13 12 12 14 17 20 23 25 26 25 24 22 21 20 19 20 21 23 25 26 26 25 2325 619SZ 9 6 262023 2799999999999999 221 1215 2 1999999999999999
 20 18 17 16 17 19 22 25 27 29 29 27 25 22 19 17 16 17 18 21 24 26 27 2625 620SZ 926 292219 2799999999999999 3 0 161617 1699999999999999
 25 24 23 22 22 23 25 27 30 32 32 31 29 25 21 18 15 14 14 16 19 22 26 2825 621SZ 953 32999999999999999999999 336 221724 1499999999999999
 29 29 28 27 27 27 28 30 32 35 36 36 34 31 26 21 17 13 11 11 13 17 22 2625 622SZ 023 291027 3799999999999999 4 9 271829 1199999999999999
 29 31 32 32 31 31 32 33 34 37 39 40 39 37 32 27 21 15 11  9  9 12 16 2225 623SZ11 9 409999999999999999999991929  9999999999999999999999
 27 30 33 34 34 34 34 35 36 38 40 42 43 42 39 33 27 20 14 10  7  7 10 1625 624SZ1158 439999999999999999999992027  7999999999999999999999
 22 27 31 34 35 35 35 35 36 37 39 42 44 45 43 39 34 27 20 13  9  6  7 1025 625SZ1251 459999999999999999999992121  6999999999999999999999
 16 22 28 32 34 35 35 35 35 36 37 39 42 44 45 43 39 33 26 19 12  8  6  725 626SZ1347 459999999999999999999992213  6999999999999999999999
 11 17 23 28 31 33 33 33 33 33 34 36 38 41 44 44 42 38 32 24 18 12  8  625 627SZ1441 4499999999999999999999923 1  6999999999999999999999
  8 12 18 23 28 30 32 31 31 31 31 32 34 36 39 41 42 40 35 29 23 16 12  925 628SZ 622 321534 4299999999999999 847 312346  899999999999999
  8 10 14 20 24 28 30 30 30 29 29 29 30 31 34 37 38 38 36 32 27 21 16 1225 629SZ 653 301625 399999999999999910 0 29999999999999999999999
 10 10 13 17 21 25 28 29 29 28 28 27 27 28 29 32 34 35 34 32 29 24 20 1625 630SZ 726 291716 3599999999999999 028 101143 2799999999999999
 14 13 14 16 20 24 27 28 29 29 28 27 26 26 26 27 29 31 31 31 29 27 23 2025 7 1SZ 758 291812 3199999999999999 1 6 131314 2699999999999999
 18 17 17 18 20 24 26 29 30 30 29 27 26 25 24 24 25 26 28 28 28 27 26 2425 7 2SZ 827 301923 2999999999999999 139 161433 2499999999999999
 22 21 21 21 23 25 27 30 31 31 30 29 27 26 24 23 23 23 25 26 27 27 27 2625 7 3SZ 849 312111 2799999999999999 2 2 211545 2399999999999999
 26 25 25 25 26 28 30 31 33 33 33 32 30 27 25 23 22 22 22 23 25 26 27 2825 7 4SZ 9 5 33999999999999999999999 159 251647 2299999999999999
 28 28 28 29 30 31 32 34 35 36 36 35 32 30 27 24 22 21 21 22 23 25 27 2925 7 5SZ 918 369999999999999999999991737 21999999999999999999999
 30 31 31 32 33 34 35 36 38 39 39 38 36 33 30 26 23 21 20 20 21 24 26 2925 7 6SZ 936 399999999999999999999991821 20999999999999999999999
 31 32 33 34 35 36 37 38 40 41 41 41 39 37 33 29 25 22 20 19 19 21 24 2825 7 7SZ10 7 4199999999999999999999919 3 19999999999999999999999
 31 33 35 35 36 37 37 39 40 41 43 43 42 40 37 33 28 24 20 18 18 19 22 2525 7 8SZ1051 439999999999999999999991945 18999999999999999999999
 29 32 34 36 36 37 37 38 39 41 42 43 44 43 40 36 31 26 22 18 16 16 18 2225 7 9SZ1142 449999999999999999999992029 16999999999999999999999
 26 30 33 35 36 36 36 37 37 39 41 42 44 44 42 39 35 29 24 19 16 14 15 1825 710SZ1235 449999999999999999999992112 14999999999999999999999
 22 27 31 33 35 35 35 35 35 36 38 40 42 43 43 41 38 33 27 21 16 13 12 1425 711SZ1326 449999999999999999999992154 12999999999999999999999
 17 22 27 31 33 34 34 33 33 34 35 36 39 41 43 42 40 35 30 24 18 14 11 1125 712SZ 521 341414 4399999999999999 752 332235 1199999999999999
 13 18 23 27 31 32 33 32 31 31 32 33 35 38 40 42 41 38 33 27 21 16 12 1125 713SZ 546 3315 2 4299999999999999 844 312314 1099999999999999
 11 14 19 24 28 31 32 31 30 29 29 30 31 34 37 39 40 39 35 30 25 19 15 1225 714SZ 612 321551 4099999999999999 941 292352 1299999999999999
 12 13 17 22 26 29 31 31 30 29 28 28 28 30 32 35 38 38 37 33 29 24 19 1625 715SZ 636 311644 38999999999999991052 28999999999999999999999
 15 15 17 21 25 29 31 32 31 30 28 27 26 26 28 31 34 36 36 35 32 29 25 2125 716SZ 658 321747 3699999999999999 028 141213 2699999999999999
 19 19 19 22 26 30 32 34 33 32 30 27 26 25 25 26 29 32 34 35 34 32 30 2725 717SZ 720 3419 7 3599999999999999 1 1 191331 2499999999999999
 25 24 24 26 28 32 34 36 37 36 33 30 27 25 23 23 24 26 29 32 33 34 33 3225 718SZ 745 372053 3499999999999999 130 241446 2399999999999999
 31 30 30 30 32 34 37 39 40 40 38 35 31 27 24 22 21 22 24 27 30 32 34 3525 719SZ 815 40999999999999999999999 148 3016 2 2199999999999999
 35 35 35 35 36 37 39 41 43 44 43 40 37 32 28 24 21 20 20 22 25 29 32 3525 720SZ 855 449999999999999999999991717 19999999999999999999999
 37 38 38 39 39 40 41 43 45 46 47 45 42 38 33 28 24 20 18 18 20 24 28 3225 721SZ 946 479999999999999999999991829 18999999999999999999999
 36 38 40 41 41 42 42 43 45 47 48 49 47 44 40 34 28 23 19 17 17 19 23 2825 722SZ1047 499999999999999999999991933 16999999999999999999999
 33 36 39 40 41 42 42 43 44 45 47 49 50 49 45 40 34 28 22 18 15 15 18 2325 723SZ1151 509999999999999999999992029 15999999999999999999999
 28 33 37 39 40 40 40 40 41 42 44 47 49 50 49 45 40 33 26 21 16 14 15 1825 724SZ1252 509999999999999999999992119 14999999999999999999999
 23 29 34 37 38 38 38 38 38 39 40 43 46 49 49 48 44 38 31 25 19 15 14 1525 725SZ 446 381348 4999999999999999 7 8 3822 3 1499999999999999
 19 25 30 34 36 37 36 35 35 35 36 38 41 44 47 47 45 41 35 29 22 18 15 1425 726SZ 457 371441 4799999999999999 815 352242 1499999999999999
 17 21 27 31 34 35 35 34 33 32 32 33 35 39 42 44 44 42 38 32 26 21 17 1525 727SZ 517 351530 4599999999999999 921 322318 1599999999999999
 16 19 24 29 32 34 34 33 32 30 30 30 31 33 37 40 41 41 39 34 29 25 21 1825 728SZ 541 351617 41999999999999991028 302349 1899999999999999
 18 19 23 27 31 34 35 34 32 30 29 28 28 29 32 35 37 38 37 35 32 28 25 2225 729SZ 6 6 3517 6 38999999999999991134 28999999999999999999999
 21 22 24 27 31 34 35 35 34 32 30 28 27 27 28 31 33 35 35 35 33 30 28 2625 730SZ 630 3518 2 3599999999999999 014 211237 2799999999999999
 25 25 27 29 32 35 36 37 36 34 32 30 28 27 27 28 30 31 33 33 33 32 31 3025 731SZ 649 371916 3399999999999999 029 251339 2799999999999999
 30 30 30 32 34 37 38 39 38 37 34 32 30 28 27 27 27 29 30 32 33 33 33 3325 8 1SZ 7 3 39999999999999999999999 016 291441 2699999999999999
 33 33 34 35 37 39 40 41 41 39 37 35 32 30 28 27 26 27 28 30 31 33 34 3525 8 2SZ 713 419999999999999999999991544 26999999999999999999999
 35 36 37 38 40 41 42 43 43 42 41 38 35 33 30 28 26 26 27 28 30 32 34 3525 8 3SZ 731 439999999999999999999991647 26999999999999999999999
 37 38 39 40 41 42 44 45 45 45 44 42 39 36 32 29 27 25 25 26 27 30 32 3525 8 4SZ 8 7 459999999999999999999991747 25999999999999999999999
 37 39 40 41 42 43 44 45 46 46 46 44 42 39 36 32 28 25 24 24 25 27 30 3325 8 5SZ 9 6 469999999999999999999991841 23999999999999999999999
 36 38 40 41 41 42 42 43 45 46 46 46 45 42 39 35 30 26 23 22 22 23 26 3025 8 6SZ1022 469999999999999999999991931 21999999999999999999999
 34 36 38 40 40 40 41 41 42 44 45 46 46 45 42 38 33 28 24 21 19 19 22 2625 8 7SZ1132 469999999999999999999992016 19999999999999999999999
 30 34 37 38 39 38 38 38 39 40 42 44 46 46 44 41 36 31 25 21 18 16 18 2125 8 8SZ1232 469999999999999999999992058 16999999999999999999999
 26 30 34 36 37 37 36 35 36 37 38 41 44 45 45 43 39 34 28 22 18 15 15 1725 8 9SZ 412 371325 4699999999999999 718 352137 1599999999999999
 22 27 31 34 35 35 34 33 32 33 34 36 40 43 45 44 42 37 31 25 19 16 14 1525 810SZ 425 361415 4599999999999999 814 322213 1499999999999999
 18 23 29 32 34 35 34 32 30 30 30 32 35 39 42 44 43 40 35 29 23 18 16 1525 811SZ 442 3515 5 4499999999999999 9 8 302247 1599999999999999
 17 21 27 31 34 35 34 32 29 28 27 27 30 33 38 41 42 41 38 33 28 23 20 1825 812SZ 5 0 351559 429999999999999910 6 272320 1899999999999999
 18 21 26 31 34 36 36 34 30 28 26 25 25 28 32 37 40 41 40 37 33 28 25 2325 813SZ 520 361659 419999999999999911 7 252351 2299999999999999
 22 24 27 31 35 38 38 36 33 30 27 24 23 24 27 31 35 38 39 38 36 33 30 2925 814SZ 542 381811 39999999999999991212 23999999999999999999999
 28 28 30 33 37 40 41 40 38 34 30 27 24 23 23 25 29 33 35 37 37 36 35 3425 815SZ 6 7 411942 3799999999999999 017 281320 2399999999999999
 33 33 34 36 39 42 43 43 42 39 35 31 27 24 23 22 24 27 30 33 36 37 37 3725 816SZ 638 44999999999999999999999 023 331433 2299999999999999
 38 38 39 40 41 43 45 46 46 44 41 37 33 28 25 23 22 23 25 28 32 35 37 3825 817SZ 718 469999999999999999999991554 22999999999999999999999
 40 41 41 42 43 44 46 47 48 47 46 43 39 34 30 26 23 21 22 24 27 30 34 3725 818SZ 815 489999999999999999999991719 21999999999999999999999
 39 41 42 43 44 44 45 46 48 49 49 47 44 40 36 31 26 22 20 20 22 26 30 3425 819SZ 931 499999999999999999999991833 20999999999999999999999
 37 40 41 42 43 43 44 44 46 47 49 49 48 45 41 36 30 25 22 19 19 21 25 3025 820SZ1050 499999999999999999999991934 19999999999999999999999
 34 37 39 41 41 41 41 41 42 44 46 48 49 48 45 41 35 29 24 20 18 18 21 2625 821SZ1159 499999999999999999999992023 18999999999999999999999
 31 35 37 38 39 38 38 37 38 39 42 45 47 48 47 44 39 33 27 22 19 17 19 2225 822SZ 338 391258 4899999999999999 648 3721 5 1799999999999999
 27 32 35 37 37 36 35 34 34 34 36 39 43 46 47 45 42 36 30 25 21 18 18 2025 823SZ 340 371350 4799999999999999 748 342140 1799999999999999
 24 29 33 35 36 35 33 32 31 30 31 34 38 42 44 44 43 39 33 28 23 20 18 1925 824SZ 352 361439 4599999999999999 842 302211 1899999999999999
 22 27 32 35 36 35 33 31 29 28 28 29 32 36 40 42 42 40 36 31 26 23 21 2025 825SZ 410 361526 4299999999999999 933 282238 2099999999999999
 22 26 31 34 36 36 34 31 29 27 26 26 28 31 35 38 40 39 37 33 29 26 24 2325 826SZ 430 361614 40999999999999991022 262259 2399999999999999
 24 27 31 34 36 37 36 33 30 27 25 25 25 27 31 34 37 38 37 35 32 29 27 2725 827SZ 448 3717 5 389999999999999911 9 252310 2799999999999999
 27 29 32 35 37 38 38 36 32 29 27 25 24 25 28 31 34 35 36 35 34 32 31 3125 828SZ 5 3 3818 4 36999999999999991156 2423 1 3199999999999999
 31 32 34 37 39 40 40 38 35 32 29 26 25 25 26 28 31 33 34 35 35 34 34 3425 829SZ 513 401919 35999999999999991245 252227 3499999999999999
 34 35 37 39 41 42 42 40 38 35 32 29 27 26 25 26 28 30 32 34 35 35 35 3625 830SZ 521 429999999999999999999991339 25999999999999999999999
 37 38 39 41 42 43 43 43 41 38 35 32 29 27 26 26 26 28 30 32 33 35 36 3725 831SZ 535 439999999999999999999991443 26999999999999999999999
 38 39 41 42 43 44 44 44 43 41 38 35 32 30 27 26 25 26 27 29 31 33 35 3725 9 1SZ 6 1 449999999999999999999991557 25999999999999999999999
 38 40 41 42 43 44 44 44 44 43 41 39 36 33 30 27 25 24 25 26 28 30 33 3625 9 2SZ 649 449999999999999999999991714 24999999999999999999999
 38 39 40 41 41 42 43 43 44 44 43 41 39 36 32 29 26 23 22 22 24 27 30 3325 9 3SZ 821 449999999999999999999991817 22999999999999999999999
 36 38 39 39 40 40 40 41 42 43 43 43 41 38 35 31 27 23 21 20 20 23 26 3025 9 4SZ10 8 4399999999999999999999919 8 20999999999999999999999
 33 36 37 37 37 37 37 37 38 40 42 43 43 41 38 34 29 24 20 18 17 19 22 2625 9 5SZ1126 439999999999999999999991951 17999999999999999999999
 30 33 35 36 35 34 34 34 34 36 38 41 42 42 40 37 32 27 22 18 16 16 18 2325 9 6SZ 259 361227 4399999999999999 642 342030 1699999999999999
 27 31 34 35 34 32 31 30 30 31 33 37 40 42 42 40 36 30 25 20 16 15 16 2025 9 7SZ 3 3 351322 4399999999999999 733 3021 5 1599999999999999
 25 30 33 34 34 32 29 27 26 26 28 31 36 40 42 42 39 34 29 23 19 17 16 1925 9 8SZ 314 341416 4299999999999999 823 262139 1699999999999999
 23 29 33 35 35 33 30 26 23 22 23 25 30 36 40 42 41 38 33 28 24 20 19 2025 9 9SZ 328 351513 4299999999999999 914 222211 1999999999999999
 23 28 33 36 37 35 32 27 23 21 19 20 24 29 35 39 41 40 37 33 29 26 24 2425 910SZ 347 371615 419999999999999910 8 192241 2399999999999999
 25 29 34 38 39 38 36 31 26 22 19 18 19 22 28 33 37 39 39 37 34 31 29 2925 911SZ 4 9 391725 399999999999999911 4 1823 7 2999999999999999
 29 31 35 39 41 42 40 36 31 25 21 18 17 18 22 27 32 35 37 38 37 35 34 3325 912SZ 436 421844 389999999999999912 4 172314 3399999999999999
 34 35 37 40 43 44 43 41 37 31 26 22 19 17 18 21 26 30 33 36 37 37 37 3725 913SZ 5 7 4499999999999999999999913 9 17999999999999999999999
 37 38 39 41 44 45 45 44 42 37 32 28 24 20 19 19 21 24 28 31 34 36 37 3825 914SZ 545 459999999999999999999991423 18999999999999999999999
 39 40 41 42 43 45 46 46 45 42 39 34 30 26 22 20 19 20 23 26 29 33 35 3725 915SZ 637 469999999999999999999991549 19999999999999999999999
 39 40 41 42 42 43 44 45 45 45 43 40 36 32 27 23 20 19 19 21 25 28 32 3525 916SZ 759 459999999999999999999991716 19999999999999999999999
 37 39 40 40 40 40 41 42 43 44 44 43 40 37 32 28 24 20 19 19 21 24 28 3225 917SZ 935 449999999999999999999991826 18999999999999999999999
 35 37 38 38 38 37 37 38 39 41 43 44 43 40 37 32 27 23 20 18 19 21 25 2925 918SZ 247 381059 4499999999999999 535 371919 1899999999999999
 32 35 36 36 35 34 34 34 34 36 39 42 43 42 39 36 31 26 22 19 18 19 22 2725 919SZ 228 3612 7 4399999999999999 634 3320 1 1899999999999999
 30 33 34 34 33 32 30 30 30 31 34 38 40 41 40 38 34 29 24 21 19 19 21 2525 920SZ 224 3413 3 4199999999999999 721 302035 1899999999999999
 29 32 34 34 32 30 28 27 26 26 29 32 36 39 40 39 36 31 27 23 20 19 20 2425 921SZ 232 341354 4099999999999999 8 5 2621 3 1999999999999999
 28 32 34 34 33 30 27 25 23 23 24 27 32 36 38 38 37 34 29 26 23 21 22 2425 922SZ 245 341442 3899999999999999 846 232127 2199999999999999
 27 31 34 35 34 32 28 25 22 21 21 23 27 31 35 37 37 35 32 28 26 24 24 2525 923SZ 3 1 351531 3799999999999999 925 212145 2499999999999999
 28 32 35 36 36 34 30 26 23 20 19 20 23 27 32 35 36 36 34 31 29 27 27 2725 924SZ 316 361620 369999999999999910 3 192154 2799999999999999
 30 33 36 38 38 36 33 28 24 21 19 19 21 24 28 32 34 35 35 33 31 30 30 3025 925SZ 330 381713 35999999999999991040 192152 3099999999999999
 32 34 37 39 39 38 35 31 27 23 20 19 20 22 25 29 32 34 35 34 33 33 32 3325 926SZ 342 391811 35999999999999991119 192138 3299999999999999
 34 36 38 40 41 40 38 34 30 26 23 21 20 21 23 26 29 32 33 34 34 34 34 3525 927SZ 353 4199999999999999999999912 2 20999999999999999999999
 36 37 39 41 42 41 40 37 33 29 26 23 21 20 21 24 26 29 31 33 34 34 35 3625 928SZ 4 8 429999999999999999999991253 20999999999999999999999
 37 38 39 41 42 42 41 39 36 32 29 26 23 22 21 22 23 26 28 30 32 33 34 3625 929SZ 428 429999999999999999999991355 21999999999999999999999
 37 38 39 40 41 41 41 39 38 35 32 29 26 23 22 21 21 22 24 26 29 31 33 3425 930SZ 456 419999999999999999999991511 21999999999999999999999
 36 37 38 38 39 39 39 39 38 37 34 31 29 26 23 21 20 20 21 23 25 28 31 332510 1SZ 543 399999999999999999999991632 20999999999999999999999
 34 35 36 36 36 37 37 37 37 37 36 34 31 28 25 22 19 18 18 19 21 25 28 302510 2SZ 752 379999999999999999999991738 18999999999999999999999
 32 34 34 34 34 33 34 34 35 36 36 36 34 31 28 24 20 18 16 16 18 21 25 282510 3SZ 212 34 953 3699999999999999 5 7 331828 1699999999999999
 31 32 32 32 31 30 30 30 31 33 35 36 36 34 31 27 23 19 16 15 16 18 22 272510 4SZ 146 321114 3699999999999999 6 1 301910 1599999999999999
 30 31 32 31 29 27 26 26 27 29 32 35 37 36 34 31 26 22 18 16 16 17 21 252510 5SZ 140 321221 3799999999999999 646 261947 1599999999999999
 29 32 32 31 28 25 23 21 21 23 27 31 35 37 37 35 31 26 22 19 17 18 20 252510 6SZ 145 321324 3799999999999999 731 212023 1799999999999999
 29 33 34 33 30 26 22 19 17 18 20 25 31 35 38 38 35 32 27 23 21 20 22 252510 7SZ 158 341427 3899999999999999 819 172056 2099999999999999
 30 34 36 36 33 28 23 18 15 13 14 18 24 31 35 38 38 36 32 29 26 25 25 272510 8SZ 218 361533 3899999999999999 9 9 132128 2499999999999999
 31 35 38 39 37 33 27 21 16 12 11 12 17 23 30 35 37 38 36 33 31 29 29 302510 9SZ 243 391641 389999999999999910 1 112154 2999999999999999
 32 36 40 42 41 38 33 26 20 14 11 10 12 16 23 29 33 36 37 36 34 33 33 33251010SZ 313 421753 37999999999999991056 1022 6 3399999999999999
 34 37 40 43 44 42 38 33 26 20 15 11 10 12 16 22 27 32 34 36 35 35 35 35251011SZ 347 449999999999999999999991155 10999999999999999999999
 36 38 40 43 44 44 42 38 33 27 21 16 13 12 13 17 21 26 30 32 34 35 36 36251012SZ 426 449999999999999999999991259 12999999999999999999999
 37 38 39 41 43 44 43 41 38 33 28 23 18 15 14 14 17 20 24 28 31 33 34 36251013SZ 515 449999999999999999999991412 13999999999999999999999
 37 37 38 39 40 41 42 41 40 37 33 29 25 20 17 15 15 16 19 23 26 29 32 34251014SZ 623 429999999999999999999991535 15999999999999999999999
 35 36 36 36 36 37 38 39 39 38 37 34 30 26 22 18 16 16 17 19 22 26 29 31251015SZ 755 399999999999999999999991653 16999999999999999999999
 33 34 34 33 33 33 33 34 36 37 37 36 33 30 26 22 19 17 16 17 20 23 27 29251016SZ 131 34 936 3799999999999999 449 331755 1699999999999999
 31 32 32 31 30 29 29 29 31 33 35 35 35 33 30 26 23 19 17 17 19 21 25 28251017SZ 115 3211 3 3599999999999999 553 291843 1799999999999999
 30 31 31 30 28 26 25 25 26 28 31 33 34 34 32 29 26 22 20 18 19 21 24 28251018SZ 110 311212 3499999999999999 642 251920 1899999999999999
 30 31 31 29 27 24 22 21 22 23 26 30 32 33 33 31 28 25 22 21 20 21 24 28251019SZ 115 311311 3399999999999999 723 211949 2099999999999999
 31 32 32 30 27 24 21 19 18 19 22 26 29 32 33 32 30 28 25 23 22 23 25 28251020SZ 125 3214 5 3399999999999999 8 1 182011 2299999999999999
 31 33 33 32 29 25 21 18 17 16 18 22 26 30 32 33 32 30 28 26 25 25 26 29251021SZ 138 341456 3399999999999999 835 162026 2599999999999999
 32 35 35 34 31 27 23 19 16 15 16 19 23 27 31 33 33 32 30 28 27 27 28 30251022SZ 152 351544 3399999999999999 9 8 152034 2799999999999999
 33 36 37 36 34 30 25 20 17 14 14 16 20 24 29 32 33 33 32 31 30 29 30 32251023SZ 2 8 371632 3399999999999999 940 142039 2999999999999999
 34 37 38 38 36 33 28 23 18 15 14 14 17 21 26 29 32 33 33 32 31 31 32 33251024SZ 224 381721 33999999999999991015 142042 3199999999999999
 35 37 39 39 38 35 31 26 21 17 15 14 15 18 23 27 30 32 33 33 32 32 32 34251025SZ 242 401816 33999999999999991053 142040 3299999999999999
 35 37 39 40 39 37 34 29 24 20 16 15 14 16 19 23 26 29 31 32 32 32 33 34251026SZ 3 3 409999999999999999999991135 14999999999999999999999
 35 36 38 39 39 38 35 31 27 23 19 16 15 15 17 20 23 26 28 30 31 31 32 33251027SZ 327 399999999999999999999991224 15999999999999999999999
 34 35 36 38 38 37 36 33 29 25 22 18 16 15 15 17 19 22 24 27 29 30 31 32251028SZ 355 389999999999999999999991322 15999999999999999999999
 33 34 35 35 36 36 35 34 31 28 24 21 18 16 15 15 16 18 21 23 26 28 29 30251029SZ 430 369999999999999999999991428 15999999999999999999999
 31 32 32 33 33 33 33 33 32 29 27 24 21 18 16 14 14 15 17 20 23 25 27 29251030SZ 532 339999999999999999999991537 14999999999999999999999
 30 30 30 30 30 30 31 31 31 30 29 26 24 21 18 15 14 14 15 17 20 24 26 28251031SZ 737 319999999999999999999991638 14999999999999999999999
 29 29 28 27 27 26 27 28 29 30 30 29 27 24 21 18 16 14 15 16 19 22 25 282511 1SZ 031 29 932 3099999999999999 458 261729 1499999999999999
 29 28 27 25 24 23 22 23 25 28 30 30 30 28 25 22 19 17 16 16 19 22 26 282511 2SZ 014 2911 4 3099999999999999 546 221812 1699999999999999
 30 29 28 25 22 20 18 18 20 23 27 30 31 31 30 27 24 21 19 19 20 22 26 302511 3SZ 016 301224 3299999999999999 632 181852 1999999999999999
 32 32 30 27 22 18 15 14 14 17 21 26 30 33 33 31 29 26 24 22 22 24 27 312511 4SZ 030 321338 3399999999999999 720 141930 2299999999999999
 34 35 34 30 25 20 15 11 10 11 14 20 26 31 34 34 33 31 28 27 26 27 29 332511 5SZ 053 351451 3499999999999999 810 1020 4 2699999999999999
 36 39 38 35 31 24 17 12  8  7  8 13 19 26 31 34 35 34 32 31 30 30 31 332511 6SZ 122 3916 0 3599999999999999 9 2  72034 2999999999999999
 37 40 42 40 36 30 23 16 10  6  5  7 12 19 26 31 34 35 35 33 32 32 33 342511 7SZ 157 4217 8 3599999999999999 955  52052 3299999999999999
 37 40 43 43 41 36 30 22 15  9  5  4  7 12 18 25 30 33 34 34 33 33 34 342511 8SZ 237 431820 34999999999999991050  42049 3399999999999999
 36 39 42 44 43 41 36 29 22 15 10  6  5  8 12 18 24 28 31 32 33 33 33 342511 9SZ 321 449999999999999999999991148  5999999999999999999999
 35 37 39 41 42 42 39 35 28 22 16 11  8  7  9 13 18 22 26 29 30 31 32 33251110SZ 412 429999999999999999999991249  7999999999999999999999
 33 34 35 37 39 40 39 37 33 28 22 17 13 10  9 10 13 17 21 25 27 29 30 31251111SZ 510 409999999999999999999991354  9999999999999999999999
 31 31 32 33 34 35 36 36 34 31 27 23 18 15 12 11 12 14 18 21 24 27 28 29251112SZ 618 3699999999999999999999915 2 11999999999999999999999
 29 29 29 29 29 30 31 32 32 31 29 26 23 19 16 14 13 14 16 19 22 25 27 28251113SZ 014 29 742 322352 289999999 3 3 2916 6 1399999999999999
 28 28 27 26 25 25 26 27 28 29 29 28 26 23 20 18 16 15 16 18 21 24 26 28251114SZ 923 292349 2899999999999999 438 2517 1 1599999999999999
 28 27 26 24 23 21 21 22 24 26 27 28 27 26 24 21 19 18 18 19 21 24 26 28251115SZ11 1 282356 2999999999999999 543 211744 1899999999999999
 29 28 26 24 22 19 18 18 19 22 24 26 27 27 26 24 23 21 21 21 22 25 27 29251116SZ1224 27999999999999999999999 632 181816 2199999999999999
 30 30 28 25 22 19 17 16 16 18 21 24 26 27 27 27 25 24 23 23 24 26 29 31251117SZ 0 6 301334 2899999999999999 712 161837 2399999999999999
 32 32 30 27 23 19 16 14 14 15 18 21 25 27 28 29 28 27 26 26 26 28 30 32251118SZ 018 321434 2999999999999999 746 141848 2699999999999999
 34 34 32 29 25 21 17 14 12 13 15 19 23 26 29 30 30 29 28 28 28 29 31 34251119SZ 032 341524 3099999999999999 818 121857 2899999999999999
 35 36 35 32 28 23 18 14 12 11 13 16 20 25 28 30 31 30 30 29 29 30 32 34251120SZ 051 3616 7 3199999999999999 849 111913 2999999999999999
 36 37 37 35 31 26 21 16 12 10 11 13 17 22 26 29 31 31 31 30 30 31 32 34251121SZ 113 371647 3199999999999999 923 101933 3099999999999999
 36 38 38 37 34 29 24 18 14 11 10 11 14 19 23 27 29 31 31 30 30 30 31 33251122SZ 140 381729 3199999999999999 959 101954 3099999999999999
 35 37 38 38 35 32 27 21 16 12 10  9 11 15 19 23 27 29 30 30 29 30 30 32251123SZ 211 389999999999999999999991039  9999999999999999999999
 33 35 37 37 36 33 29 24 18 14 10  9  9 11 15 19 23 26 28 28 28 28 29 30251124SZ 244 379999999999999999999991122  9999999999999999999999
 31 33 35 35 35 34 30 26 21 16 12 10  8  9 12 15 19 22 25 26 27 27 28 28251125SZ 319 3699999999999999999999912 8  8999999999999999999999
 29 30 32 33 33 33 31 28 23 19 15 11  9  8  9 12 15 18 21 23 25 26 26 27251126SZ 359 339999999999999999999991257  8999999999999999999999
 27 28 29 30 31 31 30 28 25 21 17 14 11  9  9 10 12 15 18 21 23 24 25 25251127SZ 448 319999999999999999999991347  9999999999999999999999
 26 26 26 27 27 28 28 28 26 23 20 17 14 11 10 10 11 13 17 20 22 24 25 25251128SZ 555 282246 25999999999999991437 10999999999999999999999
 24 24 24 23 24 24 25 26 26 25 23 20 17 15 13 12 12 13 16 19 22 24 25 25251129SZ 727 262233 2599999999999999 257 231525 1299999999999999
 24 23 22 21 20 20 21 23 24 25 25 24 22 19 17 16 15 15 17 20 23 25 27 27251130SZ 917 252240 2799999999999999 418 201611 1599999999999999
 26 24 21 19 17 16 16 18 21 23 25 26 25 24 22 21 19 19 20 21 24 27 29 302512 1SZ11 6 262258 3099999999999999 519 161656 1999999999999999
 29 27 23 19 16 13 12 13 15 18 22 26 27 28 27 26 24 23 23 24 26 29 32 342512 2SZ1247 282327 3499999999999999 615 121738 2399999999999999
 34 31 27 23 17 13 10  8  9 12 17 22 26 29 30 30 29 28 27 27 28 30 33 362512 3SZ1415 30999999999999999999999 710  81819 2799999999999999
 37 36 33 28 22 15 10  6  5  6 10 16 22 27 30 32 32 31 30 30 30 31 34 372512 4SZ 0 3 371530 3299999999999999 8 5  51855 3099999999999999
 40 40 38 34 28 21 14  8  4  2  4  9 15 22 27 30 32 32 32 31 31 32 33 362512 5SZ 045 401635 3299999999999999 859  21926 3199999999999999
 39 42 42 39 34 28 20 12  6  2  1  3  8 15 21 26 30 31 31 31 31 31 32 342512 6SZ 132 421733 3299999999999999 954  11952 3199999999999999
 37 40 42 42 39 34 27 19 11  5  1  1  3  8 15 21 25 28 30 30 29 30 30 312512 7SZ 223 429999999999999999999991048  0999999999999999999999
 33 36 39 41 40 37 32 25 18 11  5  2  1  4  9 15 20 24 27 28 28 27 28 282512 8SZ 317 419999999999999999999991141  1999999999999999999999
 29 31 34 37 38 38 35 30 23 16 11  6  3  3  6 10 15 20 23 25 26 25 25 262512 9SZ 412 389999999999999999999991234  3999999999999999999999
 26 27 29 31 33 34 34 31 27 21 16 11  7  5  6  8 12 16 20 22 24 24 24 24251210SZ 5 8 3421 5 24999999999999991325  5999999999999999999999
 24 24 24 25 27 29 30 29 27 24 20 16 12  9  8  9 11 14 18 21 23 23 24 23251211SZ 6 8 302134 2499999999999999 045 241414  899999999999999
 22 22 21 21 22 23 25 26 25 24 22 19 16 14 12 11 12 14 17 20 22 24 24 24251212SZ 719 262158 2499999999999999 236 211459 1199999999999999
 23 21 20 19 18 19 20 21 22 22 22 21 19 18 16 15 15 16 18 20 23 24 25 25251213SZ 858 222218 2599999999999999 4 5 181537 1599999999999999
 24 22 20 18 16 16 16 17 18 20 21 21 21 20 20 19 19 19 20 22 24 26 27 27251214SZ11 4 212234 2799999999999999 517 1616 1 1999999999999999
 26 24 21 19 16 14 13 14 15 17 19 21 22 22 22 22 22 22 23 24 26 28 29 29251215SZ2249 29999999999999999999999 612 13999999999999999999999
 28 26 23 20 17 14 12 12 13 15 17 20 22 23 24 25 25 25 26 27 28 29 31 31251216SZ23 7 31999999999999999999999 653 12999999999999999999999
 31 29 26 23 19 15 12 11 11 12 15 18 21 24 25 26 27 27 27 28 29 31 32 33251217SZ2331 33999999999999999999999 728 11999999999999999999999
 33 32 29 25 21 17 13 10  9 10 13 16 20 23 26 27 28 28 28 29 30 31 33 34251218SZ9999999999999999999999999999 8 2  9999999999999999999999
 35 34 32 28 24 19 14 10  8  8 10 13 17 21 25 27 28 28 28 28 29 30 32 34251219SZ 0 3 35999999999999999999999 837  8999999999999999999999
 35 35 34 31 27 22 16 11  8  6  7 10 14 18 22 25 27 27 27 27 27 28 30 32251220SZ 042 35999999999999999999999 914  6999999999999999999999
 34 35 35 33 29 25 19 13  9  6  5  6 10 14 19 22 25 26 26 26 26 26 27 29251221SZ 124 35999999999999999999999 954  5999999999999999999999
 31 33 34 33 31 27 21 15 10  6  4  3  6 10 14 19 22 24 24 24 24 24 25 26251222SZ 2 6 349999999999999999999991034  3999999999999999999999
 28 30 32 33 31 28 24 18 12  7  4  2  3  6 10 14 18 21 22 23 22 22 22 23251223SZ 248 339999999999999999999991114  2999999999999999999999
 25 27 29 30 30 28 25 20 14  9  5  2  2  3  6 11 15 18 20 21 21 21 21 21251224SZ 329 319999999999999999999991153  2999999999999999999999
 22 23 25 27 28 28 26 22 17 12  7  4  2  2  4  8 12 16 18 20 20 20 19 19251225SZ 413 281952 20999999999999991230  22251 1999999999999999
 19 20 21 23 25 26 25 23 19 15 11  7  5  4  5  7 11 14 17 19 20 20 19 18251226SZ 5 3 262013 209999999999999913 6  4999999999999999999999
 18 18 18 19 21 23 24 23 21 18 14 11  9  7  7  8 11 14 18 20 21 21 20 19251227SZ 6 4 242030 2199999999999999 043 181339  799999999999999
 17 16 16 16 17 19 20 22 21 20 18 16 13 12 11 12 13 16 19 21 23 24 23 21251228SZ 727 222050 2499999999999999 221 161410 1199999999999999
 19 16 14 13 13 14 16 18 20 21 20 20 18 17 16 16 17 18 21 23 26 27 26 25251229SZ 921 212117 2799999999999999 342 131436 1699999999999999
 22 18 15 12 10 10 11 13 16 18 20 21 22 21 21 21 21 22 23 26 28 30 30 29251230SZ1146 222153 3099999999999999 455 101455 2199999999999999
 27 23 18 14 10  7  6  7 10 13 17 21 23 24 25 25 25 25 26 28 30 32 33 33251231SZ2236 34999999999999999999999 6 3  6999999999999999999999
