158129 87 44 12 -4  0 25 6912217120722722921318415312610810311413816117425 1 1TA1236230234017599999999999999 519 -5184910399999999999999
174154118 73 31  3 -7  4 37 87142188219231225201168136112 9910111914717025 1 2TA1310232999999999999999999999 559 -71924 9799999999999999
180173148109 62 23  0 -4 14 52106160202227232218188153121100 90 9812215225 1 3TA 0 5180134723399999999999999 642 -420 4 9099999999999999
174181171144103 58 24  5  6 28 71126177213231229208173136105 86 81 9412225 1 4TA 055181142423399999999999999 728  32047 8099999999999999
153175181170143103 63 33 18 23 48 91143188219230221194156118 88 71 70 8825 1 5TA 15318115 323099999999999999 817 172132 6899999999999999
118150172180171147112 77 51 39 45 70110155193216221206176137100 71 56 5925 1 6TA 258180154522199999999999999 912 392222 5599999999999999
 79110143168179175157130101 78 67 70 90122159189205205189158120 84 56 4325 1 7TA 4151791630208999999999999991016 662317 4299999999999999
 47 67 99134163180183174154129108 95 93105127155178190188171142105 70 4325 1 8TA 5461841722191999999999999991137 93999999999999999999999
 31 34 55 88126160184196194180158136119110112125145165175173158130 94 5825 1 9TA 722197182217699999999999999 017 30132010999999999999999
 32 18 22 42 78120160191210214203181156133117111119136154164163149121 8525 110TA 845214192616699999999999999 119 18145511199999999999999
 48 21  7 11 34 7312016520022322921819416513711610711413115016115914411425 111TA 951229202516299999999999999 218  616 510799999999999999
 76 38 11 -1  5 31 7512517220923123622219416313311210411213315216215914125 112TA1045236211616399999999999999 311 -2165810499999999999999
108 66 28  3 -6  4 35 8313518121523423421518415212410610211714016016716025 113TA113023622 216799999999999999 359 -6174110199999999999999
137 99 55 19 -2 -6 10 47 9814919121923222520016813811410010412515116817225 114TA12 9232224417299999999999999 443 -7181810099999999999999
160131 89 45 13 -3 -1 22 64117165200221226210181149121102 9610913516117525 115TA1243226232617799999999999999 523 -41851 9699999999999999
174157123 78 37 10  1 10 39 87138181210222216192160129105 91 9411414416825 116TA1312223999999999999999999999 6 2  11923 9099999999999999
179174151113 69 33 12  9 25 62112161197217220204173138109 89 82 9311915025 117TA 011179133922199999999999999 640  81955 8299999999999999
172180170144105 64 34 19 23 47 89138181209220212187152117 90 74 74 9312325 118TA 05818014 522099999999999999 719 182029 7299999999999999
153173177165137100 65 41 33 43 73116160195214215198166130 96 72 63 70 9425 119TA 148178143321799999999999999 758 3321 5 6399999999999999
125153171173160134102 74 56 54 68 99138175200209202178144108 78 59 56 6925 120TA 24117415 320999999999999999 840 532143 5599999999999999
 95125151167170158137111 90 77 78 93120151178194195182155122 90 65 51 5225 121TA 341170153619699999999999999 928 762226 4999999999999999
 68 94123148164169162146127111101101113132154171179176160135105 77 56 4525 122TA 45416916141799999999999999910291002315 4599999999999999
 49 66 92120146164174172162147133122118122133146157161157143121 94 68 4925 123TA 62117417 51619999999999999912 0118999999999999999999999
 40 44 61 87117146169184187180166150135124121125134142148146134113 87 6225 124TA 746187181814899999999999999 012 40135312199999999999999
 42 33 37 55 83117151179197202195180159137121113114123134143143132110 8325 125TA 854202193214499999999999999 113 32151911299999999999999
 55 32 22 27 49 8212116019221121520518415713111110310712013614714713410925 126TA 946215203214999999999999999 210 22161010399999999999999
 76 44 20 11 19 46 85131173205221221205178147119101 9710712614615715413625 127TA1029223211915899999999999999 3 1 111648 9699999999999999
104 65 29  6  1 15 48 95145188216227220196164132107 94 9711514016116816025 128TA11 7227215916899999999999999 348  01721 9399999999999999
134 95 51 15 -5 -5 16 58111162201223227211181147117 97 9110312915717517725 129TA1142228223717899999999999999 431 -71752 9199999999999999
162128 81 36  3-10 -4 26 75132180213228222197161128103 89 9111214517318625 130TA1215228231718799999999999999 512-111824 8799999999999999
182159118 68 24 -2-10  4 42 98154197222227211177139108 88 80 9212215818425 131TA1246228999999999999999999999 553-101856 8099999999999999
193184155109 59 20  0 -1 20 66124176211227222195155116 88 71 72 9313016725 2 1TA 0 0193131622899999999999999 634 -31931 6999999999999999
190196183150103 58 25 10 15 44 93148193220226209174130 93 67 55 63 9213325 2 2TA 049196134622699999999999999 717  920 8 5599999999999999
170192196181148105 66 39 29 39 71119167203219215190150106 70 47 41 56 9025 2 3TA 144197141822099999999999999 8 3 292048 4199999999999999
132168190194181152116 84 62 55 67 97138176201209197167127 85 52 33 32 5125 2 4TA 246195145320999999999999999 854 552134 3099999999999999
 85126161184192183162135109 91 85 94116146173189190175146108 71 42 26 2725 2 5TA 359192153319199999999999999 956 852227 2499999999999999
 45 77115150176189189178158138121112113125142160169168155130 98 66 39 2425 2 6TA 53019116241709999999999999911231112332 2299999999999999
 24 39 67103139169190199196183165146131122122130141149151142123 97 68 4225 2 7TA 7141991739151999999999999991328121999999999999999999999
 25 21 31 56 90129165193209212203184160137120112115125136142139126102 7325 2 8TA 845213191114399999999999999 048 20151511299999999999999
 45 24 16 23 46 8212516519821822421419116113311110010411813514514513310925 2 9TA 951224203114699999999999999 2 3 16161610099999999999999
 76 44 21 11 17 41 81128171204225228213184151122 99 9110112214315515514125 210TA1041229213115699999999999999 3 9 111657 9199999999999999
111 73 38 15  7 15 45 90138180210226222200167134107 90 9010913615716716425 211TA1120227221516899999999999999 4 2  71730 8799999999999999
143106 64 31 11  6 22 58108154191215222208178144115 93 84 9612415417317825 212TA1151222225217899999999999999 446  61757 8499999999999999
167138 95 53 23  9 12 37 81131173202216211186152120 96 81 8410814117018525 213TA1215217232718699999999999999 522  81822 8099999999999999
184165127 81 43 20 13 25 60110157192211213194161125 97 78 73 8912115718225 214TA1236214999999999999999999999 554 121846 7399999999999999
192184156113 70 38 22 23 47 90140181207215202172134 99 75 64 70 9613416825 215TA 0 4192125521599999999999999 626 201912 6399999999999999
189193178145102 64 39 30 41 74121167199214209184146107 76 57 54 7110614525 216TA 044194131621599999999999999 659 301939 5399999999999999
176192190170135 96 65 47 47 66104148186207210193160119 82 55 44 51 7711525 217TA 126194133921299999999999999 733 4520 9 4499999999999999
152179191185162130 98 74 63 69 93130167193203195169132 93 61 41 38 54 8625 218TA 21019114 420399999999999999 811 622040 3799999999999999
123157180188180159131106 88 83 93116146173188188172142106 72 47 35 39 6025 219TA 3 0188142919099999999999999 853 832115 3499999999999999
 93128158177184177160139120107104113131151167172165147120 88 60 42 35 4425 220TA 358184145817299999999999999 9461042156 3599999999999999
 65 96128155174182179168152137126121124133144151152145129106 81 58 43 3825 221TA 51618215351539999999999999911 91212254 3899999999999999
 46 66 93123150171184187180168154140129124125130134136133123105 83 63 4725 222TA 6471871659136999999999999991316124999999999999999999999
 39 43 59 85115145172191198195183165145127115112115122130133128113 92 6825 223TA 8 9198185613399999999999999 012 3915 011299999999999999
 46 33 33 48 74108146179201211207191166139117102 9910712213714514112610025 224TA 911211201214599999999999999 130 321548 9999999999999999
 68 40 22 21 36 66108152189212220212189157126103 91 9310913315416215713625 225TA 95922021 716299999999999999 237 191622 9099999999999999
101 61 28 10 10 29 67117165201222224207176140110 90 83 9512315317417916825 226TA1038226215218099999999999999 332  71652 8399999999999999
139 95 50 17  1  5 31 79134181212226220192154119 93 79 8210614317419219225 227TA1112227223219499999999999999 420  01721 7899999999999999
173134 83 38  9 -1 10 46100155197220224205168128 96 76 71 8612116219220525 228TA1142225231220599999999999999 5 2 -11750 7099999999999999
199171125 73 33 10  6 25 70127177210223214183139100 73 60 64 9213617820425 3 1TA12 8223235621299999999999999 543  51819 5999999999999999
212200166116 69 35 19 21 49 99154195217218197155109 73 51 45 60 9814618725 3 2TA1234221999999999999999999999 624 171851 4599999999999999
210215199161114 73 46 35 44 78128175206217206173126 81 49 32 33 5810215125 3 3TA 04421613 121799999999999999 7 6 351926 3099999999999999
190212214196161120 86 64 57 71105149186206206186147100 59 30 19 27 5810425 3 4TA 138216133120999999999999999 752 5720 7 1899999999999999
151188209211195166133105 86 82 96125159184195188163124 82 45 21 14 27 5925 3 5TA 23821214 619599999999999999 845 822052 1499999999999999
102146180201207197175150127111106115134156172175165141108 73 42 23 18 3125 3 6TA 349207144717699999999999999 9511062145 1899999999999999
 59 97136169192202200188169149133124124131142151153145128103 75 50 33 2825 3 7TA 52020315421539999999999999911301232255 2899999999999999
 36 57 88122155182200206201187168148131121119123130135134125109 88 65 4725 3 8TA 7 22061725135999999999999991349119999999999999999999999
 37 38 51 76109144176200213213200178152128111102105115127135134124105 8125 3 9TA 830214192413599999999999999 024 36151510299999999999999
 57 41 36 44 66100139175203219219203176145117 96 88 9511413314614914111925 310TA 932221205015099999999999999 155 3616 1 8899999999999999
 89 60 40 31 37 61100143180208222218195162129100 82 80 9812514916416715425 311TA1017223214416799999999999999 3 8 311634 7899999999999999
125 88 56 35 27 36 67111154189212220206175140108 84 73 8411214416918117925 312TA1051220222318399999999999999 4 1 2717 2 7399999999999999
157120 80 49 30 27 46 85131171199214209184148114 87 71 73 9713316618719425 313TA1117215225519499999999999999 441 261726 6999999999999999
183150108 69 42 30 36 66111155188207209190155118 89 69 64 8111615618520125 314TA1136211232620399999999999999 513 291747 6399999999999999
199177137 94 60 40 37 55 94140179202209195163124 90 66 56 64 9413617419925 315TA1152209235720899999999999999 542 3618 7 5699999999999999
207196165122 84 57 45 52 81125168196208201173133 94 64 48 49 7111115518925 316TA12 8209999999999999999999999 611 441829 4699999999999999
207207187151111 79 60 56 74110153187205204183145102 67 44 37 50 8412917025 317TA 031210122720799999999999999 642 551853 3799999999999999
198210202176140106 81 68 73 98136173196202189157115 75 45 30 34 5910014525 318TA 1 8210124920399999999999999 715 671919 3099999999999999
181204209195167135106 87 81 93121154181194189166129 87 53 31 25 40 7211625 319TA 146209131319499999999999999 751 811948 2599999999999999
157188205205188162134111 97 97111136162179181168140103 67 40 26 29 50 8625 320TA 229207134018299999999999999 833 952020 2599999999999999
127164190202200185163139121110111123142158166162146119 88 58 37 29 37 6025 321TA 319203141016699999999999999 92510921 1 2999999999999999
 94131164187198197186168149132122120126137146149144130109 84 60 44 38 4525 322TA 42619914531499999999999999910431202158 3899999999999999
 65 94127157180195199192178160143129121120125131134134127112 93 72 55 4625 323TA 55219916251359999999999999912361202323 4599999999999999
 48 61 85115147175195204202189170148128114108110118128136136127110 88 6525 324TA 7162051833137999999999999991412108999999999999999999999
 49 43 51 72103139174200213211197173144118101 94 9911513515015514812810025 325TA 825214195515599999999999999 055 4315 4 9499999999999999
 68 44 33 38 60 96140180208221217197164130103 86 83 9712315217217816814225 326TA 917222205417899999999999999 212 331541 8299999999999999
104 65 37 24 29 55 99149190216225214184144109 84 72 7810414217519419818225 327TA 958225214219899999999999999 313 241613 7299999999999999
147100 58 31 20 30 64115165202221221199159117 85 66 62 8112016419721321125 328TA1030224222521599999999999999 4 4 201642 6199999999999999
188144 94 55 31 25 42 84138183211220208173126 86 60 49 57 8913818421422625 329TA105822023 822699999999999999 449 2417 9 4999999999999999
218186138 91 57 39 39 64111161198215212186140 93 58 39 36 5710115419822525 330TA1122216235323399999999999999 531 361738 3599999999999999
232218181134 94 66 53 59 91138180206211196158108 63 34 21 28 6011116520625 331TA1147212999999999999999999999 614 521811 2199999999999999
230234215179137102 79 70 82116157190205200175131 81 41 17 10 26 6511817025 4 1TA 042235121620699999999999999 659 701850 1099999999999999
208230231213180144115 94 89103133167190196184152108 63 28  9  8 29 7112225 4 2TA 135233125119699999999999999 749 891933  699999999999999
170206226227211184154128110106118141165180180164133 94 55 26 11 14 37 7625 4 3TA 235229133218299999999999999 8461052020 1099999999999999
122165199218222211190165141124117124138153163161147122 90 59 35 23 27 4725 4 4TA 345223142116399999999999999 9591172116 2399999999999999
 79118157188209217212197175152133122121127136143144136120 97 73 53 42 4225 4 5TA 5 721715351449999999999999911401202229 4099999999999999
 55 79111145176200213214203183159136119110110117127134135128113 94 74 6025 4 6TA 6332151737135999999999999991329109999999999999999999999
 54 59 75102134167194211216207186159131109 96 94104120135144144134116 9325 4 7TA 750216193114599999999999999 0 3 541438 9399999999999999
 72 60 58 69 94129164193212217206181149118 94 80 8210012514716216515513225 4 8TA 850217204716599999999999999 139 581522 7999999999999999
103 77 60 55 65 93131168197213214197166131100 77 69 8010814016718218416825 4 9TA 934216213718599999999999999 252 551556 6999999999999999
138103 75 57 53 68102143178202213205179142107 79 63 65 9012716218820119625 410TA10 7213221520299999999999999 344 521623 6199999999999999
171134 98 70 55 57 81120160190207207187151113 82 60 55 7210815018520721325 411TA1031209224821499999999999999 424 531647 5499999999999999
198164124 90 67 58 70103144178199205192159119 84 59 48 56 8813217420422025 412TA1050206231922199999999999999 458 5817 7 4899999999999999
215190152114 85 68 68 91129166192203195168127 88 58 42 44 6710915519321725 413TA11 6203234922499999999999999 529 651727 4099999999999999
223209177139106 83 74 86116154184199197175138 95 61 39 34 49 8513217620725 414TA1124200999999999999999999999 559 741748 3399999999999999
223220197163129102 86 86106140172192196182149107 67 40 27 34 6210615319225 415TA 021225114519799999999999999 630 841812 2799999999999999
217224212185153123101 92101126157181192185160121 79 46 26 24 42 7912617125 416TA 05422412 819299999999999999 7 4 921838 2299999999999999
204222221204176146120103100114140166182183168137 97 59 32 21 28 55 9714425 417TA 129224123618599999999999999 74110019 9 2099999999999999
184211223217197170142120108109124147166175170149117 80 48 27 23 37 6811125 418TA 2 922313 917599999999999999 8251061945 2299999999999999
155191214221213193168143123113115128146159163155135105 74 47 31 31 48 7925 419TA 257221135116499999999999999 9191122031 2999999999999999
119159191211218211194170146127117117125138149152145129105 78 55 42 42 5625 420TA 35921814501529999999999999910311152132 4099999999999999
 83118154186207216212197175151130116112117127138144144134116 93 71 55 5025 421TA 51221616251459999999999999911571122254 5099999999999999
 58 79110145178203216215202179152127109101104116132146153149135113 88 6725 422TA 6262181811153999999999999991313101999999999999999999999
 55 56 72100137174203219219205178146117 96 87 9211013415817117215913410225 423TA 732221193317399999999999999 024 5314 9 8799999999999999
 73 55 51 64 93134175206222220201168130 98 78 72 8311214717719419618114925 424TA 825223203719799999999999999 144 511452 7299999999999999
110 76 55 49 62 95140182211222214187146105 75 59 60 8212216619921621619525 425TA 9 7222213021999999999999999 251 491527 5799999999999999
157113 78 57 52 69107154192214217200162115 75 51 42 53 8913918621923422925 426TA 941218221823599999999999999 346 511559 4299999999999999
202158115 83 64 62 84126170201213206176130 82 47 29 30 5410115720323324525 427TA10 921323 424599999999999999 435 601630 2799999999999999
234202158118 90 75 78106147184205206188148 97 52 24 14 24 6011417121524125 428TA1036208235124999999999999999 522 7417 3 1499999999999999
249234199159124100 88 97127164192203195166120 70 31  9  6 25 6812618022025 429TA11 5203999999999999999999999 6 8 881740  599999999999999
244248230197162131109101113141172192195180146 99 53 19  3  6 31 7813418425 430TA 041249114119699999999999999 6571011822  199999999999999
222242244227197165137117111123147172185184165130 87 46 17  5 12 41 8713925 5 1TA 135246122418799999999999999 75011119 9  599999999999999
185220238239224197168141122116126145164174171152121 84 49 25 16 25 53 9525 5 2TA 233241131617599999999999999 85011620 0 1699999999999999
141183215232234221197168142123116122137152161159144120 89 60 40 33 41 6525 5 3TA 33623514191619999999999999910 11162058 3399999999999999
101141179208225228217195168141121112114125138148150143126102 78 60 52 5725 5 4TA 442229154415199999999999999111811122 8 5299999999999999
 75104139173201218223213192165138116103102111126140149149139121100 82 7125 5 5TA 54822317281509999999999999912341012332 6999999999999999
 70 82105135167195213218208187159129105 91 8910011914015616215714312210025 5 6TA 65021819 5162999999999999991338 88999999999999999999999
 85 79 85103132165192209213203179147116 90 77 77 9412014817018017816313825 5 7TA 747214202118199999999999999 1 1 791428 7599999999999999
112 92 82 85103134166193208209193164129 97 73 63 71 9613116518920119717625 5 8TA 834210211520299999999999999 218 8115 6 6399999999999999
146116 94 82 86108141173196206201177142105 75 56 54 7310915018621021820825 5 9TA 910206215821899999999999999 316 821537 5399999999999999
180146115 93 83 92119153182199201186154114 79 54 44 54 8512917220622622825 510TA 939202223423099999999999999 4 2 8316 3 4499999999999999
209176141112 92 88105135167190198190163125 86 55 39 40 6310515219322323525 511TA10 319823 823699999999999999 441 871627 3799999999999999
228202167134108 94 99122153179193192171136 95 60 37 31 46 8112817421123325 512TA1025195234023799999999999999 516 931650 3199999999999999
236219190156127106100114140168186191178147107 68 40 27 33 6010315219322325 513TA1047191999999999999999999999 5491001714 2799999999999999
236230207176146122107110129155177188182159122 81 48 28 24 42 7812617220825 514TA 011236111118899999999999999 6221061741 2399999999999999
230234220194165138118110119141165181184170139100 62 34 22 28 55 9814618925 515TA 043235114018599999999999999 6571101811 2299999999999999
219233230211184155131115114127149170180176156122 83 49 27 22 36 7011616325 516TA 118234121418099999999999999 7361121847 2299999999999999
202227235226204176148126114116131152169176167144110 74 44 27 27 47 8312925 517TA 158235125617699999999999999 8211131929 2499999999999999
174210231235223200171143122112116131151166170160137106 73 46 32 36 57 9325 518TA 245235134817099999999999999 9121122019 3199999999999999
137180213232234221196167139118109113128146161165158138110 80 56 43 46 6525 519TA 33923514531659999999999999910121092119 4299999999999999
 99140181212230232219194163134113103106120140157165162148124 96 72 57 5725 520TA 43823316161669999999999999911151022232 5599999999999999
 72101139178209227229216190157126103 92 95111134156171174165144117 90 7225 521TA 5382301746175999999999999991217 912352 6699999999999999
 67 76101136174205224225211182146112 88 77 8210113116218419318716813910925 522TA 63622719 8193999999999999991313 77999999999999999999999
 85 75 79100134172204220219201168128 92 68 59 69 9613517320121421119115825 523TA 728222201921599999999999999 113 7514 0 5999999999999999
123 97 82 83102137175203216210187147103 67 46 43 59 9714518921923423020725 524TA 813216211923599999999999999 227 811442 4299999999999999
171134106 90 90110145181204210198166120 75 42 27 30 5710415820423524924225 525TA 851210221224999999999999999 331 881521 2699999999999999
215177141114 98100122157187203201181142 92 49 22 13 25 6111517121624625725 526TA 92520423 225799999999999999 426 961558 1399999999999999
246217180146121107112136168192200191163118 68 30  8  6 26 7012718222425125 527TA 959200235125899999999999999 5171061637  599999999999999
258244214180149126115123147175193195179145 99 52 19  3  7 33 8113819022825 528TA1037196999999999999999999999 6 61151719  299999999999999
251255239210178149127120130154177190188168132 87 45 16  5 14 44 9214719525 529TA 041256112119199999999999999 65612018 5  599999999999999
230249250233204173145126121132154175186181160125 83 45 20 13 25 5710415525 530TA 132252121218699999999999999 7491211854 1399999999999999
199230246244226197166139121118130151171180175155123 85 52 31 26 39 7111525 531TA 224247131018099999999999999 8431171946 2599999999999999
162203230242238218188157131114112125145164173170154126 93 64 46 43 57 8625 6 1TA 314243141617499999999999999 9381112041 4299999999999999
127169205228237230208178147121106105117137156168168156133105 80 65 62 7525 6 2TA 4 323715321699999999999999910341032141 6299999999999999
101137174204224230220197167136111 97 96109129150165170163145122101 86 8225 6 3TA 4512301655170999999999999991131 952249 8299999999999999
 91113143175202218221209185155124100 86 8710112314816717717516314312210625 6 4TA 5412211820178999999999999991227 85999999999999999999999
 99104120145173197211211198173141110 86 74 77 9412115117619019318316314025 6 5TA 632212194119399999999999999 0 6 991320 7499999999999999
121110110123145171192204202186158125 94 71 62 69 9212516119020821120117925 6 6TA 721204204521299999999999999 13010914 5 6299999999999999
153130115112123145170189198192172140105 75 56 52 66 9713717620822622721225 6 7TA 8 7198213622999999999999999 2431121444 5199999999999999
186157132115113125148172188192181154119 83 56 42 47 7010915419522523923525 6 8TA 846193221724099999999999999 3401121518 4299999999999999
215186155129114115131155177188185166134 96 62 40 35 49 8312817421223824525 6 9TA 919189225424599999999999999 4261121548 3499999999999999
234209178148124114121141164182186175148111 74 45 30 35 5910114919322624425 610TA 950187232824699999999999999 5 51141618 3099999999999999
243226198167139121117130153173185182162129 89 55 33 27 41 7512116920823525 611TA1020186999999999999999999999 5411171648 2699999999999999
244236213184155131119123141164181186175148110 71 41 26 29 53 9414218722125 612TA 0 1244105018699999999999999 6151191720 2599999999999999
240241226200170144125120130151173185184166133 93 57 32 24 35 6611216120325 613TA 035243112418699999999999999 6501201756 2499999999999999
231243237216187158134120121136159179187180157121 81 47 28 26 44 8112917825 614TA 11024312 418799999999999999 7281191836 2499999999999999
216239245233207176147125115121140164182187177151114 74 44 28 31 54 9514625 615TA 148245125018899999999999999 8 91151920 2799999999999999
193228245245227198164135116109119141167184187175148111 74 47 35 41 6711025 616TA 229248134318899999999999999 8541092010 3599999999999999
160204235248242220187152123105102116140166184188176151117 83 58 48 55 8225 617TA 313248144618899999999999999 94110221 5 4899999999999999
123169210236245235210174139110 94 94109136164183190182161130 99 76 66 7225 618TA 3592451558190999999999999991031 9222 7 6699999999999999
 96133174210232237225197160124 96 81 83100129160184196194177151123 99 8725 619TA 4472381719197999999999999991124 802320 8699999999999999
 90108138174205224226211182145107 79 66 69 8912215818820621019917714812325 620TA 5382271845210999999999999991219 65999999999999999999999
108105115139170198214214198167128 89 62 50 55 7811715919621922922220117225 621TA 63021620 522999999999999999 0441041313 4999999999999999
144124115120139167192205203184151109 71 44 34 42 7111516420523324624121925 622TA 722206211324699999999999999 21111514 4 3499999999999999
188158134121122140166188198193172135 91 53 28 21 34 6911917121524525825225 623TA 811199221125899999999999999 3251201452 2199999999999999
228196165139124126143169188195186160120 75 38 17 14 33 7312718022325126325 624TA 85719523 426399999999999999 4261231538 1399999999999999
254228196165140126130149174191193180150107 62 28 11 13 37 8213718922925425 625TA 941194235326199999999999999 5191251623 1099999999999999
261249222189160137127134156180193192175141 96 53 23 11 18 47 9414819723325 626TA1026195999999999999999999999 6 612717 9 1199999999999999
253256240211179152132126138162185196191171134 90 50 24 16 28 6010816120625 627TA 038257111419699999999999999 6511261756 1699999999999999
236252249228197166141125124140166187196190167130 87 51 30 26 41 7612617525 628TA 12125312 619699999999999999 7341221843 2599999999999999
215240249240214182152128116120140167188196188164128 88 56 39 39 58 9614425 629TA 2 024913 119699999999999999 8161151930 3799999999999999
190224243245229199166136114106116139166187194186163128 93 66 53 57 7911825 630TA 23624714 019499999999999999 8581062018 5299999999999999
163202230242237215182148120101 98112137164184192185164133103 81 72 7910225 7 1TA 31224315 319299999999999999 941 9721 7 7299999999999999
138177210230235224198165132105 90 91108134160181190186169144120102 9510225 7 2TA 3482361611190999999999999991026 8922 1 9599999999999999
123153184210224223207180148116 93 82 8610413015717919219118016114012411725 7 3TA 4272251729193999999999999991114 8123 811799999999999999
122137160184202211207190163132103 82 74 80 9912615618119820219618116214525 7 4TA 51221118532029999999999999912 5 74999999999999999999999
135134143159177191197192175149119 92 73 66 74 9512615918920921721319918025 7 5TA 6 319720 921899999999999999 0351341257 6699999999999999
160145138141153168181186181163137107 80 62 58 69 9512916720022323322821225 7 6TA 7 118621 923399999999999999 2101381347 5799999999999999
189165145135136147162176181173154125 94 67 51 51 67 9813818021523724423625 7 7TA 756181215724499999999999999 3241341432 4999999999999999
216188161139129132145163176179169145113 80 54 42 47 7010815219522824724925 7 8TA 844180223725199999999999999 4161291513 4199999999999999
236210180151131125133151170182180164135 99 65 42 35 47 7812116921023925225 7 9TA 925183231425299999999999999 4561251552 3599999999999999
247227198166141126126140161180188180157122 83 51 33 33 53 9113918622324625 710TA10 2188234825199999999999999 5301241630 3099999999999999
251239213182153132123131151175191192178148108 68 39 28 35 6310715820323425 711TA1038194999999999999999999999 6 212317 8 2899999999999999
249247227197166141125124139165188199194173137 93 55 32 27 42 7712717821925 712TA 021251111419999999999999999 6351221747 2799999999999999
244251240213180151129119126148177198204194167126 82 48 30 31 53 9614919825 713TA 054251115420499999999999999 7 81191827 2899999999999999
234252250230197163135117114128156186204207193161118 76 46 34 41 6911717125 714TA 127254124020899999999999999 7441131910 3399999999999999
216245255245217179144118104107129161191208209192158116 78 53 45 57 9013925 715TA 2 0255133221199999999999999 8211031956 4599999999999999
190230251253234200160124100 91101128163193210210193161123 89 68 63 7811225 716TA 235255143121299999999999999 9 1 912045 6399999999999999
158203235248242217180139105 84 79 93124160192210212198171138109 91 8810225 717TA 312249153821399999999999999 945 782143 8799999999999999
131170206230237226198160120 88 69 68 8511715418720921620818816213611911425 718TA 3532371658216999999999999991034 66225411499999999999999
122144173200218220207180143105 75 58 58 7510714618220922322321018816514625 719TA 4402211830225999999999999991130 56999999999999999999999
136136148168188202203191166131 95 66 49 48 65 9713817821123223923221318925 720TA 537204195923999999999999999 0281341232 4699999999999999
166149141145159176189191181158125 89 58 41 39 55 8813217721524125324923025 721TA 643192211425399999999999999 2121411336 3899999999999999
204176153140139150168183187178155122 84 52 33 31 48 8313118022124926225725 722TA 750187221426399999999999999 3341371436 3099999999999999
236207176150135134148168184189179155118 78 45 28 27 47 8513618622725426525 723TA 85018923 526599999999999999 4331321531 2599999999999999
256231199168143130133152176191194182154113 71 40 25 28 51 9414719623225525 724TA 941195234726199999999999999 5191291621 2499999999999999
261246217185156135127137162187200200183150106 65 37 27 34 6311016320723825 725TA1027202999999999999999999999 55712717 7 2799999999999999
254252230198167142126126145173198208203182143 98 60 38 33 46 8213218222025 726TA 023256111220899999999999999 6321241749 3299999999999999
243251239210177148127118126153184206213204177136 92 59 43 43 6410515620125 727TA 054251115821399999999999999 7 51181829 4199999999999999
232248245223189156129112111128159190210214202171129 90 63 52 59 8813218125 728TA 122249124621599999999999999 73710919 8 5299999999999999
219242247234204167134110 99105130164194211213197166127 94 73 68 8111415925 729TA 148248133721499999999999999 811 991948 6799999999999999
201231245240217182145114 94 89103133167195210210193164131104 89 8910714025 730TA 215245143021299999999999999 846 892030 8799999999999999
180213234238224195159124 96 82 8410413516819420820719216814212111011313225 731TA 244238152821099999999999999 922 81211710999999999999999
161191214225221202172138107 84 76 8310613616719220620719617815814213313625 8 1TA 31422616362089999999999999910 2 76221613399999999999999
150171191205209200180152122 95 78 74 8410613616519020621120619317716315325 8 2TA 3492091758211999999999999991048 73234215199999999999999
152158169181189189181163138112 90 75 73 8310513316319021022021920919517925 8 3TA 4361901924221999999999999991143 72999999999999999999999
165156155160166173175169154132109 87 72 69 7910113016319421923223322420725 8 4TA 549175203523499999999999999 1391551246 6999999999999999
186165151145147155164170167153132107 83 66 62 72 9612916720323024424423125 8 5TA 713170213024599999999999999 3141451348 6199999999999999
209182157141134139151166175172158133104 75 56 53 66 9413317621524125324825 8 6TA 819175221325399999999999999 4 41341443 5299999999999999
230201170145130128139159177186181161131 95 63 45 45 63 9814419022825025725 8 7TA 9 9186225125799999999999999 4381271532 4399999999999999
245219186155133123129149174193198187161122 81 50 36 41 6610916020623925625 8 8TA 951198232425899999999999999 5 81231616 3699999999999999
254234201168140124122138166193207207189153108 67 41 32 44 7712818122324925 8 9TA1028209235525799999999999999 5371201657 3299999999999999
257245216180149127118125151184209218211185142 94 56 36 34 55 9715320323825 810TA11 4218999999999999999999999 6 61171736 3399999999999999
255253230193157131115113132166200221225211177130 84 53 39 45 7412317922325 811TA 024257114422599999999999999 6351121815 3899999999999999
249257242209168134112102110139178211228228208169122 82 57 49 62 9915120225 812TA 051257122823099999999999999 7 61021855 4999999999999999
238255251225184143111 92 90107144185217232228205167124 89 70 67 8612617625 813TA 118256131923399999999999999 740 881938 6699999999999999
219246252237203159118 89 75 79105146188218232228206171134106 90 9111214925 814TA 148252141723399999999999999 817 742027 8999999999999999
192225242239217179135 97 71 62 7210214418521523022921118315312911611813525 815TA 221243152323299999999999999 9 0 62212511599999999999999
165197220228219194157117 83 60 55 68 9813817720822723022020017715614314125 816TA 259228164523199999999999999 949 54224214099999999999999
150169190204208198176144109 78 58 53 64 9112716619922323423322120218216625 817TA 3462081824235999999999999991049 53999999999999999999999
156155163174185188182165140109 81 61 53 60 8211515319122124024624022320125 818TA 454188195824699999999999999 03515412 3 5399999999999999
178160150149157168176176165145117 88 64 52 54 7210314418622224625725323525 819TA 629177211325799999999999999 2321481322 5199999999999999
208179155139136145161175180173155126 93 65 49 48 64 9714118722525226325725 820TA 75718022 926399999999999999 3441351434 4799999999999999
234202170143127128144166184191185164130 93 62 45 44 62 9914819423125526225 821TA 9 4191225226399999999999999 4301251535 4399999999999999
249220186155131120128153180198204194168127 87 58 43 45 6911216220623825525 822TA 955204232725799999999999999 5 51201624 4299999999999999
254232198165138120118137169197212214198163118 79 54 45 54 8613418322024325 823TA1036215235425199999999999999 53511617 4 4599999999999999
251238207172143121112122152187212223218194152107 74 55 53 7111216220523325 824TA1113223999999999999999999999 6 21121739 5199999999999999
246241216180146121107108131167202223228216184140100 73 61 67 9614218922425 825TA 015247115122999999999999999 6271051812 6199999999999999
243244225190152121102 96109141180212229229210173132 98 78 73 8912517121225 826TA 034246123123199999999999999 652 951845 7399999999999999
237245233203163126 99 86 89113151190218230225201165129102 88 9211515319525 827TA 054245131423199999999999999 720 851921 8799999999999999
226241237214176136103 81 76 8912116019622022922019516313311210511414017625 828TA 118242135922999999999999999 750 75195910599999999999999
209229233218188150113 85 70 73 9413016820022022521519316614312712413616125 829TA 143234144922699999999999999 821 69204312499999999999999
188210220215194162126 95 74 67 7710213717220121822221319517515714514415325 830TA 2 9220154822299999999999999 856 67213714399999999999999
171189201202191170141111 86 71 70 8310914117319821422021620318717216115725 831TA 23720317 222099999999999999 936 6923 015799999999999999
161170179183181171153130106 86 75 75 8811113916819321222322321420118617225 9 1TA 3111831830224999999999999991031 74999999999999999999999
162158160163165166161148130110 93 80 77 8610513216119021522923322721219325 9 2TA 433166194923399999999999999 1 81581147 7799999999999999
173156147145148155161163155140120 99 81 73 78 9512315719222223924423621725 9 3TA 641163205124499999999999999 25314413 9 7399999999999999
191164144132131141156170176170153128 99 75 62 66 8511715920023225025223825 9 4TA 8 1176213825399999999999999 3351311418 6299999999999999
212179149129120126145169188194186163128 91 63 51 56 8012116921324325825325 9 5TA 856194221725899999999999999 4 61201514 5099999999999999
230196160132116115132161190208211196164120 79 52 42 53 8513518722825325925 9 6TA 940212224925999999999999999 43411316 1 4299999999999999
244211172139116107117147183212226222198156108 68 46 42 6010215720724125725 9 7TA1018226231725799999999999999 5 11071643 4199999999999999
252225184145118102103127166205230237226193144 97 64 48 51 7912918422624925 9 8TA1055237234225599999999999999 5281001722 4799999999999999
254235197153118 97 91104139185222241243224184134 93 67 58 7010615920824025 9 9TA1135245999999999999999999999 554 9118 0 5899999999999999
251242211165122 93 79 81107151198232247244219177132 98 78 75 9413518522425 910TA 0 5251122024899999999999999 623 771841 7499999999999999
245245223182134 95 70 63 75110159205236249243216177138111 96 9712016020225 911TA 030248131125099999999999999 656 631926 9499999999999999
231241230200155108 73 53 52 7211316220623624824121718415212911712014217625 912TA 1 024114 924899999999999999 735 50201811699999999999999
207226227210176132 91 60 45 48 7311416020223024323922219617014913814015625 913TA 134229151724499999999999999 820 44212113799999999999999
179200211207188157119 84 58 46 51 7511115319222123724023021119017015715325 914TA 215211164124099999999999999 912 46225215399999999999999
159172184190186171148118 89 66 55 58 7610614217920923124123922720818716825 915TA 3 91901819242999999999999991018 54999999999999999999999
156152156163169171164149128103 81 67 64 74 9712916520022724424823922019525 916TA 442171194824899999999999999 0581521144 6399999999999999
169149138137145157166168161145121 96 76 66 69 8611715619522724825524522225 917TA 645169205625599999999999999 2361361317 6699999999999999
191161136121122136156173182179163136105 80 65 63 7911215519723025125624225 918TA 817182214625799999999999999 3291201435 6299999999999999
212177144119108116140167189200196176143106 78 61 60 7911816420523625225025 919TA 919200222325499999999999999 4 71081534 5899999999999999
227191155125105102122155186208216208179139101 74 60 64 9113518121724124825 920TA10 3216225224899999999999999 4371011619 5999999999999999
234201164131106 95106137176207225227209172129 94 71 64 7711416020122924225 921TA1039228231324299999999999999 5 4 951655 6499999999999999
236209170134107 91 93118158197224235229201159119 90 74 7610014318721923625 922TA1111236232923899999999999999 526 891726 7299999999999999
236215177138107 87 82 98135179214235239223188147112 90 83 9512917221023125 923TA1144240234523699999999999999 547 821756 8399999999999999
236221187145108 84 73 80110153196226240236212175139111 96 9711915719622425 924TA1218241999999999999999999999 6 8 731827 9499999999999999
234225197156115 84 67 66 8612517020823324122920116713611510711614318021025 925TA 0 4234125524199999999999999 632 6419 110699999999999999
227226206169127 90 66 57 67 9814118421723623722119316313812212013516319325 926TA 026229133523999999999999999 659 57193911999999999999999
213219208180141102 72 55 56 7611215519422223523221519016414413313515017425 927TA 051220141823699999999999999 729 53202213299999999999999
195206203185155119 86 63 54 62 8812516519922223222721119016915214314615925 928TA 11920715 923299999999999999 8 2 54211614399999999999999
175188191183164136106 79 63 60 72 9913316919921922822521319517616115215125 929TA 149191161522899999999999999 842 59223515199999999999999
158167173173166150128104 84 71 70 8110313416519321422622721820318516815525 930TA 231174173722899999999999999 937 69999999999999999999999
148148153157159157148133114 96 82 77 831001261561862112282332272121911692510 1TA 4 4159185623399999999999999 02614811 0 7799999999999999
149137134137146155161159148130110 90 78 78 901141461822132342412352161892510 2TA 61716120 124199999999999999 1571341233 7699999999999999
161137122119127144163176178169148120 92 73 67 781041421842202432492382122510 3TA 741179205224999999999999999 2461181350 6799999999999999
177144119106108127155182198201188159121 87 64 58 701021481952312502502312510 4TA 840202213225299999999999999 3211051452 5899999999999999
195155121100 93106138175205221220199161116 80 58 54 721131642102402522422510 5TA 92622322 525299999999999999 352 931542 5399999999999999
211167126 98 83 87114157199228239231201155109 76 59 60 871341862252452452510 6TA10 8239223124899999999999999 419 821626 5799999999999999
222180133 96 75 71 88128179220245250235197148106 79 67 761111612062342422510 7TA1048251225424299999999999999 445 7017 7 6799999999999999
229193143 98 69 57 63 94145198235255254232190144109 88 82 991381852202362510 8TA1130257231723799999999999999 512 561748 8299999999999999
232206160108 69 47 44 611031592102432582532271861471181021021231622012252510 9TA1217259234523199999999999999 542 431832 9999999999999999
230215179129 81 48 32 36 64112168215245258250224188155131118120143176206251010TA13 8258999999999999999999999 619 31192211699999999999999
221217194154106 64 36 26 36 69118170214242254247224195166144132135154179251011TA 01922114 725499999999999999 7 2 26201913199999999999999
200208200175137 94 58 35 29 42 75120168208236248244227203178156143143155251012TA 1 0208151524899999999999999 750 28213014299999999999999
172186190181160129 94 64 44 40 52 80120162199226241243231211187165149143251013TA 150190163624499999999999999 847 3923 414399999999999999
147157167172167153131104 79 62 55 63 84115152187216235242235218194169149251014TA 3 2172175924299999999999999 958 55999999999999999999999
136133139148157161156143123101 82 71 71 84109141177208231242238221195166251015TA 458161191524299999999999999 0471331129 7099999999999999
140122116121135152164168162146123100 83 76 82101133171205230242238219188251016TA 654168201624399999999999999 2 211613 4 7699999999999999
155125105 99109132157177187184167140111 88 76 78 98133172207231241233207251017TA 81718721 424199999999999999 252 991422 7599999999999999
171135106 88 88108140172196207202180147114 88 75 79102141181213233236219251018TA 914208214123799999999999999 330 861520 7499999999999999
186146112 86 76 87119158193216224213183145111 87 76 86117158195221232224251019TA 95722422 723299999999999999 4 1 7616 4 7699999999999999
195156117 87 70 71 97138181214233234213176138107 87 83102139178208224223251020TA1033236222722699999999999999 427 681641 8299999999999999
202164122 89 67 61 77115161202230242233204165130104 91 97125163197217221251021TA11 6242224422299999999999999 449 601713 9099999999999999
206172129 91 65 53 61 92138184220241243225191154125105101117149184209218251022TA113724523 221899999999999999 5 9 53174410099999999999999
209181139 97 66 48 49 71112160202231244237212178146122110114138170198212251023TA12 9244232221499999999999999 530 46181610999999999999999
210189152108 71 48 41 53 87133180216237241227199168141123117129155183203251024TA1242242234720899999999999999 553 41185011799999999999999
207194164123 83 53 38 42 65106153195225239236216189162139125126142166188251025TA1318240999999999999999999999 620 37192812399999999999999
199195174140100 65 43 37 49 81125169206230238229209183158138129133149170251026TA 015199135723899999999999999 651 36201212999999999999999
185189179154120 85 57 41 42 61 96139180212231235224204180157139132137150251027TA 049189144423599999999999999 728 3921 613299999999999999
166176176163140110 80 57 46 52 73107147184213229232222203180158141133135251028TA 130177154223299999999999999 811 46221613399999999999999
145157164164154135110 85 65 57 62 81111147182209226231223205182159140129251029TA 226165165223199999999999999 9 9 57233812799999999999999
128134145154157153140120 98 79 69 69 83109142176205225232226208183157134251030TA 35915718 2232999999999999991026 67999999999999999999999
119115121134149159162155139117 94 78 72 80102134170203226235229209179147251031TA 54816319 523599999999999999 0521151155 7299999999999999
120103 99109129153172181177161135106 83 71 75 951281692052292372282021662511 1TA 713181195823799999999999999 147 991316 7199999999999999
129100 84 84102133166192204201181148112 84 70 72 921301752112332362191842511 2TA 818205204023799999999999999 230 821424 6899999999999999
141102 76 65 74104146187215227221194155115 85 71 74 991421862182322272002511 3TA 911227211523399999999999999 3 5 651521 6999999999999999
156109 73 52 50 71114165208235245233199155116 89 77 841151591992222272102511 4TA 958245214322799999999999999 336 491611 7699999999999999
171120 75 45 33 42 76130185226250255236198155120 96 881011361772092212142511 5TA104325622 922299999999999999 4 6 331657 8899999999999999
186138 85 45 23 21 41 871462002382582572341951561251061021201551912122142511 6TA1128260223821699999999999999 438 19174310199999999999999
197159107 57 24  9 16 46 991592092432592542291931591331161161361681962092511 7TA1217260231220999999999999999 513  9183111499999999999999
203178135 84 40 13  4 18 551091662132442562492251931631391251271461721932511 8TA13 9257235420099999999999999 554  4192312399999999999999
200189161118 72 34 11  8 25 641161692122402522452231941661421291311471682511 9TA14 7252999999999999999999999 641  7202312899999999999999
184187176149111 70 38 19 18 37 73121169209235246240221194166143129129140251110TA 04418815 924699999999999999 733 16213212799999999999999
158171174165143112 78 50 34 34 50 82124167203229240236219193165140124121251111TA 147175161524099999999999999 832 32224712199999999999999
129143157163159144121 93 69 54 52 64 90125163197222234231215189160134116251112TA 3 9163171923599999999999999 941 51999999999999999999999
109114128144156159153136114 92 76 69 76 95125159191216228226210183152123251113TA 452159182122999999999999999 0 110911 2 6999999999999999
103 94 99115136155166167156137115 95 84 84 98123156187211223220202173139251114TA 633168191822499999999999999 1 7 941229 8299999999999999
108 86 78 86108137163180186178158133109 93 89 99123156187209218212190156251115TA 75618620 721999999999999999 2 1 781350 8899999999999999
119 88 69 65 80110146178199206197173143116 97 91101127160190208213200171251116TA 857206204721399999999999999 243 641455 9199999999999999
132 95 67 52 57 82122163197218223208179146117 98 93107137169194207203181251117TA 944224211820799999999999999 318 511546 9399999999999999
144104 70 47 42 58 95141184216234232210177143115 98 99119150179198201187251118TA1024235214320299999999999999 347 411628 9699999999999999
155114 75 47 34 41 70115163204231241230203168136112102110135165188197190251119TA105924122 619799999999999999 412 3317 410299999999999999
165126 84 50 31 29 49 89138184220239240221190158129111109125151177192191251120TA1131242222919499999999999999 436 27173810799999999999999
173138 96 58 32 23 34 66112161202229240231207177147124113118139164184190251121TA12 2240225419099999999999999 5 0 23181011299999999999999
179152112 71 39 22 24 46 86135180215234235219193164138120116128150172185251122TA1234237232318699999999999999 526 20184411699999999999999
183164130 89 52 28 19 31 62108155196223234228208180153130118120136157175251123TA13 7234235718199999999999999 556 19192211799999999999999
181172147111 72 41 23 23 42 80126172208229233221198170144124116122139159251124TA1345234999999999999999999999 630 2020 411699999999999999
173175161134 98 62 35 23 30 55 95142185216232231216191162136119114122139251125TA 036176142723499999999999999 710 23205311499999999999999
158169167152125 92 60 37 30 40 67108153193221233229212185155130114110118251126TA 125170151623499999999999999 756 30214911099999999999999
135153163162148124 94 65 46 40 51 77116159196221232227207179149123107102251127TA 225164161023299999999999999 851 40224910299999999999999
111128146158161151132105 79 60 53 62 85120160195219229223202172140113 95251128TA 34216117 722999999999999999 958 532350 9199999999999999
 91100119140158166162147124 98 77 67 71 89120157191215225217195162127 98251129TA 51216618 4225999999999999991115 67999999999999999999999
 79 75 87110139164179181169147119 94 80 78 91119155189212219209184147108251130TA 639181185721999999999999999 045 751237 7799999999999999
 77 59 58 74106143176197203193169138109 90 84 931191551882082121981671242512 1TA 754203194421399999999999999 135 561355 8399999999999999
 82 52 37 42 66108154192217225214187151120 97 88 971241591892052031831442512 2TA 857225202420799999999999999 218 3715 3 8899999999999999
 96 54 27 18 30 65116168209235242228196159127104 941041331671922011921632512 3TA 95124221 120199999999999999 258 1816 1 9499999999999999
117 67 28  6  4 26 711281832232472502321991621311091021151441751941951782512 4TA1041252213619799999999999999 336  3165310299999999999999
142 91 42  8 -8 -2 28 801411942312522512301961621331141101261541801931882512 5TA1129254221319399999999999999 415 -8174210999999999999999
164122 71 25 -4-13  0 36 921512012352512472241921591331171161341611821892512 6TA1219252225618999999999999999 456-13183211499999999999999
179151107 58 17 -7-11  7 471031592052352472412171851551301171191371621802512 7TA13 9248234518599999999999999 542-12192311599999999999999
184171142 99 53 17 -3 -3 18 601131662072342432332091781481241121171351592512 8TA1359243999999999999999999999 631 -5201611299999999999999
175178165136 97 56 24  8 11 33 731241722092322372251991681381161051111292512 9TA 041178144923899999999999999 723  7211010599999999999999
152167171160135100 64 37 24 28 50 88134178210229231216188156127105 96102251210TA 145171153723299999999999999 817 2322 5 9699999999999999
121143159165158138109 78 55 44 48 69103144181209223221204176144115 93 85251211TA 259165162422499999999999999 916 4423 2 8599999999999999
 92111133151161160145123 98 78 67 70 87115149181204214210191163131102 81251212TA 4211621713215999999999999991020 67999999999999999999999
 74 81100124147162166158142121102 90 89100122150177196204198178149117 88251213TA 55016618 320499999999999999 0 0 741135 8899999999999999
 68 62 70 91120148169179176163143123108102107124147171188193185164134101251214TA 719179185519399999999999999 056 6113 210299999999999999
 72 53 49 61 87122155181196196183162138119108109122144166181184173149116251215TA 832198194418499999999999999 146 49142610799999999999999
 82 54 39 39 57 91131169198213213197172144121108108122144164176176160132251216TA 928215202717899999999999999 229 37153010699999999999999
 96 62 37 26 34 61102147186215227222201172142118105108125147166174167145251217TA101222821 517499999999999999 3 5 26161910499999999999999
111 74 41 22 20 37 73119165203227233221196164134112104112132154169170156251218TA1050234213717299999999999999 338 18165910499999999999999
127 89 52 25 13 20 48 91139183216233231212183151124107106120142162171165251219TA112323422 817199999999999999 4 8 12173410599999999999999
143107 68 34 13 10 28 64112159199224232221198167138115106112131153169171251220TA1155232223917299999999999999 438  918 610599999999999999
157127 88 49 20  7 14 41 84133178210227226209181151125109106120142163173251221TA1226229231217399999999999999 510  7183810599999999999999
168146111 70 33 11  6 22 57105154194219228219195165136114104109127151169251222TA1258228234917499999999999999 544  6191210499999999999999
174162135 96 55 23  7 10 34 75126173208226227210182150123105100111133157251223TA1331229999999999999999999999 621  6194910099999999999999
172172156124 84 45 18  9 18 48 94146190220231224201168136110 96 96112137251224TA 03017414 723199999999999999 7 1  92030 9499999999999999
160172169150117 77 42 20 16 31 65113163203227232218189154121 97 86 91111251225TA 118173144523299999999999999 744 152113 8699999999999999
138161171167147115 79 48 30 29 47 83130176210228227207175138106 84 76 84251226TA 213172152623099999999999999 833 272159 7699999999999999
107135159170167150122 90 62 47 48 65 99141181210222216193159122 90 69 64251227TA 319171161022299999999999999 929 452250 6499999999999999
 75100130156171172160137109 85 70 69 83110146179203211202178143105 73 54251228TA 4371731658211999999999999991035 682344 5099999999999999
 50 63 90123154175183177160135111 94 89 96116144172192197187162127 88 56251229TA 6 51831751198999999999999991157 89999999999999999999999
 37 34 49 79118155183197198185161136115103103116139164181186175149111 71251230TA 732200184718699999999999999 040 33133210199999999999999
 37 20 19 37 72116160193214218207184156131113107115135157173175162134 94251231TA 848219194017699999999999999 133 17145810799999999999999
