 -9-11  7 42 87132168188188170142113 93 87 96118146170183179156119 74 3225 1 1TB 729190181618499999999999999 035-131254 8699999999999999
  0-14 -8 17 58105148178190182158127100 84 84 99124153175183174146106 6225 1 2TB 8 4190185918399999999999999 113-141331 8299999999999999
 22 -4-11  3 34 77122160183187171144113 89 79 84102129156174178164134 9425 1 3TB 840188194317999999999999999 151-111411 7899999999999999
 53 20  1  2 21 55 97138169183179159130101 81 75 8310412915316816815312425 1 4TB 916184203217099999999999999 229 -11455 7599999999999999
 87 52 26 15 21 44 78116150172179168145117 91 75 72 8110012414515715714225 1 5TB 952179212815999999999999999 3 8 151545 7199999999999999
117 86 58 40 35 46 68 99131157172171157134107 84 70 67 75 9211313214414525 1 6TB1030173223714699999999999999 349 351644 6799999999999999
135116 93 73 61 60 71 91116141159168164148125100 78 64 59 65 79 9811713125 1 7TB1110168999999999999999999999 434 591756 5999999999999999
137133122106 93 84 84 92107126145158163157142121 96 73 56 48 51 63 8210325 1 8TB 0 5137115916399999999999999 532 831915 4899999999999999
122134137134124114106103107117130144155159155141119 93 67 46 35 34 46 6725 1 9TB 15713713 015999999999999999 6561032031 3399999999999999
 92117136147149143132122115113119129142153159156143120 90 60 34 19 18 3125 110TB 341150141215999999999999999 8401132136 1799999999999999
 55 86118145161165158144129117112115126141155163161147120 86 50 21  4  425 111TB 45016515211649999999999999910 51122232  299999999999999
 20 50 88126157175177166147127112106110124143160170167149117 78 38  8 -825 112TB 53917816181719999999999999911 41062321 -999999999999999
 -5 16 53 97139170185182165141117102 98106125148168177171148111 67 26 -425 113TB 62018617 8177999999999999991148 98999999999999999999999
-16 -7 22 64111153181190179156127104 91 92107130156175181170141 99 54 1425 114TB 656190175218199999999999999 0 5-161225 8999999999999999
-11-16  1 36 82130167187187168140111 90 82 90111138164180180162128 84 4025 115TB 728190183118299999999999999 044-171258 8299999999999999
  6-11 -7 17 58105148178187177152121 94 78 78 93118146169179172149112 6925 116TB 75818719 817999999999999999 119-121330 7699999999999999
 30  4 -3 10 42 85129163182180161132102 80 72 79 99125151168172159132 9525 117TB 825183194417299999999999999 151 -314 1 7299999999999999
 56 26 11 14 35 71112148172179167142112 86 71 71 8310513015116216014311525 118TB 850179202116399999999999999 220 101434 6999999999999999
 81 51 30 26 38 64 99134161174170151124 96 76 68 72 8710812914515114512725 119TB 91517521 015199999999999999 247 2515 9 6899999999999999
101 75 53 43 47 64 92122149166169157135109 86 71 68 74 8910712413513813125 120TB 940169214713899999999999999 314 431550 6799999999999999
115 95 77 64 62 71 89114138156163159143121 99 80 70 68 74 8610111512412625 121TB10 7164224912699999999999999 343 621642 6899999999999999
121111 98 87 81 83 93109127144155156148132113 93 78 69 67 71 80 9110411325 122TB1039157999999999999999999999 417 811752 6799999999999999
118118114108103100102108119132143149148140126109 92 77 66 61 62 69 80 9325 123TB 030119112314999999999999999 5 81001921 6199999999999999
106117123125123119115114116122130138143143137125109 91 74 59 51 50 56 6925 124TB 256125122914499999999999999 6571142040 4999999999999999
 87105122134139138132124118115118125134141143139128110 88 66 48 36 35 4325 125TB 418140135514399999999999999 8581152139 3499999999999999
 61 85111134149155150139125114109111121133144150146132110 82 54 31 19 2025 126TB 5 115515 81509999999999999910 91092228 1899999999999999
 34 59 91124150166167156137118104 99105120138154161155136105 70 37 13  225 127TB 53616816 4161999999999999991055 992310  299999999999999
  8 29 63103141168179173154128105 91 90103125149167172162135 97 55 19 -525 128TB 6 81791652173999999999999991133 892349-1199999999999999
-11  2 33 76121160183187171144113 89 78 84104133162180182164129 84 39  225 129TB 64018817361839999999999999912 9 78999999999999999999999
-17-16  6 46 95142178193187161127 94 72 68 82110144174190186161119 70 2425 130TB 711194181919199999999999999 027-201244 6799999999999999
 -9-21-11 21 67118163190195178145106 75 59 62 84118154182193183152106 5725 131TB 74219619 219399999999999999 1 3-211320 5899999999999999
 15-10-13  6 45 94142179195189162123 85 58 49 60 88124159184189173139 9425 2 1TB 812196194619099999999999999 138-151357 4999999999999999
 49 15  0  6 33 74121161187191174141102 67 47 45 61 9112715917817816012625 2 2TB 842192203218199999999999999 213  01436 4399999999999999
 85 49 26 21 35 65104143173186179155120 83 55 41 45 63 9212515116516314525 2 3TB 910186212216699999999999999 245 211519 4199999999999999
116 84 59 47 50 68 96129157175177163136103 72 50 41 46 64 8911613814914725 2 4TB 938178222114999999999999999 318 4616 7 4199999999999999
133112 92 77 73 80 98120143161169164147122 94 68 51 43 47 61 8110212113225 2 5TB10 7169234213499999999999999 351 7317 9 4399999999999999
134127117106100100107119133147156158151136116 93 71 55 46 45 53 67 8610425 2 6TB1043158999999999999999999999 431 991834 4499999999999999
118127130129125122121123128134141146147143133118 99 78 59 45 38 41 52 7025 2 7TB 2 8130114514799999999999999 5541212013 3899999999999999
 91111128140145144139133127125126130136141142138127108 84 60 39 27 26 3725 2 8TB 419145135114299999999999999 9131252134 2599999999999999
 58 85114138154161157146132120113113119130142150149138115 86 54 29 14 1325 2 9TB 5 616115281519999999999999910331122232 1299999999999999
 28 55 89124153170172161142122106 98101114132150161161145117 80 44 15  125 210TB 5391731628163999999999999991113 982318  199999999999999
  5 26 61103141169181175155129104 88 85 95115141162174169147111 68 30  325 211TB 6 81811713174999999999999991145 852356 -699999999999999
 -6  6 36 78123161183184168139109 84 73 77 96124153175182169139 97 53 1625 212TB 6351861752182999999999999991214 73999999999999999999999
 -4 -4 17 56102146177188178152118 86 67 63 77104137166183182161124 79 3725 213TB 7 1188182718599999999999999 029 -71242 6399999999999999
  8 -3  9 40 84130167187185163129 93 66 55 61 84116150175185175146105 6225 214TB 72418919 018599999999999999 059 -313 9 5599999999999999
 27  8  9 32 70115155181187172141103 71 52 50 66 95129159178178160127 8725 215TB 745188193318099999999999999 125  61336 4999999999999999
 50 25 18 32 62103143173185177151115 80 55 45 53 7510613816317316514210925 216TB 8 618520 517399999999999999 150 1814 3 4599999999999999
 74 46 33 38 60 94132163180179159127 92 63 46 46 60 8611514215916214912525 217TB 825182204016299999999999999 214 331432 4499999999999999
 95 69 52 50 64 90122152172176164138106 75 54 46 51 69 9411913915014713325 218TB 845176211915099999999999999 237 4915 4 4599999999999999
112 90 73 67 73 91115141161169164145118 89 66 52 50 59 76 9711713113713325 219TB 9 716922 613799999999999999 3 0 671540 5099999999999999
122107 93 86 87 96112132149159159148128104 82 65 56 57 65 78 9410811912425 220TB 930160231812599999999999999 324 851628 5599999999999999
123118110105103106114125137146150146134118 99 82 69 62 60 64 73 84 9610725 221TB 959150999999999999999999999 3521031745 6099999999999999
115120122121120120121123128133138139136128116102 88 74 64 58 57 61 71 8425 222TB 217122104913999999999999999 4591201942 5699999999999999
 99113125134137136132127123122123127131133130123111 95 77 60 48 42 45 5725 223TB 417137125913399999999999999 8531222110 4299999999999999
 75 97120139150153147136123113109112120130139142136122100 74 49 32 24 2925 224TB 44815314531429999999999999910 510922 7 2499999999999999
 46 73104134157168165150130110 97 94103119138153158151130 99 64 33 13  725 225TB 5161681557158999999999999991044 942252  799999999999999
 18 43 80120155177181168143114 90 78 81 99125152171176163133 92 50 16 -425 226TB 5441821647176999999999999991118 782331 -699999999999999
 -4 15 52 97143177192186161125 91 67 61 73101136169189189168129 81 35  225 227TB 6121931731192999999999999991151 61999999999999999999999
-13 -4 26 71122167195199179143101 65 46 48 70108150184202195166120 69 2425 228TB 640200181520299999999999999 0 8-131225 4499999999999999
 -4 -9  9 48 99149187204194162118 74 42 30 41 73117162194206193157109 5925 3 1TB 7 8204185820699999999999999 044-1013 0 3099999999999999
 21  2  7 35 79129173199201178138 90 49 24 21 42 80126169196201182144 9825 3 2TB 735203194220299999999999999 118  11336 2099999999999999
 56 28 20 35 68112155187199188155111 65 31 15 21 48 8813216818818716613125 3 3TB 8 1199202719099999999999999 150 201413 1599999999999999
 92 61 45 48 69102140172190188167130 88 49 24 16 28 56 9313015917316914925 3 4TB 826192211617499999999999999 221 441453 1699999999999999
121 93 74 69 79101130157176181170145110 74 44 27 25 38 63 9312214415415025 3 5TB 850181221215499999999999999 250 691538 2499999999999999
136118102 94 96108125145161169165151127 99 71 50 38 37 46 65 8710912613525 3 6TB 914169233513699999999999999 318 941635 3699999999999999
136130123117115119127137147153154148136119 99 79 62 51 47 50 60 76 9310925 3 7TB 939154999999999999999999999 34711518 4 4799999999999999
122129133134134133133134135136138137135130121108 93 77 62 51 47 51 62 7925 3 8TB 3 5134102813899999999999999 54613320 0 4799999999999999
 98117133144149148143135127122120121126131134132123108 87 65 48 38 39 5125 3 9TB 42214914121349999999999999910 41202125 3799999999999999
 71 97123144158161155141125112103103110122136146147137117 89 61 38 27 3025 310TB 44916215391489999999999999910341022220 2699999999999999
 46 73106137161171168152129107 91 85 91107128149162161146117 83 50 27 1825 311TB 51417216291639999999999999911 1 8523 0 1899999999999999
 27 51 86124157176178164138109 85 71 72 87113141165176169145109 70 37 1725 312TB 53818017 8176999999999999991126 702334 1499999999999999
 16 34 67108147175186176150116 84 63 57 68 93126158180184168136 95 55 2625 313TB 6 01861743185999999999999991151 56999999999999999999999
 15 24 51 92135170188185162127 90 60 46 50 72106143174189184159120 78 4225 314TB 622189181619099999999999999 0 4 151217 4599999999999999
 22 22 42 78122161186190173139 99 63 41 37 53 84123160184190175143103 6425 315TB 642191184719199999999999999 031 191242 3699999999999999
 37 28 40 69110150180191181151111 72 42 30 37 63100139171187183161125 8725 316TB 7 1191191918899999999999999 056 2813 7 3099999999999999
 56 40 43 65100140172189185162124 84 49 29 28 46 7811615217618217014310925 317TB 720190195118399999999999999 120 391333 2699999999999999
 77 56 52 66 94129162182185169137 97 61 35 26 35 60 9312915717217115412725 318TB 738186202517499999999999999 144 5214 0 2699999999999999
 98 75 66 72 92121151173181171146112 76 47 32 32 48 7410613515516315613825 319TB 75818121 116399999999999999 2 7 661428 3099999999999999
115 94 82 82 94115140161172169152124 92 63 43 37 43 61 8511113314714914125 320TB 818173214315099999999999999 231 8015 0 3799999999999999
127111 99 95100114131149160162153133107 81 60 48 46 54 70 8910912513413625 321TB 840163224413799999999999999 255 951540 4699999999999999
131123115110111117126138147151148137120100 81 66 57 56 61 71 8510011312325 322TB 9 7151999999999999999999999 3251101643 5699999999999999
128130128126125124126130134137139136129117104 89 76 66 60 59 64 74 8710225 323TB 055130 95113999999999999999 4351241838 5999999999999999
116128137141141137131126122122124127130130125116103 86 70 57 50 51 59 7525 324TB 328141122913099999999999999 8421212026 4999999999999999
 96118138151157153143128115106105111121132141142133116 93 68 47 36 35 4725 325TB 4 6157143714299999999999999 9411042131 3499999999999999
 70 99129155170171159137114 95 85 88102122144159162151126 93 60 34 21 2425 326TB 4351721544163999999999999991017 852220 2099999999999999
 42 74112149176186178153121 90 69 63 74 99131161180182164130 89 50 22 1225 327TB 5 31861635184999999999999991050 6323 2 1299999999999999
 21 49 89134172194194173136 95 61 43 45 67103145181199196170128 81 41 1625 328TB 5311971721201999999999999991124 412341 1199999999999999
 12 30 67113159193205191157110 65 33 21 33 66113160197212201169122 75 3825 329TB 55920518 62129999999999999912 0 21999999999999999999999
 19 24 51 93141182206204177132 81 36 10  7 30 72124172205214198161115 7125 330TB 626208185121599999999999999 018 181236  599999999999999
 42 33 47 80123167197207191154104 53 15 -3  4 35 8213417820520718715010825 331TB 653207193620999999999999999 053 331313 -499999999999999
 74 55 56 76111150183201197171128 78 34  4 -4 11 45 9113817619519217113925 4 1TB 720202202319699999999999999 127 531351 -499999999999999
106 82 74 83106137167188193179147105 61 26  6  5 24 57 9813716617917415625 4 2TB 746193211317999999999999999 159 741432  399999999999999
131109 96 96108129152172181176157127 91 56 30 18 21 39 67 9913015116015725 4 3TB 811181221216099999999999999 231 941518 1799999999999999
144129117112116127141155165166157139114 87 62 44 35 38 51 71 9511813514425 4 4TB 837166233514599999999999999 3 41121617 3599999999999999
145140133128127129135141146149147140128112 94 76 62 53 51 57 70 8810612225 4 5TB 9 7149999999999999999999999 3511271743 5199999999999999
134141143142139136133131130130131132131127119108 93 78 65 57 57 65 80 9825 4 6TB 2 614311 613299999999999999 8171301930 5699999999999999
117134146152151146136126117112111116123131135133123107 87 69 56 53 59 7525 4 7TB 327152141413599999999999999 9341112051 5399999999999999
 97121142157162157144127110 97 92 96108124139148148136114 89 66 51 48 5725 4 8TB 4 116215271499999999999999910 3 922145 4799999999999999
 78105133157169169156133109 88 76 76 88109133153163159141114 83 58 45 4625 4 9TB 4281711614164999999999999991030 752226 4399999999999999
 62 89121152172178168144114 85 66 59 68 90119148169176165139106 74 51 4225 410TB 4521791652176999999999999991056 5923 0 4299999999999999
 51 75108143171184179157124 89 61 46 49 68 99135166183182163131 95 64 4725 411TB 5141851727185999999999999991121 452330 4599999999999999
 47 64 95132165186187169136 97 62 39 34 47 77116154181191182155119 83 5825 412TB 53518918 1191999999999999991147 332359 4999999999999999
 49 59 85121157183192180150110 69 39 25 30 55 92134170191192174142105 7525 413TB 5551921833194999999999999991213 24999999999999999999999
 58 59 79111147177192187162124 81 45 23 19 36 69111152181193186161127 9425 414TB 61519219 619499999999999999 026 561239 1899999999999999
 72 65 76102136168188189172138 96 56 27 16 24 49 8712916418518817314611425 415TB 636191193918999999999999999 053 6513 6 1699999999999999
 88 75 78 97126156179188177150112 72 39 20 19 36 6610514116918217715813125 416TB 657188201318299999999999999 119 741333 1799999999999999
106 88 84 95117145168181178159127 90 55 31 22 29 51 8311714716717216314425 417TB 720182205117299999999999999 145 8414 3 2299999999999999
122103 95 98113134156170174163139107 75 48 33 31 43 66 9412314615916015025 418TB 744174213516199999999999999 213 941437 3099999999999999
135119108105112126143157164161146123 95 69 50 41 43 55 75 9912113914915025 419TB 811164223415099999999999999 2451051519 4099999999999999
143132123117117122132143150153147134114 93 73 58 51 52 61 77 9611513114125 420TB 848153999999999999999999999 3301161621 5099999999999999
145143138131126124125129134138140137129116100 83 69 60 57 61 72 8810712525 421TB 0 8145 95614099999999999999 5131241755 5799999999999999
139148151148141132123117116119125131135134127114 97 79 64 56 55 64 8110325 422TB 157151122113599999999999999 7481161931 5499999999999999
125145159163158145128112100 97102113128141148145132111 86 65 51 48 57 7825 423TB 258163141314899999999999999 854 972043 4799999999999999
105134159174175163141114 90 76 74 86107133155167165149121 90 62 45 43 5625 424TB 337176152216899999999999999 937 732138 4299999999999999
 82116150176188182159126 90 62 49 53 74107143173188184161127 90 59 43 4425 425TB 4101881618188999999999999991015 482226 4199999999999999
 63 95134170193197180145102 61 33 25 38 70113157190204196168129 89 59 4725 426TB 44219817 8205999999999999991054 252310 4699999999999999
 53 78115156188204197168123 74 32  8  7 30 71122170203214201169128 89 6425 427TB 5122051757214999999999999991132  42351 5699999999999999
 57 69 99138176201206188148 97 47  9 -9 -1 30 78132179209215198164125 9125 428TB 5432071845216999999999999991212 -9999999999999999999999
 72 72 91123159190206199171126 74 27 -5-14  1 38 8814018320720818815612225 429TB 614206193321099999999999999 030 701253-1499999999999999
 96 85 91113143174196200185151105 57 17 -7 -9 11 49 9714418019719517614825 430TB 645201202219999999999999999 1 9 851335-1199999999999999
121103 99110131157179191187167132 90 49 18  2  5 27 6210414317118417916325 5 1TB 717192211318499999999999999 146 991420  199999999999999
141122112113124142161175179170149118 84 51 28 18 23 43 7310813916016916525 5 2TB 751179221016999999999999999 22511115 9 1799999999999999
153138125120122131144155163163154136112 85 61 43 36 41 57 8110813315015825 5 3TB 830164231815899999999999999 31112016 6 3699999999999999
156148138130126126130136143147147141130113 94 75 60 53 55 67 8510712814325 5 4TB 930147999999999999999999999 4251251717 5399999999999999
152153149141133126122121123126131135135130120105 89 75 65 64 72 8710712625 5 5TB 041153113413599999999999999 6551211837 6499999999999999
142153156152144132120111106106111120130136137131118101 84 72 69 75 8910925 5 6TB 157156133813899999999999999 8281051951 6999999999999999
130148159162156142125107 94 88 90100116132144148142127107 88 74 71 78 9425 5 7TB 248162145514899999999999999 913 872050 7199999999999999
117140158168167155134110 88 74 71 79 96119141157160152133109 87 74 73 8325 5 8TB 324169154816199999999999999 947 702138 7299999999999999
104129153171176167146118 89 67 56 58 75101130156170171157133106 85 74 7725 5 9TB 3531761631173999999999999991018 552218 7399999999999999
 92117145169181178160130 96 66 46 41 53 78112146171182177157129101 82 7625 510TB 4201821710183999999999999991047 412254 7699999999999999
 85106135162181185172144108 71 43 30 34 55 89128163185190177152121 96 8125 511TB 4451861746190999999999999991116 292328 7999999999999999
 82 97124153178189182159123 83 48 26 21 35 65105145177193191171143113 9125 512TB 5 91891821195999999999999991145 21999999999999999999999
 84 91113142170187188171139 99 59 30 16 21 44 8012316118719518516113210525 513TB 534190185619599999999999999 0 0 841215 1599999999999999
 90 90105130159181190180154116 76 41 19 14 28 58 9813917219019117514912125 514TB 6 0190193119399999999999999 031 881245 1399999999999999
101 93100120146171185184166134 95 57 29 15 19 40 7411315017618718116213725 515TB 62618720 818799999999999999 1 1 931317 1599999999999999
114100 99112134158176183173149115 78 46 25 19 30 55 8912515617518017015025 516TB 655183204718099999999999999 133 981351 1999999999999999
128111104108123144163175174160133101 68 42 28 28 43 6810013215717117116025 517TB 728176213217299999999999999 2 71041429 2699999999999999
143125113110116130147161167163147122 93 65 45 35 39 54 7810713415516516525 518TB 8 6168222616699999999999999 2481091514 3599999999999999
155140126116115120131144154157153139117 92 69 52 45 49 62 8410913415216225 519TB 858157233016399999999999999 3441141611 4599999999999999
162154141128119115117124134143148146137120100 79 63 55 56 68 8711013415225 520TB1018148999999999999999999999 5101151721 5499999999999999
163165157144129116107105110120132142146143131113 92 74 63 62 71 8911213725 521TB 03916512 514699999999999999 6481051838 6199999999999999
157169171162145124105 91 86 91105123141153155146129106 85 70 66 74 9211725 522TB 140171134315599999999999999 759 861950 6699999999999999
144165178178164141112 86 68 63 71 91118145164171164145119 94 76 71 79 9925 523TB 229179145917199999999999999 853 622054 7199999999999999
126154177187182162129 93 62 42 40 54 82118153178188180158129101 82 77 8725 524TB 31118816 318899999999999999 939 382150 7799999999999999
109138168189195182153112 70 36 18 20 42 79123163192201192167135106 88 8525 525TB 3501951659201999999999999991024 172242 8499999999999999
 97122153181198197177139 93 48 14  0  8 36 80129173202210197170137110 9425 526TB 42820017522109999999999999911 9  02330 9299999999999999
 94109136166192203195167123 74 30 -1-10  3 38 8613718020621119616813611125 527TB 5 62031843212999999999999991155-10999999999999999999999
100103122149177197202187154108 59 18 -7-11  7 45 9414418420520618916113325 528TB 545202193220899999999999999 015 991241-1299999999999999
112105113133159183197195175140 95 50 15 -5 -4 18 5710414918319919717815325 529TB 624198202020199999999999999 0591051327 -799999999999999
128113110121141164182191184163128 87 48 18  5 10 34 7111415318019018416625 530TB 7 619121 719199999999999999 1411101413  499999999999999
144124114115126144162176180171150119 83 51 28 20 28 52 8612215417518017225 531TB 750180215318099999999999999 22511315 0 2099999999999999
156136121115117127142156166167158140113 84 58 41 37 47 69 9913015516917225 6 1TB 840168224017299999999999999 3141141548 3799999999999999
163148132120114116123134145153154148133112 89 69 57 55 65 8511013615516625 6 2TB 942155232916799999999999999 4151141638 5499999999999999
166157143129117111110115123133141144141131115 98 82 72 71 80 9811914115725 6 3TB11 5144999999999999999999999 5361101734 7099999999999999
164163154140126112103100103111121132139141135123108 94 85 84 9210812714625 6 4TB 021165124114199999999999999 7 31001836 8399999999999999
159166163153137120103 92 87 89 99114129140146143133118104 95 9310111513425 6 5TB 11316614 914699999999999999 8 8 871940 9399999999999999
151164169164151131109 90 76 72 77 92111132148155153143127111101 9910712225 6 6TB 2 1169151815699999999999999 856 722041 9999999999999999
141158170172164145121 95 73 60 58 69 8911514015916816415013211410410311225 6 7TB 243173161116899999999999999 937 57213510299999999999999
129149166176174160135105 76 55 45 49 66 9312515317317917115413211410410625 6 8TB 3211771656179999999999999991013 44222210399999999999999
118138159175181173151121 87 57 38 34 45 6910313816818518617415212811110425 6 9TB 3561811735188999999999999991048 3323 310499999999999999
109126148169182182167138103 67 40 26 28 46 7811615318119318817014512210725 610TB 4291841813193999999999999991123 24234110499999999999999
104115136160179187179156122 84 50 26 18 28 54 9113216719019618516213611425 611TB 5 21871850196999999999999991157 18999999999999999999999
104107123147170186187172143105 67 35 18 17 34 6510614617819419317715212625 612TB 536189192619699999999999999 0161031232 1599999999999999
108103112133157178189183162128 89 52 26 15 21 44 8012115818419418616614025 613TB 61018920 319499999999999999 05110313 9 1499999999999999
117105105119142165182187175150114 75 43 22 17 30 58 9513416718719017815525 614TB 647187204119199999999999999 1271031346 1799999999999999
130111104109126148169182181166138102 66 38 24 25 42 7310914517318618416825 615TB 728183212118799999999999999 2 51041425 2299999999999999
146123108104112129150168177173156128 95 63 40 31 37 57 8812215417618417825 616TB 81417722 318499999999999999 24810415 7 3199999999999999
160138118105103112128146162169165149123 94 67 49 43 52 7210213316017718125 617TB 910169224818299999999999999 3401031553 4399999999999999
172154132113101 99106121138153161159146125 99 77 62 59 68 8711414116417825 618TB1019162233518099999999999999 444 991646 5899999999999999
179168149127107 94 89 95108126144155157149132111 91 78 75 8310012414816825 619TB1143158999999999999999999999 556 891747 7599999999999999
179178166145121 98 81 75 79 93113135152160157145127109 95 91 9611113215425 620TB 026180131516099999999999999 7 7 751857 9199999999999999
172181179165141113 86 65 56 61 7710212915216716916114412511010310711913825 621TB 119181144317099999999999999 811 56201210399999999999999
159176184180163136103 71 47 37 43 62 9312615617718317615913912111211312425 622TB 212184155818399999999999999 9 9 37212311199999999999999
143164181189183162129 91 55 30 20 28 52 8712716318719618917014712711611625 623TB 3 518917 11969999999999999910 4 20222711599999999999999
128148170187193184159122 80 41 15  7 17 46 8713217119720519517414812711625 624TB 3561931755205999999999999991057  6232311599999999999999
117131153176193197184155114 69 30  5 -1 14 47 9314018020420819517114412325 625TB 4461971844209999999999999991147 -2999999999999999999999
113117134158181197198181149105 60 22  0 -2 18 5510315018720720618816213525 626TB 534200192820999999999999999 0111131235 -499999999999999
116110118138163186198195175140 96 53 19  2  5 29 6911716119220519817714925 627TB 62119920 820599999999999999 0551101320  199999999999999
124109108120142166186195189166130 88 49 21 10 20 48 8813217019319818616225 628TB 7 6195204519999999999999999 13510714 2 1099999999999999
135114104107122144167183188178154119 82 49 28 25 40 7110914817719218917225 629TB 751188212019299999999999999 2141041441 2499999999999999
147123106101108124144164176177165142110 79 54 42 45 64 9512916018118717725 630TB 836178215218799999999999999 2551011517 4199999999999999
158134114101100108123141157166165153132106 81 65 60 68 8811614516818117925 7 1TB 925167222418299999999999999 340 991553 5999999999999999
166146125107 98 98106119134147155154144127107 90 80 79 9011013315617217725 7 2TB1023156225917799999999999999 432 971631 7899999999999999
172157137118103 95 94100112125138146147140128114103 96 9810812514416117225 7 3TB1138147233817499999999999999 536 931717 9699999999999999
173165150132113 98 89 87 9210211613014114514313612611711211312113415016225 7 4TB1312145999999999999999999999 648 87182011299999999999999
170169161146127108 92 81 77 82 9310912714115015214813913012312212813815125 7 5TB 026171144815299999999999999 756 77194012299999999999999
162169168159143122101 82 69 66 72 8610612814716016416015013812912512913925 7 6TB 123169155816499999999999999 853 66205912599999999999999
151163170168158140116 91 70 57 54 63 8210813515817317616915514012812312825 7 7TB 221170164917699999999999999 942 5422 112399999999999999
139154167174171157134106 78 55 43 44 58 8411514617118518517315513612311925 7 8TB 3151741730187999999999999991026 42225011999999999999999
126141159174180174155126 94 63 41 32 37 58 9012616018519418917114812811625 7 9TB 4 218018 71949999999999999911 7 31233011499999999999999
116127147167182186174149115 79 47 27 23 35 6310114117519619918616313711725 710TB 4441861841200999999999999991146 22999999999999999999999
109114131155177191189172141102 63 33 17 19 39 7411615718820319817815112425 711TB 526192191520399999999999999 0 71091224 1699999999999999
107104115138165187197190166129 87 49 23 13 23 50 9013417319820519216613625 712TB 6 6197194920599999999999999 04210313 0 1399999999999999
111 99102119146173193198186156116 74 39 18 16 33 6711015318720420118115225 713TB 648199202220599999999999999 118 981337 1599999999999999
121100 93102124152179195195178145105 65 35 22 27 51 8813116919520419316825 714TB 731197205520499999999999999 156 931413 2199999999999999
136108 91 90103127155179192188168135 97 62 40 34 46 7411115018219919818125 715TB 818193212820199999999999999 236 881449 3499999999999999
152122 97 85 87103127154175185179159128 95 68 53 54 70 9913316518819718925 716TB 9 918522 119799999999999999 321 841527 5199999999999999
167138110 89 79 84100123147166175170153127101 82 73 78 9512114917418919125 717TB10 9175223719299999999999999 411 7916 8 7399999999999999
178155128101 82 74 78 92114137155165163152133115101 9610211713715917718625 718TB1122166231818699999999999999 511 741658 9699999999999999
183169147121 96 77 68 70 8110112314415716115614613312311812213214616217525 719TB1256161999999999999999999999 621 6718 511899999999999999
181177165144119 93 72 60 58 68 8611013415316416716215214213513313814816025 720TB 010181144616799999999999999 739 57194413399999999999999
171177176165146119 91 66 49 44 52 72 9912915517318017816815414213613714425 721TB 120178161318199999999999999 853 44212513599999999999999
156169178180170150121 88 58 38 30 39 61 9312916118419419017615814113113025 722TB 240180171219499999999999999 958 30223612999999999999999
138153170183187178155121 83 49 26 18 29 56 9413617219720419617615313212125 723TB 3491871757204999999999999991054 18232712099999999999999
122134154175191195183156117 75 39 16 11 26 5910314818520720919316814011925 724TB 4471961836210999999999999991144 10999999999999999999999
110116133158183199201185152109 65 30 10 11 33 7211916419721220518315212425 725TB 536203191121299999999999999 0 81101227  899999999999999
106102113137165191205202180143 98 56 24 12 20 50 9314018120621019416613325 726TB 621206194221199999999999999 04410113 6 1299999999999999
107 95 98116143173196205196169130 86 49 26 22 39 7411816219420820117714525 727TB 7 1205201020899999999999999 118 941340 2199999999999999
115 94 88 98121150178195198184154115 77 48 35 41 6610314518020020218615725 728TB 740199203620499999999999999 151 881411 3599999999999999
125 99 86 87102127155178190187168138104 74 55 52 67 9613216619120019116825 729TB 81919021 020099999999999999 224 841439 5199999999999999
138109 89 83 89107132156173180173153126 99 78 70 76 9512415518019319217525 730TB 859180212319599999999999999 259 8315 6 6999999999999999
150122 98 85 83 93111132152165167159142121102 90 9010012114516918418817925 731TB 945168214818999999999999999 337 821534 8899999999999999
160135111 93 84 85 9511112914415415615013812411210811112213915817318117925 8 1TB1043156221718199999999999999 423 8416 710799999999999999
167147126106 92 85 86 9410612113514514914714113312812612913714916117017325 8 2TB12 9149225517399999999999999 523 85165512599999999999999
169157140122106 93 85 84 88 9911212613914715115014714314014014315015716425 8 3TB1423151235416699999999999999 644 83183413999999999999999
166162153139123106 92 81 76 79 8910312113815216116416115414714214114515125 8 4TB1559164999999999999999999999 8 8 76204214199999999999999
158162162155142125105 87 72 65 67 79 9712014416317417717115914613713413825 8 5TB 125163164617799999999999999 916 65215713499999999999999
146157165167162147125100 76 59 51 56 72 9712715617718818617415613812712525 8 6TB 24916817211899999999999999910 9 51224312499999999999999
132146162174178169150121 90 62 43 38 47 7010314017219319919016914512511425 8 7TB 3491781752199999999999999991053 37231911499999999999999
117130151173187189175148112 75 45 28 28 44 7611715819020620418515712910925 8 8TB 4371901822208999999999999991132 26235310399999999999999
103112134161186200197177141 99 59 30 18 25 51 9113717920621420117313911025 8 9TB 52120118512149999999999999912 9 17999999999999999999999
 93 94112141174200210201172130 85 45 20 15 32 6711316019821721319015411825 810TB 6 3210192121899999999999999 027 911244 1599999999999999
 91 81 90116151185209214198163118 72 37 20 24 50 9113918321121920417113225 811TB 645215194921999999999999999 1 1 811318 1999999999999999
 97 75 73 90122160193212211189151106 65 38 30 44 7612016419921721218714925 812TB 728214201721799999999999999 137 721351 3099999999999999
110 79 65 70 93128165194208202177140 99 67 50 52 7210714718420721219716625 813TB 813209204421399999999999999 214 641424 4899999999999999
127 92 68 60 71 97131164189198189165132100 78 71 8010313516819420620017925 814TB 9 1198211220699999999999999 254 601457 7199999999999999
146110 80 63 61 74 98129157177184176156131110 97 9710913115617919419718525 815TB 956184214019799999999999999 338 601531 9699999999999999
161131101 77 64 63 75 9612114516216916515313812612112313414916618018718425 816TB11 7169221418799999999999999 432 62161012099999999999999
171150125101 81 68 66 73 8810912914715716015715114614314314815616517217625 817TB125616023 517699999999999999 546 65171714299999999999999
173163148128107 87 72 64 66 76 9311413515216316816816415815315115215616125 818TB1524169999999999999999999999 721 64201315199999999999999
166168164155138117 93 73 59 55 62 7910313015517318318317516415214314014325 819TB 055168163118499999999999999 851 55215914099999999999999
151162170173167150125 95 68 49 42 49 7010013416518719719217815814012812525 820TB 251173171119799999999999999 959 42224712599999999999999
132147165180186180159127 91 58 37 31 42 6910714718120220519317014312211025 821TB 4 21861743206999999999999991051 31232211099999999999999
112126149174193199188161122 81 47 27 26 45 7912316519721220618415312310225 822TB 4531991812212999999999999991133 242354 9699999999999999
 96105128158187205207189154111 69 37 23 31 5810014618621021419716513010125 823TB 5352081839215999999999999991210 23999999999999999999999
 86 88106137171199213207181141 96 57 33 29 46 8212717120321520617814110625 824TB 61321319 421599999999999999 024 841241 2899999999999999
 83 76 87113149183206212198167125 83 52 38 45 7211215619221221118915411625 825TB 649213192621499999999999999 053 751310 3899999999999999
 86 70 73 93125161191207205184149109 75 54 52 7010314318120521119616612825 826TB 723208194621299999999999999 121 691336 5199999999999999
 94 71 65 77103137169193201191166133 99 75 66 7510013417019620820017614125 827TB 75820120 620899999999999999 150 6514 0 6699999999999999
106 78 65 68 86114145172188189175150122 97 84 8610212915918620019918215325 828TB 834191202620299999999999999 219 641424 8399999999999999
120 90 71 67 76 9612314916917817516013911810410010912715117419019418416225 829TB 914179204619499999999999999 250 66144810099999999999999
133105 84 72 73 8510412614716116616215013612311711913014616417818518116725 830TB10 216621 918599999999999999 326 71151411799999999999999
145121100 85 79 81 9110612313915015415314714013513413714515516617217316625 831TB1113154213617499999999999999 412 78154613399999999999999
153136118102 91 85 86 9210211512813914715115215114914814915115515916216125 9 1TB1354152222216299999999999999 524 85171614899999999999999
156147135122109 97 89 84 86 9210311813214615716316516215715114714614815125 9 2TB1554165999999999999999999999 717 84205314699999999999999
154154151143131115 99 85 76 73 79 9211113315416917817717015714413613313725 9 3TB 038154162817999999999999999 848 73215413399999999999999
145154161162155140119 95 74 61 58 67 8611314216918619218516814712911912025 9 4TB 238162165519299999999999999 946 58222811899999999999999
130146163175178167145115 84 59 44 45 60 8812316018820320018315612910910225 9 5TB 3411781722204999999999999991030 43225910299999999999999
109129155179194193176145106 69 42 31 37 62100143182207214200171136106 8825 9 6TB 42919617482149999999999999911 8 302331 8599999999999999
 88105135169197211204178138 93 54 30 25 41 75121168204221215189150110 8025 9 7TB 5122111815222999999999999991144 24999999999999999999999
 69 78106145185213223209174128 81 44 26 30 56 99148192220225206168123 8325 9 8TB 554223184222699999999999999 0 3 691219 2599999999999999
 58 56 75113158198224226205165116 72 42 34 48 82129176211227218186141 9525 9 9TB 63622819 822799999999999999 037 541252 3499999999999999
 59 43 50 79122168206226221195153108 71 52 53 7611415819722022220016111425 910TB 720227193422499999999999999 112 431325 5099999999999999
 71 43 37 52 86130174206218209181143106 79 71 8110814418120821820717713525 911TB 8 4219195921899999999999999 148 361357 7199999999999999
 92 57 38 39 59 94135172197204193168137111 96 9611113716719320720518615425 912TB 853204202420899999999999999 227 361428 9499999999999999
116 80 54 43 48 69 9913316318218617715813812311712313815817819219618716725 913TB 948186204919699999999999999 310 4215 011799999999999999
138107 80 61 54 59 75 9912514816416916515614613913914415416617518117917025 914TB11 2169211718199999999999999 4 4 54153613899999999999999
153132110 89 74 66 67 77 9311213214715716116115915615515515716016316416325 915TB132316222 916599999999999999 524 66171415599999999999999
159150137122104 88 76 70 72 82 9811813815416617217216916215414814514614925 916TB1536173999999999999999999999 715 70212414599999999999999
154157157151138119 98 78 66 63 70 8811113716117718518317215714213112612925 917TB 128158161618599999999999999 847 6222 512699999999999999
139153165171167152128 99 74 57 53 62 8411514717419219518516514212210910825 918TB 3 9171164519699999999999999 948 52223510799999999999999
119138160179187181160128 94 64 47 46 62 91128164192204198177148120 98 9025 919TB 4 51871711204999999999999991034 4523 3 9099999999999999
 97117146174195200187158120 83 54 42 48 72109150185206208191160124 95 7825 920TB 4482001735210999999999999991110 412330 7699999999999999
 78 95125160190208206185149107 71 48 44 60 92134175203213202173134 98 7225 921TB 5252101758213999999999999991142 432357 6399999999999999
 63 74101138176204215204175134 94 63 49 56 81120162196214210185147106 7325 922TB 6 02151819215999999999999991211 49999999999999999999999
 55 58 79114155191212213194159119 83 62 59 77110150187210213195160118 8025 923TB 633215183821499999999999999 023 541237 5899999999999999
 54 48 61 91131170200212204178142106 80 69 78104140176203212201172132 9125 924TB 7 6212185721299999999999999 050 4813 2 6999999999999999
 60 45 50 72107147181202205190161128100 84 8510213216519320720318014510525 925TB 739206191620899999999999999 116 451327 8299999999999999
 71 50 46 59 87123158184196192173146119101 9510512715518219820018515612025 926TB 814197193620199999999999999 143 451351 9599999999999999
 86 61 50 55 7410213416218018517715813611810911212614717018719318516413425 927TB 851185195619399999999999999 212 50141610999999999999999
103 77 61 58 67 8711313815917117216314913412412212914315917418217916614525 928TB 935172201718299999999999999 244 57144312299999999999999
119 95 77 68 69 79 9611613515015815915414613913513714315216116816916415125 929TB1037160204217099999999999999 323 67151513599999999999999
133114 97 85 79 79 86 9711212613914815315315214914814714915115415615515125 930TB1244153212015699999999999999 424 78164514799999999999999
143132119106 95 87 83 85 911021151301441541611631621571501441411401421442510 1TB15 3163999999999999999999999 617 83204514099999999999999
146145140131118104 90 80 76 79 901071281481651751761701581431311241241302510 2TB 012146154317799999999999999 8 3 76212812399999999999999
141151157156146129107 85 69 62 67 821061341611811901861701481251091031092510 3TB 222158161119099999999999999 9 8 62215910399999999999999
125146165176175160135104 75 56 50 58 81114150181200202187160127100 84 842510 4TB 326177163720399999999999999 955 492230 8299999999999999
100127158184197192170135 96 64 44 43 59 91132172202214205177138 99 71 602510 5TB 41419717 4214999999999999991036 4123 2 6099999999999999
 70 98136175205215204173130 87 55 40 45 71111156196219219196155109 68 442510 6TB 4592151731222999999999999991114 392335 4099999999999999
 42 63102149193221226207169123 80 52 45 59 93137182214226212176127 77 402510 7TB 5432271758226999999999999991151 44999999999999999999999
 23 32 63111163206230229203162116 79 59 60 82120164203224222195150 97 502510 8TB 627233182522699999999999999 010 231226 5699999999999999
 20 13 31 70122173212229222193153113 84 73 83110148186213222207171123 732510 9TB 712230185222299999999999999 047 1213 1 7399999999999999
 33 12 14 39 81131177208219208180145114 95 94109137170198213209186147101251010TB 759219191921499999999999999 125 101335 9299999999999999
 58 28 15 24 51 91135173197203191168141121112116133157181197201190164128251011TB 849203194620299999999999999 2 6 1514 911199999999999999
 89 56 34 28 39 64 97133163181184176160143131129136149165179186184170147251012TB 946185201418799999999999999 252 28144512999999999999999
119 89 65 50 46 54 73 99126149164169166157149144143147154161167169165155251013TB11 4169204916999999999999999 348 46153714399999999999999
139120 99 81 68 62 65 77 95116135151160163162158153150148147147149150150251014TB13 7163223415099999999999999 5 9 6219 314799999999999999
147141130115 99 84 74 70 75 88107127146160168170166157147137130127130136251015TB1446170999999999999999999999 653 7021 212799999999999999
143150151145132113 94 78 69 71 83103127150168178178168152134118109107115251016TB 142151153017999999999999999 819 69213810799999999999999
129146160165160144121 95 75 65 68 83107136162181187181163138113 95 88 92251017TB 3 316516 018799999999999999 918 6522 7 8799999999999999
109132156174180171149120 91 70 62 69 90120152179193192175147116 89 73 71251018TB 35418016261959999999999999910 2 622235 7099999999999999
 85111143172189191175147113 84 66 64 78105140172194200188160124 89 64 55251019TB 4351921649201999999999999991038 6223 2 5599999999999999
 63 88123159188201195172138104 77 65 71 94127162191204198173136 96 63 45251020TB 5122021711205999999999999991110 652328 4399999999999999
 45 65 99140177201207193163127 94 74 71 86116151184203204185150107 68 42251021TB 5462071733206999999999999991140 702355 3399999999999999
 34 45 75116158192209205183150115 89 77 84107140174199206194163122 79 46251022TB 62021017532069999999999999912 8 77999999999999999999999
 29 32 54 91135174201209197170136106 88 86102130163190204198174137 94 56251023TB 653209181420499999999999999 021 281235 8599999999999999
 32 26 39 70110151185202201183154124102 93101122151179197199182150111 72251024TB 726204183620099999999999999 048 2613 3 9399999999999999
 42 28 32 54 88127163187196188167141117103104117141166186194185161127 89251025TB 8 1196185819499999999999999 116 27133010299999999999999
 58 38 33 45 70104138166183185173153132116110117133154173184182167140108251026TB 838186192218599999999999999 146 33135811099999999999999
 77 53 42 45 60 85115143164174172161145130121121129144160171174167149124251027TB 921174194917599999999999999 219 41143012099999999999999
 97 73 57 52 58 73 95119141156163162153143133129130137147156162161152136251028TB1017164202116299999999999999 258 52151412999999999999999
116 95 78 67 63 68 80 97116134148156157153147141137135137141145148147142251029TB1142157212114899999999999999 355 63165313599999999999999
132118102 88 77 72 73 80 94111128144155161160155147139132127127130135139251030TB1326161235014199999999999999 522 71193712799999999999999
140137129115100 86 75 71 75 87105126146162170170162148132118109108114125251031TB1430172999999999999999999999 7 0 71203910799999999999999
138148151145131111 90 74 66 69 83105131156175183179163140114 94 85 871012511 1TB 151151151018499999999999999 814 662118 8499999999999999
123146163170164145119 91 70 61 65 83111143172191194181154120 88 66 59 692511 2TB 3 2170154319599999999999999 911 602154 5999999999999999
 94127159183191181156122 90 66 58 67 91125161190204199174135 93 57 37 372511 3TB 357191161420599999999999999 959 582230 3499999999999999
 57 93136176202208192161122 88 66 62 77107145181206211194157109 62 27 132511 4TB 4462081644212999999999999991043 6123 8 1299999999999999
 21 52 98149192217218197161121 88 70 72 93127166199215209180134 81 34  42511 5TB 5342201715216999999999999991124 692347 -399999999999999
 -3 15 55107161202223220195157119 91 80 88113148184209215198161110 57 142511 6TB 62122517472169999999999999912 5 79999999999999999999999
 -9 -8 18 63117169206221213187151118 97 93106133166195210207181139 89 412511 7TB 7 9221181921299999999999999 027-111244 9299999999999999
  5-10 -2 28 74125171202212201175145119106107124149176197203191163121 762511 8TB 757212185220399999999999999 110-10132310499999999999999
 35  8 -1 11 42 841291681921971861641401221151211371581771891881741461092511 9TB 849198192819099999999999999 155 -114 311599999999999999
 71 39 19 15 29 56 92130160179182173156139127124130142157169175171157134251110TB 94418220 917599999999999999 244 15145012499999999999999
105 76 51 37 35 46 69 98127152166170163152140132129132139147154157154145251111TB104817021 615799999999999999 339 34155712999999999999999
129108 87 68 56 53 61 77100124145158163160152142134128126127131136140142251112TB12 4163225814299999999999999 446 53181012699999999999999
139131117101 84 72 67 71 83102123142156162161154143131120112110112119128251113TB1320163999999999999999999999 6 5 6720 111099999999999999
137141139129114 98 83 76 77 87105125145160167165155139121105 94 90 95108251114TB 111141141716799999999999999 722 752053 9099999999999999
124139149150141125106 89 80 81 92110133154168173167151128104 84 73 73 84251115TB 237151145717399999999999999 826 792131 7199999999999999
104127148161162151132109 91 82 84 98120144165178178164140110 82 62 55 61251116TB 335163153018099999999999999 918 8122 3 5599999999999999
 80108138162174172156132108 90 83 90108133159178185176154122 87 59 42 42251117TB 42117515581859999999999999910 1 832233 4099999999999999
 57 85120153177186177156129104 88 86 98121149173187186167136 98 62 37 28251118TB 5 01861625189999999999999991039 8523 2 2899999999999999
 36 61 97137170190192177151122 99 88 92110137165185191179151113 73 40 21251119TB 5361931650191999999999999991113 882331 1999999999999999
 21 39 73114154184197192171141114 95 91102125154178191187165129 88 50 23251120TB 6111981716192999999999999991146 91999999999999999999999
 13 23 50 89132170193198185159130106 94 97115141168187190176145106 65 32251121TB 645198174219199999999999999 0 1 131217 9399999999999999
 13 13 32 65107148179195192173146119101 97107129155178188182159124 84 47251122TB 72019618 918899999999999999 031 111248 9799999999999999
 22 12 21 46 83123159183190181159133112101103119142165180182168141104 67251123TB 754190183818499999999999999 1 2 12131910099999999999999
 37 19 18 34 62 99135165181181168146124109104112129150168176171152123 89251124TB 83218319 817799999999999999 134 17135110499999999999999
 57 34 24 29 48 78111142165175171156137120110110120136153165167158138110251125TB 912175194416899999999999999 2 9 24142910899999999999999
 80 54 37 33 41 62 89119145162168163149133120113114123135148156155146127251126TB10 0168202915799999999999999 249 32151911299999999999999
103 78 57 45 44 53 72 97123145159164159147133121114114119128137144145138251127TB1056164213714599999999999999 338 43163411399999999999999
124104 84 66 56 54 63 79101125145159163159148134120110106107114123133138251128TB12 0163232113899999999999999 439 54181510699999999999999
137128113 96 79 67 64 69 84104127148162167163150133114 98 89 89 96110125251129TB13 2167999999999999999999999 554 641935 8899999999999999
138143140128111 92 78 71 74 87108132154169174167150125100 78 66 66 78 98251130TB 1 9143135517499999999999999 711 712031 6499999999999999
122143156157146127105 86 76 78 92114139163178181169144111 78 53 40 43 622512 1TB 234158144118199999999999999 821 762118 3999999999999999
 91125154172175163140114 93 81 83 98122150174188185166132 92 53 26 15 242512 2TB 341176152218999999999999999 922 8022 2 1599999999999999
 51 90132167188191176150121 97 86 89106133163186195186158116 70 29  2 -42512 3TB 43919216 2195999999999999991016 852247 -599999999999999
 11 46 93141179201202183154123100 90 96117146175195199182146 99 49  8-152512 4TB 53120416421999999999999999911 6 902332-1999999999999999
-16  6 47 99150189208205184153122101 95105128157184200197173133 82 33 -52512 5TB 6222091722201999999999999991153 95999999999999999999999
-24-19  9 54107157193208201178147119102100113138166189199190162119 69 232512 6TB 71020818 319999999999999999 018-251237 9999999999999999
 -9-23-13 19 65116162192202192168139115102105120145170188192179149107 612512 7TB 758202184519299999999999999 1 4-23132010199999999999999
 21 -6-13  1 34 78125164187192179155130111103109125147168180180165136 982512 8TB 844192193018299999999999999 151-1314 410399999999999999
 58 25  5  3 20 52 921321641801801651441221081041111261441601681661511252512 9TB 928182201816999999999999999 236  2145010499999999999999
 93 61 35 22 24 41 71105138162172168154134117106104110121135147153151139251210TB1013172211515399999999999999 322 21154510499999999999999
118 93 68 49 41 46 62 88116142159165159145128114104101104112122132138138251211TB1058165223013999999999999999 4 9 41165910199999999999999
130116 97 79 66 61 66 81102125145157160153140125110 99 93 93 99108118127251212TB1146160999999999999999999999 5 0 611830 9399999999999999
131128119106 93 82 78 82 94112131147157158151138121104 90 81 79 84 94108251213TB 0 8131123815899999999999999 6 0 781949 7999999999999999
121130132128118106 96 91 94104119136150158158150135115 94 77 66 64 71 85251214TB 152132133115999999999999999 7 9 912045 6399999999999999
104122136142140130117105 99100109124140154161159148129104 80 60 49 50 61251215TB 313142142016299999999999999 820 982128 4899999999999999
 82107130148155151139124109102103113128146159165160144119 89 62 42 34 40251216TB 41015515 316599999999999999 92310122 6 3499999999999999
 58 85116143162167160144124109101104116134153166168158135104 71 43 26 23251217TB 45516715421699999999999999910141012241 2299999999999999
 35 61 95130159175176163142120104 99105122143162172169151122 86 52 25 13251218TB 5331771618172999999999999991057 992316 1299999999999999
 17 37 70109146173183178159135112 99 98109130153170176165140105 67 33 11251219TB 6 91841652176999999999999991134 962349  599999999999999
  5 17 46 84126161182186173150124103 94 99117141163177175157126 87 48 18251220TB 64318717251789999999999999912 8 94999999999999999999999
  2  4 24 59101142172186182163137111 95 93104126151171179170145109 68 32251221TB 716187175917999999999999999 023  11240 9299999999999999
  7 -1 10 37 76119156179185174150123101 91 95112136160175176160130 92 52251222TB 749185183317899999999999999 056 -11313 9099999999999999
 21  3  3 21 54 94134165181179162136111 94 89 99119144164174169148115 76251223TB 823182191017499999999999999 130  11348 8999999999999999
 41 15  6 13 37 72112147171179170150124102 90 91104125147163168158134102251224TB 858179195116899999999999999 2 4  61426 8999999999999999
 66 36 17 15 28 56 91127156173174161138114 96 88 92105125144157158147124251225TB 934175203815999999999999999 240 141510 8899999999999999
 93 62 38 27 29 47 74107138161172168152129107 91 85 89102119136147148138251226TB1012172213714999999999999999 318 2616 4 8599999999999999
118 92 67 48 42 48 65 91120146164169161144122101 85 79 82 93108125137140251227TB1054169225214099999999999999 4 2 421712 7999999999999999
134119 98 79 65 60 66 82105130151164166157139116 94 77 68 68 78 94112127251228TB1141166999999999999999999999 455 601827 6799999999999999
136136127112 96 84 79 83 96114135153164164155136111 86 65 52 50 59 77100251229TB 027137123516599999999999999 6 3 791940 5099999999999999
121137144141130116103 95 96104120138154165165155134106 76 50 33 30 40 62251230TB 210144133416699999999999999 726 942045 2999999999999999
 90119143156158149135119108104109122140156167167155131 98 63 32 13 10 23251231TB 339159143316999999999999999 8531042143  999999999999999
