238176106 41  2  0 35 9416724330533733630725819814511712115119624628629725 1 1TH1127340224929799999999999999 432 -4172111599999999999999
275223154 81 21 -8  4 5111819627132434332929023317012310712416221326429725 1 2TH12 2343233130299999999999999 512 -9175710799999999999999
298263205133 62  9 -7 19 7414622529433634131626820614610710312917322627425 1 3TH1239344999999999999999999999 552 -7183610199999999999999
299290249189118 52 10  7 42103176251311339332297243180124 9610213318023225 1 4TH 015301131734099999999999999 634  31919 9499999999999999
276294279237179113 56 25 33 73133203270317332315274217156108 8810013418025 1 5TH 1 3294135633299999999999999 718 2420 6 8899999999999999
230270284269231178121 74 54 66105160222277312317294250194137 96 82 9512825 1 6TH 159284143931899999999999999 8 7 5321 0 8299999999999999
173220257273263233190143105 90101133179229273297296272229176125 88 75 8625 1 7TH 3 6273152830099999999999999 9 5 9022 2 7599999999999999
116159205243265265246212174142126130152187225259278277254215166118 81 6525 1 8TH 43026716272809999999999999910181252312 6499999999999999
 71 99141188233263275266242209178155149160183213243262263244208161112 7225 1 9TH 6 32751735265999999999999991151149999999999999999999999
 51 54 7912317522826929129027123920317115515617320023025325924320715910625 110TH 728293184626099999999999999 023 49132515399999999999999
 60 34 35 6211017023228130931229325821417314914616319222725526324620815525 111TH 837314195126399999999999999 128 31143714599999999999999
 96 45 17 20 5210617424229732632730426220916313713715719323326427225020625 112TH 932330204627399999999999999 225 14153113499999999999999
147 82 29  2 11 5111318625931333733230125119214512413116020324827828025125 113TH1018339213328399999999999999 314  1161312399999999999999
199133 65 13 -6 13 6212920727932634132528522816712511513317121926629128325 114TH1057341221629299999999999999 359 -6164911499999999999999
244185115 47  2 -5 26 8315623429933533630925919714010911214218723928229825 115TH1131339225629899999999999999 440 -7172310799999999999999
278230165 94 31 -1  7 5011419026431733632228322616311510011715520625829325 116TH12 2336233429999999999999999 517 -31756 9999999999999999
295264210143 74 22  7 31 84152227291328329301251189131 97 9712617122427125 117TH1232333999999999999999999999 552  71829 9399999999999999
294284245187121 61 26 29 65124193261310327312271215154107 8910213818623725 118TH 01229513 032799999999999999 626 2219 3 8999999999999999
274285266224167108 61 44 61105165230285315314285237179125 92 8811015019725 119TH 051286132831999999999999999 659 441938 8699999999999999
242269271247206155107 76 74100145200254292305291254204150107 88 9311915825 120TH 133273135730599999999999999 734 712016 8799999999999999
201238257254233197156121104110137177222262284284262223176131100 89 9912425 121TH 223259142928799999999999999 81310321 0 8999999999999999
160198228244243227200170146137144165196228253264258235200160123 99 9210125 122TH 32624515 826499999999999999 9 31372156 9299999999999999
123155188217235240232215194176166168179198219236242236217188153122 99 9025 123TH 45324016 324299999999999999102216523 7 9099999999999999
 96115144178210235248248238219200184176178187203218227226212186154121 9525 124TH 6312501723228999999999999991221176999999999999999999999
 81 8310113217221224526527026023921218717016417218820922422821719115511525 125TH 750270184722999999999999999 023 80135616499999999999999
 82 64 64 8612417322226228729227724821117615314715918421223524222819615025 126TH 844292195124299999999999999 127 61144914799999999999999
102 62 41 45 7512418324028530930728324319615513313415619122925626023819425 127TH 926311204026199999999999999 219 39152713099999999999999
138 80 35 17 31 7313320226530932531327722617113011612916420925327927624125 128TH10 3325212328299999999999999 3 4 17155911699999999999999
185118 53  9 -1 26 8115222829333033430926119914110610613418023428030028425 129TH103733622 330099999999999999 345 -2163110299999999999999
236169 94 26-12 -8 34100179259319344333294234165110 8910414520126030431325 130TH11 9344224331499999999999999 424-1617 3 8999999999999999
282224149 68  4-22 -1 54129214291340348321269199129 83 7810816022228331925 131TH1142350232432399999999999999 5 2-221737 7599999999999999
315273207127 48 -6-14 21 86166250319350340298235160 95 64 7511717524129825 2 1TH1214351999999999999999999999 540-171812 6399999999999999
324308259190111 39  1 10 56125205282334345319266196122 68 53 7712618825325 2 2TH 0 6324124634699999999999999 619 -11850 5399999999999999
302317294244177105 47 26 47 98165238300333326288229158 92 52 51 8213319525 2 3TH 052317132033599999999999999 659 261931 4799999999999999
255295303279233174114 73 66 91139198257301315297253194129 75 49 55 8713625 2 4TH 143304135531599999999999999 742 642018 4899999999999999
193245278285267230184139112110133171216258284287264222169115 74 55 61 8925 2 5TH 244286143528999999999999999 8331082114 5499999999999999
131181226258269261238206175155151163186215241257256237203161117 83 64 6525 2 6TH 4 4270152725999999999999999 9431502227 6299999999999999
 85118161204239260266256236212191178176184199216229233223200167130 96 7125 2 7TH 54926616492339999999999999911421762358 6299999999999999
 62 72 9913918422826127928026624221318717116717519221022422621218314610525 2 8TH 7342811836227999999999999991348167999999999999999999999
 71 52 55 7912117322727129730228725721617815214515517820723224223019915525 2 9TH 844303195724299999999999999 122 50145314599999999999999
105 60 35 37 6611417523828831631729425320115512812614618022125326324620825 210TH 932319205226399999999999999 225 33153412499999999999999
154 93 43 18 27 6412219125930832831928523217212610811915119724527828125325 211TH1010328213528399999999999999 314 1716 610899999999999999
204140 73 23  7 29 77144219285324330307260197137100 9812416822327429828825 212TH1040332221229999999999999999 354  71634 9599999999999999
248188116 48  8  9 45105178254311333321282223156103 84 9913919425429830825 213TH11 7333224630999999999999999 428  417 0 8499999999999999
282230162 87 28  6 26 76144221289328329299246179114 77 7911116222328031125 214TH1131333231931399999999999999 5 0  61727 7399999999999999
304265205132 62 20 20 57118191264316332312266202133 81 64 8512918825029725 215TH1154332235331299999999999999 530 151755 6499999999999999
312290241176105 50 29 49 99165237297328320282224155 94 60 65 9915221326925 216TH1218329999999999999999999999 559 291822 5899999999999999
302301268215151 90 54 55 89144210272313320293243178114 68 55 7611917523325 217TH 027306124132299999999999999 628 491851 5599999999999999
278295282245193136 91 75 91132186244289308295256200138 86 59 63 9313919325 218TH 1 329513 530899999999999999 659 751921 5799999999999999
243274280262226180136109108131170216259285285260217163112 75 64 7811115525 219TH 143281133128999999999999999 7321051955 6499999999999999
202241262263246216181152138144165195228254264253225185141102 79 77 9312325 220TH 232265135926499999999999999 8121382036 7699999999999999
160199230247249239219196177169172185203221234236224201169136108 92 8910125 221TH 339250143823799999999999999 9111692138 8999999999999999
124153186214235244243234219204193187187193201210213208194173147122103 9325 222TH 52524515552139999999999999911281862317 9399999999999999
 9611113616820223125126025724422420318517317117919120321020619016513410525 223TH 7152601810210999999999999991341171999999999999999999999
 84 78 8811515419823926928328026123019616614914816318721222923121318013725 224TH 819284193523299999999999999 054 78143214699999999999999
 95 63 51 64 9915020625829430729626522117413712313216019923626025923218625 225TH 9 1307202826399999999999999 159 5115 512399999999999999
129 73 33 23 46 9515822628532032430025419614110610312817122327029328224125 226TH 937326211129499999999999999 247 23153510099999999999999
181110 44  5  6 43105180257315339328289229159103 79 9413519325530431929425 227TH10 9340215131999999999999999 329  016 5 7999999999999999
239166 85 17-12  4 56129213291340347318263190116 67 62 9515121928833133225 228TH1040349223133799999999999999 4 7-131636 5999999999999999
293228145 61  0-12 22 85166252322353340294225144 73 41 5610417024631334625 3 1TH1110354231234799999999999999 444-1417 9 4199999999999999
333284211125 45  1  8 55125208288342350317257179 97 39 27 5911819126932825 3 2TH1140352235534799999999999999 522 -21744 2699999999999999
347323268194112 45 21 43 97168246313344331283214132 59 19 26 6913320828125 3 3TH1211345999999999999999999999 559 211820 1799999999999999
329336306252182110 62 56 87141207273319327298242171 95 38 17 36 8314721825 3 4TH 040338124332999999999999999 639 531859 1799999999999999
281316317288239179125 95 99131178232279304297260204138 77 37 29 53 9815625 3 5TH 130321131630599999999999999 722 931943 2899999999999999
217268295295272234190152135141165200237265274260225177125 80 53 50 7010725 3 6TH 230298135327499999999999999 8131352036 4899999999999999
154203245269275264241212187173173184202222236239228203169133100 78 72 8225 3 7TH 349276144224099999999999999 9311722153 7299999999999999
106141181218247264267257240219201188183186194204210210200181156128103 8725 3 8TH 54226716292119999999999999912 71832345 8299999999999999
 83 9512115719723526427927926524021118316515916417919721221620718515311825 3 9TH 7292811851216999999999999991359159999999999999999999999
 88 73 7710014018823727629729827924420116113713114417120423224423520816625 310TH 83130020 524499999999999999 118 72144613199999999999999
118 77 55 60 8913619425229531330627622817413010911414018122726227225621725 311TH 913314205227299999999999999 219 53151710899999999999999
163103 57 38 52 92149216277314321300256196136 98 9111215420826129229126225 312TH 944322212829699999999999999 3 3 381543 9099999999999999
210144 79 37 32 60111179249303325315278220152 98 76 8812618124429431229625 313TH10 932622 131299999999999999 338 2916 7 7599999999999999
252188115 54 28 41 84146219285323324295242173107 67 67 9815121627931831925 314TH1032328223132399999999999999 4 9 271630 6299999999999999
286230158 86 39 34 65121191262314329308260194123 68 51 7212018325230732825 315TH105332923 232899999999999999 437 311655 5199999999999999
311266201127 65 40 56102166237298328318278216143 78 44 51 9014821728232225 316TH1115329233332899999999999999 5 5 401719 4299999999999999
324293239170102 60 58 90145212276318323292236166 95 47 37 6411518024830125 317TH1137326999999999999999999999 533 541744 3699999999999999
323309269210145 92 72 88131188250299318300253189119 61 35 46 8714521027125 318TH 0 5323115931899999999999999 6 2 721810 3499999999999999
308313288244187132 98 97124170223273302298263209144 84 45 40 6711417323325 319TH 038315122330499999999999999 632 931838 3899999999999999
280302295266223174134118129159200243276285265224169113 68 48 58 9213919325 320TH 114303124828699999999999999 7 411819 9 4899999999999999
243277287276249212174150145158184216245261256231191144101 72 65 8011215425 321TH 157287131726299999999999999 7441441947 6499999999999999
199238263270261241214189173170179195214230236227205174139108 89 85 9712125 322TH 254270135523699999999999999 8421702044 8499999999999999
15419022224625725624622921019518618418919720721220919717815413011010010125 323TH 42625815112129999999999999910471842224 9999999999999999
11413817020323325426426325023020818717316817318419820821020118115412510225 324TH 62226517432119999999999999913 0168999999999999999999999
 89 9311414819023126428428527024120517114714015017320122724023521017313025 325TH 735287191424199999999999999 018 89135314099999999999999
 90 66 66 9113418824228630830527923618514011311413717622126027826823218025 326TH 82131020 927899999999999999 131 62142911099999999999999
121 68 38 43 79135201266313329313272214150100 81 9713819325329931329224225 327TH 858329205331399999999999999 222 3615 1 8199999999999999
176103 43 18 35 83151227296337337305248176105 60 58 9315022028933433730225 328TH 931342213534199999999999999 3 5 181532 5499999999999999
241163 82 25 13 45105181261325349331281210128 59 30 48 9917025132135734725 329TH10 2349221635999999999999999 345 1216 5 3099999999999999
301231146 67 22 27 71138218295343346308244162 78 21 13 5011419427834336625 330TH1033351225936699999999999999 423 181639 1099999999999999
345292217132 62 35 56108177254319346327274200114 37 -1 11 6113221629835225 331TH11 5346234336499999999999999 5 2 351715 -299999999999999
362333277203125 72 63 93146213280327332297235156 75 14 -5 22 7815223430625 4 1TH1137335999999999999999999999 542 611752 -599999999999999
347347316262194130 95 98131181239291316304260196122 53 10  8 41 9816824225 4 2TH 031352121131799999999999999 624 921833  499999999999999
301331327298250193146125133162203248283291270226167104 52 26 32 6511617725 4 3TH 123333124729299999999999999 7121251918 2599999999999999
239285308305282245202170156161181210240259259238201154108 72 55 61 8612725 4 4TH 223310132926199999999999999 8111552014 5499999999999999
176224263284287274249219194180177185200217227228215192161129103 87 8610025 4 5TH 340288143122999999999999999 9441772135 8499999999999999
12816420424026527727526123821319217717317718719920820920118416113611310025 4 6TH 52027816412109999999999999911591732325 9999999999999999
10211814718522425727828427525222018816214814916218320522222621519216012725 4 7TH 6522851847226999999999999991327147999999999999999999999
102 9310413317422026228929728425421116713412012614918422124825624421317025 4 8TH 752297195325799999999999999 056 93141112099999999999999
124 91 80 94128177231278304305282239186135103 9811715420425128028326121825 4 9TH 832307203628599999999999999 155 801442 9799999999999999
163109 75 71 94138196255298314301264209147 98 78 8812317623628530829826325 410TH 9 2314211130899999999999999 238 6915 8 7799999999999999
208143 89 64 72108163227284315314284232166104 67 65 9414520927331532329925 411TH 927319214432599999999999999 313 631533 6199999999999999
251185118 73 64 88136198262308321299252188118 65 48 6711317724730633432525 412TH 950321221533599999999999999 345 621557 4899999999999999
287228157 97 68 78116173238294321311271210138 73 39 45 8314221428332833825 413TH1013322224533999999999999999 414 671621 3799999999999999
314265199131 86 78103151213274314317287231161 90 41 30 5710917725031033825 414TH1036321231633999999999999999 443 761646 2999999999999999
330295238171114 88 98135189249297316298251186114 54 26 38 8114221328032425 415TH11 0316234833599999999999999 512 881711 2699999999999999
334314270210150110103126169222274305302267210142 77 34 29 5811117624429925 416TH1125308999999999999999999999 5421011738 2699999999999999
326322292245188140117125154198246284296276230170106 55 33 45 8514120526525 417TH 020328115229699999999999999 61411618 7 3299999999999999
306319305271224176142133148179218256279275244196140 86 51 45 6811116622325 418TH 056319122228199999999999999 6501331842 4499999999999999
273301305287255214176154152167194225252261249217173125 85 63 65 9013017925 419TH 139306125726199999999999999 7351501924 6199999999999999
228268289291275248215186169167177196218236240228202167130 99 83 8410313625 420TH 235292134724099999999999999 8391662025 8199999999999999
177219254276282273252226200180171174185201216224220205180151123103 9610525 421TH 35228215122249999999999999910181712156 9699999999999999
129164204241268282281265239209181162156163180201219229226208180147117 9725 422TH 52428417162299999999999999911581562338 9499999999999999
 9511214618923327129329627924720716713812713716319723025425924220816412125 423TH 63829818442609999999999999913 0127999999999999999999999
 88 78 94132183237284311311286242189138103 9611615620625629029627322917325 424TH 730314194329799999999999999 054 771344 9599999999999999
115 73 62 83130190253304328318279222156 97 65 7010616222828932632729524025 425TH 811329203133199999999999999 150 611421 6299999999999999
172105 61 55 87141209276325337311258188112 53 32 5510717825632235534630525 426TH 848338211735799999999999999 238 531457 3299999999999999
241165 95 57 63103164235301338333291225145 66 16 13 5211819928334837135325 427TH 92334122 237199999999999999 321 541534  899999999999999
305235156 91 65 83129193262319340316261186101 28 -7  8 6013522230636237525 428TH 957340224837699999999999999 4 3 651611 -899999999999999
350297225149 95 84110159221284327329291227147 65  4-13 16 7615424131936425 429TH1033333233637199999999999999 446 831650-1499999999999999
368339285215148108108137185243295321308261194116 42 -2 -4 33 9517325532225 430TH1110322999999999999999999999 5301031732 -999999999999999
355354323271208153126131160204254293305282233168 97 38  9 17 5611618826125 5 1TH 026359114930599999999999999 6181241816  799999999999999
315340336306259205162143150176214253279281256210153 95 50 32 44 8013419825 5 2TH 119342123328499999999999999 71214319 6 3299999999999999
258302322317291251207173158162182211240258256235198153108 75 62 7210214725 5 3TH 217323132625999999999999999 81615720 4 6299999999999999
200249286304301281249213183167165178198219234236223198166132105 92 9611725 5 4TH 321305143923799999999999999 9341642116 9199999999999999
15319523727129029227725121818816615816317719721522622521218916113411511125 5 5TH 43529316262279999999999999911 6158224411199999999999999
12415118822726228429027925321918315514114215718120823024123621618715512825 5 6TH 5502901811241999999999999991225139999999999999999999999
11612314618222326128629328025020916713311712114317721624826526223920416325 5 7TH 650293191926699999999999999 0 9116131711699999999999999
129113119144183229270295297276237188139104 9310714118823727629228325320925 5 8TH 73529920 829299999999999999 1141121355 9399999999999999
160122107118149195245285304295262213155104 76 7810615321226830531429525525 5 9TH 810304204831499999999999999 2 41071427 7399999999999999
201147111104124164216267301306282237177116 71 56 7511817824430032832529525 510TH 840308212433199999999999999 2441031455 5699999999999999
244184132105110140188242289309298259201135 77 45 50 8514221127832534132425 511TH 9 8310215834199999999999999 3201031522 4399999999999999
283225164120107124164216269304307278226160 93 46 34 5810717324630734134125 512TH 935310223034599999999999999 3531071549 3499999999999999
313263201145115117145191245290308293249188118 59 30 38 7713620827732734525 513TH10 230823 334599999999999999 4251121617 2899999999999999
332294238178134119134170219269301301269215149 83 38 28 5310316924030233625 514TH1030305233634299999999999999 4571191645 2799999999999999
339315271213160130130154194242283300284241181115 58 30 38 7513320026731725 515TH11 0300999999999999999999999 5301261717 2999999999999999
337328296247193151134143173214258288289261212151 90 47 34 5510016122728625 516TH 010337113329399999999999999 6 61341751 3499999999999999
323331314277228180148142157189228264282273239188130 79 48 47 7512318324425 517TH 048331121028399999999999999 6461411831 4399999999999999
294321322300262216175151150167198233261271256221174123 81 59 63 9314019725 518TH 131325125527199999999999999 7341481919 5799999999999999
252294315313290254212176155154170197227251258245215174130 94 75 8010614925 519TH 222317135225899999999999999 8331522019 7499999999999999
201251289308306286252212177155151163187215239250245222188149114 93 9211325 520TH 324310151025199999999999999 9441502132 9099999999999999
150197244283304305286253211173146136145169201232252257243213175137109 9925 521TH 43230716452589999999999999911 01362255 9999999999999999
11214519023828030530828925220515912511112115019123326628127324320115611925 522TH 53831018 92819999999999999912 4111999999999999999999999
101109140186237283311313288244189134 94 80 9713618824428931130427122317025 523TH 635316191531299999999999999 0121001257 8099999999999999
123100106139188243292319315281227162101 59 51 7813019526231634032929223825 524TH 723321201134099999999999999 117 981342 4999999999999999
176124100110146198255303325310266202129 64 26 30 6913320928434136134630425 525TH 8 632521 236199999999999999 212 991425 2399999999999999
244177124104119159213270314325298243172 95 31  3 20 7114322630535837235225 526TH 847326215337399999999999999 3 210415 7  399999999999999
306242175126113133175230285320319281219143 66  9 -6 21 8015724331936637425 527TH 928324224337599999999999999 3511121550 -799999999999999
349301235171130125149192245295319307261195118 46  0 -4 32 9517425832836625 528TH1010320233337199999999999999 4381221634 -899999999999999
367340289225167135136163206257299313291242175101 37  3  9 5011419127033125 529TH1054313999999999999999999999 5271321720  199999999999999
360356325274214163140146174216262296301275225161 94 40 17 30 7213520827825 530TH 022362114030399999999999999 61613918 8 1799999999999999
329350341308258203160143153181221261287286259211153 96 53 38 55 9715622325 531TH 111350122929099999999999999 7 71431857 3899999999999999
283324337324290242193158146156183219253273270245204154107 73 65 8312317625 6 1TH 158337132327599999999999999 8 01461949 6499999999999999
234284316323307273229186156146156180211241258257238204164125 99 9311014525 6 2TH 247323142726099999999999999 8581462045 9299999999999999
19124028130530929226021918015214215017120022824725123921418114812511813125 6 3TH 33931015452519999999999999910 2142214911899999999999999
16019924127629629728124921017214413313815818721824325425023120217114713725 6 4TH 43529917142559999999999999911 913223 413799999999999999
14516820223927128929027224019916013011712314618021724926826825222319016225 6 5TH 5322921832270999999999999991210117999999999999999999999
147151171202238269287286264228183140109 9810913918122726628929027123920025 6 6TH 626289193329299999999999999 01914613 0 9899999999999999
167149151171204242273289282254211161115 86 8110114119324729031230928424525 6 7TH 712289202231399999999999999 1231471341 8099999999999999
200163145150174211251281291275238187132 87 65 7110315421527331433031928625 6 8TH 75329121 433099999999999999 2161441417 6399999999999999
239190154141153183224265290290263216158101 62 51 7111517624229933433931925 6 9TH 829293214234199999999999999 3 01411451 5199999999999999
278225176145141161198242280296283245189127 73 44 48 8113620327032134533925 610TH 9 4296221834699999999999999 3391401523 4199999999999999
309261205160140146174217261292296270222159 97 51 36 54 9916223229533634725 611TH 937298225334799999999999999 4151391556 3699999999999999
331292238185148140156192237279300290252196131 72 37 36 6812219026031634425 612TH1011300232734799999999999999 4491391630 3299999999999999
343317271215167141144170210256292301278231170105 53 31 45 8714821828433025 613TH1047301999999999999999999999 52313917 7 3199999999999999
347335300249194153138151184228271298296263210147 86 43 34 5910917424430425 614TH 0 3347112530199999999999999 5591381745 3399999999999999
340345323281227176143139160197241280299287248192130 75 42 44 7713219926625 615TH 03934712 729999999999999999 6381371827 3899999999999999
319344339309263208161137140166205248283294277236181123 74 50 60 9815522025 616TH 119345125429499999999999999 7221351913 5099999999999999
282326342329295245192150132140168207249279287270231180127 85 67 8011917325 617TH 2 2342134828899999999999999 81013120 4 6799999999999999
234290326335318280230179140125134163202243273283269236191143106 9010213725 618TH 249335145428399999999999999 9 612521 3 9099999999999999
18724229032032530626721616612911412215119123426828427825221216813211512225 619TH 34232616132859999999999999910 7113221311499999999999999
150193242285311315295255204153114 9610413417722626829329527524019715913625 620TH 4393171736297999999999999991111 96233213399999999999999
136157194238278304308286244191137 94 74 8211616522127330831730226822418125 621TH 5393091851318999999999999991212 73999999999999999999999
151144160193234273300303279234176118 71 50 6210115822328432633932529124425 622TH 637306195833999999999999999 04814313 9 5099999999999999
195159147160191233274301302273223161 97 49 30 47 9215723029734235734230525 623TH 731305205735799999999999999 15714714 1 3099999999999999
254199159146160193236279305301267211145 78 30 16 39 9216224031035536734925 624TH 823307215236799999999999999 2561461451 1599999999999999
309252195155145163199244287310300260199129 62 17 10 41 9917325332236337025 625TH 913311224237199999999999999 3491451540  899999999999999
347302242184149145167207255297314297251187115 50 12 13 5111318926933336625 626TH10 0314232836999999999999999 4371431628  799999999999999
365337287225170142146174217266305315291241175104 43 14 25 6913321028634125 627TH1047315999999999999999999999 5221401713 1399999999999999
364354319265203155137149182228276309311281228163 95 43 25 45 9416023530325 628TH 010364113331499999999999999 6 41361757 2599999999999999
347357338297239181142133153190238282307302268215152 91 51 45 7312519026025 629TH 049358121930999999999999999 6461331840 4399999999999999
317347345317270212161132133158198243282300289254204146 96 69 7310615822025 630TH 12634913 730099999999999999 7281291921 6699999999999999
280324339327292242188146127135162202244276288275243198149110 9410614018925 7 1TH 2 2339135828899999999999999 81112720 4 9499999999999999
24429232132530526621817013712513616420123926727626523820116213412513917025 7 2TH 239326145727699999999999999 859125205212599999999999999
21225729231030628224419815813112313516119623125826926424321418316215516525 7 3TH 319311161126999999999999999 952123215315599999999999999
19022425728329428726322618514912511812915518922425427027225823420818717725 7 4TH 4 72941734273999999999999991053118231317799999999999999
18119822325027128027224921517614111710912014618322325828128727825622920425 7 5TH 5 42801853288999999999999991155109999999999999999999999
188185196216241261271265242206166129104 9610914018323027129830729727224025 7 6TH 6 7271195730799999999999999 0421841251 9699999999999999
208186179188209236260270263237198153113 87 8310114019124429031832431027825 7 7TH 7 7271204732599999999999999 1561791341 8199999999999999
238201176169182208240266276264232186135 93 69 72 9914720626531133533531225 7 8TH 758276212933899999999999999 2491691425 6799999999999999
272226185163162182216253279284264223169114 71 54 6610516222728833034733725 7 9TH 84228622 734799999999999999 33116015 5 5499999999999999
304256205167152161191232272295291260208148 90 51 44 6911818325231134635125 710TH 922296224135399999999999999 4 51511543 4399999999999999
330288233182150146168207253292307292249189123 67 36 41 7913820927933335625 711TH10 0307231535799999999999999 4381441621 3499999999999999
349317266207159138147180226275310314286234167 99 47 28 47 9716423930735125 712TH1039317234836199999999999999 5101381659 2899999999999999
361340297239179139131154195246295322314275215145 78 35 30 6312219427033225 713TH1118323999999999999999999999 5431301737 2799999999999999
362358325272209152123130162210264309326308261198127 66 34 44 8815222729925 714TH 021365115932699999999999999 6191221816 3399999999999999
350365346303243178129113131170222276315324298249185118 66 48 6911918525725 715TH 055365124432599999999999999 6571131857 4899999999999999
320357357327276212151112107132176229281314317289241181121 81 7410115221425 716TH 131361133431999999999999999 7381051941 7299999999999999
27932935134030224718513010110313117722927830730828424218914011010913518025 717TH 2 9351143331199999999999999 825 98203210599999999999999
234287324334316276222164117 94 9912717122226829730328725321017014614416425 718TH 252334154530499999999999999 919 93213514299999999999999
199241281308313294256205153111 89 9211715820825528930429727324020618117225 719TH 3423141711304999999999999991023 87225817299999999999999
181205236267288294278244198149108 83 8110214219224328631131429927123720725 720TH 4452941840315999999999999991135 79999999999999999999999
188186199223250273283272243199150104 73 66 8512517823728932333432429625825 721TH 6 028320 033499999999999999 0381851247 6599999999999999
219190179187209239267283277248204150 98 61 50 6911217123729733835234131025 722TH 71528321 235299999999999999 2 41791352 5099999999999999
265217180166175201237272292287256206147 88 47 36 5910817424631135236434825 723TH 819294215336499999999999999 3 51661448 3599999999999999
310256202164153169202246286307298260204138 75 34 28 5911518626332736336725 724TH 912308223636999999999999999 3511531538 2699999999999999
342296235179146145170212262304321303258195124 60 25 31 7013320928534436825 725TH 958321231336999999999999999 4301421622 2399999999999999
360326271206153132144179228282321328300247180107 48 26 45 9416223931135725 726TH1041329234636799999999999999 5 613217 1 2699999999999999
366345299237173131125150193248300331326289231160 91 45 39 7112719927433425 727TH1121333999999999999999999999 5401231738 3699999999999999
362355320265200143116125160210266313331315271211142 82 53 6410616823930625 728TH 01636412 133199999999999999 6131161813 5299999999999999
349357334288227164120110131173226279316322298252192131 86 75 9914821027525 729TH 044359124132499999999999999 6471101848 7599999999999999
32635034130525118913610811214218723928531030828023518113210510913918824525 730TH 112351132431399999999999999 722106192310399999999999999
29733133631427021516012010712015319724528229929226522618214813514617722025 731TH 140338141229999999999999999 75810720 113599999999999999
26630331931128223718714211511212916120224327328528025922819617416918020525 8 1TH 210319151128699999999999999 840110204816999999999999999
23827029129628225221217113711911813516420023526227627626424222020419820425 8 2TH 245296163027899999999999999 93011622 019899999999999999
21823825827027125823320116713912312213415919122525527528227826424522821625 8 3TH 33227218 7282999999999999991037120999999999999999999999
21121522623925025324622820117014212311712514818121925528229729828626423925 8 4TH 450253193230099999999999999 0 2211115711799999999999999
21820320020822323924924923420817414011510411013517422026429931731830027025 8 5TH 626251203032099999999999999 14720013 910399999999999999
236205186182195218243260262246214172130 98 84 9412717623128232033733030325 8 6TH 739264211233799999999999999 24118114 5 8499999999999999
263219183165170193226260281281256213161110 74 64 8312718725030734235133325 8 7TH 829284214835199999999999999 3171641450 6399999999999999
294243192158149167203247286305296259204141 84 49 49 8213820827833336035525 8 8TH 911306222036299999999999999 3481491530 4599999999999999
324273213162136143175222274314325302252186115 57 31 46 9316123730935736925 8 9TH 949325225137099999999999999 41613516 7 3199999999999999
349305243178133123146191247302337335298237162 88 36 26 5711719327334037425 810TH1027341232037699999999999999 4461221643 2499999999999999
368333275205142110118155210273327351335286217139 67 28 36 8315123130936425 811TH11 5351235037999999999999999 5171081719 2699999999999999
378355305237164110 95120168230295343354326270198120 59 38 6211819127033825 812TH1146356999999999999999999999 550 941756 3899999999999999
375369330269195126 86 89126182247310348348313255184114 68 6510015923030125 813TH 021377122935399999999999999 625 831835 6199999999999999
353369346296229156 98 75 91134193258314343336300245181124 9510314219726025 814TH 053369131734499999999999999 7 4 751916 9399999999999999
316350348314259193128 84 74 9614119925930732932129024419215013314517922525 815TH 127353141333099999999999999 746 7320 313399999999999999
274313329317281228169116 84 8010314419624929131231028825421618617418220525 816TH 2 4329152431499999999999999 837 7821 517499999999999999
236269293300286254210162120 94 8910513818323027029630529627524922420820525 817TH 250300165830599999999999999 943 88224620599999999999999
213229249265272265243210171134107 9410112416220725228730831330228025322825 818TH 4 02721846313999999999999991110 94999999999999999999999
210204209223240255259249225190151115 92 8810514118924128832033332630226725 819TH 54925920 833399999999999999 1 12041242 8799999999999999
229198183185202228254270268246208162115 81 70 8612618024229933835134130925 820TH 72427121 235199999999999999 2211821354 7099999999999999
262213175159167193231268292291264219162105 64 54 7612318625631835536134125 821TH 827295214436399999999999999 3 81591448 5399999999999999
298241184148141161200249294317308272216150 86 47 46 7913520728133936636025 822TH 914318221736799999999999999 3421401531 4299999999999999
327272206151126135168218276321335314267202128 66 39 53 9816324031235836725 823TH 953335224536899999999999999 41212516 9 3999999999999999
345298233166121114140186245304341341307250178104 54 45 7513120227934036625 824TH1029346231136799999999999999 4411131642 4399999999999999
356317258188128102115154210274328350335290226151 86 54 6611017424731635825 825TH11 4350233536599999999999999 5 91021713 5399999999999999
362332280212144100 95125175237299341347318266199130 81 71 9915322028934225 826TH1139349235936199999999999999 537 921744 6999999999999999
361343298235166109 86100142198261315341333296241177120 9210114119826231925 827TH1215342999999999999999999999 6 5 861814 9199999999999999
351346311256189128 89 8611516322127932033231427422116512611814018323729125 828TH 023353125233299999999999999 634 83184511799999999999999
329339317272213152105 86 9813418423928731431529425621016914815217821826225 829TH 047339133331899999999999999 7 4 86191914699999999999999
300319311280232178129 99 9611615319924628330129827924821318717818620923925 830TH 112320142130299999999999999 737 94195917899999999999999
26929029427724420315912510911313316620524327128528527225222921320721222425 831TH 140295152828799999999999999 81710821 020799999999999999
24125826726324722119015813512412714216719823025627428127826725223822722225 9 1TH 215267171228199999999999999 916123232722299999999999999
22322823524124023221719617215013613213815618321424627128829428827325323325 9 2TH 3272411859294999999999999991055132999999999999999999999
21620520521222323323623121419016213812312113516520424528130731630828625525 9 3TH 55623620 231699999999999999 134204123812099999999999999
221194180182198222244258256237203164126101 9611415320325630233133731928425 9 4TH 724259204433799999999999999 2211791343 9599999999999999
239195164155169200237272290283253206152102 72 7210215421728033035434831725 9 5TH 815290211735599999999999999 2511551430 6899999999999999
267209159134140170216267307321302257195128 73 47 6010416924331235736834625 9 6TH 855321214736999999999999999 3191331510 4699999999999999
299235169123113137183243302340343309250176100 47 34 6412319827834537636825 9 7TH 933347221637899999999999999 3461121546 3399999999999999
328266192126 93103145205274335365351303233152 76 33 40 8615523631637038125 9 8TH1011365224538399999999999999 415 921622 3099999999999999
353297223144 87 74104160231305360375348290214130 63 39 6412119527734738125 9 9TH1050376231438299999999999999 446 731658 3999999999999999
370324255174 99 59 68114179255328373373335273196118 67 6310116323631136425 910TH1130378234437699999999999999 518 571734 5899999999999999
375343284209128 66 47 73128198275340371361320258185120 8810014320327033125 911TH1214372999999999999999999999 553 461813 8799999999999999
362352307242166 94 50 49 8514321328433835834430424818613812314118323528925 912TH 01536313 335899999999999999 631 44185512399999999999999
330341318268204136 80 53 6310015521928132433832529324820116916217921125025 913TH 04834214 033899999999999999 713 52194516199999999999999
288311309281236181127 86 71 8211416121426530131631129025922720419720522325 914TH 125313151431699999999999999 8 4 70205619799999999999999
246268279274253219179139109 95 9912115519824127629830529727925623522021425 915TH 213279165730599999999999999 915 94231221499999999999999
21622523724624824022219616613711710911714017521625728930931330328125322525 916TH 34324918473149999999999999911 1109999999999999999999999
20419419620722423924724222419616212910710311915319924929332333232129325325 917TH 6 9247195733299999999999999 120193124210299999999999999
211179164168188218250270272254219173127 94 8510314219625630934034632728725 918TH 736274204334799999999999999 2161631350 8599999999999999
234182147137152186232275301300274228169112 76 71 9714621027833035534931625 919TH 828304211735699999999999999 2511371438 6999999999999999
263199145118123153202260308329317278220151 91 62 7010916823930735035933625 920TH 9 7329214536099999999999999 3201161516 6199999999999999
289223156110100124170231294337345319267198126 74 61 8513620427733636034825 921TH 94234622 936199999999999999 345 991549 6099999999999999
308247175113 86 98139198267326355346306244170103 68 7511517624831435535625 922TH1014356223136099999999999999 410 861619 6699999999999999
323268197126 81 78109164231300348359334283215143 90 7710415522129034235825 923TH1046360225435899999999999999 435 741648 7799999999999999
335286219145 87 65 84131194265326357350313255187125 9310214119926432235125 924TH1119358231635399999999999999 5 1 651717 9299999999999999
343302240168102 64 6610215922629333935233228822816612111113518123929633525 925TH1151353234034499999999999999 527 60174611099999999999999
341313259193125 75 60 8212818925431034033831026320815813314017121726831125 926TH1226343999999999999999999999 553 60181713299999999999999
329315273216152 97 68 7310615621627331533031928824419816415617120224228125 927TH 0 432913 233099999999999999 621 65185015599999999999999
307306279234179125 88 77 9513218023327930831329927123520118218219722325225 928TH 029310134531499999999999999 651 77193018099999999999999
277286274244203158119 97 9711815219423727329329628626523921620420421322825 929TH 057286144329799999999999999 728 94203120399999999999999
24525825824522018915613011711813416019322825727728528327125423622321521425 930TH 133260161528599999999999999 822115224621399999999999999
2182252322342282151961731521371321371531792102412672852922872732522302102510 1TH 24523418 52929999999999999910 1132999999999999999999999
1981942002112232312302202001741491311241331571922322702983123082872562212510 2TH 528232191631299999999999999 050194115812499999999999999
1891691661802032302522612512251881481161001081381842372863213343222902442510 3TH 7 026120 033499999999999999 139165131110099999999999999
194154136143171212255288298281242189134 91 74 891311902553123473503232752510 4TH 752298203535399999999999999 21213614 1 7499999999999999
214154115108132178236291327330299246179112 65 56 861412112843423663523082510 5TH 83433321 636699999999999999 2421061443 5599999999999999
244170108 79 91135198268330360349305239160 89 50 561001662443183653703362510 6TH 914361213637499999999999999 311 781521 4799999999999999
276199119 65 55 88149225303362380355300224141 74 50 731292012803463753582510 7TH 95338022 737599999999999999 342 531559 5099999999999999
306232147 71 33 46 97169253332382385349287208127 74 681051652383123623682510 8TH1034389223737299999999999999 414 321636 6599999999999999
331266184 99 35 19 50113192278351387378336272195124 89 991422022713313612510 9TH1117389231036199999999999999 449 181716 8799999999999999
346295223140 63 18 21 65132212294355379363320258189134115134177232290334251010TH12 4379234434599999999999999 526 13175711599999999999999
343314257184108 46 20 36 84150226298347361344305250193154147167204249293251011TH1255361999999999999999999999 6 6 20184414699999999999999
319314279224159 95 51 38 59104164230290328339326294250207180176190217250251012TH 021321135533999999999999999 651 38194217599999999999999
279291281249203152104 73 66 84120169223272305318312290259227205196200215251013TH 1 329215 931899999999999999 745 6621 819699999999999999
234252259252232200164130105 96104128165208250283302306295273246221203195251014TH 2 3259164430799999999999999 9 2 96231519599999999999999
197207221232237231215191163137119114126152189230269297310306288258224194251015TH 3582371817310999999999999991047114999999999999999999999
175170178196218238247243224195160130113116137174220266303321317294256211251016TH 611248192132299999999999999 052169122311299999999999999
170145140155185222256276274253215169127103104128171224278317332321288237251017TH 72627820 533299999999999999 144140132910099999999999999
182136114119147191243286306300269220163115 91 98131182243299333337312265251018TH 815307203733999999999999999 2191131416 9099999999999999
203142101 92112156214275318330312269209145 99 85105148208272322342328288251019TH 85333121 434299999999999999 248 911453 8599999999999999
228158101 74 83121180248310343342310255187125 90 92125178243303338338305251020TH 927347212934399999999999999 313 731526 8699999999999999
250180111 67 61 90144214285338356339295231162109 92111155215279327341319251021TH 959356215234299999999999999 338 581557 9299999999999999
270202129 71 48 65111177251317355355325271204141105107140192253308337329251022TH1031360221633999999999999999 4 3 48162610199999999999999
288225152 85 46 46 82141213285338358343302243178129113131173228284324331251023TH11 2358224033399999999999999 429 41165611399999999999999
302247178108 55 39 60110175247310347349323276216161129131159204257303324251024TH113435223 632499999999999999 455 38172712699999999999999
310266205136 76 43 48 85141209275324344333300251196155140154186231276306251025TH12 7344233331199999999999999 522 41175914099999999999999
308279228166104 61 48 69114172236292326332314278231187160157176208247280251026TH1243333999999999999999999999 551 48183515599999999999999
295282245194138 89 63 65 94141197253296318316295261221188172175193220250251027TH 0 2295132432099999999999999 624 60191917199999999999999
271273254218172126 91 77 87117160209256290305302283254223197185187199219251028TH 037275141830699999999999999 7 4 77202218499999999999999
240252250233203167132107 98107131167209249278294294281258232208193188193251029TH 123254153129699999999999999 8 0 98215818899999999999999
206221232234225206180152129116117133161198236268289296289269242213189175251030TH 242235165929699999999999999 925115233817399999999999999
173183200218232235227206178149126116123146183225264294308302279245205170251031TH 44923518133089999999999999911 8116999999999999999999999
1481451591862182462622592382031621261051061311722232723093243142812341822511 1TH 62226319 532499999999999999 041144122710299999999999999
137113115142184232274298294265219166117 89 911221732332903293383152692072511 2TH 722300194633999999999999999 1241101326 8699999999999999
143 94 76 93136195258310334323284226160103 76 861271862533133463413032412511 3TH 810335202234999999999999999 2 0 761413 7599999999999999
167 96 51 47 82142216291345362341291223149 92 73 941442092793343533312762511 4TH 855363205735499999999999999 235 441457 7399999999999999
202120 50 17 32 85158243322371378346289214139 89 831151702373043473483082511 5TH 939380213135399999999999999 310 171539 8099999999999999
240158 74 13 -1 32 97179268344384380341280204134 971031411982633213483302511 6TH102338722 734899999999999999 347 -31621 9499999999999999
277202117 39 -7 -4 421142002883553833713302681951361121271682222813263362511 7TH1110384224433899999999999999 425-1217 511299999999999999
305245168 86 20 -9  8 601332172983553733573152561911441321501892392883192511 8TH12 0373232432299999999999999 5 7-10175213199999999999999
315277216143 71 19  4 28 811512293003453573403002461921571501682022442832511 9TH1252357999999999999999999999 551  4184414999999999999999
301290252196132 73 34 28 53102165234293329338323288242197169163177205238251110TH 0 8301135033999999999999999 641 26194516399999999999999
266277265233187135 89 60 57 79120174231281312321308280241204178169177196251111TH 1 0277145432199999999999999 737 5521 016999999999999999
221243253247224191152116 92 86101133176224267296307300277244209181166166251112TH 2 825316 530799999999999999 846 86223016499999999999999
178198219234238229208178147121110116138173215255286301297277245207174152251113TH 3472391719301999999999999991010109235414699999999999999
146154175202227243245232207174144124122138168209250284301298276240196155251114TH 5382461822302999999999999991138120999999999999999999999
129121132160197234261270259231193155128121135167210255290306298269224173251115TH 657270191030699999999999999 053121124912199999999999999
127100 97118157206254287295280246200154124118136172220267301309291252197251116TH 751296194931099999999999999 136 95134411799999999999999
139 93 74 83117170230283313316292248194145117118144187239285310306274222251117TH 834318202131299999999999999 210 73142811499999999999999
160100 62 56 82131195261312334325291238179132114125160209262302313292246251118TH 912335205031399999999999999 240 5515 611499999999999999
184117 64 41 53 95156228293335344323278218160123117140183236285311305268251119TH 946345211931399999999999999 3 8 40154111699999999999999
210141 77 37 33 64119189262320347342309256195144121129161210262301310286251120TH1020349214631199999999999999 336 30161312099999999999999
236170101 47 25 41 86150224292336348330288230173134126146186236282306298251121TH1052348221530799999999999999 4 4 25164612599999999999999
259200131 68 29 28 59115184256312341339310262205156133138166210257293301251122TH1125344224530299999999999999 433 24171813199999999999999
277228164 98 46 26 41 85146216281324338324288237184148137152186229271293251123TH1158338231729499999999999999 5 3 26175213799999999999999
286251196133 75 38 34 62112176242297327329306266216171146146167202242274251124TH1233331235228499999999999999 537 32183014399999999999999
284266225170112 64 41 50 85138201261305324317290248202166149154178211245251125TH1313324999999999999999999999 614 41191414899999999999999
268269246205154103 66 54 69107159217270305317305277237196165152159181210251126TH 033272135931799999999999999 657 5320 715299999999999999
239256254232195151108 79 71 87123172224270301309297269232193164151156174251127TH 124258145430999999999999999 749 70211215199999999999999
201227244245229199162125 97 89101132176223266295304294267229190158141142251128TH 234247155730499999999999999 855 88222713999999999999999
158184213236246239217184148118103109133173218261292304294266225180142120251129TH 4 624617 4304999999999999991015103233511699999999999999
118135167204239260262245212173136112110130168214260294308296263214162116251130TH 53726418 3308999999999999991136108999999999999999999999
 89 881121542042522852932762401941481151081271662152643013132952521951332512 1TH 649293185431399999999999999 031 85124710799999999999999
 80 53 59 951502142743143233032612071531141061271692222743103162882341672512 2TH 748324193931899999999999999 119 51134610599999999999999
 97 42 21 38 871552312993413473222742121521131081331792352873183132732102512 3TH 840349202232199999999999999 2 2 21143810599999999999999
134 60  9 -3 28 891672503213603613302772101481131141451932503003213042542512 4TH 93036521 432299999999999999 245 -4152710999999999999999
183103 29-14-13 29 981822693373693643282712031451171251592092653083192912512 5TH1020371214732099999999999999 328-20161511599999999999999
233158 77  9-24-11 391121982833453693583192601941411221361732232753103102512 6TH11 9370223131599999999999999 412-2517 312299999999999999
274213137 59  0-21  1 551302142933463623463052451831391281461842332793052512 7TH1158362231730799999999999999 458-21175112799999999999999
297257195123 53  4 -7 21 761492292993413503302872291731381331531912362762512 8TH1246351999999999999999999999 546 -8184013199999999999999
295281241183117 56 18 16 461011692413013333353112682141651371361571922332512 9TH 0 5295133433899999999999999 634 12193113399999999999999
267279264227176119 69 41 44 75126188250298322318292250200158135136156188251210TH 058279142132399999999999999 724 39202713399999999999999
223252262250219177130 90 70 76104149203254292308301274234189152132133149251211TH 157262151030899999999999999 817 69212913099999999999999
177209235247241219187149117101106129166211252282294286260222180145125123251212TH 31024716 429499999999999999 917100223812299999999999999
137162193221239242229205174146129129146175212247273283274249211170135113251213TH 44024317 2283999999999999991030127234510799999999999999
108121147182216242253248227199170149143153177209242266276266239200156118251214TH 6 925418 0276999999999999991152142999999999999999999999
 94 90106138180223256273270250218184157146153175207240265273260228184136251215TH 720274185227399999999999999 042 8913 614699999999999999
 95 72 73 96138189240278295290265227186155142150175210245269272252212161251216TH 814296193727499999999999999 128 6914 614299999999999999
109 69 52 62 97149209264302314302269223178146137150180220256275270239191251217TH 859314201727699999999999999 2 7 52145413699999999999999
133 80 45 38 61108170235290321325302260209162135134155193235269280263221251218TH 937327205428099999999999999 243 37153313199999999999999
164103 52 28 35 71129197263311332324292242187146128137168211254281279249251219TH1013333212828499999999999999 316 2616 912899999999999999
197134 73 31 20 42 90156227288326334314272217165132127147186232271287272251220TH104633522 128799999999999999 349 19164112699999999999999
230170104 47 17 21 57115186256308333327296247191145124132162207253284287251221TH1118334223529099999999999999 422 14171312499999999999999
259206141 76 28 12 32 79145217281323333315274220166130122142180226268289251222TH1150333231129099999999999999 456 12174512299999999999999
279239181114 54 18 17 50106176246302331327298251194146121125154196242278251223TH1223333234928899999999999999 531 13182011999999999999999
287266219157 93 41 17 30 73136206272317332316279227172130116130164208251251224TH1257332999999999999999999999 6 9 17185811699999999999999
279279250200140 81 39 27 51100164232290324326302258204152119114134170214251225TH 030283133532999999999999999 649 27194011399999999999999
253274268237189133 81 49 47 76127188250298321315284238184137111111133170251226TH 118275141632299999999999999 733 44202910899999999999999
211248266260231188139 95 70 73102149205258297312300267220168125102103125251227TH 21526715 231299999999999999 824 672126 9999999999999999
161202238259258237201158120 98 99123163211256288299285252205155112 89 88251228TH 327261155629999999999999999 927 952231 8699999999999999
109146189230257265253224186151126121137169209248277287274241194142 98 70251229TH 45326516572879999999999999910441212337 6699999999999999
 67 88128176225263281277253218180149135142167202239268280268234184129 80251230TH 61828218 1280999999999999991210135999999999999999999999
 48 44 67112168226274301303282246204165143143162195232263277264227174114251231TH 73330519 227799999999999999 038 42133014099999999999999
