120 82 44 14 -2  3 27 57 80 95110121122108 86 64 50 50 7210613515115715625 1 1TI1132123222615899999999999999 418 -31628 4799999999999999
142110 69 31  4 -5  8 37 68 88101114123117 98 74 54 44 52 8111514015215625 1 2TI12 9123231015699999999999999 457 -517 6 4499999999999999
153133 97 56 22  0 -1 19 51 79 95107118121110 87 64 47 43 58 8912114114925 1 3TI1246121235515299999999999999 536 -31746 4299999999999999
152145122 86 48 18  4 10 35 67 90102112119117101 78 57 44 44 63 9412113625 1 4TI1321120999999999999999999999 614  31828 4299999999999999
143144135110 76 44 22 15 27 53 82100109115118111 94 72 53 43 47 66 9311525 1 5TI 042144135411899999999999999 653 151917 4299999999999999
127133133123101 72 47 32 31 46 71 94108114118117108 90 70 53 44 47 64 8625 1 6TI 133134142611899999999999999 733 302014 4399999999999999
104115121121113 95 74 56 47 49 64 84103114118120117108 91 71 54 44 45 5725 1 7TI 231122145912099999999999999 817 462124 4399999999999999
 75 91102109110106 94 80 68 62 65 76 92107117122123121112 96 74 55 42 3925 1 8TI 346110155312399999999999999 9 9 622246 3899999999999999
 46 62 78 90 98102103 98 89 80 75 75 82 94109120126128127119101 77 54 3725 1 9TI 5391031715128999999999999991023 74999999999999999999999
 30 34 49 67 81 91 99105105 98 89 81 78 81 92108123131135135127107 79 5125 110TI 731106183413699999999999999 0 7 3012 8 7899999999999999
 30 19 22 39 59 75 88 99110112105 93 81 73 74 87108127137143143134110 7725 111TI 845113193914499999999999999 117 191328 7299999999999999
 45 21  8 13 33 57 74 88103116118108 91 75 64 66 8411013214314915013710925 112TI 939119203815199999999999999 214  81424 6399999999999999
 72 37 11  0  9 33 59 77 92110123121105 83 64 53 60 8511513714715315313625 113TI1023124213015599999999999999 3 4  01512 5399999999999999
102 62 26  2 -5 11 40 66 83 99117126118 96 72 52 45 59 9012214115015515125 114TI11 2126221715699999999999999 348 -51553 4599999999999999
129 90 49 16 -4 -3 21 52 76 91107123125109 83 58 42 42 64 9912814214915325 115TI1137126225715399999999999999 427 -71631 3999999999999999
144115 74 36  7 -4  7 37 68 87100115124118 95 68 47 37 46 7510913114114725 116TI12 8125233114899999999999999 5 2 -417 5 3799999999999999
147130 97 58 25  5  4 25 57 84 98109120120105 80 56 40 39 56 8611513113825 117TI1234122235914199999999999999 533  21736 3799999999999999
141135113 79 45 20 11 21 47 78 98109116119111 90 66 47 39 46 67 9611712825 118TI1252119999999999999999999999 6 1 1118 6 3999999999999999
132131119 95 64 38 24 25 43 70 95109116118114 99 78 57 44 43 55 7710011525 119TI 024133125911899999999999999 626 221838 4299999999999999
122124119104 81 57 40 35 44 65 90108117119117107 90 70 54 46 49 63 82 9825 120TI 05112413 411999999999999999 652 351915 4699999999999999
109113113106 92 73 57 49 51 64 84102114119119113101 84 67 55 50 55 66 8125 121TI 129114132612099999999999999 718 4820 2 5099999999999999
 92100103103 97 86 73 64 62 67 80 95108116119118111100 84 69 58 54 57 6525 122TI 223103141211999999999999999 749 6221 7 5499999999999999
 75 84 90 94 95 92 86 79 75 75 80 88 99108114117117113102 87 73 61 55 5425 123TI 348 95153211899999999999999 827 742237 5499999999999999
 59 66 74 81 87 91 92 90 87 85 84 85 89 96104112118121117107 92 76 61 5125 124TI 543 9217 112199999999999999 958 84999999999999999999999
 47 49 57 66 76 85 92 96 96 95 91 87 83 84 90101112122127124113 95 76 5725 125TI 744 9718 812799999999999999 0 7 471223 8399999999999999
 43 36 39 48 61 74 86 95102104100 92 82 75 75 84100117130135131118 97 7225 126TI 85310419 413599999999999999 113 361331 7399999999999999
 48 30 23 28 43 60 76 90101109109101 87 72 62 65 82105126139143137121 9425 127TI 934110195714399999999999999 2 4 231418 6299999999999999
 62 34 15 10 21 42 64 81 96109116112 96 75 57 49 59 8411413614614914212025 128TI1010116205314999999999999999 248  915 0 4999999999999999
 86 48 17 -1  0 19 48 72 88104118121109 85 60 42 39 58 9212414315215514425 129TI1044122214815599999999999999 329 -31539 3899999999999999
115 73 32  2-12 -3 26 59 82 97114126122 99 70 44 29 34 6310213214715615725 130TI1118127224015899999999999999 4 8-121618 2899999999999999
141103 57 18 -9-15  5 41 73 93107123130115 85 53 29 20 35 7211113614815625 131TI1150130232615899999999999999 445-161656 2099999999999999
155131 88 43  8-11 -7 22 61 89104118130126102 69 39 20 18 41 8111513414525 2 1TI1221131999999999999999999999 521-131735 1699999999999999
152145116 74 34  7 -3 12 47 83104116126130117 88 56 30 16 22 50 8711412925 2 2TI 0 9152125013099999999999999 555 -31815 1599999999999999
138142130100 63 33 15 16 38 73102117124129125106 76 48 27 19 29 57 8710825 2 3TI 050142131312999999999999999 629 131858 1999999999999999
120127127113 87 59 39 31 40 65 94115124127126117 97 71 47 30 26 37 60 8325 2 4TI 131128132112899999999999999 7 0 311947 2599999999999999
 98107112110 99 80 63 52 52 64 86108122127126122111 94 72 52 38 34 42 5825 2 5TI 217112132112799999999999999 731 512048 3499999999999999
 74 86 93 97 96 90 81 72 68 72 82 97112121124123119111 97 79 60 46 40 4225 2 6TI 326 9714 812499999999999999 8 4 682214 4099999999999999
 51 63 73 80 85 88 89 87 85 83 85 90 98107115119121121116106 89 70 53 4125 2 7TI 548 89162112199999999999999 858 832358 3799999999999999
 37 41 51 62 71 79 87 94 97 96 93 89 87 89 96107117123126125116100 77 5425 2 8TI 816 9718171269999999999999912 6 87999999999999999999999
 37 28 30 41 55 68 80 92103108104 94 83 75 74 85102118128134135126106 7825 2 9TI 9 4108194113599999999999999 119 271333 7399999999999999
 49 27 16 20 37 56 71 85100113116105 87 70 58 60 7810312313414114313210525 210TI 939116204614399999999999999 215 161424 5799999999999999
 71 39 15  6 16 40 63 79 94111123117 97 73 53 43 51 7910912813914714813125 211TI1012123213614999999999999999 259  615 5 4399999999999999
 96 57 24  3  1 21 51 74 88105122126110 83 56 37 33 52 8611613314215014625 212TI1043127221815199999999999999 336 -11542 3299999999999999
120 80 41 11 -4  5 35 67 87100117129122 96 65 39 25 31 61 9712313514414925 213TI1112129225314999999999999999 4 9 -41615 2599999999999999
136102 60 25  2 -1 20 56 84100113126127108 77 47 27 22 40 7510812613614325 214TI1136129232314499999999999999 438 -31645 2199999999999999
141118 80 42 14  2 13 44 79101113123128117 89 57 33 21 27 54 8911412713525 215TI1154128234913899999999999999 5 5  21712 2099999999999999
138126 97 60 30 13 14 36 71100116124128122100 69 42 25 23 39 69 9911712625 216TI12 4128999999999999999999999 528 111739 2299999999999999
131127108 77 48 27 22 34 63 95116126129125109 82 54 33 25 32 54 8210411625 217TI 01213112 412999999999999999 550 2118 6 2599999999999999
122122112 90 65 44 34 39 60 88113126130128116 95 68 46 32 31 44 66 8910425 218TI 03412312 613099999999999999 612 341836 3099999999999999
111113109 97 78 61 49 49 61 83106123129128121106 84 62 45 37 41 55 74 9025 219TI 058113122113099999999999999 634 471911 3799999999999999
 99102102 97 87 74 64 61 66 80 99115124126122113 99 81 63 50 46 51 62 7525 220TI 128103124612699999999999999 654 611958 4699999999999999
 85 90 91 91 88 83 76 73 75 82 93105114119119116109 98 83 69 58 54 56 6225 221TI 222 92132911999999999999999 711 732111 5499999999999999
 70 76 79 81 84 85 84 83 84 87 91 96101107110113114112103 90 77 66 58 5425 222TI 5 4 8516 011499999999999999 713 832319 5499999999999999
 55 59 64 69 75 82 87 90 92 94 93 90 89 91 96104112118119112 99 85 69 5525 223TI 913 941733119999999999999991159 89999999999999999999999
 45 42 46 53 64 75 85 93 99102 99 91 81 75 77 87103118127128122108 88 6525 224TI 9 1102183912899999999999999 055 421317 7599999999999999
 44 30 27 33 48 65 79 91102109108 96 80 65 58 64 84108127136138132114 8625 225TI 922110194513899999999999999 151 2614 3 5899999999999999
 54 28 13 12 27 51 72 87101114119108 86 62 45 41 57 8711713614514814011425 226TI 949119205514899999999999999 233 101443 4099999999999999
 77 39 11 -3  4 30 61 83 98114127123100 69 41 25 28 56 9512614215115614225 227TI1019128215215699999999999999 312 -31522 2399999999999999
107 62 23 -4-11  7 43 76 96111128135118 84 48 21  9 23 6210413014515615925 228TI1050135224016099999999999999 349-1216 1  999999999999999
137 94 47 10-11 -8 23 64 94110125140135105 65 29  5  1 26 7110913014515825 3 1TI1120141232315999999999999999 425-131639 -199999999999999
154124 78 36  5 -7  9 48 88111124137143125 87 46 14 -4  2 35 7911012714225 3 2TI1149144999999999999999999999 459 -71718 -599999999999999
152141106 65 31 10 10 36 77109125135143137109 70 33  7 -3 11 47 8410712225 3 3TI 0 4152121414399999999999999 532  71757 -399999999999999
135138122 90 57 34 24 35 66102125135140140125 94 58 28  9  6 25 57 8510225 3 4TI 044139123214199999999999999 6 2 241838  599999999999999
113121120103 79 58 45 45 63 92119134138137130112 84 56 32 19 21 39 62 8225 3 5TI 124122122113899999999999999 629 431923 1899999999999999
 93101105102 90 76 65 61 68 86108126133133129120104 83 61 44 34 36 48 6325 3 6TI 2 9105122713499999999999999 653 612021 3499999999999999
 75 82 87 90 89 85 80 77 78 86 98112121125124121115104 89 73 59 49 46 5025 3 7TI 323 90131212599999999999999 712 762152 4699999999999999
 58 65 71 76 81 85 87 89 90 91 94 98104109113115117116111101 87 72 58 4925 3 8TI16121179999999999999999999992359 46999999999999999999999
 46 49 55 62 70 79 88 96100100 96 91 87 88 93102112119122121114 99 79 5925 3 9TI 8291011821122999999999999991223 87999999999999999999999
 44 37 39 48 61 73 84 96107110104 91 78 69 69 81 98114124130132124104 7825 310TI 850111194813299999999999999 119 361329 6899999999999999
 52 33 26 32 48 66 80 93108118115 99 78 60 50 55 7610111912913814012810025 311TI 917119204514199999999999999 2 5 251412 5099999999999999
 68 39 21 17 32 57 78 91106121125111 86 60 40 35 50 8010812413514414312225 312TI 944126212814699999999999999 241 161448 3499999999999999
 87 52 25 11 17 43 73 91104119131124 98 67 40 25 28 55 9011512813914713725 313TI101113122 514799999999999999 313 101521 2399999999999999
107 69 35 13  9 28 62 90105118131132112 78 47 24 16 32 6710112013114214425 314TI1035134223714599999999999999 342  81552 1699999999999999
123 87 50 22  9 18 49 85107119130136123 92 57 29 13 18 45 8210912313414125 315TI105513623 614199999999999999 4 8  91619 1299999999999999
133104 67 36 17 16 39 76106122131137131105 69 37 17 12 28 62 9511412513425 316TI11 8138233213699999999999999 433 141645 1199999999999999
134116 84 52 29 21 34 66101124134139136116 83 49 24 12 19 45 7810311712625 317TI1116139235613099999999999999 456 211711 1299999999999999
130121 97 68 45 32 36 59 93121135140139125 97 64 36 19 17 33 62 9010711725 318TI1120141999999999999999999999 519 311737 1699999999999999
122120105 82 60 46 43 57 85114133140140130109 80 51 31 22 29 50 76 9610725 319TI 019123112614199999999999999 541 4318 6 2299999999999999
113114107 91 74 60 55 61 79105126137138132118 95 70 48 34 32 44 64 84 9725 320TI 041114114013899999999999999 6 2 551838 3199999999999999
103104102 94 83 72 66 68 79 97116129133130122108 88 68 51 43 45 56 71 8525 321TI 05710412 213399999999999999 620 661919 4299999999999999
 92 94 93 91 87 81 77 77 82 92105117124125121114104 89 73 60 54 55 61 7125 322TI 110 94123812599999999999999 633 762020 5399999999999999
 78 82 83 84 86 86 85 85 88 92 97103109113115115113107 96 82 70 62 58 5825 323TI 442 86144011599999999999999 629 852225 5899999999999999
 62 67 71 75 81 86 90 93 95 95 93 91 92 96102110116119115106 93 79 64 5325 324TI 836 951658119999999999999991122 91999999999999999999999
 48 49 55 63 74 84 92 99104103 95 85 76 74 80 94110123128126118103 81 5925 325TI 821104181312899999999999999 020 471247 7499999999999999
 41 33 34 46 63 80 92102112114105 87 68 55 54 68 92116131137137129107 7725 326TI 843114193613899999999999999 121 321336 5399999999999999
 47 26 17 24 46 72 91104116125120 98 70 46 32 37 62 9612313714514813610525 327TI 912126204814899999999999999 2 5 171418 3199999999999999
 67 34 12  7 25 57 87104118132136117 83 48 22 12 26 6310212714115215613625 328TI 943137214215799999999999999 244  61459 1299999999999999
 96 55 22  4  7 37 77105119133146138106 63 26  2 -2 23 6810712814315715625 329TI1014146222916099999999999999 322  21539 -499999999999999
128 84 44 16  4 20 59 99121133147152131 88 43  8-12 -6 29 7510712514315725 330TI1045153231215799999999999999 359  41619-1399999999999999
148114 73 39 17 16 43 86120135146156149115 69 27 -3-15  0 40 8010512214025 331TI1114156235414999999999999999 434 131659-1599999999999999
148133 99 65 39 27 37 71111135145153155136 98 55 19 -4 -8 14 52 8310211725 4 1TI1140156999999999999999999999 5 7 271740-1099999999999999
132133115 87 63 46 44 63 97128144150152145120 84 48 20  4  8 31 61 84 9825 4 2TI 035135115615299999999999999 538 431821  399999999999999
110119115100 81 66 59 65 86115136145146143131108 78 51 30 20 27 46 67 8225 4 3TI 117119115014699999999999999 6 7 5919 7 2099999999999999
 91 99104101 91 81 74 73 83101121134138137132120103 81 60 45 39 43 55 6825 4 4TI 2 810412 913899999999999999 634 7320 4 3999999999999999
 77 83 88 92 93 90 86 85 87 94105116124126125122116105 90 74 62 54 54 5825 4 5TI 338 9313 812699999999999999 7 1 852136 5399999999999999
 65 71 76 82 88 92 95 95 95 94 95 98103109113117119118112101 88 74 62 5625 4 6TI 652 95161411999999999999999 9 8 942337 5599999999999999
 55 59 65 73 82 90 98104105100 93 86 83 86 94104114120123121113 97 78 6225 4 7TI 74010518 81239999999999999912 2 83999999999999999999999
 51 48 53 65 77 88 99109114111 98 83 70 65 70 85103116125130130119 98 7425 4 8TI 8 9114193113199999999999999 051 4813 4 6599999999999999
 54 42 41 53 71 87 99110120122109 88 67 52 48 60 84106120129136135118 9125 4 9TI 836123202413799999999999999 134 401345 4899999999999999
 64 43 34 40 61 85101111123130122 99 71 48 35 38 60 9011212413414113310925 410TI 9 313021 614199999999999999 2 8 331421 3499999999999999
 78 51 33 30 47 77101115125135133113 82 52 31 23 37 68 9811612713814112525 411TI 927136214214299999999999999 239 291453 2399999999999999
 94 63 39 28 36 64 97117128137141127 96 61 33 18 20 45 8010511913114113525 412TI 948141221414199999999999999 3 8 281523 1699999999999999
111 78 50 32 31 52 87116131140145138111 74 41 19 12 27 59 9111112313513825 413TI10 5145224413999999999999999 335 291551 1299999999999999
123 94 64 42 33 44 74109132142148145125 90 53 26 11 16 41 7410011512713525 414TI1020149231313699999999999999 4 1 331618 1099999999999999
130108 80 56 41 42 64 99128143150150136106 69 37 17 12 27 58 8710611812825 415TI1034151234013199999999999999 428 391646 1199999999999999
130117 94 70 53 47 59 87119140149151143120 86 53 28 16 21 44 74 9711011925 416TI1048151999999999999999999999 454 471715 1699999999999999
124119103 83 67 57 60 79108133146150146131103 71 44 27 23 36 61 8610111025 417TI 0 712411 215099999999999999 520 561746 2299999999999999
115115107 93 78 68 66 76 98122139146145136117 91 64 43 32 35 51 73 9110225 418TI 032116111914699999999999999 544 651820 3299999999999999
106107105 97 87 79 74 78 91110128138140136125108 86 64 48 42 47 61 78 9125 419TI 054108114614199999999999999 6 8 7419 4 4299999999999999
 97 99 99 97 93 87 83 83 88 99113125132132128119106 88 70 57 52 56 65 7725 420TI 122 99123313299999999999999 635 8220 4 5299999999999999
 86 90 91 93 94 94 92 90 90 93 99107116122124124120110 95 79 66 59 57 6225 421TI 419 95142312599999999999999 731 902142 5799999999999999
 70 77 83 88 94 98101100 97 92 89 88 93102112121126125118105 89 72 59 5325 422TI 6151011622126999999999999991033 882323 5299999999999999
 53 60 71 82 93101107111108 99 86 75 71 75 89107122131132127115 96 73 5425 423TI 7 911117421329999999999999912 2 71999999999999999999999
 44 43 53 71 89103112120122114 94 72 55 49 57 79106126136139137124 98 6925 424TI 747123191614099999999999999 033 421259 4999999999999999
 47 34 36 53 80103116126134132112 82 52 32 27 42 75108128139146146128 9625 425TI 824135203114899999999999999 125 331347 2699999999999999
 63 39 28 35 62 96119131141147136103 64 31 11 10 35 7510912714015215012625 426TI 859147212615499999999999999 210 281433  799999999999999
 89 57 35 28 44 80115134144155155131 88 45 12 -6  1 35 7810812514215514825 427TI 934157221515699999999999999 252 271516 -799999999999999
118 82 53 35 34 61102133147156164155120 72 29 -1-14  2 41 8110512214215325 428TI10 816423 015399999999999999 332 3216 0-1499999999999999
140109 77 52 40 49 82122146156164166146105 58 20 -6-12 11 50 8310212013925 429TI1040167234414599999999999999 410 391642-1399999999999999
144127 99 74 55 50 68103137154161166160133 91 50 17 -2  0 26 60 8410111725 430TI11 9166999999999999999999999 447 501725 -599999999999999
131131114 92 73 61 64 86119144156160160148120 83 49 22 10 17 41 68 86 9925 5 1TI 029133113316199999999999999 522 6018 9  999999999999999
112121118105 89 76 71 79101127145152153150136111 81 53 34 27 36 55 74 8725 5 2TI 116121115215499999999999999 558 711856 2799999999999999
 97105111108100 89 81 81 90108127138143143138126107 84 63 48 44 51 64 7725 5 3TI 213111122614399999999999999 636 801952 4499999999999999
 86 93100104104 99 93 88 88 95107119127131132130122108 91 74 62 57 60 6925 5 4TI 328105135313299999999999999 729 8821 5 5799999999999999
 78 85 91 98104105103 99 94 91 92 98106114120125126122112 99 84 72 65 6425 5 5TI 454105154912699999999999999 916 912233 6399999999999999
 69 77 85 94102108111110103 94 86 82 85 92103114122126125118106 90 75 6525 5 6TI 61111117171269999999999999911 8 822349 6399999999999999
 63 68 78 91102110116119115104 89 75 68 70 81 98113123128128123108 90 7325 5 7TI 7 01191842129999999999999991219 68999999999999999999999
 62 60 68 84101113121126127117 98 77 61 54 59 76 98115124130132124106 8425 5 8TI 735128194713399999999999999 042 6013 7 5399999999999999
 67 57 59 74 96115126132136130111 85 61 45 41 54 78102117127134134122 9925 5 9TI 8 3136203513699999999999999 122 561345 4199999999999999
 76 60 54 62 86112129138143142127 99 68 45 32 35 56 8410712013013713311425 510TI 826144211413899999999999999 157 541420 3199999999999999
 89 68 54 55 73102128142148150141115 81 51 30 24 37 64 9211112313413812725 511TI 848150215013899999999999999 230 521452 2499999999999999
104 80 61 53 62 89120141151156152132 98 63 36 21 23 45 75 9911412713713525 512TI 911156222313899999999999999 3 2 531523 1999999999999999
118 94 72 57 57 76107135151158159146116 80 47 25 17 30 58 8610511813113625 513TI 935160225613699999999999999 333 551554 1799999999999999
127107 85 67 58 67 93124147158162155133 99 63 36 20 21 42 71 9511012213125 514TI10 1162232813399999999999999 4 5 581626 1899999999999999
131117 98 79 66 64 81111138154160160146118 83 52 30 21 31 56 8310211312325 515TI1026161999999999999999999999 436 6317 0 2199999999999999
128122107 90 76 68 75 97125146157159153134104 72 46 29 28 44 69 9210611425 516TI 0 0128105015999999999999999 5 7 681735 2699999999999999
120121113100 86 76 75 87110134150155154143122 94 66 44 34 38 56 79 9710725 517TI 035121111515699999999999999 539 741814 3399999999999999
112115113106 96 86 80 83 97118137148150146135115 90 66 48 41 48 65 85 9825 518TI 115115115015099999999999999 613 801859 4199999999999999
105108110109104 96 88 84 89101119134142144140130113 91 69 54 49 56 70 8625 519TI 216110124614499999999999999 659 841955 4999999999999999
 97103107110110106 98 91 87 89 98112125134138137130115 95 76 61 56 60 7125 520TI 336110141913899999999999999 814 8721 5 5699999999999999
 85 96104109114115111103 92 84 81 87 99113126134137132120102 83 67 59 6025 521TI 447115155113799999999999999 952 812222 5899999999999999
 70 84 98109117122124118106 89 74 67 70 83102121133138136127110 89 71 6025 522TI 5461241712138999999999999991115 672335 5899999999999999
 59 68 86105120128133134125105 80 59 49 51 68 94118132138140134117 93 7225 523TI 6391351851140999999999999991220 48999999999999999999999
 59 58 69 93117133141146145129100 67 42 29 34 57 90116130139145140120 9325 524TI 726147201114599999999999999 038 571316 2999999999999999
 71 59 58 75105132147153158153128 89 52 25 13 22 52 8811212613914914311925 525TI 810158211114999999999999999 133 5714 8 1399999999999999
 92 71 59 61 85120146158164168156122 78 39 12  2 17 52 8710912414115114125 526TI 85216822 315199999999999999 222 571457  299999999999999
116 90 70 60 68 98134157166172172152112 67 29  4 -2 19 56 8710512214114925 527TI 933174225214999999999999999 3 8 591544 -399999999999999
136111 87 69 63 78112145163171176171145102 59 24  2  3 28 62 8810512314025 528TI1012177234014499999999999999 351 621630 -199999999999999
143128105 84 69 68 89124152166172175164135 94 55 24  7 14 40 70 9110612325 529TI1050175999999999999999999999 433 661715  799999999999999
136135120100 81 71 76100131154164169168154125 88 54 28 18 29 54 78 9510825 530TI 026138112717099999999999999 514 701759 1899999999999999
122130127112 95 80 75 85108134152159162158144116 84 56 37 33 46 67 8710025 531TI 11313112 516299999999999999 554 751844 3299999999999999
110120125120107 92 82 81 92112133145151152148134110 84 61 49 49 61 79 9425 6 1TI 2 1125125215299999999999999 637 801930 4799999999999999
104111119121115104 92 85 85 95111126136141143139127107 86 69 61 63 73 8825 6 2TI 249121135614399999999999999 729 842020 6099999999999999
100107114119120114104 94 88 87 93105117126132135132122107 90 78 71 73 8225 6 3TI 33712115 613599999999999999 838 862117 7199999999999999
 94104112119123122116107 96 87 83 87 96107118126130129121109 96 84 78 7925 6 4TI 42312316141309999999999999910 1 832220 7899999999999999
 87 98110120126129127120108 94 82 75 77 86100113123128128123113 99 88 8125 6 5TI 5 71291727128999999999999991117 752325 8199999999999999
 82 89103118129135137133123106 87 72 65 67 78 96112122128129125115101 8825 6 6TI 5481371851129999999999999991217 64999999999999999999999
 81 82 93110128140145145138122 99 77 60 54 59 75 96113123130132128115 9925 6 7TI 627145195713299999999999999 023 8113 5 5499999999999999
 86 79 83 98120139150154151139116 88 64 49 45 56 77 9911512513313512811225 6 8TI 7 6154204613599999999999999 111 791345 4599999999999999
 95 82 77 86107131150159161153134105 75 52 39 41 57 8210311712813713612525 6 9TI 745161212813899999999999999 154 771423 3899999999999999
107 90 78 77 92118143159166164151125 92 62 40 32 41 64 8810712013213913425 610TI 82316622 713999999999999999 234 7515 0 3299999999999999
119101 84 74 80102130153165170164144113 78 50 32 30 46 72 9511112413513825 611TI 9 1170224613999999999999999 311 741537 2999999999999999
129112 93 78 73 86114142161170171160134 99 66 40 27 33 55 8210211512813725 612TI 937171232413799999999999999 348 731613 2799999999999999
135123105 87 75 77 97127152166171168152122 87 55 33 27 39 66 9110811913025 613TI1013171999999999999999999999 424 731651 2699999999999999
135130115 97 81 74 83108138158168170163142110 76 47 30 31 49 77 9911312225 614TI 0 2135104717099999999999999 5 0 741729 2899999999999999
130132124108 91 78 77 92119145161166166155133101 68 44 33 39 61 8710611725 615TI 042133112316799999999999999 536 7618 9 3299999999999999
124130128118102 87 78 81 99125147159162160148125 94 65 45 39 50 73 9711225 616TI 12213012 616299999999999999 617 781851 3999999999999999
120126129125114 98 85 79 84102125144153156154142119 91 66 51 50 62 8410425 617TI 2 512913 415699999999999999 7 5 791937 4899999999999999
117124128130125112 97 84 78 83 99119136146150148137117 93 72 61 61 73 9225 618TI 249130141315099999999999999 8 5 782028 5999999999999999
110122129133133127114 97 83 75 77 90109126138143143135119 99 81 71 71 8225 619TI 335134152614499999999999999 917 742127 7099999999999999
 99116129136140139132117 97 78 67 66 77 96115130138139135123106 90 80 7925 620TI 4261401647139999999999999991033 652234 7999999999999999
 88104122137145148148139121 95 72 56 53 63 83106123132137137129113 97 8725 621TI 5211491832138999999999999991146 532349 8499999999999999
 84 91107129146155158157146122 91 63 45 39 50 7410011712813614113511910225 622TI 6211581959141999999999999991251 39999999999999999999999
 90 85 92111137155164168166152122 86 54 33 27 40 68 9511312513814513912225 623TI 72016821 514599999999999999 1 1 851350 2799999999999999
104 90 83 91116144164172176173154119 80 46 24 19 36 66 9311012514014814025 624TI 81617622 114899999999999999 2 1 831444 1899999999999999
121102 86 80 92121152169177181176153114 73 39 18 16 37 69 9411012614415025 625TI 9 9181225015099999999999999 254 801534 1499999999999999
138117 96 80 77 95128157173180184176148108 67 34 15 19 44 75 9711313014625 626TI10 0184233614999999999999999 341 761621 1499999999999999
148133110 88 74 76100134161173180182171140 99 60 31 18 28 56 8510311813525 627TI1047183999999999999999999999 425 7317 4 1899999999999999
147143124101 81 72 80108140161171177177161129 90 55 32 27 43 72 9611112425 628TI 018147113217899999999999999 5 6 711745 2699999999999999
138144135114 93 77 73 87115143159166171167148116 81 54 38 41 62 8810811925 629TI 055144121317199999999999999 545 721822 3799999999999999
130139139125105 87 76 78 95121142154160162155134105 77 57 50 59 8110311825 630TI 129141125216299999999999999 623 751856 5099999999999999
127134138132117 99 85 78 84101122138147151151142122 98 77 65 65 78 9811625 7 1TI 158138133215299999999999999 7 4 781930 6499999999999999
127133137136127112 96 85 82 88103119132139143141132115 97 83 77 81 9411025 7 2TI 222138141814399999999999999 752 8220 6 7799999999999999
124133138140135125110 97 87 84 89100113124131135133125113100 91 89 9410525 7 3TI 248140151513599999999999999 852 842050 8899999999999999
118130138143142137126111 97 87 83 86 94106116125130129124115106100 9810225 7 4TI 32914316261309999999999999910 4 832150 9899999999999999
111122133143148147140128113 97 84 78 79 87 9911112112712912612011310610325 7 5TI 4251481752129999999999999991119 77231110399999999999999
105112124137148154153145131112 93 78 70 71 80 9410812012713113012511710925 7 6TI 5231541921131999999999999991224 70999999999999999999999
103103111125142155161159149131109 87 70 62 64 76 9210812113013513412811825 7 7TI 617161202813599999999999999 0291021316 6199999999999999
107 99 99110129148162168164150129102 78 60 53 59 75 9411112313313913712825 7 8TI 7 6168211913999999999999999 127 9814 2 5399999999999999
114100 92 96112136157170173167149123 93 67 49 46 57 77 9811412713714213825 7 9TI 75217322 314299999999999999 214 921445 4599999999999999
124107 92 86 95118145165175176167145114 81 54 39 41 59 8310411913214214425 710TI 837177224214599999999999999 256 861525 3899999999999999
135117 97 83 81 98128155172179178165137102 67 42 32 40 65 9211112413714625 711TI 923180231914799999999999999 335 8016 3 3299999999999999
143128107 86 75 81106139164176181177159126 88 54 32 29 46 7610211813014325 712TI1010181235514899999999999999 413 751641 2899999999999999
148139118 95 77 71 85116149169178181174151114 75 44 28 33 58 8911312613725 713TI1058181999999999999999999999 450 711718 2799999999999999
147147131107 85 71 71 92126155170176178167139101 65 40 32 44 7410412313425 714TI 029149114317899999999999999 528 691755 3299999999999999
143149142122 97 78 68 75100132155167172172157128 92 61 43 43 62 9311913325 715TI 1 2149122917399999999999999 6 9 681832 4199999999999999
141148148135113 90 73 68 79104132151161165162146118 88 65 54 60 8211013125 716TI 132149131516599999999999999 653 681910 5499999999999999
142147150145130108 87 72 69 81104127143152155152137114 90 74 70 7910012425 717TI 2 015014 515599999999999999 744 681949 6999999999999999
140148151151144128107 87 73 70 79 98118132141145142131115 98 87 87 9611425 718TI 22415215 714599999999999999 845 692034 8699999999999999
132146153155153146131110 89 73 68 74 8910612113013513513012010810110010725 719TI 3 3155163513699999999999999 958 68213310099999999999999
120135148156158158151136115 91 73 64 65 77 9411012112813313312711911110825 720TI 4151591833133999999999999991122 6323 710899999999999999
111119134149159164165159144120 93 71 57 55 66 8410211512513413813512611625 721TI 54016520 8138999999999999991239 54999999999999999999999
109106114130150164171173168152124 93 66 48 44 56 78 9811312513814514213025 722TI 654173211314599999999999999 0481061345 4499999999999999
115102 97106128153169177180176157125 89 58 39 35 51 77 9911412914415214425 723TI 8 318022 215299999999999999 155 971440 3499999999999999
127107 91 87100129157174182186180157120 81 49 30 31 53 8210411913515115525 724TI 9 7186224315699999999999999 248 861528 2899999999999999
142118 95 79 78100134162176184189180152111 71 40 25 34 62 9211112514315725 725TI10 2189232115899999999999999 333 761610 2599999999999999
154133106 83 70 76105141165176184188174140 97 60 34 28 45 7810512113515125 726TI1049188235415999999999999999 414 691647 2799999999999999
158146120 93 73 66 81114147166174182181160123 83 52 35 39 64 9711913214425 727TI1129183999999999999999999999 451 661721 3399999999999999
156153133105 81 67 69 91125151164171176168142106 73 50 43 58 8811613314225 728TI 02315712 417699999999999999 525 651750 4399999999999999
151154142118 93 74 67 77103132151160165166152124 93 68 56 60 8111013314425 729TI 046155123416799999999999999 558 671817 5599999999999999
150154148130106 85 73 73 88113135148154157152136111 87 72 69 8110512914525 730TI 1 015413 115799999999999999 630 711842 6999999999999999
152154151139119 98 83 76 81 97117133142147147139123105 89 82 8710212314125 731TI 1 3154133414899999999999999 7 6 7619 8 8299999999999999
151155154147132114 96 84 81 88102116128134138137130118106 97 9710411813425 8 1TI 116155142013899999999999999 749 811936 9699999999999999
146153155152144130113 98 89 86 9110111112012613013012611911210911011712725 8 2TI 156155153413099999999999999 848 86201110899999999999999
137146151153152145132116103 93 89 90 9610411111812412712612312011911912125 8 3TI 3111531716127999999999999991013 88212611999999999999999
127134142149154155149136121106 94 86 84 88 9510411412312813013012812512125 8 4TI 4381561918130999999999999991147 84999999999999999999999
119121128139150159161155142125107 90 79 75 79 8810111412413213613613312525 8 5TI 546162204213699999999999999 0 11191257 7599999999999999
115110113123139156167168161146125102 82 68 64 71 8510211712813714214113225 8 6TI 640169212114299999999999999 1131101349 6499999999999999
118105 99105123145164174174165147121 93 68 54 54 67 8710712213414414814125 8 7TI 730175215514899999999999999 2 1 991432 5299999999999999
125105 91 88101128155173180179169145111 78 53 41 47 68 9511512914115215125 8 8TI 823181222715399999999999999 242 871511 4199999999999999
135112 90 77 81104138165179185183168136 97 62 38 32 48 7810612413715115825 8 9TI 922185225915899999999999999 320 761548 3299999999999999
148124 97 75 66 79112148172182188185162123 81 47 29 31 57 9311913414716025 810TI1017188233016399999999999999 357 661624 2799999999999999
160140109 81 62 60 83122156174183189181151107 67 39 28 41 7611113314415725 811TI11 5189999999999999999999999 435 581659 2899999999999999
165154126 93 67 54 61 92131159172181185171136 94 59 39 38 61 9913014515525 812TI 0 0165114918599999999999999 513 531733 3599999999999999
164164143111 81 59 52 67101136157168176176156121 86 60 48 57 8712214615625 813TI 029166123117899999999999999 552 5218 7 4899999999999999
162166156131100 73 56 55 75107135151160166161141112 85 69 66 8211214115725 814TI 053166131216699999999999999 634 531839 6599999999999999
163165162147122 94 72 60 63 82108129141149152146130109 92 84 8810613215225 815TI 1 7165135715299999999999999 720 591911 8399999999999999
162165163156141119 96 77 67 70 8510412013013613813412411210310110812314125 816TI 1 2165145813899999999999999 816 67194510199999999999999
155162163160154142123103 85 75 75 83 9610811712312712812512011611612112925 817TI 141163164612999999999999999 932 74203311699999999999999
140150157159160157148132113 94 81 74 77 85 9610611512212913113112812412325 818TI 3391601915131999999999999991113 7423 312399999999999999
125131141151159163164158143123100 81 69 66 74 8710111212313314014013412425 819TI 5341642030141999999999999991243 66999999999999999999999
115112117132149162170172168154129100 75 59 55 65 8310211512814215014613225 820TI 659172211215099999999999999 0551121346 5599999999999999
115101 96105127151167176180177159128 94 65 47 46 63 8810812213715215714525 821TI 813181214815799999999999999 155 961434 4499999999999999
123100 84 81 98129156172180186181157119 82 53 38 44 70 9911813114716115825 822TI 912187222116399999999999999 240 801514 3799999999999999
136108 83 69 73100136162174183189178145104 67 42 34 51 8511312914215816525 823TI 959189225216699999999999999 320 671549 3499999999999999
151121 91 68 59 74109144164174184186166127 87 55 37 41 6910512814015316525 824TI1039187231916799999999999999 356 591621 3599999999999999
161136103 75 58 59 84121150164173181175147108 72 48 42 59 9412614315216225 825TI1114181234116699999999999999 429 551649 4199999999999999
165148117 86 64 55 67 98132153162170173158126 91 64 51 57 8411914415516125 826TI1144174235416599999999999999 459 551714 5099999999999999
165155130 98 73 59 60 80112139153160165160139109 82 65 63 8011114115716325 827TI1210165235416599999999999999 527 571737 6299999999999999
165160140112 85 67 61 71 95123141150155155144122 98 81 74 8310613415516525 828TI1233156235116799999999999999 554 611759 7499999999999999
167162149125100 79 68 69 84107127139145147143130113 97 88 9010512714916225 829TI1258147999999999999999999999 624 671821 8899999999999999
166164155138116 95 80 74 80 9511312613313713713212211010210110812314015425 830TI 0 6166133213799999999999999 7 0 74184210099999999999999
161161157147132113 97 86 84 9010111312012512712712511911411211512213314425 831TI 035162144112799999999999999 746 84185911299999999999999
151154154151144132117104 95 92 9510110711111511812212312212212312512913325 9 1TI 12515517 212399999999999999 9 0 92185812299999999999999
138143146149150147137124112102 95 92 94 9710110711412212612813013112912625 9 2TI 35315120441319999999999999911 9 92234612599999999999999
125128133141150156154145132118103 91 83 82 86 9410411612613213613713312325 9 3TI 5181562041137999999999999991242 82999999999999999999999
115111115127142157164162153138119 97 79 69 69 77 9210812213214114414012725 9 4TI 61816421 014499999999999999 0591111333 6899999999999999
110 98 96106127150166172170160140112 84 63 53 58 75 9811713014215115013525 9 5TI 714173212615299999999999999 143 951412 5399999999999999
113 92 80 82103134160174179178164135 99 67 46 41 54 8211012814115416014925 9 6TI 820180215516099999999999999 221 791448 4099999999999999
123 94 72 63 75107143168179185183162124 83 51 33 36 62 9812514015316616325 9 7TI 922186222516799999999999999 259 631524 3199999999999999
140105 74 53 51 74115152171181189183153109 68 40 29 43 7911814015216617325 9 8TI1014189225517399999999999999 337 491559 2999999999999999
159123 85 55 39 46 80125155170182189176139 95 59 37 36 6210413815416417525 9 9TI1059189232417799999999999999 415 381634 3399999999999999
173145105 68 42 33 50 90131154167179182162123 85 57 44 54 8912915516517325 910TI1141184235117899999999999999 454 3317 7 4499999999999999
177163128 88 56 36 35 60100132149161172169145111 82 63 61 8011715016617225 911TI1222173999999999999999999999 533 331739 5999999999999999
176171149114 79 53 39 45 72105129141152158151130105 86 77 8310713916317225 912TI 01117613 415899999999999999 614 3918 9 7799999999999999
173171160136106 78 58 50 59 82106122132139142135121106 96 9510612815116625 913TI 0 5173135114299999999999999 659 501837 9499999999999999
170168163151131107 85 69 64 72 8710311312012512812511911210911212213715225 914TI 0 417015 312899999999999999 755 6419 410999999999999999
160162160156147133115 98 84 77 79 86 9510310811412012312312212212312813425 915TI 050162173612399999999999999 917 77194712299999999999999
142148151153154151142128112 96 84 79 80 85 9310111011912713213313012512225 916TI 3461541943133999999999999991117 78233312199999999999999
121126134143151157158153141122101 83 72 70 76 8810111312513614214013011725 917TI 5441592016143999999999999991245 70999999999999999999999
106103109123141155163167164150126 98 75 62 60 72 9010812113514715114112225 918TI 710167204715199999999999999 0561031336 5999999999999999
102 87 84 96121144160169175171151120 88 63 51 55 7610111913214715815413325 919TI 814175211715999999999999999 144 831415 5099999999999999
106 82 68 71 93126150163173180171143106 74 51 44 60 9011713214415916414825 920TI 9 3180214616499999999999999 223 671449 4499999999999999
118 87 64 54 67100134154165176179162127 90 60 43 48 7511013314515716716025 921TI 944180221316899999999999999 259 541520 4299999999999999
133 98 68 50 49 73111141155166176172146108 74 51 44 62 9813114815716616725 922TI1020177223516999999999999999 332 461549 4499999999999999
147112 78 53 43 54 87123145156166171158126 91 64 50 56 8512314916016617025 923TI1052171225017099999999999999 4 2 431615 4999999999999999
157126 90 61 44 45 67103132147156164161139107 79 61 59 7711214516216817125 924TI1121165225617199999999999999 430 421639 5799999999999999
163139104 72 51 44 55 84116136147155157146121 95 75 67 7610313616017017225 925TI1146158225417299999999999999 456 4417 2 6799999999999999
167149119 87 62 49 51 71100124138145150146130109 90 79 81 9812715316717125 926TI121015023 317199999999999999 522 481725 7899999999999999
168156132103 77 60 55 65 87111127136140140133118103 93 90 9911914316116825 927TI1233141232216899999999999999 551 551747 9099999999999999
167159143119 95 75 65 66 79 9911612613013112912211210410010411613415016025 928TI1258131234716299999999999999 625 6418 510099999999999999
162158148133114 95 81 75 79 9110411511912112112011711211011111612713914825 929TI1344121999999999999999999999 7 6 75181811099999999999999
152152148141130115101 90 85 88 9410210811011211411611711711812012412813425 930TI 024153999999999999999999999 8 8 85999999999999999999999
138141143143141134122109 99 92 89 90 94 971011061131191231251261251221202510 1TI 25114320 0126999999999999991012 89231112099999999999999
121125131139145147142131118104 91 82 79 82 88 971071181261311331301211112510 2TI 44614719541339999999999999912 2 79999999999999999999999
104104112126142152156151140123102 83 69 65 70 831001151271361421391271082510 3TI 553156201514299999999999999 0281031257 6599999999999999
 92 83 87104128149161164160147123 94 69 54 52 65 881111281391491511391152510 4TI 659164204315299999999999999 113 831338 5199999999999999
 88 69 63 74103135157167171168149116 81 55 41 46 701021271411531621561302510 5TI 812172211316299999999999999 154 621417 4199999999999999
 96 65 46 45 68107142161171178171144104 68 43 35 50 851221431551661701522510 6TI 911178214517199999999999999 233 431454 3599999999999999
114 74 43 27 35 70114145160173181169133 92 59 39 39 651081421571671771712510 7TI10 1181221617899999999999999 313 271531 3699999999999999
139 94 53 26 16 35 77119144158173178159120 83 55 43 53 891321581691771812510 8TI1047179224618299999999999999 353 1616 7 4299999999999999
163121 75 39 16 14 42 86121139154169169144109 79 59 55 761161521691761812510 9TI1130172231318299999999999999 434 121642 5499999999999999
176148104 63 32 16 23 54 93119134149160153129101 80 69 74101138164174178251010TI1213160233217999999999999999 515 151716 6899999999999999
178164132 93 59 34 25 37 67 97115127139145137118100 86 83 95122151168173251011TI1257145232817399999999999999 558 251747 8299999999999999
173167150122 90 63 45 41 54 77 97110119127130124113103 96 98112134153163251012TI1351130234716599999999999999 644 401819 9699999999999999
165163156141119 95 74 61 58 67 82 95103109116119119114109107110120134146251013TI1518120999999999999999999999 741 58185810799999999999999
152153151147138124106 89 76 72 75 82 90 96102109116120120118116115118124251014TI 048153173212099999999999999 9 5 72204211599999999999999
131136140144145142132118102 88 78 75 78 84 91100110119126128125118111106251015TI 3521451855128999999999999991057 75232110699999999999999
107113123133142147148142128110 91 77 70 71 80 92105117128136136128113 98251016TI 5361481934137999999999999991218 70999999999999999999999
 89 88 98115131144152155149133110 86 69 62 67 83101116128139146140122100251017TI 65715520 614699999999999999 033 8713 6 6299999999999999
 80 70 72 90114134147156160152130102 77 60 57 70 94116130141151152136109251018TI 757160203515499999999999999 120 691343 5699999999999999
 82 61 53 64 91119138149159162148119 89 65 53 57 81111132143153159150124251019TI 84316221 215999999999999999 158 531416 5299999999999999
 90 62 45 44 65 98125140151161158136105 76 56 51 67100130147155163161139251020TI 923162212516499999999999999 233 421447 5199999999999999
104 70 45 34 44 74108130142153160149121 90 66 53 58 86122147158165166152251021TI 958160214316799999999999999 3 5 341515 5299999999999999
120 82 52 33 32 53 88117133144154154135105 79 61 57 74109141160167169161251022TI1030156215516999999999999999 334 301543 5699999999999999
135 98 63 39 29 39 68101123135146152143119 93 72 62 69 96130156167171167251023TI105915222 517199999999999999 4 2 291610 6299999999999999
148114 78 49 32 33 52 84111126137145144129106 86 72 70 87118147164170169251024TI1127146222017199999999999999 430 301637 6999999999999999
156129 95 64 42 34 44 69 97117128136139132116 98 84 77 84107135157167168251025TI1153139224016899999999999999 459 3417 3 7799999999999999
160141112 81 57 43 43 59 84106119126131129120107 95 87 87100123146159163251026TI122013123 216399999999999999 530 411729 8599999999999999
160148127100 75 57 50 55 73 95110118121122119112103 96 93 99113133148156251027TI1247122233015699999999999999 6 5 491754 9399999999999999
156149137118 96 76 63 60 68 83 98108112114114112108104101101108120133143251028TI1335114999999999999999999999 647 59182210099999999999999
147146140130115 98 81 71 69 75 86 96103106107110111111108107107111118126251029TI 013147161311199999999999999 743 69192010799999999999999
133137138136130119103 89 78 74 76 82 90 96101106112116117115111107105106251030TI 155138174711799999999999999 911 7422 810599999999999999
112121129135138135125111 96 82 73 70 74 82 92102112120125125120110 98 90251031TI 4 31381837126999999999999991050 702338 8899999999999999
 89 96109125137143142134119 99 80 66 61 66 78 95111123131136133120100 812511 1TI 51914319141369999999999999912 1 61999999999999999999999
 69 68 80103126142148149142124 98 74 58 52 61 81106125136144148138113 842511 2TI 637149195014899999999999999 034 671254 5299999999999999
 59 45 48 69102129145152156148124 93 66 50 47 63 93123141150158156135 992511 3TI 756156202615999999999999999 122 441340 4699999999999999
 63 36 24 33 65104131145156161150120 86 60 45 48 731111411551631691591252511 4TI 85616121 216999999999999999 2 6 241423 4499999999999999
 81 42 16  8 27 66106129143158163146113 80 57 46 57 911311561661741751542511 5TI 947163213717699999999999999 250  815 4 4699999999999999
111 63 26  2  1 28 71106125141158159137105 76 57 52 721121481661741791732511 6TI1035161221118099999999999999 334 -21544 5299999999999999
142 95 50 16 -3  3 36 76104121139153150126 98 75 61 64 911301591721771792511 7TI1121155224217999999999999999 418 -41623 5999999999999999
164128 83 43 14  1 14 47 81102118134144137116 94 76 68 781081421641721752511 8TI12 7145231017599999999999999 5 2  117 1 6899999999999999
171151116 77 43 19 13 29 58 84100114127133125109 92 80 78 921201471611662511 9TI1256133233516799999999999999 547 131739 7799999999999999
166159139109 76 49 31 30 45 68 87 99109119122116105 93 86 88102124143153251110TI1353122999999999999999999999 635 281820 8599999999999999
156154147131107 81 59 46 46 58 75 88 96104112116113105 97 92 95105120133251111TI 01115615 411699999999999999 729 451914 9299999999999999
140143143139127109 89 71 61 60 67 78 88 95102110114114108102 97 95100109251112TI 137143162111599999999999999 836 592043 9599999999999999
119126131135134127113 97 82 71 67 71 79 88 96105113118119114105 96 89 89251113TI 328135173211999999999999999 956 672233 8899999999999999
 95104114124131133129119104 88 75 69 71 79 90102112121126126118103 88 77251114TI 4551331827127999999999999991114 692352 7499999999999999
 74 80 92108121129134132123106 88 74 68 70 82 98113123131135131116 95 75251115TI 61813419 6135999999999999991214 67999999999999999999999
 62 59 68 87107121130136135124104 84 70 64 71 89110126135141142131108 81251116TI 727137193814399999999999999 046 581259 6499999999999999
 59 46 47 63 88109122132138136120 97 77 64 63 76101125139147150145124 94251117TI 81813920 315099999999999999 127 451337 6299999999999999
 64 43 34 42 66 93112124135140132112 88 70 60 65 88117140151156154140110251118TI 9 0140202515699999999999999 2 4 341412 6099999999999999
 76 47 30 28 44 73 99116127138139125102 80 64 60 74103133151159161152127251119TI 937140204616199999999999999 238 261445 5999999999999999
 92 58 33 21 28 53 83105119131139134115 92 72 61 65 88120146159164160142251120TI1011139211016499999999999999 310 211518 6099999999999999
110 73 43 23 20 36 65 92109122133136125105 84 68 63 75104135155164164153251121TI1043137213616599999999999999 341 191550 6299999999999999
127 92 58 32 19 25 48 77 99113125132129115 95 78 67 69 90120145159164159251122TI111513322 416499999999999999 413 191622 6699999999999999
141111 76 46 26 22 36 62 88105116125127120105 88 74 70 80105132151160160251123TI1147128223016199999999999999 445 211653 6999999999999999
150127 96 64 40 26 30 49 75 95108116121120110 97 84 75 76 92117140153156251124TI1220121225815699999999999999 519 251724 7499999999999999
152138114 85 58 38 31 40 62 84100108113115112103 92 82 78 85102124141149251125TI1257115233015099999999999999 556 311757 7899999999999999
149143128105 79 56 41 39 51 71 90102107109110107100 91 84 83 90106124137251126TI1348110999999999999999999999 637 381839 8299999999999999
142141134121101 78 58 47 48 60 77 92101105107109107100 92 86 85 91103117251127TI 01614215 110999999999999999 726 461942 8599999999999999
128133134129119101 80 63 54 55 64 79 92100105110112110104 95 86 81 83 93251128TI 135134161111299999999999999 826 532114 8199999999999999
106118126130128120104 86 70 59 58 65 78 92103111116119117109 95 81 71 69251129TI 314130171011999999999999999 938 582241 6999999999999999
 77 91108121128129123110 93 75 63 59 65 78 95110120127129126112 91 70 55251130TI 43812918 2129999999999999991052 592351 5099999999999999
 50 59 78101118127131128117 98 78 64 58 64 80102122133139140133112 82 542512 1TI 61113118491419999999999999912 1 58999999999999999999999
 36 31 42 68 96116126133134123101 79 63 57 64 86114135145151151137107 692512 2TI 739135193515299999999999999 050 3013 2 5799999999999999
 37 17 13 30 62 93113125136139126101 78 62 56 67 96128148156161158137 982512 3TI 843140202016299999999999999 142 121355 5699999999999999
 55 22  1  1 24 61 91109124139141125 99 76 60 56 731081401571651691611322512 4TI 93814221 316999999999999999 232 -21443 5699999999999999
 87 44 10 -9 -4 25 62 89106124139139120 95 73 58 59 821201491631701721592512 5TI1029142214617399999999999999 321-101529 5699999999999999
124 78 35  3-12 -2 30 65 88105124138134114 89 69 57 64 921291541651711702512 6TI1118139222817299999999999999 4 8-121613 5699999999999999
152114 70 30  1 -8  7 39 69 89105123133126106 83 65 58 711021351551631672512 7TI12 5133231016899999999999999 454 -81655 5899999999999999
163142105 64 29  6  2 21 51 76 92106121126117 97 78 64 62 791081361511572512 8TI1252126235315999999999999999 539  11737 6199999999999999
159152130 96 61 32 15 17 37 63 83 95107117119108 91 75 65 68 851111321432512 9TI1337120999999999999999999999 623 141820 6499999999999999
147148140119 90 61 38 29 35 54 75 89 98107114113102 87 74 68 72 88108124251210TI 041148142311599999999999999 7 7 2819 9 6899999999999999
132135136128110 86 64 48 43 51 67 84 95102109113110100 87 76 71 74 86101251211TI 13813615 811399999999999999 753 4320 9 7199999999999999
113120124125119105 86 70 59 57 64 78 90 99106112114110100 89 78 71 72 79251212TI 243125155311499999999999999 843 572127 7099999999999999
 90101109115117113103 90 77 69 67 73 84 95105112117117113103 90 76 67 64251213TI 352117164011899999999999999 942 672249 6499999999999999
 69 79 91102109112111105 94 83 75 73 77 87 99111120124123117105 88 70 58251214TI 5111121726124999999999999991050 732359 5499999999999999
 54 59 70 85 98107111113108 98 86 77 74 78 89105120128132130121103 81 61251215TI 64411318 9132999999999999991159 74999999999999999999999
 47 43 50 66 84 98107114116111 99 86 76 72 78 93113129137139135120 97 70251216TI 753116185013999999999999999 053 431256 7299999999999999
 48 35 34 46 66 85 99110118119112 97 82 71 69 79100123138146145136115 86251217TI 843120192914699999999999999 136 331343 6899999999999999
 58 36 25 29 46 69 89103114122121109 92 76 66 67 84109132147152148132105251218TI 92512320 715299999999999999 216 251424 6499999999999999
 73 44 24 18 29 51 75 93107118124119104 85 68 61 69 92120141153155146124251219TI10 3124204415599999999999999 252 1815 2 6199999999999999
 92 59 31 15 16 33 59 81 98111121123113 95 76 61 59 75103130148156154140251220TI1039124212115799999999999999 328 131538 5899999999999999
112 77 44 20 10 19 42 68 88103115122119105 86 67 56 62 85115139152156150251221TI1114123215615699999999999999 4 3 101613 5699999999999999
130 98 63 32 12 10 26 54 78 95107117120112 95 76 60 56 69 97126145153153251222TI1148121223015499999999999999 437  81647 5599999999999999
143118 84 49 22  9 15 38 66 88101110117116104 85 67 56 59 79108133147151251223TI122211823 415199999999999999 512  91721 5599999999999999
147133105 71 39 17 12 25 52 78 96105112115110 95 77 62 56 65 88115136144251224TI1256115234014699999999999999 548 111757 5699999999999999
145139122 93 61 34 19 20 39 66 89102108113113104 88 71 59 58 70 93117133251225TI1330114999999999999999999999 625 171838 5799999999999999
138138130112 85 56 34 26 32 53 78 97107111113110 99 83 68 59 59 71 92112251226TI 02513914 311399999999999999 7 4 261929 5799999999999999
125130130122105 81 57 41 37 46 66 88103111114114110 98 82 67 57 57 67 85251227TI 124131143811599999999999999 748 372033 5699999999999999
103115121122115102 82 63 51 49 59 76 95108116118118113101 84 66 53 50 57251228TI 235122152411899999999999999 839 492149 5099999999999999
 73 90104112115112102 88 72 62 61 68 82 99113121124124119106 85 63 47 40251229TI 357115162612599999999999999 940 6023 8 3999999999999999
 44 58 77 94104110111107 96 82 72 69 72 84101117128132133127111 86 59 37251230TI 5481111738133999999999999991059 69999999999999999999999
 26 28 43 66 85 98106112113104 91 79 72 73 84103123135141142136116 85 52251231TI 733114184714299999999999999 022 251228 7299999999999999
