  5 23 52 85118143156157147131115103100105118132144149142122 93 61 31 1025 1 1TT 6321581657149999999999999991150 992351  499999999999999
  5 14 36 67100130150158153139121105 97 98108123139151154143120 89 56 2925 1 2TT 7 31581742154999999999999991223 96999999999999999999999
 13 12 26 51 82113139153155146129112 99 95100112129145155153139114 83 5325 1 3TT 737156182515699999999999999 034 111258 9599999999999999
 30 20 23 40 66 96123144153150137121105 95 93101115131145152148132106 7825 1 4TT 81315319 915299999999999999 114 191339 9399999999999999
 53 36 31 39 57 82108132147151144130113 99 91 91 9911212613814313712210025 1 5TT 851151195914399999999999999 153 311429 9099999999999999
 77 58 47 46 56 74 97120138148148139124107 93 85 84 9010111412412912511325 1 6TT 92915021 212999999999999999 231 451535 8499999999999999
 97 81 68 62 65 75 91110129143149146135119101 85 75 72 75 84 9610711411425 1 7TT10 9149223211499999999999999 310 6217 0 7299999999999999
109100 90 82 80 84 92105121136146149144131113 93 74 61 55 55 64 77 9110125 1 8TT1051149999999999999999999999 352 801824 5499999999999999
108110108103 99 98100106116129141148149142127106 82 61 44 34 34 44 60 7825 1 9TT 056110113614999999999999999 449 981930 3399999999999999
 95108117119117114112112114122132142148147139122 98 71 46 26 15 17 29 5025 110TT 258119122814899999999999999 6441112024 1499999999999999
 73 95114127131130125120116117123132141147146137117 90 60 32 11  1  5 2225 111TT 412131132614799999999999999 8251162112  199999999999999
 46 74102124137141137130121115114120130140146145134112 83 50 21  0 -7  125 112TT 458141142614799999999999999 9341142158 -799999999999999
 22 51 82111133144145138126115108109116128140147146133109 76 42 13 -5 -825 113TT 53414615231489999999999999910271072242 -999999999999999
  4 29 61 94122140147143132117105100103113128142149146131104 71 37 10 -425 114TT 6 614716161509999999999999911101002324 -699999999999999
 -3 14 42 75106130144145136121105 95 92 99113130145151146127 98 64 32 1025 115TT 63714617 4151999999999999991146 92999999999999999999999
  1  8 29 58 90118136143138125108 93 86 88 99116134147150141120 90 57 3025 116TT 7 5143174615199999999999999 0 4  11219 8699999999999999
 14 11 23 47 77106127139139129112 96 84 81 87101120136146145132109 80 5225 117TT 730140182414799999999999999 039 111252 8199999999999999
 31 22 26 43 68 96119134138132118101 87 79 79 88103121134139134119 96 7125 118TT 75413819 013999999999999999 111 221327 7899999999999999
 49 36 35 45 64 89112129137135124108 92 80 75 78 88103117126127120105 8525 119TT 816137193712899999999999999 138 3414 8 7599999999999999
 66 52 47 52 65 85107125136137130116100 85 75 72 76 85 97108114113106 9325 120TT 837137202011599999999999999 2 1 471458 7299999999999999
 79 67 61 62 70 85103121133138134123108 92 79 70 67 70 77 87 96101100 9625 121TT 9 0138212310199999999999999 221 6016 1 6799999999999999
 88 81 75 75 79 88101116129136135128116101 85 72 63 58 60 66 75 84 90 9325 122TT 9271372336 9399999999999999 239 741717 5899999999999999
 93 92 89 88 90 95102112122131134131123110 94 78 64 53 47 47 54 65 76 8525 123TT10 0134999999999999999999999 254 881827 4699999999999999
 93 99102102103104105109115123128129126117104 88 70 54 42 35 35 44 58 7325 124TT10441299999999999999999999991924 34999999999999999999999
 87101110115116115112109109113119123125122115101 83 63 45 30 23 26 38 5625 125TT 353116115612599999999999999 7321092013 2399999999999999
 76 96113124128127121114107105108114120123123115100 79 57 35 19 14 20 3625 126TT 412128132512499999999999999 8511052058 1399999999999999
 59 84108127137138132121109100 98103111120127128119100 76 50 26 10  7 1825 127TT 437138143512899999999999999 944 982143  799999999999999
 39 66 95122139145142130115100 91 92101113126135135123101 73 43 18  4  525 128TT 5 41451531137999999999999991023 902226  299999999999999
 20 46 77109134148149140123104 89 84 90103120137146144127100 68 36 11  125 129TT 5341501619147999999999999991058 8423 8  199999999999999
  7 27 57 91123145153148133112 93 81 81 92110131148156149127 95 60 28  825 130TT 6 515317 2156999999999999991131 792347  299999999999999
  3 15 40 73107135152153142122100 82 75 81 97119141157160148122 87 52 2425 131TT 63615417431619999999999999912 4 75999999999999999999999
  9 11 29 58 91123146155149132110 88 74 72 83103126147159157140112 78 4725 2 1TT 7 6155182416099999999999999 023  81239 7199999999999999
 26 19 28 50 79111137153154142121 97 78 68 71 84105127145153147128101 7225 2 2TT 73615519 615399999999999999 056 191319 6899999999999999
 48 35 36 50 74102128148155149132109 86 70 63 68 82101120135139132115 9325 2 3TT 8 4155195513999999999999999 126 3414 5 6399999999999999
 72 57 53 60 76 98122141153153141122 98 77 63 57 62 74 9110711912311810625 2 4TT 831154205612399999999999999 154 5315 0 5799999999999999
 92 80 73 75 85100118135147152146132112 90 70 56 50 53 62 76 9010110710725 2 5TT 858152223210899999999999999 218 7316 9 5099999999999999
104 98 94 93 98106117129140147146139124105 83 64 49 41 41 47 59 73 86 9725 2 6TT 928147999999999999999999999 237 931735 4099999999999999
104108109110112115120125132138141139132119101 80 59 43 32 28 32 44 60 7725 2 7TT10101419999999999999999999991859 28999999999999999999999
 93107117122124124124123123126130133133128117100 78 56 36 22 16 20 33 5225 2 8TT 447124112513399999999999999 71712320 6 1699999999999999
 74 96114127132132128122117114116121127130129120102 79 53 30 13  7 12 2925 2 9TT 428133131613099999999999999 9 011421 2  799999999999999
 52 78103123135137132123112104102106115125132133124105 79 50 24  7  2 1025 210TT 448137143713499999999999999 9491022151  299999999999999
 30 57 86112131138136125111 98 90 91100113128138139128106 76 45 18  3  225 211TT 5131391536140999999999999991024 892235  099999999999999
 14 38 68 98122136137128112 95 82 78 84 98117134145144129103 70 38 14  325 212TT 5381381625146999999999999991056 782314  299999999999999
  7 25 53 84112130137132116 97 79 70 71 82102124141149144125 95 61 31 1225 213TT 6 313717 6149999999999999991126 692347  899999999999999
  8 19 42 72102124136135122102 81 67 62 69 85108131145148137114 83 51 2825 214TT 6251371742149999999999999991155 62999999999999999999999
 16 20 37 64 94119135137128109 87 68 58 59 71 91115134144140125 99 70 4525 215TT 644138181514499999999999999 015 161225 5799999999999999
 30 28 39 61 89116134140134118 95 73 58 54 60 75 97118132136127109 85 6125 216TT 7 0140184713699999999999999 038 271256 5499999999999999
 45 39 46 63 87113133142139125104 81 62 52 52 62 79 99116125124113 95 7625 217TT 714142192112699999999999999 057 391329 5199999999999999
 60 53 56 69 88111130142142131112 90 69 54 49 52 64 80 98110115111101 8725 218TT 73014320 111599999999999999 112 5314 5 4999999999999999
 75 68 68 77 91109127139142135119 99 78 60 49 47 52 63 78 92102105102 9525 219TT 747142205610599999999999999 126 671448 4799999999999999
 87 82 81 86 96108122133138135124107 88 69 55 47 45 50 60 72 85 94 98 9825 220TT 8 81382240 9899999999999999 138 811541 4599999999999999
 97 95 95 97102109117125130131124113 98 81 65 53 46 43 46 54 65 78 88 9625 221TT 834131999999999999999999999 142 951659 4399999999999999
101105107108110112114116119122120115106 94 80 66 54 44 39 39 46 58 72 8625 222TT 9141229999999999999999999991830 38999999999999999999999
 99109116119119117113109108109112113111106 98 85 69 55 42 33 31 38 52 7025 223TT 328119105011399999999999999 7561081942 3099999999999999
 89106120127128124116107 99 96100105111114114106 92 73 54 36 24 22 32 4925 224TT 337128132511599999999999999 852 962039 2199999999999999
 72 95117131136132122108 95 86 86 94105116125126117 98 75 50 28 14 15 2825 225TT 4 1136143812799999999999999 928 852129 1399999999999999
 51 78105128140140131115 96 81 75 80 94111128139139125102 72 42 18  7 1225 226TT 43014215301409999999999999910 0 752212  799999999999999
 30 58 89118139146140124102 81 68 67 79 99122142152148129 99 65 33 11  425 227TT 5 01461615153999999999999991033 662252  499999999999999
 15 39 71105133149149135112 87 67 58 64 82107133153160151126 92 56 26  925 228TT 53015116561619999999999999911 7 582328  899999999999999
 10 28 57 91123146154146125 98 72 54 51 63 87116142159161146118 83 50 2625 3 1TT 5581541737163999999999999991142 50999999999999999999999
 17 26 49 81114141156155138111 81 57 44 47 65 92121145158155136107 75 4925 3 2TT 625157182015899999999999999 0 0 171219 4499999999999999
 34 34 50 76107135154159148125 94 65 45 38 46 66 93120140149143124 98 7425 3 3TT 64915919 514999999999999999 029 321258 3899999999999999
 56 51 59 78104130150159155136109 78 52 36 34 45 66 91114130135129113 9525 3 4TT 711159195613599999999999999 055 511340 3399999999999999
 80 72 74 86105126145155156144122 93 66 44 32 33 44 63 8410311612011710825 3 5TT 73115721 212099999999999999 117 711428 3199999999999999
 98 92 91 98110125139148151145130108 83 59 42 33 33 42 57 74 9010210811025 3 6TT 750151225711099999999999999 134 911525 3299999999999999
109107107110116124133139142140132118100 79 59 44 35 34 38 49 62 77 9010125 3 7TT 810142999999999999999999999 1321071645 3399999999999999
109114118120123125127128130130127121112 98 82 65 50 38 32 33 39 52 67 8425 3 8TT 8351309999999999999999999991828 32999999999999999999999
 99112121126127126123118116115116117116112104 90 72 55 39 29 26 31 44 6225 3 9TT 35412711 711799999999999999 8401151951 2599999999999999
 83102118128130127120111103 99101106113118119113 99 79 57 37 23 19 26 4225 310TT 354130134012099999999999999 9 9 992051 1999999999999999
 63 87109124131129119106 93 85 84 91102115126129122104 80 54 31 17 15 2525 311TT 413131145012999999999999999 936 832139 1499999999999999
 45 71 96117129130121105 88 74 69 73 86104122135137126105 76 47 25 14 1625 312TT 43513115401389999999999999910 3 692218 1399999999999999
 32 56 84109126132125109 88 70 58 58 69 88111131142140125 99 68 39 21 1525 313TT 4571321622143999999999999991031 572251 1599999999999999
 25 46 74101123133130116 93 70 53 47 53 70 95120138144137117 88 57 33 2225 314TT 51713316581449999999999999911 0 472318 2199999999999999
 25 41 67 96120134135123102 76 53 41 41 54 76103127141141128105 76 50 3425 315TT 5351361732143999999999999991129 392340 3099999999999999
 31 42 64 92118135140131111 84 58 40 33 40 59 84111130138133116 92 67 4825 316TT 54914018 4138999999999999991157 332359 4299999999999999
 42 49 66 91117136144138120 94 66 42 30 31 44 67 93116130132122104 83 6425 317TT 6 31441837133999999999999991225 29999999999999999999999
 55 58 71 92115135146143127103 75 49 32 27 34 52 75100118126123112 96 8025 318TT 617146191312799999999999999 017 551253 2799999999999999
 70 69 78 94114133144145133111 84 58 37 27 28 40 60 82103117121116105 9325 319TT 632146195412199999999999999 033 681321 2699999999999999
 84 81 87 98113128140143135118 94 69 47 32 28 34 48 66 8610311311511110425 320TT 649143204511599999999999999 051 811353 2899999999999999
 97 94 95102112123132136133121103 81 60 44 35 34 41 53 69 86 9910811010925 321TT 7 813622 811099999999999999 111 941434 3399999999999999
107105105107112117122126126120109 93 76 60 48 41 41 45 54 67 81 9410310925 322TT 733127999999999999999999999 1341041536 4099999999999999
112114114114114114113114115114110102 92 80 68 57 49 45 45 50 60 74 8910125 323TT 129114 82011599999999999999 6171131733 4499999999999999
111119122121118113107102101103105106105100 91 79 66 54 44 39 42 52 68 8625 324TT 216122105110699999999999999 7521011913 3999999999999999
103117126128124116105 95 88 88 94103110114114105 90 72 54 39 30 33 46 6625 325TT 247129132311599999999999999 827 872017 3099999999999999
 88109126134132123108 92 79 74 79 91106120129128117 97 73 49 30 21 27 4525 326TT 317135142813099999999999999 859 7421 6 2199999999999999
 69 96120136140132116 95 75 62 62 73 93114133143140124 98 69 41 22 17 2825 327TT 348141151814399999999999999 933 602148 1799999999999999
 51 80110134146143127104 78 57 48 53 72 97124144153146124 94 62 35 20 2125 328TT 41814716 41539999999999999910 8 482225 1899999999999999
 39 67 99128148152141117 87 59 40 36 48 73104132152157146121 89 57 35 2625 329TT 4461531648158999999999999991044 352259 2699999999999999
 35 58 89121146158153132101 67 40 25 28 47 76109138155156141114 84 58 4225 330TT 5131581734158999999999999991121 242330 4099999999999999
 42 57 84114141159161146117 81 47 23 15 24 48 80113139152150133108 83 6425 331TT 5371621821153999999999999991159 15999999999999999999999
 58 65 84111137156163155132 98 61 30 12 10 25 52 84114136145141126106 8825 4 1TT 559163191014699999999999999 0 0 581237  999999999999999
 78 78 90110132151161158142114 79 46 21  9 12 30 57 8611112913613212010725 4 2TT 61916220 613699999999999999 026 761316  899999999999999
 97 94 99112129144154156146126 97 66 38 20 13 20 37 60 8510511912512411825 4 3TT 638156211412599999999999999 051 941359 1399999999999999
111108109116126136145147143130111 86 61 40 27 23 29 43 61 80 9710911611925 4 4TT 655147231611999999999999999 1121081452 2399999999999999
118117118120124129133135134128117102 84 65 49 38 34 37 45 58 73 8810011025 4 5TT 710135999999999999999999999 12111716 6 3499999999999999
117121123123123122121120119118115109101 89 76 62 50 43 40 44 53 66 81 9625 4 6TT 2521239999999999999999999991756 40999999999999999999999
109119124125122117111105102103105108109107100 88 73 58 46 39 39 47 61 7825 4 7TT 241125115910999999999999999 8201021928 3899999999999999
 96112122126123115104 93 86 85 90 98107115117111 97 79 60 44 35 35 45 6125 4 8TT 3 1126134611799999999999999 840 852027 3499999999999999
 82102118126125116102 86 73 68 71 82 97112123126118101 79 56 39 31 35 4925 4 9TT 323127144512699999999999999 9 7 682111 3199999999999999
 69 92112126128120105 85 66 55 54 63 80101119131131119 99 74 50 35 32 4125 410TT 345129153113299999999999999 936 532145 3299999999999999
 60 83107124131127111 88 65 47 40 45 60 83107126135131115 92 66 46 36 4025 411TT 4 513216111359999999999999910 5 402214 3699999999999999
 55 77102123135133119 96 69 45 31 30 41 63 90115131136127108 84 61 47 4525 412TT 4231351649136999999999999991035 282239 4499999999999999
 55 75 99122137139128106 77 48 27 19 26 44 70 99122134133121101 78 61 5425 413TT 43914017261359999999999999911 3 1923 2 5499999999999999
 59 75 98121138144136115 87 56 29 15 15 28 52 81109128135129114 95 77 6625 414TT 45414418 1135999999999999991130 132325 6599999999999999
 67 79 98119137146142124 97 65 36 15  9 17 37 65 94118132133124109 92 8025 415TT 5101461836134999999999999991155  92348 7799999999999999
 77 84 99117135146145131106 76 45 21  9 12 27 51 79106125133130120106 9425 416TT 5271471913133999999999999991220  8999999999999999999999
 88 91101115130142145135115 88 58 32 16 12 21 40 65 9111412813212711710625 417TT 545145195213299999999999999 012 881247 1199999999999999
 99 98103113125135140136122 99 73 47 28 19 21 33 53 76 9911712712812311625 418TT 6 6140204012899999999999999 040 971318 1899999999999999
109105107112119127132132125109 88 66 46 33 28 33 45 62 8110011512212412125 419TT 632133214712499999999999999 1151051359 2899999999999999
117113111112115118121123122114101 85 68 53 43 40 43 52 64 80 9611011812225 420TT 710124233912299999999999999 2111111459 4099999999999999
122120117114112110110111113113109101 90 78 65 55 50 48 52 61 75 9110511625 421TT 832113999999999999999999999 5521101646 4899999999999999
123126124119112106100 97 99104108109107101 91 77 64 54 48 47 54 69 8710425 422TT 1 5126105710999999999999999 7 8 971836 4699999999999999
119128131127117106 94 85 82 87 97107115118114103 86 69 54 43 41 50 67 8925 423TT 15113113 011899999999999999 750 821942 4099999999999999
109127136136126111 93 77 67 67 77 94110123130126112 91 70 51 39 38 51 7325 424TT 22813814 813099999999999999 828 652031 3799999999999999
 97121138145138121 98 75 56 48 53 70 93115132140134116 93 69 49 39 43 6025 425TT 3 014515 414099999999999999 9 6 482113 3899999999999999
 86113136150150135110 80 53 34 30 42 66 94121140147138118 93 69 51 46 5525 426TT 329152155614799999999999999 945 302152 4599999999999999
 77104131151158149125 93 59 30 15 17 35 65 98127146150140119 94 72 59 5925 427TT 3571581647151999999999999991023 132228 5799999999999999
 74 98125148161160141110 72 36 10  0  9 34 68103132149151139119 96 79 7225 428TT 42416317381529999999999999911 1  023 3 7299999999999999
 78 95120143160165154127 90 51 17 -4 -7  9 38 74108135150149137119101 8925 429TT 4491651829151999999999999991139 -82338 8799999999999999
 88 97116137155164160141110 71 34  5 -9 -5 15 46 8211313614714513411910625 430TT 5141641921148999999999999991217 -9999999999999999999999
100103114130147158159149126 93 57 25  3 -4  5 27 57 8811513314113913011925 5 1TT 538160201514299999999999999 0121001257 -499999999999999
112110114125137148153149134111 81 51 26 11  9 19 40 66 9211312813413212625 5 2TT 6 4153211613499999999999999 0481101340  899999999999999
120116116120127135141141135121101 77 53 35 25 25 34 51 71 9110812012612625 5 3TT 634142223812799999999999999 1301161431 2399999999999999
124121118118119122126128127122112 97 80 62 49 40 39 45 57 72 8810211312025 5 4TT 714128999999999999999999999 2461181540 3999999999999999
123123120117113111111112113114112108 99 88 75 62 53 49 51 58 70 84 9811025 5 5TT 020124 85411499999999999999 5511111714 4999999999999999
119123123118111103 97 94 95 99104107109105 97 85 72 60 53 52 58 69 84 9925 5 6TT 120124114910999999999999999 716 941840 5199999999999999
113122125121112100 88 80 76 80 87 97107113112105 92 77 63 53 52 59 72 8925 5 7TT 156125132611399999999999999 758 761940 5299999999999999
106120127126117102 85 70 60 60 67 80 96109118117109 94 77 62 54 55 65 8125 5 8TT 222128142911999999999999999 834 592023 5399999999999999
100117129131124108 87 65 49 42 46 59 78 98114122120110 93 75 62 57 62 7625 5 9TT 245132151912399999999999999 9 7 422058 5799999999999999
 95114129136131116 93 67 44 30 28 38 57 80103119126122109 91 75 64 64 7425 510TT 3 513616 512699999999999999 938 282130 6399999999999999
 91111129139138125102 74 45 24 15 20 37 61 88111126129122108 91 77 71 7625 511TT 32414016481299999999999999910 8 1522 1 7199999999999999
 90108127140143133112 83 52 25  9  7 19 42 71 99121132132123107 92 82 8125 512TT 3441431727134999999999999991036  62232 8099999999999999
 90106123138145139121 94 62 31  9  1  7 27 54 86113132138134122107 94 8925 513TT 4 414518 41389999999999999911 2  123 5 8999999999999999
 93104119134144143130105 74 42 16  1  1 16 40 71102127140141134121107 9825 514TT 4261451839142999999999999991129 -12338 9699999999999999
 97104116129141144136117 89 57 28  8  2 10 30 58 8911713614414113211910825 515TT 4511441913144999999999999991156  2999999999999999999999
102104112124135142140126103 75 46 22 10 10 23 46 7410312614014413812811725 516TT 519142195014499999999999999 0131021227  899999999999999
108106110118128136139133117 93 66 42 24 18 23 38 61 8711113013914013312425 517TT 552139203214099999999999999 05110613 3 1899999999999999
115110109113120128133134126110 88 65 45 32 29 36 51 70 9311312813513513025 518TT 633134212613699999999999999 1351091348 2999999999999999
122115110110113118123128127120106 88 70 53 43 41 46 58 74 9311212513213225 519TT 729128223713399999999999999 2371101448 4199999999999999
128122115109107107110115120121117107 94 78 64 54 50 52 60 74 9211012313125 520TT 848122235213399999999999999 42610716 7 5099999999999999
133130122113104 98 95 97104111116117111101 88 73 62 56 55 61 75 9311212625 521TT1032117999999999999999999999 6 9 951737 5499999999999999
136138132121107 94 83 78 81 91103113118118110 97 82 69 60 57 64 79 9911925 522TT 047138122611999999999999999 710 781850 5799999999999999
134143143133115 95 77 63 58 64 78 95111122125119105 89 75 64 62 70 8810925 523TT 129144135112599999999999999 758 581945 6299999999999999
130145151145128104 78 55 40 37 47 67 91112127132127113 96 81 71 71 8110125 524TT 2 3151145813299999999999999 842 362034 6999999999999999
123142155156143118 87 56 31 17 18 35 61 90116134140134120103 88 80 82 9625 525TT 236157155914099999999999999 924 152119 8099999999999999
116137154162156135104 67 33  8 -2  6 29 60 93122141147140126110 96 90 9525 526TT 3 716216561479999999999999910 4 -222 4 9099999999999999
110130149162163150123 86 47 14 -8-12  2 30 6510113014815214413011410310025 527TT 3381641749152999999999999991044-13224810099999999999999
107122141156164160141109 70 31  1-15-13  6 38 7511013715215414513011610825 528TT 4101641839154999999999999991123-16233210699999999999999
107116131147159162152129 95 57 22 -3-13 -5 18 51 8611814115215114112811625 529TT 44516219251539999999999999912 3-13999999999999999999999
110112122135149157155142118 85 50 20  2 -2  9 34 65 9612314014814413512325 530TT 522157201014899999999999999 0161101245 -299999999999999
114111114124136146150146132108 79 49 26 13 14 27 49 7710312413714013612725 531TT 6 3150205614099999999999999 1 01111329 1299999999999999
118112110114122132139141136123102 77 54 37 28 31 43 63 8510612213113312925 6 1TT 649141214813399999999999999 1501101417 2899999999999999
122114109107110116123129130126115 99 80 62 49 43 46 56 72 9010711912712825 6 2TT 745130224612899999999999999 2551071512 4399999999999999
125118111105102102106111116118116109 98 84 71 60 55 57 65 79 9410811912625 6 3TT 9 3118234412799999999999999 4251011616 5599999999999999
127123116106 98 92 89 92 97103107109107100 90 79 70 65 66 73 85 9911212225 6 4TT1057109999999999999999999999 6 1 891723 6499999999999999
128128122112 99 86 77 73 75 82 90 99105106103 95 86 77 72 72 80 9210611925 6 5TT 030129125110699999999999999 7 8 731825 7199999999999999
128132129119104 86 70 59 55 59 69 82 95105109108101 92 83 78 79 8810111525 6 6TT 1 5132141310999999999999999 757 551918 7899999999999999
127135135127111 91 69 51 40 39 47 61 79 96109115113107 97 88 84 87 9711125 6 7TT 133136151811599999999999999 835 3820 5 8499999999999999
124135139134120 98 73 49 31 23 27 41 60 83103117123120113102 93 91 9610725 6 8TT 2 0139161112399999999999999 9 8 232051 9099999999999999
120132140140128108 82 54 29 14 12 22 42 67 93115128131127117106 98 9710325 6 9TT 227141165513199999999999999 939 112136 9699999999999999
115127138142136118 93 64 35 13  4  8 25 51 8010812813913913212010710110225 610TT 25614217321409999999999999910 9  3222110099999999999999
110121133141141129106 78 47 20  3  1 13 36 65 9712414114714313311910710225 611TT 32814218 4147999999999999991039  023 410299999999999999
106115127137143137120 95 64 34 11  1  6 24 51 8311413815015114313011510625 612TT 4 31431835152999999999999991111  1234310399999999999999
104109120132141143133113 85 54 27  9  5 16 39 6810012814715415013912411125 613TT 44114419 6154999999999999991145  5999999999999999999999
104106114125137145143129106 77 48 25 13 15 30 54 8411413715115214513211825 614TT 521145193915399999999999999 0201041221 1299999999999999
107104108118130141146141125100 72 46 27 20 26 44 69 9712314215014813812525 615TT 6 3146201615099999999999999 05510413 1 2099999999999999
113105105111121133142145138120 96 70 48 33 31 39 57 8010512814214714313225 616TT 648145205914799999999999999 1341041345 3099999999999999
120109104104110120131139140132116 94 71 53 43 42 51 68 8911213114214513925 617TT 740141214714599999999999999 2241031432 4199999999999999
129117106101100105113123131132126112 94 76 61 54 55 63 78 9811813414414525 618TT 842133223814599999999999999 3331001524 5399999999999999
139127113101 93 90 93100110119123120111 98 84 72 67 68 75 8810612513914725 619TT10 3123232914899999999999999 5 4 901622 6699999999999999
147139125108 92 80 73 74 82 94106114117113105 95 85 80 80 86 9811513314525 620TT1157117999999999999999999999 626 731730 8099999999999999
151149138119 97 77 61 52 52 62 78 95109118120116107 99 94 92 9710912514125 621TT 015152134912099999999999999 728 511847 9299999999999999
152156150134110 83 58 39 29 31 46 67 8910912312912712011210510310611813325 622TT 058156151313099999999999999 818 28195910399999999999999
147156158149128 98 67 38 18  9 16 35 61 8911413214013913112211310911312425 623TT 140158161814199999999999999 9 4  921 210999999999999999
139152159158144119 86 51 21  1 -4  7 32 63 9512314215014713812611611311725 624TT 223160171215099999999999999 948 -4215911399999999999999
128142155161156139110 74 38  8 -9 -9  7 36 7010413315015615013812511511225 625TT 3 81611757156999999999999991031-11225111299999999999999
118130145157161154133102 65 29  2-10 -5 15 47 8211514115515614713311911125 626TT 3551611836157999999999999991114-11233610999999999999999
110117131147158160150127 95 58 25  3 -4  5 29 61 9512514615515114012411225 627TT 4431601913155999999999999991156 -4999999999999999999999
105107117133148157157145121 89 54 26  9  7 20 45 7710713214715014312911525 628TT 530159194715099999999999999 0171051238  699999999999999
104101106118134148155152138114 83 53 31 20 22 38 63 9211713614514313311925 629TT 615155202114599999999999999 0561011319 1999999999999999
107 99 98105118132144148143128105 79 55 38 33 39 57 8010412413714113612525 630TT 659148205514199999999999999 136 981357 3399999999999999
112101 95 96103115127136138131117 98 76 59 49 48 57 74 9511513013713713025 7 1TT 745138212813899999999999999 224 951434 4799999999999999
118106 96 91 92 98107117123124118107 92 78 67 62 64 74 9010812313413713425 7 2TT 83712422 313799999999999999 326 9115 9 6299999999999999
126114101 91 85 84 87 95103108110107101 92 83 77 76 80 9010311813013613725 7 3TT 952110223913899999999999999 444 831545 7599999999999999
132122109 95 83 74 71 73 80 88 95100102100 96 92 89 89 9310211312513413825 7 4TT12 4102231713899999999999999 6 5 711629 8999999999999999
137130118102 86 71 60 56 58 66 76 87 9610310610610410110110311012012913625 7 5TT1420106235813899999999999999 7 7 56174710199999999999999
138135126111 92 73 56 44 40 45 56 71 8610011111611711511110910911512313125 7 6TT1543117999999999999999999999 754 40192110899999999999999
136137132120102 80 59 40 29 28 37 53 73 9311112312912812411711211111612325 7 7TT 045138162512999999999999999 834 27203611199999999999999
131136136129113 92 68 44 26 18 22 36 57 8110612513714013612811711011011525 7 8TT 135137165514099999999999999 910 18213610999999999999999
123131136136126107 83 56 32 16 12 21 41 67 9512114014814713912611310610725 7 9TT 226137172214899999999999999 946 12222410699999999999999
114123133139137124102 75 47 23 10 12 26 51 8111113715115514813512010710225 710TT 3161401749155999999999999991024  923 310299999999999999
105115128139145139123 97 67 38 17  9 16 36 64 9712714915815614412811110125 711TT 4 414518171599999999999999911 2  92337 9999999999999999
 99107120135148151142121 92 60 32 15 12 24 48 8011214015616015213611810325 712TT 4481511846160999999999999991140 11999999999999999999999
 96100112129145156156142117 85 54 29 16 20 37 64 9612614916015714412610925 713TT 530158191716099999999999999 0 8 961218 1699999999999999
 97 95103119137153161156138110 78 49 29 23 32 52 8111213815515915213611725 714TT 610161194916099999999999999 041 951255 2399999999999999
101 94 96107124142155160151130102 73 49 35 35 48 71 9912614715815714512725 715TT 651160202215999999999999999 117 931330 3399999999999999
109 96 91 95107123139150151141121 96 72 54 47 52 68 9011513815415915213825 716TT 737152205515999999999999999 2 1 9114 4 4799999999999999
120102 90 86 91101116130138139129113 94 77 66 65 73 8910812914715715714825 717TT 831140213015999999999999999 257 861438 6499999999999999
132113 95 83 78 80 89101114123125120110 98 88 83 86 9410712314015315815525 718TT 94612522 715899999999999999 4 9 781512 8399999999999999
144126106 87 73 65 65 71 83 9710811411611410910410310511112113314615415725 719TT1153116225015799999999999999 535 64155110399999999999999
152140121 99 77 60 50 46 52 65 81 9711011912312312112012012312813714715325 720TT1427123234315599999999999999 653 46171212099999999999999
155149137116 92 67 47 33 29 35 51 71 9211212613513713513212812612913614525 721TT1554137999999999999999999999 755 28195712699999999999999
151153148135113 85 58 34 19 15 24 43 68 9511913714614714313512812312513225 722TT 051153163814799999999999999 848 14211512399999999999999
142150153149135110 80 50 24  8  6 19 42 7210212814615415114313112111611825 723TT 2 3153171315499999999999999 937  522 911699999999999999
128140151156152135108 76 43 17  3  5 21 48 8111213815315614913512111010725 724TT 3 71561746156999999999999991024  2225110799999999999999
112125141154160155136106 71 38 13  3  9 30 60 93124146155153140123108 9925 725TT 4 316018161569999999999999911 8  32328 9899999999999999
 99110127145160164155134101 65 34 14  8 19 44 76108134150154145128110 9625 726TT 4521641845154999999999999991149  8999999999999999999999
 91 96110131150163164152127 93 59 32 18 19 35 63 94123143152148134115 9825 727TT 536165191215299999999999999 0 2 911226 1799999999999999
 87 86 96114135153162159143116 84 55 35 28 36 56 8511313614915014012210325 728TT 615162193615199999999999999 035 851258 2899999999999999
 88 82 85 98117136150154147129103 76 54 43 44 57 8010713014515014413011125 729TT 652155195715099999999999999 110 811325 4299999999999999
 93 82 79 85 99117133142142132114 92 72 59 56 64 8110312614215014813712025 730TT 729143201615099999999999999 150 791347 5699999999999999
101 86 77 77 84 97111123128126117103 88 76 71 75 8610312313914915014212825 731TT 811129203515099999999999999 235 7614 4 7199999999999999
110 93 80 73 73 79 90102111114112106 98 91 86 88 9410612013514514914513425 8 1TT 9 8114205614999999999999999 331 721417 8699999999999999
119102 86 75 68 67 72 80 90 9910310510410210010110511112013013914514413725 8 2TT11 7105212214599999999999999 440 67141610099999999999999
126111 95 80 69 61 58 62 70 80 90 9810510911211411611812112613213713913725 8 3TT2158139999999999999999999999 556 58999999999999999999999
130120106 90 75 62 53 49 52 62 74 8810111212112512712712512412412713113225 8 4TT162212723 413299999999999999 7 2 49192012399999999999999
131126117103 87 70 55 43 39 45 57 73 9110912413413813713212411911712012425 8 5TT1615138999999999999999999999 756 39204911799999999999999
127129127118104 85 65 47 35 32 40 56 7710012213814614614012911710910911325 8 6TT 1 4129163014699999999999999 844 31213810899999999999999
120128133132123105 83 60 39 26 27 39 59 8511213515015314813612010610010225 8 7TT 224134165315399999999999999 929 25221310099999999999999
111123135143141128106 80 52 31 20 25 42 67 97126148158156144127109 96 9325 8 8TT 3211431719158999999999999991012 202244 9399999999999999
101115132147155149132105 73 44 23 17 27 49 79112140158162153136115 97 8825 8 9TT 4 71551747162999999999999991052 172315 8799999999999999
 91104124144160165154131 99 65 36 20 20 35 63 96128153165161146124102 8725 810TT 4491651815165999999999999991129 172346 8399999999999999
 83 92111135156170169153124 90 56 32 22 29 51 82115145163167156135111 9025 811TT 52817218431679999999999999912 4 22999999999999999999999
 79 82 96119144164173167146114 80 52 34 33 47 73105136159169164147122 9825 812TT 6 7173191016999999999999999 020 791235 3199999999999999
 81 75 82100124147164168157134104 75 54 46 52 71 9812815316816915713510925 813TT 647168193617199999999999999 057 7513 4 4699999999999999
 87 73 71 81100123143155156144123 98 78 66 66 77 9812314716417016414712225 814TT 73315720 117099999999999999 138 701330 6499999999999999
 97 77 67 67 78 96115132141141131116100 88 84 9010412214215816816715513525 815TT 828143202616999999999999999 226 661353 8499999999999999
111 88 70 61 62 71 8610211712612812311610810410611412613915216116415914525 816TT 945128205316499999999999999 325 61141310499999999999999
126104 83 66 57 56 61 72 8710111211912212212212212613113814515215715615025 817TT2128157999999999999999999999 441 55999999999999999999999
138121101 81 64 52 47 49 58 73 8910411712613313613713813914014114514814825 818TT2232148999999999999999999999 614 47999999999999999999999
144135121103 82 63 47 38 38 46 62 8110112013414314614514113613213113413925 819TT1610146999999999999999999999 734 37203813199999999999999
142143138126107 84 61 42 30 28 38 57 8010412714315015014413412411811912425 820TT 040143162615199999999999999 837 28212811899999999999999
133142147145133112 85 58 36 23 23 35 57 8411213514915314713512110910410825 821TT 216148165015399999999999999 930 2122 410499999999999999
119133147155153139114 84 53 30 18 22 38 64 95123143153150138121104 93 9225 822TT 3201561716153999999999999991017 182236 9199999999999999
101118138155163159141112 78 47 26 18 27 48 78109135150152143125104 88 8125 823TT 4101641741153999999999999991057 1823 7 8199999999999999
 85101123146163168159136104 70 41 25 25 39 66 97126146154148131109 88 7525 824TT 45316818 5154999999999999991132 232339 7299999999999999
 73 84104130152166166152126 93 61 39 31 39 60 89119142154153139117 93 7425 825TT 53116818251559999999999999912 1 31999999999999999999999
 66 70 86110136155163158139112 82 57 44 46 60 85114139154157147127101 7925 826TT 6 6163184215799999999999999 010 661225 4399999999999999
 65 62 72 91115138152154144124 99 75 60 57 67 86112137154160153135111 8625 827TT 640155185616099999999999999 042 621244 5799999999999999
 68 59 62 75 96118136144141129111 91 77 72 77 92113135153161157142120 9625 828TT 71514419 916199999999999999 115 5913 0 7299999999999999
 74 61 57 64 79 98117129133128117104 92 86 89 9911513315015915814712810525 829TT 755133192416099999999999999 149 571312 8699999999999999
 83 66 58 58 66 81 9711212112311911210510010110811813114415315514813311425 830TT 846123194115599999999999999 227 57132110099999999999999
 93 75 63 58 60 68 80 9410611311611511411211311712313013814514814413512025 831TT101711620 114899999999999999 312 58131711299999999999999
104 88 73 64 60 61 66 76 8810010811411812112412612813113213513713613212425 9 1TT2028137999999999999999999999 418 60999999999999999999999
114101 88 76 67 61 59 62 71 83 9510711812613213413513312912612412512512425 9 2TT1535135214512599999999999999 556 5920 112499999999999999
120115106 94 81 69 60 54 55 64 78 9411012513614214213712912011411211511925 9 3TT1527142999999999999999999999 720 54204611299999999999999
123125123115102 85 69 54 46 48 59 76 9611813614614914413311910710010211025 9 4TT 1 8125154614999999999999999 821 45211610099999999999999
120130136135125108 86 64 46 37 41 56 78104128147154151140123105 92 90 9725 9 5TT 225137161215599999999999999 911 372146 8999999999999999
111127142151148133110 82 55 36 30 39 59 86116141157159150132110 90 80 8325 9 6TT 316151164016099999999999999 954 302217 8099999999999999
 97118140157164156135106 74 46 29 28 43 69101132155165160143119 94 76 7125 9 7TT 35916417 8165999999999999991032 262249 7199999999999999
 81102128153169172159132 98 65 40 29 35 57 87121150167169155131102 78 6425 9 8TT 44017317351709999999999999911 7 282323 6399999999999999
 66 83109138162176173154124 90 59 40 38 52 79111143166175166144115 85 6325 9 9TT 52117718 1175999999999999991139 372359 5599999999999999
 55 64 86115144167175168145115 84 61 51 57 77106137162176175157129 96 6825 910TT 6 217518241789999999999999912 8 51999999999999999999999
 52 50 64 89119146164168157135109 85 71 70 83105133158174178167143111 8025 911TT 646169184617999999999999999 036 491234 6999999999999999
 56 44 48 65 91119142156157146128108 94 89 95110132153170177172154126 9525 912TT 73615819 617799999999999999 115 441258 8999999999999999
 67 49 42 49 67 9011413314414513712511410811011913314916317117015913911225 913TT 835145192517299999999999999 158 42131810899999999999999
 85 62 48 45 52 67 8610512113113413212812412412913714615516216315814512725 914TT10 0134194516399999999999999 248 45133112499999999999999
105 83 64 53 49 53 64 78 9410912012813213413513714014414715015115014513525 915TT20 9151999999999999999999999 356 49999999999999999999999
122106 88 72 60 53 53 58 69 84 9911412613514114414414314013713613713713625 916TT1538144999999999999999999999 537 52999999999999999999999
132125113 98 81 66 55 49 51 60 76 9411212914114714714213512712112012312825 917TT1529147999999999999999999999 717 49204512099999999999999
134136134124108 88 69 52 43 44 54 72 9411613414614814313312010810310511425 918TT 1 9137154814899999999999999 826 42211310399999999999999
126138145145134115 91 66 47 37 40 54 75100124141149146134117101 89 87 9525 919TT 228146161114999999999999999 917 372142 8799999999999999
110129146155153139115 87 60 41 34 41 60 85112135148149138120 99 81 73 7725 920TT 322156163415099999999999999 958 342213 7399999999999999
 91112136154162156138110 79 53 38 38 51 74102128146152145126102 80 64 6225 921TT 4 61621656152999999999999991033 362244 6199999999999999
 71 92118143159163153130100 71 50 42 49 68 95123145155151135110 83 62 5225 922TT 44616417151559999999999999911 2 422315 5199999999999999
 55 72 97125148160159144119 90 66 53 54 68 92120144157157144120 91 65 4825 923TT 5231611731159999999999999991126 522345 4499999999999999
 45 55 77105132150157150132108 84 68 65 74 93118143159162152130101 72 5025 924TT 5591571744162999999999999991147 64999999999999999999999
 40 43 60 85113136149150140121101 84 78 83 97118141158164157138111 82 5625 925TT 634151175816499999999999999 013 3912 5 7899999999999999
 40 38 48 68 94120138145142130114100 92 93103120139156164160144120 92 6525 926TT 710145181216499999999999999 040 371222 9199999999999999
 46 38 42 57 79103124137140134124113105104110122136150159159147127102 7625 927TT 749140182816099999999999999 1 8 38123910399999999999999
 55 43 42 51 67 88108125133134129122116114117124134144151153147132111 8925 928TT 836135184515499999999999999 137 41125911499999999999999
 69 54 48 51 60 75 9311012212913012812512312412713213714114414113311910225 929TT 94713019 514499999999999999 212 48132212399999999999999
 85 70 60 57 60 67 78 9210711812512913113113013113113113113113112912211325 930TT1812132999999999999999999999 3 3 57999999999999999999999
102 90 79 70 66 65 68 76 881011131231311361371361331281231191181201201192510 1TT1355137215312199999999999999 443 65194311899999999999999
116110101 90 79 70 64 63 69 81 961121261371431421371291191091051061121192510 2TT1426143999999999999999999999 643 63201210599999999999999
124126123113100 84 69 58 55 61 76 95115133145149145134119104 93 91 981102510 3TT 059126145514999999999999999 752 552043 9199999999999999
123134140137124105 83 63 49 47 57 76 99124144155154142125105 87 78 81 942510 4TT 2 9140152515699999999999999 843 462115 7799999999999999
113132148154147129105 78 56 43 44 59 83111138156162154135111 87 69 64 742510 5TT 3 0154155416299999999999999 925 412149 6499999999999999
 94119143160163152130101 72 51 42 49 70 99129154168166149122 93 67 52 532510 6TT 34616416221699999999999999910 2 422225 5099999999999999
 70 97126152168168153126 96 69 52 50 64 90121149169174163137104 71 47 382510 7TT 4311701648175999999999999991037 4923 1 3899999999999999
 46 69101133159172168149122 94 71 61 67 87114144167179174152119 83 51 312510 8TT 51617217131799999999999999911 9 612338 2799999999999999
 29 44 72106139162171164145119 96 81 78 90112139163178180165136 99 63 352510 9TT 6 31711736181999999999999991140 77999999999999999999999
 21 26 46 78112141161166158140119103 95 99114136158174180172150117 80 48251010TT 653166175718099999999999999 015 2112 9 9599999999999999
 26 20 30 53 84115140155159151137122113112120135152167175173158133101 68251011TT 745159181817699999999999999 053 20123711199999999999999
 42 27 26 38 61 88114135147150145136128125127135147158166167159143119 91251012TT 847150183916799999999999999 134 2413 512599999999999999
 65 45 35 37 48 67 89110127138142140137134134137142148153156153145131112251013TT101214219 215699999999999999 222 35133613499999999999999
 91 71 56 48 49 56 70 86103118129136139139139139139139140140141139134125251014TT1255139193714199999999999999 327 47152413999999999999999
113 98 83 70 61 57 60 68 80 95110123133140142140137132127124124125127128251015TT14 2142225412899999999999999 5 6 57194112499999999999999
126120110 96 82 69 61 58 63 75 90107123135142142137128118110105107113121251016TT1431143999999999999999999999 650 58201310599999999999999
129133131121106 88 71 59 55 59 72 90110127140144139128114 99 89 87 94106251017TT 113133145714499999999999999 759 552044 8799999999999999
120133141139128110 89 69 56 52 60 76 97119136145143132114 95 78 70 73 85251018TT 221142152014699999999999999 847 522116 7099999999999999
103123139147144130108 85 65 54 55 67 88111132146148139120 96 74 58 54 63251019TT 313148154214999999999999999 924 532149 5499999999999999
 81104128145150144127103 80 63 58 65 82105128146152146129103 75 53 42 44251020TT 35815016 215399999999999999 956 582220 4199999999999999
 59 82110133148150140121 98 78 67 68 81102125145156153138113 82 54 35 30251021TT 4401511619156999999999999991023 662250 3099999999999999
 40 60 89117139150148135115 94 80 76 84101123144157158146123 92 60 36 24251022TT 5201501635160999999999999991049 762318 2399999999999999
 26 43 69 99126144150144130111 95 87 90103121141157161153132103 70 41 23251023TT 5591501651161999999999999991113 872344 1999999999999999
 20 30 52 82111135147148140125110100 99106121138154161156139113 82 51 29251024TT 63514917 8161999999999999991138 98999999999999999999999
 20 24 41 67 97123142149146136123112107111121135148157157145122 94 64 40251025TT 710149172815999999999999999 0 9 1912 410799999999999999
 26 24 36 57 83110132145147142133122116115121131142151154147130106 79 55251026TT 747148174915499999999999999 035 23123311599999999999999
 37 31 36 50 72 96119136144144138131124120122128135142146145135117 95 73251027TT 828145181614799999999999999 1 4 3113 912099999999999999
 54 43 42 49 64 83103122135140140136130126124126129133136138134125110 92251028TT 924141185313899999999999999 140 4114 212499999999999999
 75 62 54 54 60 71 87104120131136137136132128126124124125127128126119109251029TT105113820 312899999999999999 232 53165412499999999999999
 97 84 73 65 63 65 73 85100115127135139138134129123117113113116120122120251030TT122513922 512299999999999999 358 63184111299999999999999
115107 95 83 73 67 65 69 80 96113127138143142135126115105 99 99105114122251031TT1320144999999999999999999999 553 651928 9899999999999999
126125118106 91 77 66 61 64 77 96115133145150145133117101 88 81 85 971112511 1TT 023126135915099999999999999 7 9 6120 8 8199999999999999
125134136128113 95 77 63 58 63 80102124143155156144125103 82 67 63 73 912511 2TT 143136143215799999999999999 8 2 582046 6399999999999999
111130143145136118 97 77 63 59 69 90114138157164157138112 84 59 46 47 632511 3TT 24214615 316499999999999999 846 592125 4499999999999999
 87114137151153141121 98 78 66 67 82105131154168169153126 93 61 36 27 352511 4TT 336154153117099999999999999 926 6522 3 2799999999999999
 57 87118144158158144123101 83 76 82100124149168175167143108 70 38 17 132511 5TT 42816015591759999999999999910 5 762241 1299999999999999
 28 56 91124150163161146126106 92 89 99119143164176175158127 88 49 19  42511 6TT 5201641626178999999999999991043 892319  399999999999999
  7 28 61 98131155166161147128112103104117137157172177168144109 69 33  82511 7TT 61216616531779999999999999911211022357  099999999999999
  0 10 35 70106137157165159146130118113118132149165174172157129 93 56 252511 8TT 7 21651721174999999999999991158113999999999999999999999
  8  6 20 47 80113139156160154143131123122129141154165168161143116 83 512511 9TT 754160175116899999999999999 037  4123812299999999999999
 28 16 18 34 60 89116137150153148139131127128133143152158157149132107 80251110TT 849153182715899999999999999 120 15132212699999999999999
 55 38 30 34 49 70 93115132142145142136131128128132138143146145137124105251111TT 954145191414699999999999999 2 9 30142412899999999999999
 84 65 52 46 49 59 75 94111125135138138134130126124124126130132133129120251112TT1118139203513399999999999999 310 46162312499999999999999
108 93 78 66 59 59 65 77 92107121131136136132126119114111111114119123124251113TT1233137225212499999999999999 431 58182611099999999999999
121114102 88 76 67 64 68 77 91107121132137136129119108 98 93 93 98107116251114TT1321137999999999999999999999 6 0 641928 9299999999999999
122124120109 96 82 71 67 70 80 95111126137140135123107 91 79 73 76 85 98251115TT 050124135314099999999999999 7 8 662011 7399999999999999
112123128125114 99 84 73 69 74 87103121135143141130112 91 71 58 54 61 75251116TT 2 6128141914399999999999999 757 692049 5499999999999999
 94112126131128116101 86 76 75 83 98116133144147138120 95 70 49 38 39 52251117TT 3 5131144214799999999999999 837 742124 3799999999999999
 71 94116130135129117101 88 81 84 95112130144150145128104 75 48 29 23 31251118TT 35713515 315099999999999999 912 812155 2399999999999999
 49 74100122136138131118103 92 89 96109126142152150137113 84 53 28 15 16251119TT 444138152415299999999999999 946 892225 1399999999999999
 30 54 83111131142141132118105 97 98108122138150153144123 95 63 33 14  8251120TT 5271431546153999999999999991021 962252  899999999999999
 17 38 66 97124141147143132118107103108119133146152148132107 76 45 20  8251121TT 6 514716101539999999999999910561032319  799999999999999
 10 26 52 83114137149150143131118109109116127140149150140118 90 59 32 14251122TT 63815116361519999999999999911321082346 1099999999999999
 10 20 42 70101128146153150140127116112114122133143149144129105 77 49 27251123TT 7 915317 61499999999999999912 8112999999999999999999999
 17 20 35 59 88116138150152146135123115114118127136144145137120 95 69 45251124TT 740152174114699999999999999 016 16124511499999999999999
 30 25 33 51 75101126142150148140130120115115120128136142141131112 90 67251125TT 816150182214299999999999999 050 25132611499999999999999
 48 37 37 46 64 86109129142146143135126118115116120126133137135125109 89251126TT 9 1146191313799999999999999 131 36141811599999999999999
 69 54 47 48 57 72 91112129139142140133124117113113115120126131129122108251127TT 958142201913199999999999999 222 46154011299999999999999
 92 76 63 56 56 63 76 94112128138142140133123114108105105109117123124120251128TT11 5142214612599999999999999 326 55172510499999999999999
111 98 84 72 64 63 68 79 96115131141145142133120108 97 90 89 95105115121251129TT12 5145233612299999999999999 444 631839 8999999999999999
121116106 92 80 71 68 71 83101120137147150145131113 95 80 70 70 79 93108251130TT1252150999999999999999999999 6 3 681933 6999999999999999
119125123114101 88 79 74 78 90110130146155155144124100 76 57 47 50 64 842512 1TT 118125133115799999999999999 7 7 742019 4799999999999999
104121131132123110 97 86 82 87101121141156162157139112 82 54 33 25 33 522512 2TT 23413314 616299999999999999 8 2 8221 1 2599999999999999
 78104126139141133120106 95 91 98114134152164166154129 96 61 31 11  8 212512 3TT 339142143916699999999999999 853 912142  799999999999999
 47 78109134148150141127113103101109125144160169165147116 78 41 12 -4 -22512 4TT 438151151416999999999999999 9421002223 -599999999999999
 17 48 83117142156156147132118109109119135152165169160137102 62 26  0-112512 5TT 531158155016999999999999999103010823 4-1199999999999999
 -3 21 55 92126150161159148133120113115126141157167166153126 90 51 17 -42512 6TT 62016216291689999999999999911171122345 -999999999999999
 -9  4 32 67103134154161157145130119114118130145158165161145116 81 45 162512 7TT 7 516117101659999999999999912 2114999999999999999999999
  1  1 18 46 80112138153157150138125116114120131145156160154136109 76 452512 8TT 748157175516099999999999999 028 -1124611499999999999999
 22 12 16 34 61 91118138149149141130119113113119130142151153145128103 752512 9TT 832150184215399999999999999 113 12133111299999999999999
 50 33 27 33 50 73 99120136143141133123114110110116125135142142135120100251210TT 917143193614399999999999999 159 27142510999999999999999
 77 58 45 42 48 63 83104121132137135127118110105105109116124129130125114251211TT10 8137204113099999999999999 250 42153710499999999999999
 98 81 67 58 56 62 74 91108122131134131124114105 98 95 96102109115118116251212TT11 1134221211899999999999999 344 551710 9599999999999999
110 99 87 76 69 68 73 84 98113125132134130121109 96 86 80 80 85 93101107251213TT1150134999999999999999999999 444 671833 7999999999999999
110109103 94 85 79 78 82 92106119129136136129116100 83 70 62 61 68 78 90251214TT 011110123013699999999999999 546 781933 6199999999999999
101109111108101 94 88 86 91101114126135139135124106 86 66 50 42 44 54 69251215TT 15411113 313999999999999999 646 862018 4299999999999999
 85101112116115109101 95 94 99109121132140140132115 93 68 46 31 26 32 47251216TT 312116133414199999999999999 742 942055 2699999999999999
 66 88107119124122116107101100106116127137141137124102 76 49 27 15 16 27251217TT 41112414 414199999999999999 8361002128 1499999999999999
 47 72 97117129133129120111104105111121131139140131113 87 59 32 13  6 13251218TT 457133143714199999999999999 9271032159  699999999999999
 31 56 84111130139140133122111105107114124134140137123101 73 44 19  5  5251219TT 53314115121409999999999999910161052230  399999999999999
 18 41 70101126142147143132119108105108117127137140133115 90 60 32 11  4251220TT 6 2147155114099999999999999105910523 1  499999999999999
 10 29 57 88118139150150141128114105104110120131140140129107 80 50 25 10251221TT 62915116311419999999999999911381032335  799999999999999
  9 21 44 74105132148153148135120108102104113125137143140125101 72 44 22251222TT 6561531712143999999999999991212102999999999999999999999
 13 18 35 61 91120141152151141127112103101106118131142145138120 94 66 40251223TT 724152175214699999999999999 010 13124410099999999999999
 24 20 29 49 76105130146151145133119106100101110122135144145134114 88 62251224TT 756151183514699999999999999 047 20131910099999999999999
 40 29 30 42 63 89115136147148139126113102 99102111123135142140128108 84251225TT 833148192014399999999999999 126 2814 1 9999999999999999
 61 44 38 42 56 76100123140147144135121108 99 96 99107118129135132121103251226TT 913147201413599999999999999 2 7 381458 9699999999999999
 83 65 52 49 55 69 88110130143147142132117103 93 89 90 97107117123122114251227TT 957147212212499999999999999 250 491615 8999999999999999
101 86 72 64 63 70 82 99119136146148142129113 96 84 76 75 80 90102111114251228TT104314823 111499999999999999 336 631743 7599999999999999
112104 94 84 79 79 84 94110127142149149141126105 85 69 58 54 60 73 88101251229TT1129150999999999999999999999 431 781854 5499999999999999
110114112106 99 94 93 96105119134147152150139120 95 71 50 37 33 40 57 77251230TT 110114121615399999999999999 548 931950 3299999999999999
 96112122125121115110107107114126139149153148134110 81 53 30 15 13 25 47251231TT 25112513 015399999999999999 7241062038 1299999999999999
