278239177108 50 14  3 26 8416023529533233931326320715712311514119224528125 1 1TX1243341999999999999999999999 551  3184511499999999999999
294275225154 85 32  3  4 4010919126331534133429423618013611011515421126325 1 2TX 0 2294131834399999999999999 630 -1192210899999999999999
292294265207133 67 22  1 13 6314022228833034332227121015711810211916722625 1 3TX 034297135334499999999999999 710  120 210299999999999999
273295290253190118 58 20 10 33 93174251308338337303245184135103 9612317625 1 4TX 119297142934299999999999999 751  92043 9599999999999999
233275293282242178112 61 31 30 62126204272318336322279219161116 90 9212425 1 5TX 2 929315 533699999999999999 834 272127 8799999999999999
178232270286274235178121 77 55 60 95156225282316323301254195141100 80 8625 1 6TX 3 5286154532499999999999999 921 532217 7899999999999999
120172223261278270238191143106 88 94125177233278303304278232177126 88 7025 1 7TX 4122781631307999999999999991018 872314 6999999999999999
 77109158208249272272251216176142123124146184228265285283260217166116 7825 1 8TX 5322751726287999999999999991129121999999999999999999999
 59 64 9213919223927128327424721117715314415317921524826726824921015910925 1 9TX 7 4283183327099999999999999 019 5813 114499999999999999
 69 47 47 7312117923427529829927724220417115114916820123425726124520815625 110TX 831301194526299999999999999 129 44143614899999999999999
102 59 33 31 5610717223428531532130026121617614814015719222925526224720725 111TX 942322205126399999999999999 236 29154913999999999999999
151 94 48 20 17 4510217324129633033531026521516913712915119223326126825025 112TX1040337214826999999999999999 337 15164612899999999999999
205144 84 37 10  9 4310618225330733933830625520115512512315420224627227525 113TX1129343223827799999999999999 432  6173312099999999999999
250198132 72 27  3  9 5212220026831934233128923318013711412416621926128225 114TX1212343232328499999999999999 521  1181311399999999999999
279245185116 58 19  2 19 7214922528732833931326220515511910813318423827625 115TX1248339999999999999999999999 6 3  2184910799999999999999
290276232165 97 45 14  9 4010518425530733432728622917312910410914820525625 116TX 0 3290131933599999999999999 640  7192210199999999999999
286291266211142 80 36 16 27 74147224285323331305253193142106 9511616622425 117TX 041292134633299999999999999 712 151953 9599999999999999
269290284248187121 67 35 29 57117193261308329317275216159115 90 9412918425 118TX 118291141032999999999999999 742 282023 8899999999999999
237274286270226166108 66 46 56 98163233288319321292240181129 95 8310014325 119TX 157286143432499999999999999 812 462055 8399999999999999
197243271276253208154107 77 70 92140202259298313299259205151108 84 8310925 120TX 24027715 131399999999999999 846 692131 8099999999999999
154202241263263239200157121101103129175226268291292269226177130 96 80 8725 121TX 329266153229599999999999999 926 992212 8099999999999999
116157200234253253235205172146132136159194231259272265240201158119 91 8025 122TX 430256161127299999999999999101713123 2 8099999999999999
 90117154192225246252242221197174160160173196221240248242220187149114 8925 123TX 55025217 5249999999999999991133158999999999999999999999
 78 8611014518422024726025924522219817916917118420322123223021318314711225 124TX 723261182223399999999999999 0 5 78131816899999999999999
 84 71 75 9813417722125627728026724221118216315816818821122823121718714725 125TX 842281194223299999999999999 115 70144915799999999999999
106 74 57 60 8412617722927129630028325020917214714015418321523824322719125 126TX 940301204624499999999999999 221 55154814099999999999999
144 95 57 38 43 7312418524429031531428824419615412812715119123125626023725 127TX1028317213826199999999999999 319 37163412499999999999999
192134 78 38 19 28 6713020126430932931828122817513311212115921025427727525 128TX1110329222528099999999999999 412 19171411199999999999999
243185117 58 18  3 20 7214722328532633731326320415211310112417623427729625 129TX115033723 929699999999999999 5 0  3175310199999999999999
284239169 96 37  1 -7 23 90174250308340337298237177127 96 9613519925929725 130TX1226343235130899999999999999 545 -81830 9199999999999999
308285227149 75 21 -8 -5 41121208280328347326272205147102 81 9815222227925 131TX13 0347999999999999999999999 626-1219 7 8199999999999999
310312278209128 59 13 -7 11 73161245307342342303237170116 79 7210517124125 2 1TX 034315133134799999999999999 7 5 -71943 7099999999999999
292316308263190113 53 17  9 43116204278326344325270199135 87 61 6811518625 2 2TX 11731714 034499999999999999 743  82019 5999999999999999
252297314298247176109 60 34 40 86161240299331330294231162104 64 50 7112625 2 3TX 2 3314142933599999999999999 821 322057 5099999999999999
194254293305285236174119 81 66 82130198261303318303258196133 83 52 48 7625 2 4TX 25330515 131899999999999999 9 2 662138 4699999999999999
131193247281291274234186143114106123164216262289292270226170116 74 51 5225 2 5TX 352292153829499999999999999 9511052228 4899999999999999
 79127182231265278270244210177153145155181215245262261242206160115 78 5625 2 6TX 5 727916292649999999999999910591452333 5399999999999999
 55 76115163210248271276264241213189172169178197218233237227202165125 8825 2 7TX 6472761747237999999999999991247168999999999999999999999
 63 55 66 9714119123627028928827124321118316516017119221322722721118013925 2 8TX 829291193122999999999999999 056 55144716099999999999999
 98 66 49 51 7612217823327730531029225721617714813714917720923224122919725 2 9TX 943311205724199999999999999 224 47155813799999999999999
150101 61 37 35 6111217723929032132429925420415812611813918022125026024625 210TX1037327215826099999999999999 336 33164611799999999999999
206150 94 51 24 23 5611718925430533232628823518013410610914519724327227825 211TX1120334224527999999999999999 432 19172510399999999999999
255203139 80 37 13 21 67138212275319334312263204151109 9311416522326829125 212TX1155335232429499999999999999 518 121758 9399999999999999
288250187118 62 24 10 34 95173244299329325286226168120 90 9113219425129025 213TX1224332235830399999999999999 555 101828 8599999999999999
303285232161 95 45 17 21 65138216278319330303248185131 92 7810115822427625 214TX1248331999999999999999999999 626 141855 7899999999999999
304304269205133 74 35 22 47110189259308330317269204143 97 71 7712018624925 215TX 03030813 933099999999999999 653 221921 6999999999999999
292309293244175109 61 36 43 89162238295326324288226160105 70 61 8814621325 216TX 1 3309132832999999999999999 719 341946 6199999999999999
268300303273216151 96 61 52 79139212275314324300247180120 76 55 6610917225 217TX 137306134832599999999999999 746 512012 5599999999999999
233277298289250194138 96 75 83123185248293313302262202140 90 59 55 8113225 218TX 213298141031399999999999999 816 742040 5399999999999999
192244278288271231183140111102121164218263290291266219163111 74 57 6610025 219TX 253288143429499999999999999 8501022111 5799999999999999
151203245270274256223186155136135155191230258268259229185138 98 72 65 8025 220TX 34027515 326899999999999999 9331332150 6599999999999999
115159203237258262250227201178164163176199221236239228203168131100 81 7625 221TX 44426215442409999999999999910351622245 7699999999999999
 89118155192224247258255242223203187178179188200211216211195170140112 9125 222TX 61725817 5216999999999999991223177999999999999999999999
 81 8710813917621224326327026324622219617616516617619220721320718715712425 223TX 75827019 221399999999999999 0 7 81142516499999999999999
 94 75 73 8811816020724927829128526222719016014214216018821623323121117425 224TX 911291202623599999999999999 139 72153014099999999999999
129 87 59 50 63 9915221226329831130026521817213611812515720124026226023325 225TX10 3311212626499999999999999 256 50161411799999999999999
183124 72 37 26 42 90158227283319327303254197146110 9812016922727129228425 226TX1046328221629399999999999999 357 261653 9899999999999999
244179109 52 16  7 34 97177251306336332292230168118 86 8612619225629931525 227TX112433923 131599999999999999 447  61731 8199999999999999
298243165 91 34  1  0 43121208279328345323266197135 89 67 8414321928332125 228TX1158345234533199999999999999 532 -418 7 6699999999999999
330299230147 75 23 -3 11 71160245307342342299228157101 62 54 9116624530325 3 1TX1230347999999999999999999999 613 -41843 5299999999999999
335333289212130 66 23  9 40115205280328345322261184117 67 40 5010718926425 3 2TX 028339125834599999999999999 652  81917 3899999999999999
316339325271194121 66 34 36 83164246305335331288216140 80 40 28 5712520725 3 3TX 111340132533899999999999999 728 301951 2899999999999999
276319334311254183122 78 59 76132207273314325302246172104 54 26 29 7114325 3 4TX 155334135132699999999999999 8 6 592025 2399999999999999
218278314321294242183134102 94119173234281304299264206140 82 43 27 41 8825 3 5TX 243322142030599999999999999 846 9321 4 2799999999999999
153218269299303280239195157135133156196238267277264228178124 79 50 42 5925 3 6TX 339305145627799999999999999 9351312151 4199999999999999
 99153207251279286274248216188169164176198222238242231205169129 94 70 6225 3 7TX 45128715472439999999999999910461642256 6299999999999999
 73101141186228259276277265243217195180175180191204213213201180151120 9425 3 8TX 6352791729214999999999999991259175999999999999999999999
 78 77 9212116220624627528928626723820617715715116017919921321620518014625 3 9TX 819290194421799999999999999 035 76145415199999999999999
111 85 71 75 9914319524428330530428124219915913012213817120523124323520525 310TX 92830821 724399999999999999 219 70154912299999999999999
161115 79 56 56 8513719825429832031227822817613110310413518222726027225725 311TX101632122 027299999999999999 331 531628 9999999999999999
215160106 64 40 45 85148215273314327305257200145102 8410215120925828929425 312TX1053327224029699999999999999 422 3817 1 8499999999999999
265208145 89 48 30 49104176243295325321281222163112 79 7811818124328831125 313TX1124328231431299999999999999 5 2 301731 7399999999999999
301255187122 70 36 34 72141215275316327300244180123 81 65 8814621627531225 314TX1148327234532299999999999999 535 301758 6599999999999999
320292231160 98 54 35 54112188257305326313264198135 87 59 6411018125030025 315TX12 9327999999999999999999999 6 3 351823 5699999999999999
325316269201133 80 49 50 91163237293323321283218150 95 58 49 7814121527725 316TX 016326122732699999999999999 630 451846 4899999999999999
316325298240172113 72 57 80139213276315323297239169106 62 41 5410417624525 317TX 047326124632499999999999999 656 571910 4199999999999999
296321314273212150103 76 80121188254300318304257190123 72 42 40 7413720825 318TX 11832313 531899999999999999 724 731933 3799999999999999
268305316295247190139104 93114164226276303301268210144 88 50 37 5510417025 319TX 151317132630699999999999999 753 931958 3799999999999999
233280305303274227178140117119149198247279287269226168111 68 46 48 7913325 320TX 226308135028799999999999999 8271152025 4399999999999999
193246281296287257217179151138147177215247263259234191141 96 66 55 6710225 321TX 3 7296141826499999999999999 9 713821 0 5599999999999999
151202245272282273249219191170161168188212231238230208173135101 79 72 8425 322TX 4 128214592389999999999999910 41612152 7299999999999999
113154196232258271269254232209189176174182194206214212200178149121 98 8725 323TX 52127216242149999999999999911421742317 8699999999999999
 9110914017621324526727526925222820117816416116918420121321420217714611525 324TX 7 42751834215999999999999991345161999999999999999999999
 92 83 9111515219724127429129027123819916514113414517220623324423620916725 325TX 82629320 624499999999999999 1 2 83145513499999999999999
122 85 65 65 8913419324829031130828023318314011210813117722726428027123425 326TX 923313211028099999999999999 229 62154110699999999999999
177117 70 43 41 72131203266310329317273213155109 84 8913119525629831329725 327TX10 832922 131399999999999999 334 391621 8299999999999999
246174106 55 26 29 72146225289329338310249180121 78 60 8214422128632733725 328TX1046339224833899999999999999 426 2317 0 6099999999999999
309244164 94 45 20 33 92176255312341334286212141 85 49 45 8716624831134725 329TX1120343233335399999999999999 512 191737 4199999999999999
349307232152 88 43 27 56128215285328341313247168101 52 26 4110219027132825 330TX1151341999999999999999999999 554 271812 2599999999999999
357348295218144 87 51 49 93172251307334327279202125 65 25 14 4812421328725 331TX 018359122033699999999999999 634 441847 1399999999999999
337357337279206142 94 69 81137213278316325299237159 88 38 10 16 6514623025 4 1TX 1 2357124732699999999999999 713 681922  799999999999999
296338348321264200146107 94119176240288310303263197124 65 25 10 31 8816525 4 2TX 147349131631299999999999999 753 941958 1099999999999999
240297330333303253200156127124152201250281289271227166106 58 29 26 5410925 4 3TX 235336135029099999999999999 8371222037 2499999999999999
177239288314314290250208172151151173208240258259239201153106 70 50 52 7825 4 4TX 330318143226199999999999999 9301482126 4899999999999999
123177229271295298283254221192172167177196215228229217192159125 96 79 7825 4 5TX 44029915362309999999999999910481672234 7699999999999999
 9412616721125027728928426523820918416916417018419920921120118215512810625 4 6TX 6122891739211999999999999991254164999999999999999999999
 95 9811715019223426828829227925121618215513914115818320722322621418715325 4 7TX 743293194222799999999999999 017 95142513899999999999999
122100 9110213417922826929630328825320816512911111714618622325025824420925 4 8TX 849304205425899999999999999 158 91151611099999999999999
165124 92 78 89126180235280308311285239186137100 8810815320725228228726325 4 9TX 936313214228999999999999999 3 7 781554 8899999999999999
216162113 79 66 86135197255297318308267209152104 75 7811717723828531030525 410TX1011319222031299999999999999 355 661626 7299999999999999
266206147 97 66 64 99160226279313319289233170114 74 59 8314121127231432825 411TX1040321225532899999999999999 434 611655 5999999999999999
306252187127 83 62 77129197259303321305256190128 79 51 5710317424630233325 412TX11 4321232833799999999999999 5 7 621722 4999999999999999
332292229164110 75 70105170237289317314276212144 89 51 41 7113521127732325 413TX1125320999999999999999999999 538 671747 4099999999999999
340321268203143 98 77 93145213272309317291234164102 57 35 47 9717124430125 414TX 0 0340114631899999999999999 6 7 771812 3499999999999999
334335300241179128 95 91126187250295313301255187120 68 37 34 6813320827325 415TX 03133912 731499999999999999 636 881836 3199999999999999
317335319273215161120101115163224275302302270210142 84 45 30 48 9917124025 416TX 1 3335123030699999999999999 7 610119 0 3099999999999999
293324327298248195150120116145196249284295277231168106 60 36 38 7313420425 417TX 135330125429599999999999999 7381141926 3399999999999999
264305323312277228182146128137171218258278275246195136 84 51 40 5710116325 418TX 2 9323132228099999999999999 8131281955 4099999999999999
226276306314297260217179152142156188225253262251218171121 80 57 55 7812325 419TX 248314135826299999999999999 8551422034 5399999999999999
180233275299302285253217184162156167191218237242231204165125 92 73 73 9425 420TX 339304145124299999999999999 9521552130 7099999999999999
132180227265288294282257225195172161164179199217227225208179146114 93 8625 421TX 44929416192289999999999999911151602252 8699999999999999
 9812616621125128029328826823720317315414815717720322523523020917613910825 422TX 6132941810235999999999999991253148999999999999999999999
 90 9011014619424228030130128124520216213412213116020023726026324520715925 423TX 731304193926599999999999999 030 8814 512299999999999999
115 86 76 90128185243289314314289242186138104 9310915321026129330027823125 424TX 832317204630199999999999999 156 761457 9399999999999999
170115 77 62 76122189255303327321283222158106 73 66 9715923128932533130225 425TX 920328214233299999999999999 3 4 621542 6599999999999999
242172112 71 56 75132207274318334316262189122 71 43 49 9717525531535035125 426TX10 0334223235599999999999999 4 0 561623 4199999999999999
311243170111 71 60 90157234294328331296228150 85 40 21 4210819627633536525 427TX1036334232036799999999999999 449 5917 2 2199999999999999
358309237167113 77 75116189260308329317265187111 53 17 10 4812621729334725 428TX1110330999999999999999999999 534 711741  899999999999999
370354300230166117 89 98149220280315321292229149 79 30  3 11 6314723430425 429TX 0 7371114232399999999999999 618 871820  199999999999999
351367342287223166124105126180243290311304263194119 58 18  2 24 8516824825 430TX 054367121631299999999999999 7 11051858  299999999999999
310350356327274217167132124151202254288298280233167101 50 19 15 4610918525 5 1TX 141358125329899999999999999 7451221938 1299999999999999
256311341341311263212169142141168212252276278255209152 97 55 33 38 7213025 5 2TX 230346133628099999999999999 8321372021 3199999999999999
197259305328325297255211173152153175208238255255234197150106 73 58 65 9625 5 3TX 322330142825899999999999999 9281492112 5899999999999999
146202255294313310287251212179159156170193217233236224198163128100 86 9025 5 4TX 42231515422379999999999999910401552217 8699999999999999
11315220024528130030128325221518215914915417219521622822721218615612811125 5 5TX 53230317262299999999999999912 9149234310799999999999999
10712115119223527129329728325321517814813213315118021123424323721518315025 5 6TX 64429819 7243999999999999991327130999999999999999999999
12511311914518523026929329928425020616312810911213817822025326926524020125 5 7TX 747300201927099999999999999 112113142310799999999999999
160128110114140185234275299302280237186137101 86 9813719124228129828925525 5 8TX 837304211129999999999999999 22310915 5 8699999999999999
207159122103110144196248287307300266212155106 74 69 9715121527231032230225 5 9TX 916308215432299999999999999 3171021541 6799999999999999
257201150113 98115160217268301309288239177119 75 53 6411017724630133333425 510TX 948310223233899999999999999 4 0 981613 5299999999999999
302247188138105101131186244288309302263202138 84 50 43 7313520927632534625 511TX101631023 834799999999999999 438 991642 4299999999999999
333289229172126103114158216269302308282228161101 57 35 47 9516724030134025 512TX1043309234334999999999999999 5131031711 3599999999999999
347320268209156119110136189245287306295252188123 71 38 33 6412620126932025 513TX11 9306999999999999999999999 5471091740 3199999999999999
345338299244189144118124163219268297300271216149 91 50 31 44 9216223329225 514TX 017347113630299999999999999 62011618 8 3199999999999999
331342321275221172135123144191243281296283241179116 67 38 35 6512419626125 515TX 05034312 429699999999999999 6531231837 3299999999999999
310336333301252201158132134165214258285287261211148 92 52 36 47 9015622525 516TX 124338123528999999999999999 72812919 7 3599999999999999
283321335320281232186150135147183228264280272239185127 78 48 43 6611618225 517TX 159335131128199999999999999 8 51351943 4199999999999999
246296325329307265218176148140157193233261271258222171118 77 54 56 8413625 518TX 239331135627199999999999999 8491402027 5299999999999999
198257301323322297256211173149144161193228253261248217172125 88 68 71 9925 519TX 326326145526199999999999999 9431432123 6799999999999999
146204258298318316291252210172148142155183216242255250225187144108 86 8525 520TX 42332016132569999999999999910491412234 8399999999999999
10614719925129231431329125320916814012913816520123625926324721417213110325 521TX 52831617432649999999999999912 31292356 9499999999999999
 9410714119124428831231429325320315612210711414519123827228727824720115325 522TX 63531619 8287999999999999991310106999999999999999999999
116 98104134184241288315317293246187134 95 79 9012918824829331531027722425 523TX 735319202031699999999999999 117 9714 8 7999999999999999
169125101101130185246294319317286229162104 66 52 7012219526431534133629825 524TX 827322212234399999999999999 231 971459 5299999999999999
239179132104102135194256301321312270203131 74 39 30 5912520728133436135325 525TX 913322221736299999999999999 333 991545 2999999999999999
309246185137109110148211270308320300247172101 48 18 18 5913522129534737125 526TX 954320231037299999999999999 4291051631 1399999999999999
358310247188142115123167229282311313282220143 76 30  6 16 6815023530635525 527TX1035316999999999999999999999 5191131715  599999999999999
373354303242187144123138187245289309302262194121 60 20  4 24 8416724831425 528TX 0 0373111531099999999999999 6 71231759  499999999999999
357368343292234182144131153203256291303288241174106 52 19 12 4110518526125 529TX 049369115830399999999999999 6531311843 1099999999999999
320355359329278223175143138166214260289294272224159 98 52 26 28 6412920425 530TX 136362124329599999999999999 7391361927 2399999999999999
272324350346311261209166141144174218258281282257210152 98 59 41 51 9015325 531TX 221352133228499999999999999 8261392011 4199999999999999
222282324342330293244196159140147177217251270269245203152106 75 63 7711825 6 1TX 3 6342142727299999999999999 9151392058 6399999999999999
175237288321330313276229185153138146174209240258258239203160122 96 8910425 6 2TX 35133015312619999999999999910 91382151 8999999999999999
14119224528831331729826121817714713414116519822924925424121317814412111425 6 3TX 4393181647255999999999999991110134225311499999999999999
12615820124628330430528525020816813812412915218622124825925423220016814325 6 4TX 5323071811260999999999999991214124999999999999999999999
13314016520324427829729627624019615512310911414018022225627527525522318725 6 5TX 628299192927799999999999999 0 6133131410899999999999999
158143145166202243276293291268228180135103 9010013418223327429729827724025 6 6TX 723295203330199999999999999 12314114 5 9099999999999999
199164144144166204246278293286257209157111 81 73 9213719525329732131829025 6 7TX 812294212432399999999999999 2311411448 7299999999999999
246200161140142168211254284294279239185129 85 60 62 9415021627732033932925 6 8TX 85429422 934099999999999999 3261371527 5799999999999999
292242192153135144178225267291292265215156101 62 47 6110617224130033834825 6 9TX 932295224934999999999999999 41213416 3 4799999999999999
328283230180144133152195243280296284245187127 77 46 42 7012719826531834825 610TX10 7296232835299999999999999 4521331639 4099999999999999
347316266213166137137167215261290295271221158101 58 37 46 8815422528833225 611TX1041296999999999999999999999 5301331714 3699999999999999
350337297245193153134147187237277296289252194131 79 45 36 5911218325230725 612TX 0 5350111529799999999999999 6 71341749 3599999999999999
341347322275222175142136161208256288297278231168107 62 37 41 7714021327725 613TX 040348115029799999999999999 6431341824 3599999999999999
324346339303252201159136142177227270294293264209145 88 50 36 5210017024125 614TX 116348122729799999999999999 72013419 1 3699999999999999
300337348328283230181146133149192241280296286249191127 76 46 42 6812519825 615TX 15134813 929699999999999999 7581331940 4099999999999999
266318345344314263210165137132157202250283293278237179119 74 51 54 8915025 616TX 228349135629399999999999999 8401312023 4999999999999999
221285329347336298245193152129131159205251281289273233177123 83 65 7311025 617TX 3 8347145229099999999999999 9261262113 6499999999999999
171238295331342324283229179140120125155201245277287274238189140103 86 9525 618TX 35334215582879999999999999910191192212 8699999999999999
12918424529632633231126921616512710811414418923727329028425521216713011125 619TX 4433331715291999999999999991117107232111099999999999999
115143190244290318321300257203151111 91 9612617522827329930128124219715825 620TX 5383231837303999999999999991219 90999999999999999999999
134130150189239283309312290247190134 92 71 7610816222427731232330927222525 621TX 638314195732399999999999999 0401291320 7099999999999999
182151140151186234277303305283236175116 72 51 56 9215422428532734533329625 622TX 73730721 734599999999999999 2 21401419 4999999999999999
246198162144151184232276300301275224158 97 54 33 41 8315222829434036134925 623TX 83330422 936199999999999999 3161431515 3299999999999999
310257206166144150186236278301299268211143 82 40 21 34 8215623630335036925 624TX 92530323 537099999999999999 41814316 9 2199999999999999
355312257205164143153193244284303296260198129 70 31 16 34 8816624531135625 625TX1016304235737199999999999999 51214217 1 1699999999999999
371352305249197158141158203254290305293251186118 63 28 18 4210218225832025 626TX11 4305999999999999999999999 6 11411750 1799999999999999
359367340289233184149140165214264296306288240174108 58 29 26 5912520427525 627TX 044368115230699999999999999 6471391836 2399999999999999
330360357322267213167139140174226273300304279227161101 57 35 42 8415423025 628TX 126363123930699999999999999 7291351918 3399999999999999
295340358342298242190150131143184236279301298268213150 97 61 48 6611718825 629TX 2 3358132530399999999999999 8 81311957 4899999999999999
258313345349320270215167135127148193243280297289255201144 99 73 70 9915425 630TX 237351141329799999999999999 8471262035 6899999999999999
221282325343332295242190148124126154199244276289278244195147111 9310013425 7 1TX 3 934315 328999999999999999 9281222115 9299999999999999
18824729632633131026821717013411812615719924027028127024019916013112013225 7 2TX 34233316 128199999999999999101111822 112099999999999999
16521326129831731328724519715512511412515519523426427627024721518215814925 7 3TX 42031817102779999999999999911 0114225914999999999999999
15918622426129030129326622718314311710812014918822926228028026423720718325 7 4TX 5 53011831282999999999999991155108999999999999999999999
171174193222253276285277251214171133107 9911114118322926729129828626122925 7 5TX 6 1285195029899999999999999 0161701254 9999999999999999
200181178190214242266275268242204160121 94 8710213618423528030931830627725 7 6TX 7 4275205531899999999999999 1441771350 8799999999999999
240205180171181206237263273264236194146105 80 75 9513619124929732833531825 7 7TX 8 4273214733599999999999999 2571711442 7499999999999999
283239198169161175206241268278264230181130 88 65 65 9314320526731534334425 7 8TX 856278223234799999999999999 3521611529 6299999999999999
319276227184156153176214254280284263220165111 71 52 61 9815722528633135225 7 9TX 941286231335399999999999999 4371511613 5299999999999999
344309260208167145152185231271293290259206145 92 56 44 6211017724730634425 710TX1023295235135599999999999999 5161441656 4499999999999999
355335291238188151139159203253290304291250188124 73 43 40 6912920327232525 711TX11 3304999999999999999999999 5541391737 3799999999999999
354353320268213167139138171224274305311287234166103 57 35 42 8515623329825 712TX 028358114331299999999999999 6311341817 3499999999999999
343360344299242189148129143188246292316312278215144 85 46 33 5411119026625 713TX 1 2360122331899999999999999 7 71291856 3399999999999999
324357360329273214164131124151206264305321309264196127 74 44 42 7614522625 714TX 13536313 532299999999999999 7441221934 3899999999999999
297344364351305244185141116121161221277312322301250182118 73 52 6210818125 715TX 2 7365135032299999999999999 8221142014 5199999999999999
259320355361332277213159120105121169230282313318293241178123 86 73 9214325 716TX 240362144131999999999999999 9 11052057 7399999999999999
214282331353345307248186136104 9712117123027930931328924318814111110412525 717TX 315354153931499999999999999 944 96214610399999999999999
174235291328339322280222165119 92 9011716622227130231029325621217114513825 718TX 3553391649310999999999999991034 87224813899999999999999
155193241285313318299258205151108 84 8310815420925929531130527924320617925 719TX 4433191813312999999999999991132 80999999999999999999999
167173198234269293298282246197145102 77 73 9413719324829231832330727523825 720TX 544298194332499999999999999 0101661239 7299999999999999
206184178191219251276285274244197144 99 70 61 7812017824029332834233230025 721TX 65828521 434299999999999999 1491781351 6199999999999999
259219188173178204239269283277248201145 95 62 49 6310616923829734035834825 722TX 813283221035999999999999999 31517215 0 4999999999999999
314267220182161166195237271289285255204143 90 53 39 5310017024330635036825 723TX 92029023 436899999999999999 42015916 3 3999999999999999
354312260209168148159197245282300294260202137 83 46 32 5110518025531735825 724TX1017301235037199999999999999 5111481658 3299999999999999
370347298242191153139160209260297312301258193127 74 41 32 6012320227433125 725TX11 7312999999999999999999999 5551391747 3199999999999999
364364328273216169137136171227278311320300248178114 66 39 41 8215423229825 726TX 030369115132199999999999999 6331321828 3599999999999999
345365348300241187146125139187247295321322290229160101 61 45 6211819526825 727TX 1 4365123132599999999999999 7 812519 3 4599999999999999
324356357323265206158125120150207265307325315272208143 93 64 62 9716323825 728TX 132361131032699999999999999 7401181934 5999999999999999
302344358338289228172131111122165225279313322301252189133 94 78 9214020925 729TX 156358135032299999999999999 81111020 4 7799999999999999
27732635134530925119114311110513118223928531131228423417913410710413118425 730TX 220353143131599999999999999 842104203710199999999999999
24730133534131927321516112110210914319424528430429927022718314813113817025 731TX 245342151830599999999999999 915101211513199999999999999
21926930732531728623818614111110211715420124527829428926523219817316317225 8 1TX 313325161529499999999999999 95310122 316299999999999999
20023727229630128725521216813210910612415819923927028728627224822220119125 8 2TX 3483021729289999999999999991038105231219199999999999999
19621323725927327526123419816113011111012515519223126428629428727024722525 8 3TX 43727619 1294999999999999991137108999999999999999999999
20820320922223825225624822719616213211210711914618322526529430930729126525 8 4TX 553256202431099999999999999 057203124810699999999999999
236210195193203221240252249232202165130105 9610613417622627330932732530525 8 5TX 721253212532999999999999999 2381921359 9699999999999999
271232198177175190216244262262243208164122 91 80 9112517623528832734433625 8 6TX 831265221234499999999999999 33917415 0 8099999999999999
306262215178158161187226262282280255209155106 73 63 7912318525130734435525 8 7TX 925284225335599999999999999 4221561554 6399999999999999
337295242193156142158199248287304296259201138 86 55 49 7513120427432835925 8 8TX1011305233136399999999999999 4591421642 4799999999999999
359327274217168137134166220275312323304254184117 67 40 42 8215323330134825 8 9TX1054323999999999999999999999 5361311726 3699999999999999
369354306245189145123135183247301331334302238162 96 52 32 4810418626732825 810TX 0 6369113533699999999999999 61112218 7 3299999999999999
365370337276212160123113143206273321344335290217141 81 45 36 6914022730225 811TX 038373121634599999999999999 6471121845 3599999999999999
352374359308240178131104110157229293335349329273197126 76 49 5510418526925 812TX 1 8374125734999999999999999 7211021921 4799999999999999
331366369335270200143104 90114174247307341346317256183122 82 68 8914922925 813TX 135373134134899999999999999 755 901958 6899999999999999
302349366350299229163113 84 84122189259311339338304245182132103 9913019225 814TX 2 3366142834399999999999999 830 802037 9799999999999999
262318349350319261193134 92 74 8613119726030733132729524519515513413716925 815TX 232353152233399999999999999 9 9 73212313299999999999999
222277316332321284228168117 84 73 9113619425129531831829525822018817117325 816TX 3 7332163032199999999999999 954 73222416999999999999999
196233270296303290257210160116 88 79 9513218223427730531430528125222420425 817TX 3523041759314999999999999991052 79235719799999999999999
197205225248267275268244209167127 98 85 9312016221225929631832230828325225 818TX 5 227519423239999999999999912 9 85999999999999999999999
224204196203220241257260249223185143108 87 8310114019224729532834133330525 819TX 64626121 634299999999999999 2 21961340 8299999999999999
266227194176177197227254269266244204155112 81 69 8212218124530134135834725 820TX 82227022 635899999999999999 32617415 1 6999999999999999
311262214174152157188230267289289264215158107 71 55 6911618425531435536725 821TX 932292225336899999999999999 42015016 5 5599999999999999
347300244191151133150196248289311308273214150 96 59 46 6912720327433036425 822TX1024314233237099999999999999 5 11331655 4699999999999999
365330273215164129125159217273313330316268200134 83 51 48 8615623430034725 823TX11 6330999999999999999999999 5371221736 4599999999999999
367350299238182137114128180245299332339311250178116 72 51 6512019827132725 824TX 0 3367114334099999999999999 6101141810 5099999999999999
359359321259198148114109144208273320343336292224155102 69 63 9816724530925 825TX 030364121834599999999999999 6391061839 6199999999999999
349361337281215158117 98114167236296334345322266197137 95 76 9114421928925 826TX 051361125134599999999999999 7 6 9819 6 7699999999999999
337358347301236172124 95 94130194261311338336300240178128 99 9713119526525 827TX 110359132634199999999999999 731 901934 9499999999999999
320350349316257191135 98 8410315421927831833432027722116913211713117623825 828TX 13035414 233499999999999999 757 8420 411799999999999999
295332342322275213154109 85 8812217823828731732230126021317314814516921425 829TX 151342144232499999999999999 824 83203814399999999999999
265304322316284232177129 98 8710414419724828730830828725321818917417720125 830TX 215323153031199999999999999 855 87212117299999999999999
23727129329728024620015612110010012116020524727829629628225823321220020325 831TX 243297163229899999999999999 932 97222220099999999999999
21823925826726524922118615212611211413316420123626628629328827325423522025 9 1TX 32026818 2293999999999999991024111999999999999999999999
21321622423324024123421519116414012412013215518722225628430030329327424925 9 2TX 440242194230399999999999999 011213114412099999999999999
22520619820020922323523822920918215212711411813616921025429231632331228525 9 3TX 647239205332399999999999999 220198131911499999999999999
249213186173176195223248260255233197155118 97 9511415420826430933634132225 9 4TX 813261214234299999999999999 3181721436 9399999999999999
283235190159148162198241276291284252201145100 74 72 9815121928333135635225 9 5TX 912292222335899999999999999 3571481536 6999999999999999
319265209162133131163216270308322305259193127 79 52 56 9516424230835336925 9 6TX 959322225936999999999999999 4331281625 5099999999999999
350300236177133112126177244302337344314252175107 61 39 5411019327333436925 9 7TX1042345233337599999999999999 5 911117 9 3999999999999999
371333268200144107 99133201275330358354310234155 92 51 40 7114423230735625 9 8TX1124361999999999999999999999 544 971749 3999999999999999
376358300227161113 85 95149228301349369352294214139 85 54 5610518927433625 9 9TX 0 337612 536999999999999999 618 841827 4999999999999999
369369329257182124 84 71100171254320360370340275197133 88 69 8815123530825 910TX 031374124737199999999999999 652 7119 4 6999999999999999
353368346288210141 91 63 67114193272330362362324258190136103 9713019827325 911TX 057368133036799999999999999 725 601941 9599999999999999
328355350311243168108 68 53 7413221128233235634830824919315112813317223425 912TX 122357141735799999999999999 758 53202112699999999999999
292329339320271204138 89 60 57 8814821928132334233329825120717515916920425 913TX 151339151134399999999999999 836 5421 915999999999999999
250290311310284237180127 88 67 7210415621626830732532129726423020419119525 914TX 226313161832699999999999999 921 66221519099999999999999
217245268280276255219176135103 87 8911315320124728530931630628425723221325 915TX 3152811753316999999999999991022 85999999999999999999999
20520922123624725024122119215912910810211213917822326730031932230828124925 916TX 446250193832399999999999999 0 9205115410299999999999999
21919618518920422424124824222118915412310410111815520525730133134032629325 917TX 7 4248205434099999999999999 215185134010099999999999999
250208173155159184219250270272253214168126 96 84 9914019926031234535333125 918TX 836274214635499999999999999 3191541459 8499999999999999
287234183144128143184233274300302275225167117 82 69 9014221127632835835625 919TX 935304222736199999999999999 4 21281555 6999999999999999
320264204152117112145202260305328321280218155103 69 64 9816423730034536225 920TX1018330225936299999999999999 4381091639 6299999999999999
342291227168121 97112164232292332346324268198136 89 64 7512620127232635625 921TX1056346232636099999999999999 510 971715 6299999999999999
353313249185131 96 91128195266320351350311244174118 81 7110317024530734625 922TX1129355234835799999999999999 538 881745 7099999999999999
356329270202143 99 80 98155230296341358339285216152106 83 9414622028833525 923TX12 1358999999999999999999999 6 4 801813 8299999999999999
354339290221155106 76 78119189262319351353318256191138104 9813119526632025 924TX 0 6354123335799999999999999 629 721841 9699999999999999
347344307242172115 78 67 9014922328833335233729123017413211312617424029925 925TX 02535013 535299999999999999 652 6619 911399999999999999
335342317262193131 87 65 7311618325230633834331626621216713813316121427225 926TX 044343133934599999999999999 716 64193913199999999999999
313330318277215152102 72 67 9314721327231433432729424820417015316119524325 927TX 1 6330141533599999999999999 741 65201315299999999999999
284308308282234176124 88 73 8312117623428231232230927824020618217418721825 928TX 130311145532299999999999999 8 8 73205417499999999999999
253278287276245200153115 91 8710614519424227930230829627224321819919420425 929TX 158287154830899999999999999 842 86215119499999999999999
22424525825924722118615112310710612415619623526728929829327725623421520525 930TX 23626017 729899999999999999 932104232920499999999999999
2052132232322362312161931671431261201291511832182522802983012922732482222510 1TX 3592361846302999999999999991054120999999999999999999999
2011901891972112262352322181941651391221191321601992422813083183112872512510 2TX 61823520 431899999999999999 134188124011899999999999999
213182163161176205236258264252222181140110 981071381872442943273383252892510 3TX 751264205933899999999999999 23715914 6 9899999999999999
240191152132137168215261292301284242185131 92 75 851261912593143483533272510 4TX 851301214135599999999999999 32013015 9 7499999999999999
275213158119104124175239295328334305247177115 74 58 761332102843373633562510 5TX 940335221836599999999999999 35810416 0 5899999999999999
312244176122 88 86125195270327358355312240163102 63 53 861572423123553682510 6TX1026361225236999999999999999 434 821646 5299999999999999
342279202135 87 63 79139223300353376361305226151 95 63 651141952773353642510 7TX11 9377232236799999999999999 510 631728 5899999999999999
359312235157 97 58 48 84161250323368383356290212145 97 75 921542373073492510 8TX1153383235036199999999999999 545 4718 8 7499999999999999
360334270187115 65 37 45 99186272337375379341274203146107 971281962713252510 9TX1237382999999999999999999999 620 351848 9699999999999999
350343298224145 82 42 28 54121208287343372367324261200153124126166231291251010TX 018351132237599999999999999 655 28192812099999999999999
328337314259184114 63 34 34 72143224293340362350309254204166146156196250251011TX 047337141036299999999999999 731 29201214699999999999999
294315311280224158100 60 41 51 94160230289330346334299255214183169180212251012TX 12131715 434699999999999999 811 4021 516999999999999999
250279290281250202150104 73 62 75113168226277312328321297263229201188191251013TX 2 4290161232899999999999999 9 0 62221818799999999999999
209232251259253232199161125100 89 97124165213258293314316302276245216195251014TX 3 625917383179999999999999910 6 89999999999999999999999
186190203220233238232214187157130113110123153194239279307319312289255219251015TX 45923819 831999999999999999 011186114310999999999999999
188167161172194220240249243221189155127111114137178228275310328323296254251016TX 7 7249201732999999999999999 150161132411099999999999999
208167138131149184224258277276252211166128103100125172230282321338327290251017TX 82627921 833899999999999999 2471311438 9899999999999999
237183136108109141192245287309304270218164119 92 92125182246299334343318251018TX 920311214634499999999999999 3291041531 8899999999999999
267205148104 85101152217276319336319271209151106 84 95142208271319343335251019TX10 2336221734599999999999999 4 4 851613 8399999999999999
293229165111 76 74111178249308344349317257191135 97 86114174243299335341251020TX1038352224234399999999999999 435 701648 8599999999999999
312253184123 79 59 79136212283334359347300234171122 94101147214278322340251021TX111236023 434099999999999999 5 3 591720 9299999999999999
324274205138 86 56 57 99170248311351360332274209154115103129188254306333251022TX1145362232533699999999999999 529 52175010399999999999999
330293228157 99 59 47 70130207278331357349307247188142116123165228285322251023TX1217359234633199999999999999 554 46182011499999999999999
330305250180116 69 46 53 97167241302342352329280223173137127150202260303251024TX1249353999999999999999999999 618 44185012699999999999999
321311269205138 85 53 46 74132204270318344339305255205164140145179231278251025TX 0 9322132234699999999999999 643 45192213899999999999999
305307281228164107 67 50 61103167234289325337321283236194162151166204248251026TX 035310135633799999999999999 7 9 49195815199999999999999
281294283246192135 90 63 60 84134196254299324325303266225190168165184217251027TX 1 3294143432899999999999999 738 58203916399999999999999
251272274256218169122 88 72 78108157212262298316313291259224195177176192251028TX 138275152231799999999999999 815 71213417499999999999999
217240254253235203164127100 88 96124167214257289306305288261230202184178251029TX 227255162730899999999999999 9 6 88225317899999999999999
186203221235238229208177146120106108128162203245280301306295270238206181251030TX 3492391747307999999999999991023105999999999999999999999
167167180201222238241230205173141118110119146187233275304315307280241200251031TX 54324219 331599999999999999 029165115911099999999999999
1641431391551862232532682632392001561211021031281732282803153293182822322511 1TX 71626920 332999999999999999 1411381326 9999999999999999
179136111110136185238281303300270219162116 90 881151702362943303403202712511 2TX 823305205134199999999999999 2331071435 8599999999999999
206146100 78 86129196263313337330290226161110 81 801161822553123433433082511 3TX 918339213134799999999999999 316 761531 7699999999999999
243169107 65 50 73135217290341363349297225157106 79 851322072783283483342511 4TX10 836422 734899999999999999 356 501621 7699999999999999
281204127 69 35 32 73151241314362378354293219155108 861021602363003373432511 5TX1055378224134599999999999999 435 2817 8 8599999999999999
312244161 89 39 14 26 841732623313733813482832131551141001281922633143372511 6TX1142383231433899999999999999 514 13175210099999999999999
327281204123 59 18  5 321031942783403753753352712081571231201572202813182511 7TX1229380234832899999999999999 552  5183611799999999999999
327304247169 95 40  9  9 491242122883433703623192612051601351411812382862511 8TX1317371999999999999999999999 632  4192113399999999999999
311309277216144 80 35 14 24 711452252923393593463052522031651461581962442511 9TX 02631414 635999999999999999 714 1320 814699999999999999
280296287252195132 78 43 30 46 94163233291331345330293246203170156168199251110TX 1 9296145934599999999999999 758 3021 315699999999999999
236264275264233186134 90 62 54 72115174234285318329316284244204175162168251111TX 2 2275155733099999999999999 849 54221116199999999999999
190219242252247225190149113 89 82 96130178230275305317307280244207176158251112TX 31225317 331799999999999999 952 82233415699999999999999
157172195219236241230207174142118106112136176222264295310304280244205169251113TX 4502411813310999999999999991112106999999999999999999999
145137148173203230247248232204170141121118135170215259292308304279239194251114TX 634250191830999999999999999 055137124011799999999999999
152123112125158200239266274261230191153127117131167214261296312304272224251115TX 754274201231299999999999999 157112135611799999999999999
171126 95 89111157211259292302285246199155124113129171224272304314297254251116TX 853302205431499999999999999 244 88145511399999999999999
196140 94 69 74111171234287320325298250195148117111136186242287312311279251117TX 939327212831599999999999999 322 67154210999999999999999
224160104 64 50 71125196264315342335297241184138112116153210264301315297251118TX1019343215831599999999999999 356 50162210999999999999999
250185121 71 42 44 84151227292337352332284224169128112131179237285310307251119TX1056352222531399999999999999 427 38165911299999999999999
272212144 85 45 31 53109184257316349350317262204154122121154209263299309251120TX1131354225231099999999999999 456 31173211799999999999999
289238171107 57 30 34 74141217284331351337294238184142123138182236281304251121TX12 5351231930599999999999999 524 2818 512399999999999999
298261200133 77 39 28 50104177248304339343316268214167135131159208258291251122TX1238346234829999999999999999 553 28183812999999999999999
299278228164102 56 32 37 75139210273319339329293243193154134144181229270251123TX1311340999999999999999999999 621 30191213399999999999999
291285252196133 79 44 34 54104172240294327334312270221177147138158199243251124TX 019292134433599999999999999 652 34194813899999999999999
274283267226168110 66 43 45 77133201262306329325296251205167145145170209251125TX 053283142133099999999999999 725 40202914299999999999999
246269270249205151100 64 50 61 99157220275311325314282238195162145150174251126TX 13427315 432599999999999999 8 5 50211914499999999999999
209241259258236196148103 74 64 79117172230279310320306273231191159143147251127TX 227261155532099999999999999 855 64222014299999999999999
169200230249251234201159119 91 82 93127176230275305314301270228186153134251128TX 337252165431599999999999999 959 82233013299999999999999
134153184217243254246220183144113 97102129172223270302312301269224177138251129TX 5 52541759312999999999999991116 96999999999999999999999
115112130166209246268269250213170132109105125165217267301314301266214159251130TX 63427119 031499999999999999 039110123910499999999999999
114 87 831071532092592912992832431931471151051201602162693053162992561942512 1TX 751300195531699999999999999 139 82135710599999999999999
132 83 56 56 881482172773173293112662081561191041181632232773103162922372512 2TX 856329204331799999999999999 231 5215 310499999999999999
166 99 51 27 34 781522312973393523302782161611221061231732362873143122772512 3TX 953353212731799999999999999 318 2516 110699999999999999
212135 68 23  5 22 791632473133553653372812171631241111341892502953143032512 4TX104636622 931599999999999999 4 4  5165411099999999999999
257184106 43  4 -7 21 881772603253633683342762141621261191492062643003102512 5TX1137371225131199999999999999 450 -7174311799999999999999
289234158 83 27 -6 -8 291031922713313643623242652071581281281652212723012512 6TX1226368233430599999999999999 535-12183012399999999999999
302273213138 69 19 -6  0 451222072813343603503082521971531291371772312752512 7TX1314361999999999999999999999 621 -8191612799999999999999
296291257195124 62 20  2 16 671442232903353523352902351841461291441862352512 8TX 02029814 035299999999999999 7 7  220 312999999999999999
272288278241182118 64 29 19 40 941672392973333413172712181721391291481882512 9TX 1 9288144434299999999999999 752 18205212999999999999999
232264276264228175118 73 46 43 69122189252300327326297252203161133128147251210TX 2 2276152833099999999999999 838 41214312799999999999999
184223251262252221175128 91 70 72 98147206259298316309279235190152127123251211TX 3 3262161331699999999999999 928 68224112299999999999999
141174209237250245222185147116 98100124166215260291303293263222179143119251212TX 41525117 3303999999999999991025 97234411399999999999999
114130160195226245248233205172143125124141175216255282291280252211168130251213TX 5382491758291999999999999991134122999999999999999999999
106100114146186223250261253230198167145138148176213249274282271241199152251214TX 7 5261185628299999999999999 048 99125513899999999999999
113 87 82 99137185231265282278254218182154141147173210246271278264229181251215TX 818283195127899999999999999 145 81141214199999999999999
131 90 66 65 90137194248287306299270228186153137144172212250273276255212251216TX 915307203727799999999999999 233 62151313699999999999999
158106 66 46 54 90148213270310325312274226179144130143178222258277272241251217TX10 1325211827899999999999999 315 4616 213099999999999999
189131 79 44 33 53101168236293328335311266213165133127149191237270280264251218TX1043336215528099999999999999 353 33164312699999999999999
221163103 55 28 29 62122193261312338333299248194149125130163211254279279251219TX1121340223028399999999999999 428 25172112399999999999999
250197134 77 36 20 35 81149221283325339321278225173135122140183232270285251220TX115633923 428599999999999999 5 3 20175512299999999999999
272231170106 54 23 20 49107179248302332332302253199153124125156205252281251221TX1230336233828799999999999999 538 17183012099999999999999
285259207141 81 37 17 27 70138211274317334320279226175136119133175226267251222TX13 3334999999999999999999999 612 1719 411999999999999999
286278241181115 60 26 18 42 98172243297329331303254199153123119145193243251223TX 013287133533499999999999999 646 17194011799999999999999
276286267221156 93 46 22 27 64130205271316335323283228176136115122157207251224TX 05128614 833599999999999999 721 20201711499999999999999
253279280253202138 80 41 28 44 91162235293327333309261205156122110124165251225TX 132283144233499999999999999 8 0 28205911099999999999999
215255276272242190130 80 49 43 67119189255304328323291239185139110104124251226TX 221278152132999999999999999 843 42214510399999999999999
166213252270266237190137 93 68 67 93143206264304320308272221168125 99 95251227TX 31927216 532099999999999999 934 642239 9399999999999999
117158205244266266243203157118 95 93115159213263296307293256206153110 84251228TX 4302691656307999999999999991036 912339 7999999999999999
 81102143192236265273260228188150124116130164209254284294280245194140 94251229TX 5532741755294999999999999991152116999999999999999999999
 67 62 82124179231270288285259220180148132136160201243274285272237184126251230TX 720290185928599999999999999 043 60132013199999999999999
 76 47 40 61107169231279307311289250205167143137155193235266278266229172251231TX 83931220 127899999999999999 145 40144513699999999999999
