 -4  4 26 58 94126147155150135115 97 87 88 99117135147149137114 81 46 1725 1 1UC 7 5156173915099999999999999 0 2 -41225 8699999999999999
 -1 -4 10 37 71107135152154144125104 88 82 87101121138148146131104 71 3825 1 2UC 740155182214999999999999999 040 -513 2 8299999999999999
 12 -1  2 21 51 86118142153150135114 94 81 79 87103122138145140123 95 6425 1 3UC 81515319 714599999999999999 118 -21343 7899999999999999
 34 14  7 15 37 67100128146151143125104 86 75 76 85102119133138131114 8925 1 4UC 851151195713899999999999999 157  71429 7499999999999999
 61 37 23 21 33 55 84113135147146134115 95 78 70 71 81 9711312512912310825 1 5UC 927148205512999999999999999 237 201522 6999999999999999
 87 65 48 39 41 54 75 99122138144139126106 87 72 64 65 74 8810311411911625 1 6UC10 314422 811999999999999999 319 381623 6399999999999999
106 91 75 63 58 62 74 91111128138140133118 99 81 65 57 57 64 76 9110311125 1 7UC1042141234611399999999999999 4 6 581733 5699999999999999
113109100 90 82 79 81 90104118130136136128113 95 75 59 48 46 51 63 79 9425 1 8UC1127137999999999999999999999 5 3 791848 4699999999999999
107115116113107100 96 96101110120129134134126111 91 70 51 38 33 38 51 6925 1 9UC 147116122413599999999999999 626 9620 0 3399999999999999
 89107121127127122115108105106111119128134134126111 89 65 42 27 21 25 4125 110UC 327128133213599999999999999 81610521 4 2199999999999999
 63 88112130139139133123113106105109118128136137129111 86 58 33 15  9 1625 111UC 433140143813799999999999999 9441042158  999999999999999
 35 62 93120140149147137124110102100106118131140141131110 81 50 22  4  025 112UC 52014915361429999999999999910411002246  099999999999999
 11 35 68101130149155149135118103 95 96105120135145144131106 74 40 13 -325 113UC 5591551627146999999999999991123 942329 -599999999999999
 -3 13 42 78113140154155145126107 93 88 93107125140148144127 99 64 30  525 114UC 6341571712149999999999999991159 88999999999999999999999
 -5  1 23 55 92125147156150134113 94 83 83 93110130144149141119 88 53 2225 115UC 7 6156175314999999999999999 0 8 -61232 8299999999999999
  3 -1 12 38 73108136151152140120 99 83 76 81 95115133145145132108 76 4325 116UC 734154183214699999999999999 043 -213 4 7699999999999999
 18  6 10 29 59 92123143151144127105 86 74 73 82 99118134141137120 95 6525 117UC 8 015119 914199999999999999 116  61336 7299999999999999
 38 21 17 28 50 80111134146145132112 91 76 69 72 84101119131133126108 8425 118UC 825147194713499999999999999 146 161410 6999999999999999
 59 39 30 33 49 73101125140144136120 99 81 69 66 73 86101116124123114 9725 119UC 848144202812599999999999999 214 301447 6699999999999999
 77 59 47 45 53 71 94116133141138125107 89 73 65 65 73 85 9810911511310525 120UC 912141211711599999999999999 242 441530 6499999999999999
 91 77 65 60 63 74 90109126135137129115 98 82 69 63 64 71 81 9210110610525 121UC 938137222510699999999999999 310 601623 6399999999999999
100 92 83 77 76 81 91104118128132130121107 92 78 67 61 61 66 74 84 93 9925 122UC10 8132999999999999999999999 344 761731 6099999999999999
102101 98 94 91 91 95102111120126127123115103 89 75 64 57 55 58 65 75 8625 123UC 020102104812799999999999999 431 911852 5599999999999999
 96103108109107105103104107112117121123120113102 87 73 59 50 46 48 56 6825 124UC 248109115212399999999999999 61410320 9 4699999999999999
 83 98110118121119114109106106109113118122121114102 86 68 51 39 33 36 4725 125UC 4 1121131912299999999999999 83510621 8 3399999999999999
 65 86105121130131127118109103101104111119125125118103 82 59 39 24 20 2625 126UC 441132143112699999999999999 9491012156 2099999999999999
 43 66 93117134141139129115103 95 95102113125132132121101 75 47 24 10  825 127UC 5141411527133999999999999991032 942237  799999999999999
 20 43 73104130145148140125107 93 86 90102118133141138122 96 65 33  9 -325 128UC 54514916141419999999999999911 7 862316 -499999999999999
  1 20 50 85119143154151136115 94 81 79 88106126142149141120 89 53 20 -325 129UC 6161541659149999999999999991141 782353-1099999999999999
-10  1 27 63101133153158147126101 80 70 73 88111134150153141114 79 41 1025 130UC 6461581743154999999999999991215 69999999999999999999999
 -8 -8 10 42 81118146159155137111 84 66 61 70 91116140153152136106 69 3325 131UC 716160182715599999999999999 029-101251 6199999999999999
  7 -4  4 27 62101134155159147123 94 69 55 55 69 93119141151147128 97 6225 2 1UC 745159191315299999999999999 1 5 -41329 5399999999999999
 32 13 10 23 51 85119145157152133106 77 56 47 52 69 93119137145138118 9025 2 2UC 81315720 114599999999999999 141  914 9 4799999999999999
 61 39 28 31 49 76106133150152141118 90 65 48 43 50 68 9111412913412711025 2 3UC 841153205413499999999999999 215 271453 4299999999999999
 88 67 53 49 57 74 98122140148143127104 78 57 44 41 49 66 8610411712111725 2 4UC 9 8148215812199999999999999 249 491543 4199999999999999
106 91 79 72 72 81 96114130140140132115 94 72 54 43 41 47 60 77 9210411025 2 5UC 936141233311199999999999999 324 711645 4199999999999999
111106100 94 92 94101111121130134131123108 91 72 56 45 40 43 52 65 79 9325 2 6UC10 9134999999999999999999999 4 4 9218 6 4099999999999999
104110113112111109109111115120124125124118107 93 76 59 45 37 35 41 53 6925 2 7UC 21911311 612599999999999999 5301091941 3599999999999999
 86102115123126124120116112111112115119121119112 98 80 61 43 30 25 30 4325 2 8UC 4 612613 612199999999999999 9 111121 1 2599999999999999
 63 86108125135137132123113105101103109117124125119104 83 59 36 21 15 2225 2 9UC 44713714431269999999999999910131012158 1599999999999999
 39 64 92118136144142132118103 93 91 96107121131133126107 81 52 27 11  725 210UC 5181451547134999999999999991049 902243  799999999999999
 19 42 73104131146150141124105 89 81 82 94111128139140129105 74 42 16  325 211UC 5451501635141999999999999991119 802321  299999999999999
  6 24 53 88120143153148132110 89 74 71 79 97118137147143126 97 63 31  925 212UC 6111531715147999999999999991147 702354  299999999999999
  2 12 37 71106135151153140117 92 72 63 66 81104127144149140117 84 50 2225 213UC 6351541752149999999999999991214 62999999999999999999999
  7  9 27 57 93125147154145125 98 74 58 56 67 88113135147147131104 71 4025 214UC 657154182714999999999999999 024  61241 5599999999999999
 19 13 24 49 81115140152149132106 79 58 50 55 72 96120139145139119 90 6025 215UC 71715319 114599999999999999 051 1313 8 5099999999999999
 36 24 28 45 74105132148150137114 86 62 48 47 58 78103124138139127105 7925 216UC 737151193514099999999999999 117 241336 4699999999999999
 55 39 37 48 70 98124143149141122 96 70 51 44 49 64 85107124132129115 9525 217UC 756149201213299999999999999 141 3614 6 4499999999999999
 73 57 50 55 70 92116135145142127105 80 59 46 45 53 69 8910712012311710525 218UC 815145205212399999999999999 2 6 501440 4499999999999999
 89 74 65 65 74 90110127138139130112 91 70 54 47 48 58 73 8910311111310825 219UC 835140214411399999999999999 230 641519 4699999999999999
 99 89 81 79 82 92106119130133129117100 82 65 54 49 52 60 72 85 9510210525 220UC 85713323 810599999999999999 256 7916 9 4999999999999999
104100 96 93 93 97105113121125124118107 93 79 66 57 52 53 58 66 76 86 9425 221UC 921125999999999999999999999 323 931724 5299999999999999
101105106106106106107110113116117116111104 93 81 69 59 51 48 50 56 66 7825 222UC10 01179999999999999999999991910 48999999999999999999999
 90102111117118117113110107107108110111111107 98 86 72 58 45 38 37 44 5625 223UC 356118121811199999999999999 8491072037 3799999999999999
 74 93110123129129123114105 99 97100106113117115106 91 72 51 34 24 24 3325 224UC 424130141411799999999999999 949 972134 2399999999999999
 52 76102123136140134121106 93 86 88 96109121128126114 93 67 41 20 10 1225 225UC 4511401520128999999999999991021 862218  999999999999999
 28 55 86116138148146132112 92 77 73 81 96116133141137119 92 59 28  7 -125 226UC 5171491611141999999999999991051 732257 -199999999999999
  8 32 66102133152156144122 95 73 61 63 78101126146152143120 86 49 17 -225 227UC 5441561657152999999999999991122 602334 -599999999999999
 -3 14 45 84121149161155134104 74 53 46 56 79109137156159145116 78 40 1225 228UC 6111611742160999999999999991154 46999999999999999999999
 -1  6 29 66105139160162146117 82 53 36 36 53 82116145161160141109 71 3725 3 1UC 637163182716399999999999999 010 -11229 3499999999999999
 15 10 24 53 90126153163155130 96 61 35 24 32 55 87121147159154133101 6825 3 2UC 7 3163191215999999999999999 045 1013 5 2499999999999999
 40 27 30 49 79113142158158141110 75 43 23 19 32 58 91122143151143123 9625 3 3UC 72916020 015199999999999999 119 261343 1999999999999999
 69 51 46 55 76104130149155146123 91 59 33 20 21 36 62 9111713413813111425 3 4UC 753155205113899999999999999 151 461424 1899999999999999
 94 77 68 69 81100121139148145130106 78 51 31 23 27 42 64 8810812112411925 3 5UC 817148215412499999999999999 222 671510 2399999999999999
109 98 89 87 91101115129137139131116 95 72 51 37 31 34 46 62 80 9610711225 3 6UC 840139233411399999999999999 252 8616 8 3199999999999999
113110106103104107113120126128126119107 91 74 59 47 40 40 46 56 69 83 9625 3 7UC 9 3128999999999999999999999 3241031732 3999999999999999
105112115116116115115115115116116115111105 95 83 69 56 46 41 41 48 59 7425 3 8UC 311116 93511699999999999999 6231151924 4099999999999999
 90105117124127124119113107103103105108111110105 94 78 62 46 36 34 39 5325 3 9UC 358127132311199999999999999 9441032050 3399999999999999
 72 93112127134133126114102 93 89 91 98108117120115102 83 61 42 29 26 3425 310UC 42413514561209999999999999910 9 892145 2699999999999999
 52 77102124138141134119102 86 77 76 85 99115127131123106 81 55 33 21 2225 311UC 4471411551131999999999999991033 752226 2099999999999999
 36 60 90117137146142127105 84 69 63 69 85106126138139126103 73 45 25 1725 312UC 5101461633140999999999999991058 632259 1799999999999999
 25 46 76107133148148135112 86 65 53 55 69 92117137146142123 94 62 36 2025 313UC 5311501710147999999999999991122 532329 1999999999999999
 21 36 64 96126146152142120 92 65 48 44 54 76104129146150138114 82 52 3025 314UC 5521521744151999999999999991147 432356 2399999999999999
 23 32 55 86118142153148128100 69 46 36 41 59 87116139151148130102 71 4525 315UC 6111531817152999999999999991211 35999999999999999999999
 32 34 51 78110136151151136109 77 49 33 31 44 69 99127145150140118 90 6325 316UC 629153185015099999999999999 022 311236 3099999999999999
 45 40 51 73102129147152141118 87 56 34 26 33 53 80110133145143129106 8025 317UC 648152192314699999999999999 047 4013 3 2699999999999999
 60 51 55 71 95121141150144125 97 67 41 27 27 40 63 91117134140133117 9625 318UC 7 7150195814099999999999999 112 511331 2599999999999999
 76 64 63 73 91114133144143130106 78 52 34 28 34 50 74 9811812913012210725 319UC 726145203613199999999999999 137 6214 1 2899999999999999
 91 78 74 78 90107124136139131113 90 65 45 34 33 42 59 8010011412112011325 320UC 745139212212299999999999999 2 2 741435 3299999999999999
102 92 86 86 92104117127132128117 99 79 60 46 39 41 50 64 80 9510611111225 321UC 8 6132223211299999999999999 229 851518 3999999999999999
108103 98 96 98103111118123122117106 91 75 61 51 46 46 53 63 75 87 9710425 322UC 828123999999999999999999999 3 1 961622 4599999999999999
108110109108107107108110113114112108100 91 79 67 57 50 47 49 56 65 78 9025 323UC 1 6110 85711499999999999999 43010718 7 4799999999999999
102111117119118114109105103102103105105103 98 88 76 63 51 43 40 45 55 7125 324UC 3 2119114610599999999999999 8431021951 4099999999999999
 89107121129130124114103 94 90 90 96103110113110 99 83 64 46 33 29 34 4925 325UC 33713014 011399999999999999 922 892058 2999999999999999
 71 96118134140136123106 89 77 74 80 93108122128124110 88 62 38 23 19 2925 326UC 4 514015 912899999999999999 951 742146 1999999999999999
 50 79109134147148135114 89 68 58 60 73 95119137144137117 88 57 30 15 1625 327UC 43214916 1144999999999999991021 572228 1499999999999999
 32 60 94126149157148126 96 66 45 39 49 72102131151157145120 86 51 26 1525 328UC 4591571649157999999999999991053 3923 7 1599999999999999
 22 44 78114144160159140108 72 41 24 25 44 75111143162164148118 82 49 2825 329UC 5251621736165999999999999991127 222345 2399999999999999
 23 37 65100134157164152123 85 47 19  9 18 44 81120151167164145113 79 5125 330UC 55216418221689999999999999912 2  9999999999999999999999
 37 40 58 88121149163159137102 62 26  5  2 18 49 88125152164158137108 8025 331UC 61816419 916499999999999999 021 361239  099999999999999
 59 53 61 82111138156160147119 81 43 14 -1  3 23 56 9312614815514712810425 4 1UC 644161195815599999999999999 056 531318 -199999999999999
 84 72 72 83104127146154149130100 66 34 11  4 11 33 63 9412113714213512025 4 2UC 7 9155205114299999999999999 130 7014 0  499999999999999
104 91 86 90102118134144145135114 87 58 33 18 14 23 42 67 9211212512812425 4 3UC 735146215612899999999999999 2 4 861447 1499999999999999
116107101100104113123132135131120102 81 59 41 30 28 35 49 67 8610111211825 4 4UC 8 0135233611999999999999999 240 991545 2899999999999999
118116112110109111115119122121117109 97 83 67 54 44 40 43 51 64 78 9210425 4 5UC 828122999999999999999999999 34110917 7 4099999999999999
113118120119116113110108107107108107105 99 91 79 67 56 48 46 50 59 73 8825 4 6UC 2 31209999999999999999999991852 46999999999999999999999
103115123126124117109101 95 92 94 98103107107102 91 77 62 51 45 47 56 7125 4 7UC 3 1126132910899999999999999 9 9 922016 4599999999999999
 90108123131131124112 98 86 79 78 84 95106115118112 99 81 63 48 42 45 5725 4 8UC 333132144911899999999999999 936 782112 4299999999999999
 76 99119133138132118100 82 69 64 68 81 98115126128119102 80 59 44 40 4725 4 9UC 35813815401299999999999999910 1 642153 4099999999999999
 64 88113132142140127106 82 63 52 53 65 85108127137135122 99 74 53 41 4225 410UC 4201431621138999999999999991026 512227 4099999999999999
 55 78105128143146135114 87 62 45 40 49 69 95121139146138119 93 67 49 4325 411UC 4421471658146999999999999991050 402257 4399999999999999
 50 70 96122142150143123 94 65 41 30 34 52 79109134149149136112 85 62 4925 412UC 5 21501732151999999999999991115 302326 4899999999999999
 50 64 88115138150148132104 72 43 26 23 36 61 93123145153147129103 77 5925 413UC 52215118 5153999999999999991140 222354 5499999999999999
 54 62 82108132148151139114 82 50 26 17 23 44 74107134150152141119 94 7325 414UC 54115218381539999999999999912 6 17999999999999999999999
 62 64 78101125144151144123 93 60 33 17 16 30 56 88118140150146130108 8725 415UC 6 2151191215099999999999999 021 611233 1499999999999999
 72 69 77 95117136147146131105 73 44 23 15 22 41 69 9912514114513612010025 416UC 623148194714599999999999999 048 6913 2 1599999999999999
 84 77 79 91109128141144134114 87 58 34 20 20 32 54 8010612613613612611125 417UC 645144202613799999999999999 115 761333 1899999999999999
 96 86 84 91103119132138134120 98 73 49 31 24 28 42 63 8710812312912711825 418UC 7 8138211312999999999999999 145 8414 8 2499999999999999
107 97 92 93100111122129130122107 87 65 47 35 32 37 50 69 8810511612112025 419UC 734131221912299999999999999 219 921452 3299999999999999
115108102100101106113119122119111 98 82 65 51 42 39 44 54 68 84 9911011725 420UC 8 6122235911999999999999999 3101001553 3999999999999999
119117113109105104105107110112110105 97 85 72 60 50 45 46 53 64 79 9410825 421UC 9 6112999999999999999999999 5 71041722 4499999999999999
118123124120113106100 96 96 99102106106103 95 83 69 56 47 44 48 59 75 9325 422UC 136124114210699999999999999 734 961856 4499999999999999
111125132132125113 99 88 81 81 87 97107114115108 95 78 60 47 40 44 56 7625 423UC 228133133911599999999999999 831 802010 4099999999999999
 99120135141137123104 84 69 62 66 78 96114127130123107 85 62 45 38 43 5925 424UC 3 4142145113199999999999999 9 9 6221 6 3899999999999999
 83110133147148136114 87 62 46 42 53 74100125142146136116 89 63 45 39 4825 425UC 336149154814699999999999999 945 422154 3999999999999999
 68 97125147156149128 97 64 37 23 26 44 74108138156158145121 91 65 48 4625 426UC 4 61561640159999999999999991021 222238 4599999999999999
 59 84113141158159143113 76 40 14  5 15 42 79117148165165149122 92 68 5625 427UC 4351601729167999999999999991058  52319 5599999999999999
 58 75102130153163155131 94 54 19 -2 -5 12 45 85125154168165147120 93 7425 428UC 5 51631818169999999999999991137 -62359 6799999999999999
 67 74 93119144159161145115 75 36  5-10 -6 16 52 92129155165159141117 9525 429UC 53516219 8165999999999999991217-11999999999999999999999
 82 80 90110132151159152131 98 60 25  0 -9  0 25 60 9712915015615013411425 430UC 6 5159195915699999999999999 038 791259 -999999999999999
 98 90 93104121138150151140117 85 51 22  4  1 12 36 67 9912514114513912725 5 1UC 637152205314599999999999999 117 901344  099999999999999
113102 99102112126137143140127105 78 50 28 15 14 26 47 72 9811913113513125 5 2UC 711143215413599999999999999 159 991434 1399999999999999
122113106104107114123129131127115 97 76 55 39 29 29 39 55 76 9611312312725 5 3UC 75013123 912799999999999999 2521041530 2899999999999999
125120114109106107110114117118115107 95 80 65 52 44 43 49 61 77 9410911925 5 4UC 846118999999999999999999999 4191061638 4299999999999999
124124121115108103100100101104107108105 98 88 76 64 56 53 56 65 79 9410925 5 5UC 032125104810899999999999999 643 991758 5399999999999999
120126127122114104 95 89 86 88 93100106108106 98 86 74 63 59 60 69 82 9825 5 6UC 13712713 110899999999999999 8 4 861915 5899999999999999
113125131129121109 95 82 74 72 77 87 99110116115107 94 79 68 62 63 73 8825 5 7UC 219131142311699999999999999 846 722017 6199999999999999
105121132135130117 99 81 66 59 61 71 87104118125124114 98 82 69 64 67 7925 5 8UC 252136151912699999999999999 919 5821 6 6499999999999999
 97116131139138126106 84 63 50 46 54 71 93114129136131117 99 81 69 67 7425 5 9UC 31914016 413699999999999999 948 462147 6699999999999999
 89109128141143135116 90 65 45 35 38 53 77103126141144135117 97 80 70 7125 510UC 3451441644144999999999999991016 352224 6999999999999999
 83102122139147142126100 71 45 29 26 37 59 88117139150148134114 93 78 7325 511UC 4 91471720150999999999999991043 252257 7399999999999999
 79 95115135147147135111 81 51 28 18 23 41 70101130148154147129108 89 7825 512UC 4331491755154999999999999991111 182329 7799999999999999
 78 89108128144150142122 93 61 34 17 14 26 51 83115140153153141122101 8625 513UC 4581501830155999999999999991140 13999999999999999999999
 81 86101120138148147132107 75 44 21 11 16 35 64 96125145153148133114 9625 514UC 52314919 515399999999999999 0 0 811211 1199999999999999
 86 86 95112130143147139118 90 59 32 16 12 23 46 7610613114514814012410725 515UC 550147194314899999999999999 031 841243 1299999999999999
 93 88 92104120135143141127104 76 48 26 16 18 33 58 8611313314214113111725 516UC 618144202314399999999999999 1 4 881318 1599999999999999
103 94 92 99111125135138132115 92 66 42 26 20 27 44 67 9311613113813512525 517UC 650138211013899999999999999 140 921357 2099999999999999
113102 96 97104114124131130122105 84 61 42 30 28 36 52 74 9711612913413125 518UC 72713222 613499999999999999 224 961443 2899999999999999
123112104 99 99104112119123122114100 82 63 47 38 36 44 58 78 9811612713225 519UC 817124231113299999999999999 327 981539 3699999999999999
130123114104 98 96 99104110115115111100 86 70 56 47 44 50 63 80 9911612925 520UC 937116999999999999999999999 456 961647 4499999999999999
134132125114102 92 87 87 92100108113113107 96 81 67 56 52 55 66 8310212025 521UC 016134113111399999999999999 628 8718 3 5199999999999999
133138136126111 94 80 72 72 79 90104115121118109 94 78 65 58 60 71 8810825 522UC 110139131412199999999999999 733 711917 5899999999999999
127140144138123102 80 62 53 54 65 84104122132133123107 89 73 65 66 77 9525 523UC 155144143313499999999999999 823 522022 6499999999999999
117136147148137115 88 61 41 33 38 55 81108131145147136118 98 80 71 73 8625 524UC 234149153714799999999999999 9 8 332120 7199999999999999
105127145154149132103 71 41 21 15 25 49 81115141156158146126104 86 78 8225 525UC 311154163515999999999999999 951 152212 7899999999999999
 96117138153157147123 89 53 22  4  2 18 48 85121149164164150129108 91 8525 526UC 3481581728166999999999999991035  123 1 8599999999999999
 91107127147158157141112 74 37  8 -7 -3 18 51 91127154167165150129109 9525 527UC 4251601820168999999999999991119 -82347 9299999999999999
 92100116136153159153132100 62 26  0-10 -2 23 58 9713115516516014512610825 528UC 5 315919101659999999999999912 4-10999999999999999999999
 98 98107124141154156146122 89 53 21  0 -5  6 32 6610213315215915313812125 529UC 543157195915999999999999999 031 971249 -599999999999999
107100102112127142150149136113 82 49 22  7  5 18 44 7510713214815114413025 530UC 624151204715199999999999999 115 991336  499999999999999
116105101104114126137143140126104 77 50 29 17 19 33 56 8411113114214313525 531UC 7 9143213414499999999999999 2 21011423 1799999999999999
123111103100103111121130133129117 99 76 55 38 31 35 48 69 9311413013713625 6 1UC 8 0133222213899999999999999 2561001511 3199999999999999
129118107100 97 99105113120123120111 96 79 62 50 46 50 62 8110011813013425 6 2UC 9 2123231013499999999999999 4 2 9716 1 4699999999999999
132124114104 96 92 92 97103110114113108 98 85 72 63 60 64 75 9010712113025 6 3UC1027114235813399999999999999 523 911656 6099999999999999
133130122110 99 89 83 83 86 93101108111109103 93 82 74 72 75 85 9811212525 6 4UC1210111999999999999999999999 641 821757 7299999999999999
132134129119105 91 80 73 71 76 85 97107114115111102 92 84 81 84 9210511825 6 5UC 045134134411699999999999999 741 7119 3 8199999999999999
129135135128115 98 81 67 60 61 68 82 97112121124120111100 91 88 90 9811025 6 6UC 128136145512499999999999999 827 5920 8 8799999999999999
123134138135124107 87 68 54 48 52 64 83103120131134129118105 95 91 9410325 6 7UC 2 8139154913499999999999999 9 6 4821 6 9199999999999999
116130139141134118 96 73 53 40 38 47 65 89112131142142134121107 97 93 9825 6 8UC 244141163314399999999999999 941 382155 9399999999999999
109123136143141129108 83 57 38 29 32 47 71 98124142150147136120105 96 9525 6 9UC 3181441713150999999999999991015 292237 9499999999999999
102116131142146139121 96 67 42 26 21 31 52 80110135151155147133116101 9525 610UC 3521461750155999999999999991049 212314 9499999999999999
 97108123138147146133110 81 52 29 17 19 34 60 91121144155155144127109 9825 611UC 4251481826157999999999999991123 162349 9499999999999999
 94101114131144149142124 98 67 39 20 13 21 41 7110213114915615113711910325 612UC 45814919 2156999999999999991158 13999999999999999999999
 95 96106121137147147136114 85 55 29 15 14 27 51 8211313815215414512911125 613UC 533148193915599999999999999 024 941234 1299999999999999
 98 94 98111126140147143128103 74 46 24 14 19 36 62 9312114215215013812125 614UC 610147201815299999999999999 1 0 941312 1499999999999999
105 95 94101114129140143136119 94 66 41 24 19 27 47 7410312814515014513125 615UC 651143205815099999999999999 140 931352 1999999999999999
115101 93 93101114127136138129111 87 62 41 29 28 39 59 8611213314614814025 616UC 737138214014899999999999999 226 921435 2799999999999999
125109 96 90 91 99111123131131123107 86 64 47 38 40 52 72 9612013714614525 617UC 834132222314799999999999999 321 891522 3799999999999999
135120104 91 85 85 92104116124126120107 90 72 58 51 54 65 8410612614014625 618UC 94512623 814699999999999999 425 841614 5199999999999999
142131115 98 84 76 76 82 94107118123121112 99 84 72 66 68 79 9511413114225 619UC1115123235514699999999999999 534 751715 6699999999999999
146141128109 90 74 64 62 69 83 99113123126122112 99 88 81 82 9010412013525 620UC1254127999999999999999999999 640 621825 8199999999999999
144146139124102 80 61 49 47 56 72 92112127135134126114102 94 93 9911012525 621UC 043147142413699999999999999 741 471941 9399999999999999
138147147138119 95 68 47 34 32 43 63 8811413414514714012711410410010511525 622UC 133148153914899999999999999 837 31205710099999999999999
129142150149137114 86 57 33 19 19 33 57 8811814215515714913512010910410825 623UC 223151164115899999999999999 930 1722 310499999999999999
119133146153150135109 77 46 21  8 10 27 56 9012314916316415413812110910525 624UC 3131541735165999999999999991022  7225910599999999999999
109121137150156151132104 69 36 12  1  6 27 59 9613015516716615313611810625 625UC 4 31561823168999999999999991111  0234710399999999999999
103110124141153158149129 98 62 30  7 -1  8 32 6610413615816716214712811125 626UC 45215819 7167999999999999991158 -1999999999999999999999
102101111126143155156146123 91 56 26  7  3 16 43 7811314215916315513811925 627UC 540157194716499999999999999 0301001243  399999999999999
104 97100111128143153152139115 84 52 26 12 14 30 58 9112314615815714512725 628UC 627154202315999999999999999 111 971325 1199999999999999
109 96 93 99111127141148145131107 78 51 31 23 29 48 7510513214915414813325 629UC 713149205715499999999999999 152 9314 4 2399999999999999
115100 91 90 97110125136141136122100 75 54 40 38 47 67 9311813814914813825 630UC 8 0141212715099999999999999 235 891441 3799999999999999
123106 93 86 87 95107120129132127114 95 76 61 53 55 67 8610912914214714225 7 1UC 852132215814799999999999999 321 861517 5299999999999999
130114 98 87 82 84 91102113121123119109 95 82 72 68 73 8510212013514314325 7 2UC 953123222914499999999999999 414 821555 6899999999999999
135122107 93 82 78 79 86 96106114117116110100 91 85 84 8910011412713714125 7 3UC111311823 614199999999999999 515 771639 8399999999999999
139130116101 87 77 72 73 79 89100109116118115109103 98 9710211012013013725 7 4UC1254118235013999999999999999 620 721739 9799999999999999
139135125112 96 81 70 64 65 72 83 9610911912412412011410910710911412213025 7 5UC1432125999999999999999999999 724 6419 310799999999999999
136137133123108 91 74 62 55 57 65 79 9611312613313413012311611111111512225 7 6UC 044137154013599999999999999 821 55203311199999999999999
130136137132120103 83 65 51 46 49 60 7910012013514314313712711711111011425 7 7UC 143137162914499999999999999 910 45214111099999999999999
123132138139132117 97 74 54 40 36 43 59 8210713014615214913912611410810825 7 8UC 23614017 915299999999999999 953 36223010799999999999999
114125136142141131112 88 63 42 29 28 40 62 8911714115415715013612110810325 7 9UC 3241431745157999999999999991034 2723 810399999999999999
106116129141147143129106 78 50 30 20 24 42 6810012915016015814612911210125 710UC 4 81471819161999999999999991112 202343 9899999999999999
 99106120136148151143124 96 66 38 20 15 25 48 7911214015816315513911910225 711UC 4491511852163999999999999991150 15999999999999999999999
 94 96108125142153153140117 86 54 28 14 15 31 59 9212515016316214912910825 712UC 531154192516499999999999999 017 941226 1399999999999999
 93 89 96111130147155151135108 76 45 23 14 21 43 7310813815816415713911725 713UC 613155195716499999999999999 053 8913 3 1499999999999999
 97 86 85 96114133149154147128100 68 41 24 22 34 59 9012314816216214912825 714UC 657154202916399999999999999 131 841340 2199999999999999
105 87 79 83 96115134147150141121 93 66 43 33 35 51 7710813615516215513825 715UC 74515021 016299999999999999 212 791418 3299999999999999
116 94 79 74 79 94113131142144134115 92 69 53 47 54 72 9712314515715814725 716UC 838144213215999999999999999 257 741457 4799999999999999
127104 84 71 68 75 90108125135137129114 96 79 68 67 75 9211313414915515125 717UC 94113722 615599999999999999 348 681539 6699999999999999
137117 95 77 65 62 69 83100116127131128118105 93 87 87 9410812413914915125 718UC11 0131224415199999999999999 447 621629 8699999999999999
144130110 89 71 59 55 61 73 9010712112913012611811010510510911913014014625 719UC1244130233214799999999999999 553 55173610499999999999999
146139125106 85 66 53 47 51 62 79 9911613013713713312612011711812313013825 720UC1436138999999999999999999999 7 6 47191811799999999999999
143144138125106 84 62 46 38 40 51 70 9311613414614914613812912211912112725 721UC 038144155814999999999999999 819 3721 711999999999999999
135142145141128107 82 57 38 28 29 42 64 9211914215515915414313012011411625 722UC 156145165415999999999999999 924 27221811499999999999999
123134144149145131108 80 51 29 18 21 37 63 9512615116416515714112511210725 723UC 3 61491737166999999999999991020 1723 610799999999999999
110121136149155150134107 75 44 21 11 17 38 6910413615916916615213311410225 724UC 4 615518151709999999999999911 8 112345 9999999999999999
 99107122140154160153133103 68 37 16 10 21 46 8111714716517016114212010125 725UC 4581601848170999999999999991151 10999999999999999999999
 92 94106125145159162151128 95 61 32 15 16 32 61 9713115616816515012710525 726UC 544162191716999999999999999 020 911230 1399999999999999
 89 85 92108129149160159145119 86 54 31 21 28 50 8111514416216615513511125 727UC 627161194416699999999999999 053 8413 5 2199999999999999
 91 80 81 92112133150157152135108 78 52 36 34 47 7210313315416315814211925 728UC 7 715720 816399999999999999 126 791336 3399999999999999
 96 80 75 80 95115134147151143124 99 74 55 47 53 70 9512314615915914712725 729UC 748151203116099999999999999 2 0 7514 5 4799999999999999
104 85 73 73 81 97116132142142132114 94 75 64 63 74 9311613815315715013425 730UC 830143205315799999999999999 235 721434 6299999999999999
113 93 77 70 73 83 98115128134133123109 94 83 78 82 9411213014515315013925 731UC 918134211615399999999999999 315 7015 3 7899999999999999
122103 85 74 70 73 83 97111121126125119110101 95 9410011112513814614714225 8 1UC1021127214214899999999999999 4 1 701536 9399999999999999
129113 96 82 73 70 73 81 9310511412012212011611110810911312113013814114025 8 2UC1156122221614299999999999999 458 70162110899999999999999
134122108 94 81 72 68 70 77 86 9810911812412612512312011912112512913313525 8 3UC1412126231013599999999999999 611 68175411999999999999999
134129120107 93 80 70 64 64 69 79 9210712013013513613312812412212212512825 8 4UC1539136999999999999999999999 733 63202512299999999999999
131132129121109 93 78 64 56 54 60 73 9010912713914514513913112211711611925 8 5UC 045132162414699999999999999 843 54214411699999999999999
125131135133124110 91 71 55 45 44 53 70 9311613715015415014012711510911025 8 6UC 212135165815499999999999999 936 43222510899999999999999
116126136141139128109 85 61 43 33 35 49 7210012814916016015013411710510025 8 7UC 3141421729161999999999999991020 32225710099999999999999
105117132145150145129104 76 49 30 23 30 51 80113142161167160143122104 9325 8 8UC 4 31501757167999999999999991059 232328 9299999999999999
 93104122141154158148127 97 64 36 19 18 32 60 94129156170169154131107 8925 8 9UC 4471581826171999999999999991135 17999999999999999999999
 83 89106129150163163148121 87 53 27 15 21 42 75112145167174164142115 9025 810UC 530165185317499999999999999 0 0 831211 1599999999999999
 76 75 88110136157168163144113 77 45 25 20 33 60 95131159173171153126 9725 811UC 613168192117499999999999999 033 731245 2099999999999999
 75 65 70 89115142161168159137105 71 44 31 34 52 8211714816817316213810825 812UC 657168194817399999999999999 1 8 651320 3099999999999999
 80 62 58 69 91118143160163152129 99 71 52 46 54 7610513515917016614812125 813UC 743164201417099999999999999 146 581354 4699999999999999
 91 67 54 55 69 92118141154155143123 98 78 66 66 7810012514816316515413325 814UC 834156204116699999999999999 227 531429 6599999999999999
106 79 60 51 55 69 91114134144145136120103 91 85 8910111913815315915614225 815UC 93214621 816099999999999999 312 5115 5 8599999999999999
120 96 73 58 52 56 68 8710712313313613212311410710511011913114315015214525 816UC1050136213915299999999999999 4 6 51154710599999999999999
132113 92 74 60 53 55 65 79 9611212313013213012712312212412813414014314325 817UC1255132222514499999999999999 516 53165712299999999999999
138127112 95 78 63 54 52 58 69 8510211713013814114013613212912812913213525 818UC1512141999999999999999999999 646 5220 112899999999999999
137135129118102 84 66 53 46 48 58 75 9611713514715215014313412512011912325 819UC 011137161115299999999999999 817 46214211999999999999999
129136139137126109 87 65 47 37 38 50 71 9712314415716015414212711510810825 820UC 2 8139164816099999999999999 925 36222410799999999999999
116128140148146134113 87 60 39 29 32 48 74105134155165163151132114100 9525 821UC 3221481719166999999999999991017 282257 9599999999999999
101115133149157154139113 81 52 31 23 31 54 85119147165169160140117 97 8625 822UC 4161581747169999999999999991059 232327 8499999999999999
 86 98119141158165158137106 73 43 26 25 40 67102135160171166149124 99 8125 823UC 5 01651812171999999999999991135 232356 7599999999999999
 75 82101126150165167155129 96 63 38 28 34 56 88122151168170156132104 8125 824UC 54016818361719999999999999912 7 28999999999999999999999
 68 70 84108135157168165147118 85 56 39 37 51 78111142163170162140112 8525 825UC 617169185717099999999999999 024 671237 3699999999999999
 66 61 70 90117142160166157135106 77 56 47 54 74103133156168164147121 9225 826UC 653166191716899999999999999 052 6113 4 4799999999999999
 70 58 60 75 98124146159159146123 97 74 62 62 75 9812514916316515213010225 827UC 729160193616699999999999999 121 571329 6099999999999999
 77 60 56 64 82106129146153149134114 93 78 74 80 9711914115716215513711225 828UC 8 6153195516299999999999999 151 561355 7499999999999999
 87 67 57 59 70 89111129141144138125109 95 88 89 9911513414915615314112125 829UC 848145201515699999999999999 223 561421 8799999999999999
 99 78 65 60 64 76 9411112613413512912011010310110511512814014814914212825 830UC 939135203614999999999999999 3 1 60144910199999999999999
110 91 76 67 65 70 80 9410711812512712512111611311411812513213914113813125 831UC1058127205914199999999999999 348 64152311399999999999999
119104 90 79 71 69 72 79 8910011011812312612712612412412512713013213212925 9 1UC1343127213313299999999999999 457 69165212499999999999999
124116105 94 83 75 70 69 73 80 9110311512513213613613312912512312212312525 9 2UC1526136235912599999999999999 640 69204912299999999999999
125124119111100 87 74 65 61 62 70 8410111813314314614313612711811311311625 9 3UC16 1146999999999999999999999 814 60213811299999999999999
122128131128119104 86 69 55 49 51 63 8210512714515415414513211710610110425 9 4UC 2 3131162915599999999999999 914 4822 610199999999999999
114126137142138125105 81 58 42 36 43 61 87116141158163156140120102 91 9025 9 5UC 3 7142165516399999999999999 958 362233 8999999999999999
100117135149154147129101 72 46 30 28 42 67100132157169167151127102 83 7625 9 6UC 3561541720170999999999999991036 2723 2 7699999999999999
 82100124148163165153127 94 61 35 23 28 49 82118150170175163138108 81 6525 9 7UC 4401661746175999999999999991112 232333 6299999999999999
 64 79105134160174172153122 86 52 30 25 38 66102138166178172151119 85 6025 9 8UC 5231751811178999999999999991147 25999999999999999999999
 50 57 80111144169179172149115 79 49 34 37 56 88124156176178162132 96 6425 9 9UC 6 6179183717999999999999999 0 5 501222 3399999999999999
 44 41 55 84118151173179167142109 77 54 47 57 80112144168177169145111 7525 910UC 65017919 217799999999999999 040 401256 4799999999999999
 47 34 38 58 89123152170172158134105 80 66 67 81105133157171171154126 9225 911UC 737173192717399999999999999 116 331329 6599999999999999
 61 39 32 41 63 93124148161160147127106 90 84 8910412514616216615813811025 912UC 827162195216699999999999999 156 3214 2 8499999999999999
 80 54 39 37 47 68 9411913914814713812511210310310912213715115715514412425 913UC 925149201715899999999999999 241 36143610299999999999999
100 76 57 46 45 54 71 9111012613513713312712111811912413214014614714213225 914UC1049137204514799999999999999 335 44151711899999999999999
117 99 81 66 56 53 58 69 83 9911312413113413313213012912913113313513513225 915UC1327134213313599999999999999 451 53171712999999999999999
127117105 91 77 65 59 58 63 74 8810411913113914214113713112512212012212525 916UC1512142999999999999999999999 638 57205812099999999999999
128128125116103 87 71 59 53 55 65 8210212113814815014613612411410710611125 917UC 043129155015099999999999999 814 53213710699999999999999
120130136136128112 91 71 54 46 49 61 82107130148156154143127110 97 92 9525 918UC 229137161815799999999999999 917 4622 6 9299999999999999
107123138148147136116 90 65 47 40 47 65 91119144159161152133111 92 80 7925 919UC 32914916431629999999999999910 2 402233 7899999999999999
 90109131150159155139113 83 57 41 39 52 76106136157166160142117 91 73 6625 920UC 41415917 6166999999999999991039 3823 0 6699999999999999
 73 92117143161166157135105 74 51 40 46 65 94126152166166151125 96 71 5825 921UC 4531661728168999999999999991110 402325 5699999999999999
 59 74100129154169169153126 95 66 49 46 60 85116145164169158134103 74 5425 922UC 5291711748169999999999999991139 452351 4899999999999999
 49 58 81112141163172165144115 85 63 53 59 79108137159169163143113 81 5625 923UC 6 317218 71699999999999999912 6 53999999999999999999999
 43 47 65 93124151167169156132104 79 65 64 78101129153166165150122 91 6225 924UC 637170182616899999999999999 017 431232 6399999999999999
 44 40 52 75105134156165161144121 96 79 73 80 98122145161164154131102 7225 925UC 711166184516599999999999999 044 401258 7399999999999999
 50 40 44 61 87116140155159150133112 94 84 86 97116137153160155138113 8525 926UC 74615919 516099999999999999 112 401323 8499999999999999
 61 46 43 53 73 97122140150148138123108 97 94100113129144153152141122 9825 927UC 824150192515499999999999999 142 431350 9499999999999999
 74 57 49 51 63 8210312213514013812911810910410511312413514414614012710925 928UC 9 9140194614699999999999999 216 49141810499999999999999
 89 72 60 56 60 71 8710311712613012912511911511311612112813413713512811625 929UC101513120 813799999999999999 258 56145411399999999999999
102 87 75 67 64 67 75 85 9810911812312612612512312212212312512712712512025 930UC1233127203712799999999999999 4 0 64163512299999999999999
113103 92 82 74 69 68 71 79 891011121221291331341311261221181161161171192510 1UC1435134233611999999999999999 543 68203011699999999999999
119116111101 90 79 69 63 63 69 81 961131281381431411341241141061031051112510 2UC1513143999999999999999999999 730 6321 410399999999999999
119125127122111 96 79 63 54 53 61 77 98120139150152145130113 98 90 90 982510 3UC 147127154115299999999999999 837 532131 8999999999999999
111126138141135119 97 74 55 44 45 58 81108134153161156140118 95 78 72 792510 4UC 25214116 716199999999999999 925 432159 7299999999999999
 95117139153156145124 95 67 46 38 44 63 92124151166167153127 97 72 57 572510 5UC 34215616321689999999999999910 5 382229 5599999999999999
 72 98128154168168152124 91 61 42 38 51 77110143166174165140106 73 47 382510 6UC 4281701658174999999999999991043 3723 2 3899999999999999
 47 71105140167179174153121 86 58 44 47 66 96131160176174154121 82 48 272510 7UC 5131801724177999999999999991120 432336 2499999999999999
 25 43 75114150176184174149116 84 61 54 63 87118149171177165137 98 59 292510 8UC 5581841751178999999999999991156 54999999999999999999999
 15 21 45 81121156177181168143112 85 70 70 84109138162174171151117 78 422510 9UC 643182181817599999999999999 012 141232 6899999999999999
 18 12 24 51 88126156172172158135110 91 84 88105127150166170158133 99 64251010UC 731174184517099999999999999 051 1113 7 8399999999999999
 34 18 17 32 60 93125149161160147129112101 99106121139154162158143118 88251011UC 823162191216299999999999999 132 151342 9899999999999999
 59 37 26 28 43 67 94120138147146138127117111112119130141149151144129108251012UC 924148194215199999999999999 219 25142211199999999999999
 85 63 47 39 41 53 71 92111126134136133128123121121125130135138137131121251013UC1050136201813899999999999999 316 39152112099999999999999
106 89 73 61 53 53 59 71 86102116126132134132129126123121121122124124123251014UC13 3134215712499999999999999 435 52183412199999999999999
119111100 87 74 65 60 61 68 80 95110124133138137133125117111107107111116251015UC1424138999999999999999999999 618 59202910799999999999999
121123121112 99 84 71 62 60 65 77 94112129140144141131118105 95 91 94102251016UC 05912315 314499999999999999 748 6021 6 9199999999999999
114126133132123108 89 72 60 57 64 79100121138148148139123104 87 77 76 85251017UC 226133153114999999999999999 848 572135 7699999999999999
101119135144142130111 88 69 58 57 68 88111134149154147130108 85 69 62 67251018UC 321145155515499999999999999 933 5622 3 6299999999999999
 84106130147154149132108 84 65 57 62 78102127147158155140115 88 65 52 52251019UC 4 415416181589999999999999910 9 572229 5099999999999999
 66 89117142158161150128102 78 63 61 72 93119143158160148125 95 66 47 40251020UC 4421621639161999999999999991041 602255 4099999999999999
 49 71101131155166163146121 95 74 65 70 86111137156163155134104 72 47 34251021UC 51716717 0163999999999999991110 652321 3399999999999999
 36 53 82115144163169159138112 88 73 72 83104129151162160143115 82 52 33251022UC 5511691721163999999999999991138 712347 2899999999999999
 28 39 64 96129154167166151128103 85 77 82 99121144159161150126 94 62 37251023UC 62416817421629999999999999912 6 77999999999999999999999
 26 30 48 77110139158165158140118 97 86 85 96114135152159153134106 75 48251024UC 65716518 315999999999999999 014 251233 8499999999999999
 30 27 38 61 91120144157157146129110 95 90 95109127144154153140117 89 62251025UC 732159182615599999999999999 043 2713 1 9099999999999999
 41 31 34 50 74101126143150147135120106 98 98106119134145148142125102 77251026UC 8 9150185014899999999999999 114 311330 9799999999999999
 55 41 37 45 61 83107126138141137127115107103106114125135141139129112 92251027UC 853141191614199999999999999 149 3714 310399999999999999
 71 55 46 46 54 70 88107122131133130123116111110112118125130132128118104251028UC 953133194713299999999999999 231 45145110999999999999999
 88 73 61 54 54 61 73 88103116125129128125120116114114115118121121119112251029UC1125129204012199999999999999 328 53163611399999999999999
103 91 79 69 62 60 63 72 84 98112123130132131126119113108106107110113115251030UC13 5132231211599999999999999 452 60191110699999999999999
114109100 89 77 67 61 62 68 80 96112126136140137128116105 96 92 93100109251031UC14 2140999999999999999999999 628 612010 9299999999999999
117122121113100 84 70 60 58 65 79 98118135146147139124106 88 77 74 80 942511 1UC 118122143914899999999999999 744 582048 7499999999999999
111126136136126109 88 70 57 55 64 82106129147155151136112 87 66 55 57 712511 2UC 231137151015699999999999999 841 552122 5499999999999999
 93118140151151138116 90 69 56 57 69 92119144159162149125 93 63 42 34 432511 3UC 327153154016299999999999999 930 552157 3499999999999999
 66 97129154166163145119 91 69 59 63 80107135157167162140107 70 38 19 182511 4UC 41716716 9168999999999999991013 592233 1699999999999999
 35 67105140166176169148120 92 72 66 75 96123150167170155125 86 47 17  32511 5UC 5 51761639171999999999999991055 662312  399999999999999
 10 34 71113149173179169147118 93 78 77 90113139161171166143108 66 29  42511 6UC 5531801710172999999999999991135 762352 -499999999999999
 -4  9 38 78119153173176164142116 96 86 90105127150166169156128 91 52 192511 7UC 6421771742169999999999999991214 86999999999999999999999
  0 -2 15 46 85122151167167155135115100 96102118137154163160143114 79 452511 8UC 732169181516499999999999999 034 -41254 9699999999999999
 18  5  7 26 55 90122145157156145129114105104112125140151155148130104 742511 9UC 825158185115599999999999999 119  4133610499999999999999
 45 25 16 21 38 64 92118137146145137125115110110116126136142143135120 98251110UC 923146193314399999999999999 2 9 16142510999999999999999
 74 53 37 31 36 50 70 93113128136136131124117112112115120126129129124113251111UC1033137202913099999999999999 3 5 31154011199999999999999
 98 81 64 52 47 49 59 75 93110123131133130124117111108107109112116118117251112UC1152133221711899999999999999 411 47174910799999999999999
112103 90 77 66 60 60 66 78 93109122130133131124115106 98 94 94 98104111251113UC13 3133999999999999999999999 530 591930 9499999999999999
116116111101 89 77 69 67 71 82 96112125134136132122109 95 85 79 80 87 98251114UC 033116135213699999999999999 650 672022 7999999999999999
110119123120111 98 84 74 71 75 86102118132140139131116 98 81 69 64 69 81251115UC 2 4123142814199999999999999 757 712059 6499999999999999
 98115128133129118103 88 77 74 80 93111128140145140125104 82 63 52 52 63251116UC 3 6133145814599999999999999 849 742131 5199999999999999
 82104125139143136122104 88 78 78 87103122138148147135113 88 63 46 39 46251117UC 353143152514999999999999999 933 7722 0 3999999999999999
 64 89115137149150139122102 87 80 83 96114133147151143124 97 68 45 31 32251118UC 4331511551151999999999999991011 792229 3099999999999999
 46 70100128149157153138118 98 85 82 90107127144153150134108 78 49 29 22251119UC 5 91571616153999999999999991045 822257 2299999999999999
 31 52 82114141157160151132111 94 85 88100119138151154143120 90 58 33 19251120UC 5441611642154999999999999991117 852326 1799999999999999
 20 36 63 95127150161158144124104 91 88 95111130146154149131104 72 42 22251121UC 61816117 8154999999999999991148 872357 1599999999999999
 15 24 45 76108136154159151134115 99 90 92104121139150151139117 87 56 31251122UC 6521591735152999999999999991218 90999999999999999999999
 18 18 32 58 89118141153152141124107 95 92 99113129143149143127102 72 45251123UC 72715418 314999999999999999 028 161249 9299999999999999
 26 19 25 44 70 99124142148144132116103 96 97106119133142143133114 89 62251124UC 8 5148183414499999999999999 1 2 191322 9599999999999999
 40 27 25 35 55 80106127139142136124111102 98101110122132137133122103 80251125UC 84714219 813799999999999999 139 2414 2 9899999999999999
 57 40 32 34 45 65 88110127136137131121110102100103110119126128124113 96251126UC 936137195112899999999999999 220 31145510099999999999999
 77 58 45 40 43 54 72 92111126134134129120110103100101105112117119116108251127UC1035135205711999999999999999 3 9 401615 9999999999999999
 95 80 65 54 49 51 62 77 95113126134135130120110100 94 92 95101107112113251128UC1138135224411499999999999999 4 9 491752 9299999999999999
109101 88 75 64 58 59 67 81 98115129137138131120105 92 82 78 80 88 99109251129UC1236138999999999999999999999 523 5819 7 7899999999999999
116117112101 87 75 67 65 72 85102120134142141132115 96 77 64 59 64 76 93251130UC 040117132514399999999999999 640 6520 0 5999999999999999
111124129126115100 85 74 71 77 90109127142148144129106 81 58 43 40 49 682512 1UC 2 812914 714899999999999999 751 712046 3999999999999999
 92116135143141128111 93 80 77 83 97117136150153143122 93 62 36 22 22 372512 2UC 315144144515399999999999999 853 762129 2099999999999999
 63 95125147156153138118 99 85 82 90106127146157155140112 77 42 16  4  92512 3UC 413157152415899999999999999 948 822213  399999999999999
 30 63100133157166160144122102 89 88 98116137154161155133 99 61 25  0 -82512 4UC 5 616616 2161999999999999991038 872257 -899999999999999
  2 29 66106140162170162144122103 92 94106125145160162150124 87 47 13 -92512 5UC 5571701642163999999999999991124 912342-1399999999999999
-12  2 33 72112144164168158140119102 95 99113132150161159143114 76 38  72512 6UC 64716817231629999999999999912 8 95999999999999999999999
-10 -9  9 40 79116145161162151133114101 97103118136151157152134104 69 352512 7UC 73516318 615799999999999999 028-121252 9799999999999999
  8 -4  0 20 51 87119143154153141124109 99 98106119135146150142124 96 652512 8UC 822155185115099999999999999 115 -41336 9799999999999999
 36 15  8 15 35 63 94122140147143132117104 97 98105117129138139131114 912512 9UC 9 8147194013999999999999999 2 1  81426 9799999999999999
 65 42 27 24 32 51 76102123137140135124111101 95 95101110120126127120107251210UC 953140203712799999999999999 248 231526 9499999999999999
 88 69 52 42 41 50 66 87108124134135129118107 97 91 90 94101108114116112251211UC1038135215211699999999999999 335 401642 9099999999999999
103 90 76 64 57 58 66 80 97113126132131125115103 92 85 82 84 89 96104108251212UC1125133233610999999999999999 426 5718 8 8299999999999999
109104 96 86 77 72 73 79 91105118127132130123111 98 85 76 71 72 78 87 97251213UC1214132999999999999999999999 524 711921 7199999999999999
106110110105 97 89 84 84 89 98110121130133130121107 91 75 64 59 61 69 82251214UC 12611113 213399999999999999 634 832015 5999999999999999
 96109117119115107 99 92 91 94103114125133134129117100 80 63 51 47 52 64251215UC 249119134813599999999999999 749 912057 4799999999999999
 82101117127130125115104 97 94 98106118129136136127111 89 67 48 37 37 46251216UC 347130142913799999999999999 856 942134 3699999999999999
 65 88110128138138131118106 97 95100110123134140136122101 76 52 34 26 30251217UC 43113915 714099999999999999 949 9522 9 2699999999999999
 46 70 97122140147143132117103 95 95102115130140142133114 89 61 36 21 18251218UC 5101471542142999999999999991031 942243 1899999999999999
 29 51 80109134148151143128111 98 92 96107122136144141127103 74 45 23 12251219UC 54515216161449999999999999911 8 922316 1299999999999999
 15 32 60 91121143153151138121104 93 91 99114130142146138118 90 59 31 13251220UC 6181531650146999999999999991140 912349  899999999999999
  8 18 41 71104131148153146130111 96 89 92104121136146144130106 76 45 20251221UC 6511531723146999999999999991212 89999999999999999999999
  7  9 25 52 84115139150149138120102 91 88 95110127140145139120 93 62 34251222UC 725152175714599999999999999 023  61244 8899999999999999
 14  7 15 36 66 97125143149143129110 95 87 89 99115130140141130109 81 52251223UC 759149183414299999999999999 057  71320 8699999999999999
 27 13 13 26 50 80109132145146136120102 90 85 90101116130137134120 98 72251224UC 834147191413799999999999999 132 111359 8599999999999999
 46 27 18 23 39 64 93119137145141129112 96 86 83 89101114125130125112 91251225UC 91014520 113099999999999999 2 9 181447 8399999999999999
 68 46 32 29 37 55 79104126139143136122105 91 82 80 85 96108118122118106251226UC 94814321 112299999999999999 248 291544 8099999999999999
 89 70 53 44 43 53 70 92114131140140131116100 85 75 73 77 87 99109115114251227UC1029141222011599999999999999 333 421651 7399999999999999
106 93 78 66 59 60 68 83102120133139137127111 93 77 66 62 65 75 88100110251228UC1113139999999999999999999999 426 5818 2 6299999999999999
113111103 92 82 76 75 82 94109124135139135124107 86 68 54 48 50 61 77 94251229UC 0 511312 313999999999999999 532 751911 4899999999999999
108118120117108 98 91 88 92101113126136140135122102 78 56 39 31 34 47 67251230UC 153120125814099999999999999 656 882014 3199999999999999
 90111126133132124114104 98 99105116128138141135120 96 69 43 23 15 19 35251231UC 321134135414199999999999999 827 982110 1599999999999999
