-10 -7 12 44 82119146160158143122101 87 85 95114136154161154133 99 59 2325 1 1UR 72316118 416199999999999999 022-111241 8499999999999999
 -3-12 -3 22 58 97131153160152133110 90 80 83 97118141157161150124 88 4925 1 2UR 757160184716199999999999999 1 0-121318 8099999999999999
 16 -4 -7  8 37 74111140156157144122 99 82 76 82 99121142155155141113 7825 1 3UR 832159193215799999999999999 139 -814 0 7699999999999999
 43 15  2  5 24 55 90123146156151134111 89 75 72 80 9811913814914613110425 1 4UR 9 8156202114999999999999999 219  11446 7299999999999999
 73 43 23 15 23 44 74105132149153143124101 81 69 68 77 9311313013813612225 1 5UR 944153211713999999999999999 259 151538 6799999999999999
 99 74 51 37 34 45 65 92118138149147135115 93 74 63 61 69 8510211812612625 1 6UR1022150222712799999999999999 341 341639 6199999999999999
116100 81 65 56 56 67 84106126141146142128108 87 68 56 53 59 72 8810411525 1 7UR11 3146999999999999999999999 428 551750 5399999999999999
119115106 94 83 77 78 85 99115130141144138124104 82 62 48 42 45 57 74 9225 1 8UR 0 1119115214499999999999999 526 7619 7 4299999999999999
107117120117110102 96 94 98107119131140142137123102 78 55 38 29 31 42 6125 1 9UR 159120125114299999999999999 647 942020 2899999999999999
 83104120129130126117109104104110119130140143139124102 74 47 26 15 16 2925 110UR 341131135914399999999999999 8311032125 1499999999999999
 52 79106127140143138127115106104108118131142147142126100 69 38 14  2  525 111UR 44914315 314799999999999999 9551032220  199999999999999
 21 49 82113137151152143129113102 99104117133147153146127 97 61 27  2 -825 112UR 53715316 0153999999999999991053 9923 8 -899999999999999
 -2 20 53 90123147158155142123105 94 93102119138153157148124 90 51 17 -725 113UR 6171591651158999999999999991136 922351-1399999999999999
-13 -1 26 63102135155161152134112 94 86 89103124144158159146117 80 40  825 114UR 6521611736161999999999999991214 85999999999999999999999
-11-11  8 40 79116145159157142120 98 83 79 88106129149160157138106 67 3025 115UR 723160181816199999999999999 030-131248 7999999999999999
  3 -8 -1 24 59 97131152158149129105 85 74 76 90111134151157149126 92 5525 116UR 752158185615899999999999999 1 5 -81321 7399999999999999
 23  4  1 16 45 81116142154151136113 90 74 69 76 93115136149150136111 7825 117UR 818155193315199999999999999 138  01354 6999999999999999
 46 22 12 18 39 69102131148152141121 98 78 67 67 78 97117134142138122 9625 118UR 843152201114299999999999999 2 8 121428 6699999999999999
 68 43 29 27 40 63 92120141149144129107 85 70 64 68 80 9811512813112410825 119UR 9 7149205013299999999999999 236 2615 6 6499999999999999
 86 64 48 41 47 63 86111132144145134116 95 77 65 62 68 80 9611011912011225 120UR 932146213712099999999999999 3 3 411549 6299999999999999
 99 82 68 59 59 68 84104124137142137124106 87 72 63 61 67 77 9010110810925 121UR 959142224110999999999999999 332 581642 6199999999999999
105 96 86 78 74 77 86100115128136136129116 99 83 69 61 59 62 71 81 91 9925 122UR1031137999999999999999999999 4 4 741750 5899999999999999
103103100 95 91 90 93100109119128132130123111 96 80 66 57 53 55 61 71 8325 123UR 030103111413299999999999999 450 901911 5399999999999999
 94103108109108105103103106112118124127127121110 95 78 62 50 43 43 50 6325 124UR 257109122112899999999999999 6291032027 4299999999999999
 78 94108117121120116111107106109114121127128123111 94 74 54 38 30 30 4025 125UR 415122134512899999999999999 8421062127 2999999999999999
 57 78100118130133130121111104101104112122130133128114 92 67 42 23 15 1825 126UR 457134145413399999999999999 9581012214 1499999999999999
 33 57 84111132142142133119105 96 94100113127139142134115 87 55 27  7  125 127UR 5301441549142999999999999991043 942256  199999999999999
  9 31 62 96125145152146131111 94 86 88100118137149151138112 78 41 11 -725 128UR 6 11521637152999999999999991119 852334-1099999999999999
 -9  7 37 74111140156157143121 98 81 76 84102126148160157138106 66 27 -325 129UR 6311581721161999999999999991154 76999999999999999999999
-17-11 13 49 91128154163155134107 82 68 68 83108135157166159134 96 53 1525 130UR 7 116318 516699999999999999 012-171229 6699999999999999
-11-17 -3 28 68110144162163147119 90 67 57 64 84113142162168155126 85 4325 131UR 731165184916899999999999999 049-1713 5 5799999999999999
  9 -9 -7 14 49 90129156165156133102 72 53 50 62 86117145162163146115 7625 2 1UR 8 1165193416599999999999999 125-111344 4999999999999999
 39 13  3 12 38 74112144161161144116 84 58 44 45 61 8711714215515213410525 2 2UR 830163202115699999999999999 2 0  31425 4299999999999999
 71 43 25 24 39 66 99130152160151129100 70 48 38 43 61 8611213314313912225 2 3UR 858160211314399999999999999 235 221510 3899999999999999
 98 73 54 45 50 67 92119141153153139115 87 61 43 37 43 59 8110312012812525 2 4UR 927155221512899999999999999 3 9 4516 2 3799999999999999
114 98 82 71 69 76 91111130144148143127105 80 58 43 37 41 54 71 9010511325 2 5UR 958148234611599999999999999 344 6917 5 3799999999999999
115111104 96 92 92 98109121132139140133120101 80 61 45 38 38 46 59 75 9025 2 6UR1036141999999999999999999999 425 911828 3799999999999999
103111114114112110109111116122128132132128118103 85 65 48 36 31 35 46 6225 2 7UR 225115114113399999999999999 54610920 3 3199999999999999
 80 99113123127127123118114113115119125129129123110 91 69 47 30 21 23 3425 2 8UR 421128133413099999999999999 8561132122 2099999999999999
 54 78102122135139136128117108104105112121131135131118 96 68 42 21 10 1225 2 9UR 5 413915 51359999999999999910181032219  999999999999999
 28 53 83111134146147138123108 96 91 96108124138144140123 95 63 32 10  125 210UR 53514816 7144999999999999991059 9123 4  199999999999999
  8 29 60 95125146153148132111 93 81 81 92110131147153144122 89 52 21  125 211UR 6 31531655153999999999999991131 802341 -499999999999999
 -3 11 40 76112140155155141118 94 76 69 76 93118141156157143114 77 39 1125 212UR 62815717361599999999999999912 1 69999999999999999999999
 -3  2 24 58 96130152158148126 99 76 62 62 76100127150161156135101 62 2825 213UR 652158181316199999999999999 014 -41229 6099999999999999
  6  2 16 45 82119146159154135107 80 60 53 61 82109136155159148121 85 4925 214UR 714159184816099999999999999 044  11257 5399999999999999
 22  9 15 38 71107138156157142116 87 62 49 50 65 90118142154152134105 7125 215UR 734159192115599999999999999 111  91325 4799999999999999
 41 24 22 36 64 98129151158148125 96 68 49 43 52 72 98124142148140119 9025 216UR 754158195514899999999999999 136 201354 4399999999999999
 62 41 34 41 62 91121144155151133107 78 55 43 44 57 7910412513813812610525 217UR 814156203113999999999999999 2 0 341425 4299999999999999
 81 60 49 50 64 87113136150151139116 89 65 48 42 48 64 8510612212912511325 218UR 834152211012999999999999999 224 481459 4299999999999999
 95 78 66 63 70 86107128142147140124101 77 58 47 45 53 68 8610311411711425 219UR 855147215911799999999999999 248 631538 4599999999999999
104 93 83 78 80 90104120133140138128111 91 71 57 49 49 56 69 82 9510310725 220UR 918140231710799999999999999 312 781629 4899999999999999
106102 97 93 93 97104114124131132128117103 87 71 59 52 51 55 63 74 84 9425 221UR 946132999999999999999999999 338 931744 5199999999999999
101105107107107107108111116120123123120113102 89 75 63 53 47 47 53 62 7425 222UR10341249999999999999999999991930 47999999999999999999999
 88101111117120119116113111110112115118119116108 96 80 63 48 38 35 39 5125 223UR 411120124611999999999999999 8321102056 3599999999999999
 68 88107122131132127118109102100104111119125125118103 82 59 38 23 19 2625 224UR 440132143412699999999999999 9521002152 1999999999999999
 44 69 96120137143139127112 97 89 89 98112127137139129108 79 49 23  7  625 225UR 5 61431539139999999999999991029 882236  599999999999999
 19 45 77110137151152140119 97 81 74 80 96118139152152137108 72 36  8 -525 226UR 53315316301549999999999999911 2 742315 -699999999999999
 -1 21 54 93129153162153132103 78 62 61 74 99128153165161139104 62 24 -225 227UR 6 01621716166999999999999991135 592352-1099999999999999
-10  3 33 73114148166165146115 82 56 44 51 73106139164174164136 96 52 1625 228UR 62716818 11749999999999999912 9 44999999999999999999999
 -4 -3 18 54 97136163171159130 93 59 36 31 46 76113147171176161129 87 4625 3 1UR 654171184617699999999999999 028 -61244 3199999999999999
 17  5 14 42 80121154171167145109 70 38 22 25 46 80118151170170151119 8025 3 2UR 720172193117299999999999999 1 3  51321 2199999999999999
 47 26 24 40 71107142164170156126 88 51 25 15 24 49 8411914716115813910925 3 3UR 746170201816299999999999999 137 2314 1 1599999999999999
 79 55 45 50 70 99129154165160139106 70 39 19 16 28 53 8511513814714212625 3 4UR 81216621 914799999999999999 210 441443 1599999999999999
104 83 69 67 77 96120142156158146122 91 61 36 22 22 34 56 8210612313012825 3 5UR 838159221113199999999999999 241 671531 2099999999999999
117104 93 88 90100115132144149145131109 84 60 41 31 31 40 56 75 9410711525 3 6UR 9 4149234811799999999999999 311 871632 2999999999999999
117114110106105108115124132137137132120104 86 67 52 41 38 42 51 65 80 9425 3 7UR 933138999999999999999999999 3431051758 3899999999999999
105113118119119119118119121123124124122117107 94 79 63 49 41 39 43 54 6925 3 8UR 327119103812599999999999999 5471181949 3899999999999999
 86103117126130129125119113109109111116120121116106 89 70 52 38 31 34 4625 3 9UR 417130134312199999999999999 9411092113 3199999999999999
 65 87109127137139133122110 99 94 95103114125130128116 96 71 48 30 23 2825 310UR 4431391514131999999999999991018 9422 7 2399999999999999
 44 69 96121139146142128111 93 82 79 86101119135142138121 95 66 39 21 1725 311UR 5 614616 9142999999999999991046 792247 1799999999999999
 28 51 81112137150150137116 93 74 66 69 84107130146152142119 88 55 29 1525 312UR 5281521652152999999999999991112 652320 1599999999999999
 18 37 67101131151156146124 97 72 56 54 67 90117142156156140111 76 44 2225 313UR 5491561729158999999999999991138 532349 1699999999999999
 16 28 55 89123148159153133104 74 52 43 50 71100130153162154131 98 63 3525 314UR 6 915918 31629999999999999912 3 43999999999999999999999
 22 26 47 79114143159159142113 80 53 37 37 53 81113141159161146118 84 5325 315UR 629161183616299999999999999 016 211229 3599999999999999
 34 30 44 71105136157162150124 90 58 36 29 38 62 93125149160154133103 7325 316UR 64816219 916099999999999999 041 291255 2999999999999999
 49 40 46 67 97128152162155133101 67 40 26 28 46 73105133151154142119 9125 317UR 7 6162194215599999999999999 1 6 401322 2599999999999999
 67 53 53 67 92120145159157141112 79 49 30 25 35 57 8511413614714312810625 318UR 725160201614799999999999999 130 511350 2499999999999999
 84 68 63 71 89113136152156145122 92 62 39 28 30 44 68 9411813313813111625 319UR 745156205313899999999999999 153 631420 2799999999999999
 98 83 76 78 89107127143150145129104 77 53 37 32 39 54 76 9811512512612025 320UR 8 6150213712799999999999999 218 751455 3299999999999999
109 97 89 87 93105120133141141131114 92 69 52 41 40 47 61 78 9510811511625 321UR 828142224511799999999999999 243 871540 3999999999999999
113107102 99100106114124131133129119104 87 70 56 48 46 51 61 73 86 9810625 322UR 854133999999999999999999999 313 991646 4699999999999999
111113113111110110112116120123123120113103 90 77 64 54 49 49 54 63 76 8925 323UR 116113 93712399999999999999 4241101831 4899999999999999
102113120123122119115111109109112114116115110100 86 71 56 45 40 42 52 6725 324UR 318123121211699999999999999 8191092013 4099999999999999
 86105122132135131121110101 96 96102111120125123113 96 75 53 36 28 30 4325 325UR 354135141712599999999999999 925 952118 2799999999999999
 65 91116136146144133115 97 83 78 83 96114130140139126103 74 46 25 16 2325 326UR 42214615251419999999999999910 1 7822 6 1699999999999999
 42 72104133152156147125 99 76 62 61 73 96122145157154135105 70 38 16 1125 327UR 4481571619157999999999999991034 592247 1199999999999999
 24 51 87123151165160140109 76 51 40 46 68100134160171164139103 64 32 1425 328UR 51516517 71719999999999999911 8 402326 1299999999999999
 15 35 69109144167171156124 86 50 27 22 37 69108145171179167138 99 60 3125 329UR 5421721754179999999999999991143 21999999999999999999999
 20 29 56 93132162175168142102 60 25  8 11 35 73116153177180164132 94 6025 330UR 610176184118199999999999999 0 3 201220  799999999999999
 39 36 52 82118152173175157122 79 37  8 -2  9 38 79121156174174155125 9225 331UR 637177192817699999999999999 039 351258 -299999999999999
 66 53 58 77107139164174166140101 59 22  0 -3 14 45 8412315116516114311825 4 1UR 7 4174201716599999999999999 114 531339 -499999999999999
 93 76 72 81102127151166166151121 84 47 18  3  5 23 53 8711914115014613225 4 2UR 732168211115199999999999999 149 711422  299999999999999
114 98 90 91102119138153159153134106 74 44 23 14 18 34 59 8611112813513325 4 3UR 8 0159221613599999999999999 223 891511 1399999999999999
125114106103106115128139146146137120 98 73 51 35 28 31 43 61 8210011412225 4 4UR 829147235512599999999999999 3 01031612 2899999999999999
125122119115114116120126131133131124113 97 80 63 50 42 42 48 60 75 9110525 4 5UR 9 6133999999999999999999999 3571141735 4199999999999999
116123125125123119117115115116118119117113104 91 77 63 52 47 48 56 69 8525 4 6UR 22212611 011999999999999999 7291151919 4699999999999999
102117127132131126118109103100101106112117119114104 88 71 56 46 45 52 6725 4 7UR 321132134611999999999999999 9141002041 4599999999999999
 86107124136139134123108 95 86 84 89100113124129125113 94 72 54 43 42 5225 4 8UR 35213915 612999999999999999 948 842134 4199999999999999
 71 95118136145142130112 92 76 69 71 83101120135140134117 93 68 49 39 4325 4 9UR 4171451558140999999999999991017 682214 3999999999999999
 59 83110134148150140119 94 72 57 55 64 84109132146149137115 87 61 44 4025 410UR 4391511640149999999999999991043 542247 4099999999999999
 50 72101128149156149129101 73 51 42 47 65 92121144156153135108 79 55 4325 411UR 5 115617171579999999999999911 9 422317 4399999999999999
 47 64 91121146159157139110 78 50 33 32 47 73105135155161151128 98 71 5325 412UR 5211601751161999999999999991134 312345 4899999999999999
 49 60 83113141159162148121 87 54 31 22 31 54 86120147162161144118 89 6625 413UR 54116318251639999999999999912 0 22999999999999999999999
 55 60 78105134155164156132 99 63 34 18 19 37 66101133155162154134107 8225 414UR 6 2164185816299999999999999 012 551226 1699999999999999
 66 64 76 98125149162160142112 76 43 21 14 24 48 80114141157157144122 9825 415UR 622163193215999999999999999 039 631254 1499999999999999
 79 72 77 94117141157160149124 90 56 29 16 18 34 62 9412314415314813211125 416UR 64416120 615399999999999999 1 5 711323 1599999999999999
 93 81 81 92110131149157151133105 72 44 24 18 27 47 7410312714114413612225 417UR 7 7157204514599999999999999 132 801355 1899999999999999
105 93 88 92105122139149149138117 89 61 39 26 26 38 58 8310612513413512725 418UR 732151213113699999999999999 2 1 881431 2599999999999999
116104 97 97103115128139143138125104 80 58 41 33 35 47 65 8510411912612725 419UR 8 0143223712899999999999999 235 961517 3399999999999999
123115109105105110118127132133127115 98 79 61 48 41 43 51 65 82 9811212125 420UR 837134999999999999999999999 3241041620 4199999999999999
125124120115111109111114119122123120112100 85 69 56 48 46 51 61 76 9310825 421UR 018125 94412399999999999999 5 71091748 4699999999999999
121128131128121114107103103107112117119117109 96 80 64 51 45 46 55 71 9125 422UR 15413112 311999999999999999 7291031921 4499999999999999
111127138140134122108 96 88 87 93103115125128123110 90 70 52 41 41 51 7125 423UR 246140135412899999999999999 838 862032 4099999999999999
 95120139149148136116 94 76 67 68 80 99120136143139123 99 72 50 38 39 5325 424UR 32215015 714399999999999999 922 662127 3799999999999999
 77107134153159151129101 72 52 44 52 72100129150159153133104 74 50 38 4325 425UR 35415916 51599999999999999910 0 442214 3899999999999999
 62 91124151166164146115 79 46 26 24 39 69105140164172163139106 74 52 4425 426UR 4251671658172999999999999991039 222257 4499999999999999
 53 77110142166173162134 95 54 21  5  9 33 70112150174179167140107 77 5825 427UR 4551741748180999999999999991118  42338 5499999999999999
 56 70 97130159175174153117 72 31  1 -9  3 33 75119156177180165137106 8125 428UR 5261771838181999999999999991158 -9999999999999999999999
 68 71 89117147169177167139 98 53 14 -9-13  4 39 8112415717417415813210625 429UR 558177192817699999999999999 018 671240-1499999999999999
 87 81 88108133157172172155123 81 40  7-10 -8 13 47 8712515316616314812725 430UR 630174201916799999999999999 058 811323-1199999999999999
107 95 93103122143160167161141108 71 35 10 -2  4 25 56 9112314515415113925 5 1UR 7 4167211415499999999999999 138 931410 -299999999999999
123110103104114129144155157147127 98 67 39 20 13 19 38 64 9311813514214125 5 2UR 741157221614399999999999999 22010215 1 1399999999999999
132122113109111118128138144143134117 94 70 49 34 29 34 49 70 9211212713425 5 3UR 824145233113599999999999999 3121091559 2999999999999999
134129122116112112115121127130130124112 96 78 61 49 43 47 57 73 9110912225 5 4UR 925131999999999999999999999 43211117 8 4399999999999999
130132130124117110107106108113117120119113102 88 73 61 54 55 62 75 9210925 5 5UR 054132111612099999999999999 6401061827 5499999999999999
123132135132124114103 96 92 94 99107115119118110 98 83 70 61 60 66 79 9625 5 6UR 158135131811999999999999999 812 921942 5999999999999999
114129138139133120105 91 81 77 81 90104116125126119106 89 74 64 62 70 8425 5 7UR 240139143912799999999999999 9 1 772042 6299999999999999
104123138145142130112 92 74 64 63 71 87106123134135127110 91 75 65 66 7625 5 8UR 313145153713699999999999999 936 622129 6499999999999999
 94115135148150140121 97 73 56 48 53 68 91115134144143131111 90 74 67 7125 5 9UR 34115016231459999999999999910 7 4822 8 6799999999999999
 86107130147155150132106 78 53 38 37 49 72100127146153148131109 88 74 7125 510UR 4 615517 3153999999999999991036 362244 7099999999999999
 80 99122144157157143118 86 56 34 25 32 52 81113140156159148127104 85 7525 511UR 43115917401599999999999999911 4 252317 7499999999999999
 78 92114137155161152130 99 65 36 20 19 34 61 94127151162159143121 98 8325 512UR 4561611816163999999999999991133 172348 7999999999999999
 79 88106129150161159142113 78 45 21 12 20 42 74109139158163154135113 9425 513UR 52116218511639999999999999912 2 12999999999999999999999
 84 86100121142158162151127 94 58 29 12 12 27 54 8812114616015914612610625 514UR 547162192616199999999999999 019 831233 1099999999999999
 91 88 95112133151160156139110 76 44 20 11 17 37 6710012914915615113611725 515UR 61416020 315699999999999999 049 8813 6 1199999999999999
101 92 94105123141154157147125 94 62 35 18 15 27 50 7910913314815014212825 516UR 644157204315199999999999999 121 921342 1599999999999999
112100 96101113129144151149135112 83 54 32 21 23 37 60 8711313314414413525 517UR 717152213014599999999999999 157 961422 2099999999999999
122110102100106118131141145140125102 76 53 35 28 32 46 68 9211513114013925 518UR 756145222614099999999999999 24110015 9 2899999999999999
132121111104103108117127135137131118 98 77 57 42 36 40 53 73 9411513013825 519UR 848137233113999999999999999 34110316 6 3699999999999999
138132122112104101103110118126129126116101 83 65 51 45 47 58 75 9611613125 520UR10 5129999999999999999999999 5 51011714 4499999999999999
140141135124111 99 93 92 97106116124126121110 93 76 61 52 53 62 78 9912025 521UR 037141114912699999999999999 635 921829 5199999999999999
136145146137122104 88 78 75 81 94109123131131122107 88 71 60 58 66 8310525 522UR 131147132913299999999999999 746 751941 5799999999999999
127145153150137116 92 70 57 55 65 83106127141144137120 99 79 66 64 72 9125 523UR 216153144914599999999999999 840 552044 6399999999999999
114138155160153133104 73 48 34 35 50 76106134152158150132108 87 73 71 8125 524UR 256160155515899999999999999 927 332140 7099999999999999
101127150164165151123 88 52 26 13 19 40 73110142163169160140115 93 79 7925 525UR 3341671653169999999999999991012 132232 7799999999999999
 92114140161172167145111 70 32  6 -3  8 36 75115150171176165143118 97 8625 526UR 4121721748176999999999999991057 -32319 8599999999999999
 88103127151170175164136 97 54 16 -7-11  5 37 7912115517417716514211810025 527UR 4501751840178999999999999991142-12999999999999999999999
 92 98114138160174174157125 84 41  7-12-11  9 43 8512615617317315913811725 528UR 530176193017599999999999999 0 5 921228-1499999999999999
102 98106123145163173168148114 74 35  5 -9 -4 18 53 9212915516716515113225 529UR 611173201916899999999999999 050 981315 -999999999999999
114103102112128147162167159137105 68 34 10  1  9 32 64 9913015116015514225 530UR 65516721 716099999999999999 13410114 2  199999999999999
125111103105114129145156158148127 97 66 38 20 15 25 46 7510513114715114625 531UR 741158215515299999999999999 2211031450 1599999999999999
134120108103105114126138146146137118 94 68 46 33 31 42 61 8611113114314525 6 1UR 831147224414599999999999999 3141031538 3099999999999999
139128116106101102109119128134135127113 93 73 57 47 47 57 75 9611613214025 6 2UR 932135233414299999999999999 4171011629 4699999999999999
141135124112102 96 96101108117123125121111 97 81 68 61 62 71 8610412113425 6 3UR1051125999999999999999999999 534 961724 6199999999999999
140140132121108 96 89 87 90 97107115120120114103 91 80 73 74 82 9511112625 6 4UR 024141122712199999999999999 654 871825 7399999999999999
137142140131117101 87 78 75 78 87 99112121124120112100 89 83 83 9010211725 6 5UR 111142135912499999999999999 758 751930 8299999999999999
132142145140128110 91 75 64 62 68 81 97114126132129120108 96 89 89 9610925 6 6UR 155145151113299999999999999 847 622032 8899999999999999
124138147148139122100 78 60 50 51 61 79101121135141138127113100 93 9310125 6 7UR 23414916 614199999999999999 927 492127 9299999999999999
116132145152148134112 86 61 44 37 43 59 83109132146150144130114101 94 9725 6 8UR 31015216521509999999999999910 3 372214 9499999999999999
108124140152155146126 98 69 45 30 28 40 63 91120143156156146129112 99 9525 6 9UR 3441551732157999999999999991037 272255 9599999999999999
101115133149157155139114 82 52 29 19 24 42 71103132153162158144125108 9725 610UR 4171581810162999999999999991111 192331 9699999999999999
 97107124142156160151130 99 66 37 18 14 25 50 8211514316016415513711810225 611UR 4501601846164999999999999991145 13999999999999999999999
 96100114133151161160145118 84 51 24 11 14 31 60 9412715116316114812911025 612UR 524162192116499999999999999 0 6 961221 1099999999999999
 98 96105122141156162156135105 70 39 17 10 18 41 7210613615516215513912025 613UR 6 0162195816299999999999999 040 961257 1099999999999999
104 96 99111129147159160149125 93 59 31 14 13 27 53 8511714315715814813125 614UR 637161203615999999999999999 116 961335 1299999999999999
113100 95101115133149158155140114 83 52 28 17 21 38 65 9612614715615414125 615UR 718158211615799999999999999 156 951416 1799999999999999
124107 97 95102117133147153148132106 77 50 31 25 32 51 7810713214915514925 616UR 8 4153215815599999999999999 241 941459 2599999999999999
135118103 94 93101114130142146141125102 77 54 40 36 45 64 9011613815115325 617UR 859146224315499999999999999 334 921546 3699999999999999
145131113 98 89 88 95107122134139136123104 82 64 52 51 60 7810112414215225 618UR10 6139233015399999999999999 437 871638 5099999999999999
152143126108 91 80 78 84 96112125133134125111 93 77 67 66 74 9011013014625 619UR1131135999999999999999999999 547 781739 6599999999999999
154152140122101 82 68 64 69 83100118130136133122107 93 83 80 8610011813625 620UR 01815413 713699999999999999 656 641848 8099999999999999
150156153139117 92 69 53 47 53 68 90112131142143136123108 97 92 9610812425 621UR 1 9156143814499999999999999 8 0 4720 3 9299999999999999
141155160154137111 82 55 37 30 37 56 8211013515015514913612010710010311325 622UR 159160155515599999999999999 859 30211510099999999999999
130147160164155135105 71 41 20 14 24 47 7811214115916616014512711210410625 623UR 250164165816699999999999999 953 14221910499999999999999
117135153166168156132 98 60 28  7  3 16 43 7911614816717316514812911310525 624UR 3411681753173999999999999991045  2231310599999999999999
108121140158171171156128 90 50 18 -2 -3 14 45 8412315417217516514612510925 625UR 4311721841176999999999999991135 -5999999999999999999999
103109124144163174171153122 82 42 11 -5 -2 18 52 9313115917417215913811825 626UR 520175192517599999999999999 0 11031222 -699999999999999
104101110127148166174169148114 75 37 10 -2  5 29 6510413816217116514912825 627UR 6 717420 517199999999999999 04510013 7 -299999999999999
109 98 99111130150166171162139106 68 35 13  8 19 46 8011614516316615513725 628UR 654171204216699999999999999 127 971349  799999999999999
117101 94 98111130149162164152129 97 64 37 22 23 38 65 9712815016115814425 629UR 739164211616199999999999999 2 8 941429 2099999999999999
125107 94 91 97111129145154153141118 90 64 44 36 41 59 8511313815315714925 630UR 825155214815799999999999999 251 9115 6 3699999999999999
134115 99 90 89 96109125138144142129110 88 68 55 53 62 8010312614415315125 7 1UR 914144222115499999999999999 338 881542 5299999999999999
141125108 94 86 86 93104118128134131121106 90 76 69 71 81 9811813514715125 7 2UR1012134225515199999999999999 431 851620 6999999999999999
146134118102 89 82 81 87 98109119125125119108 97 88 85 88 9711112714014725 7 3UR1128126233414999999999999999 533 8117 5 8599999999999999
148141129113 97 84 76 75 80 89101112120123122116108101 9910110811913114125 7 4UR13 7123999999999999999999999 641 7418 4 9999999999999999
146146138125108 91 77 68 66 71 81 9510912112812912611911310910911412313325 7 5UR 022147144512999999999999999 747 66192510899999999999999
141146145136122103 84 68 58 56 62 75 9311112613613913612912011411211612425 7 6UR 117146155713999999999999999 844 56204911299999999999999
134143148145135118 96 74 56 46 46 55 73 9511713614714914413412211411211525 7 7UR 213148164714999999999999999 933 45215411299999999999999
125136146151147133112 87 62 44 35 38 52 7510212714715615614713311911010925 7 8UR 3 41511727157999999999999991016 34224210899999999999999
115127141152156148130104 75 49 30 25 33 53 8111213915716315814512811310525 7 9UR 35015618 2164999999999999991055 25232010499999999999999
107117133149159160148125 94 61 35 19 18 32 59 9112415016516715613811910525 710UR 4331611836168999999999999991133 17235510099999999999999
100106121140157166162145116 81 48 22 11 17 37 6910513716017016514912810825 711UR 51416619 9170999999999999991211 11999999999999999999999
 97 97108127149165170162139105 68 35 14  9 21 48 8312015016817115913911625 712UR 555170194117199999999999999 030 951247  999999999999999
 98 90 96112134155169171157130 94 57 28 12 14 32 6310013416017116715012725 713UR 636172201317299999999999999 1 5 901324 1199999999999999
104 89 86 96115138159170167150120 84 50 26 17 26 49 8211714716617016013925 714UR 719171204517199999999999999 144 8514 1 1799999999999999
114 93 81 83 96117140158166160141111 78 50 33 30 43 6910113315716916615025 715UR 8 6166211816999999999999999 225 801439 2999999999999999
127103 84 75 79 94115137153159152133106 79 57 46 49 65 9011914516216715925 716UR 857159215116799999999999999 311 751518 4699999999999999
140116 93 76 70 75 90110130145150144128107 86 71 65 71 8710913315216316225 717UR 957150222716499999999999999 4 3 7016 0 6599999999999999
151131107 85 70 64 69 82101120134141138128113 99 89 86 9210512314115516125 718UR111414123 916199999999999999 5 4 641649 8699999999999999
157144125102 80 64 57 60 71 8910712413413713312511510810510911813114415425 719UR1255137999999999999999999999 613 57175610599999999999999
158154142122 99 77 59 49 49 58 75 9611613114114313913212411911912413214325 720UR 0 2158144814399999999999999 730 47193311899999999999999
152157154143123 99 74 52 39 36 45 63 8711213414815415214513412612112313025 721UR 110157161315599999999999999 843 36211512199999999999999
141152158158147126 99 70 44 28 24 33 54 8311314015816516215113712411711825 722UR 225159171016599999999999999 948 23222511699999999999999
126140154164164152129 98 64 35 17 14 26 52 8512014916717316615013211710925 723UR 3321651754173999999999999991043 13231510999999999999999
112124142159170170156129 94 57 26  9  9 26 57 9413115917417516214212110625 724UR 4301721831177999999999999991130  7235510099999999999999
101107124146166177174156125 86 48 19  6 11 34 6910814416817717115312910725 725UR 52117819 5177999999999999991213  5999999999999999999999
 94 94106127151171180173151116 77 41 17 10 22 50 8712515617317516113811325 726UR 6 6180193517699999999999999 032 931251 1099999999999999
 94 86 91108132156173178167141105 67 37 20 22 40 7110814216517416714712225 727UR 64817820 217499999999999999 1 7 861326 1999999999999999
 98 83 81 91112136158171171155128 94 62 39 31 40 64 9612915617016915513125 728UR 728173202717299999999999999 141 801357 3199999999999999
106 86 77 80 94115138157165159141115 85 61 48 49 64 8911914616416916014025 729UR 8 7165205016999999999999999 216 761426 4699999999999999
116 94 79 74 81 97117137151154146129106 83 68 63 70 8811213715716516214825 730UR 848154211416699999999999999 253 741454 6399999999999999
126104 85 75 74 83 99117133142143134120102 88 80 81 9211013014816016115225 731UR 934144213816299999999999999 333 731522 7999999999999999
136115 96 81 74 75 84 98113125132133127117106 98 9510011012514015215615325 8 1UR103413322 615699999999999999 421 731553 9599999999999999
143127108 92 80 74 75 82 9310611712412712512111511111111512313314314915025 8 2UR12 7127224415099999999999999 520 73163611199999999999999
146136122106 91 79 72 72 77 86 9810911912612912912712412312412813414014425 8 3UR1426130234514599999999999999 636 7118 512399999999999999
145141133121106 90 77 68 65 68 77 9010512013113814013813412912712713013525 8 4UR1557140999999999999999999999 758 65202712699999999999999
140143142135123106 88 71 59 55 58 69 8610612514114915114613712912212112425 8 5UR 117143164215199999999999999 9 6 54214812199999999999999
132140146147140125105 82 61 47 42 48 64 8711313615316015814813412211411425 8 6UR 237147171516099999999999999 957 42223311399999999999999
121133145154155145126100 72 48 33 31 42 65 9412414916516815914312511010425 8 7UR 3351561744168999999999999991040 3023 710499999999999999
108121138155165163149123 91 58 33 21 24 42 72107140163174170154132111 9725 8 8UR 4231661813174999999999999991118 202339 9599999999999999
 96106125148166175169148116 78 44 21 13 24 50 86124156175178166143117 9525 8 9UR 5 71751841179999999999999991154 13999999999999999999999
 85 90107133158177182170143105 66 33 14 14 33 66106143171182176155127 9925 810UR 54918219 918399999999999999 011 851229 1299999999999999
 80 76 87111140167183184166134 94 56 28 17 25 51 8812716118118316714010825 811UR 631186193618499999999999999 045 7513 4 1799999999999999
 82 68 70 88116146172184180158124 85 52 32 29 45 7511214817418417615312225 812UR 71518520 418499999999999999 122 671338 2899999999999999
 90 68 59 67 89119149171179171148115 82 56 45 50 7010113416317918016413725 813UR 8 0179203118299999999999999 2 0 591412 4499999999999999
104 76 58 55 67 90119146164169159138111 86 69 65 75 9712415117117817015025 814UR 850169205917899999999999999 242 541446 6599999999999999
121 92 68 54 54 67 89115138153156148132113 96 88 8910111914116017017015825 815UR 947156212917299999999999999 330 531522 8799999999999999
137111 85 65 55 55 66 8510612613914414013112111210811112113514916016416025 816UR11 414422 416499999999999999 427 5316 310899999999999999
148130107 85 68 57 55 63 77 9411212613513813713312912712813314014815315625 817UR13 8138225915699999999999999 540 5517 912799999999999999
153144129111 91 72 59 53 56 65 81 9911713114114614614313913513413614014525 818UR1529147999999999999999999999 713 53195313499999999999999
149150146135119 98 76 58 47 45 53 69 9111413515015715715114213312712613025 819UR 045150162915899999999999999 842 45214312699999999999999
138147154154145127103 77 53 38 34 43 63 9011914416116816415213712311411425 820UR 23015517 616899999999999999 948 34223211399999999999999
122136151162164154133104 72 45 28 26 39 65 9813015717217316214412410710025 821UR 3411651737174999999999999991038 2523 810099999999999999
105119139159172173160133 99 63 35 21 25 44 76113146169178172153129106 9125 822UR 43417518 4178999999999999991119 212340 8899999999999999
 89100121147169181178159127 89 53 29 21 32 58 95132162178178163137110 8825 823UR 5191821829180999999999999991155 21999999999999999999999
 78 83102128156177185176151115 77 45 28 29 48 80118152175181171147117 9025 824UR 559185185318199999999999999 010 781227 2699999999999999
 73 71 83108137164181183167138102 67 43 36 46 72106141168181176156127 9725 825UR 636184191418199999999999999 040 701255 3599999999999999
 74 64 69 88116145168179174154123 90 63 49 51 69 9813216017717816413710725 826UR 711179193418099999999999999 1 9 641322 4899999999999999
 80 63 61 73 96124150168172161139111 84 66 62 73 9512415217217816914711825 827UR 747172195417899999999999999 139 601347 6299999999999999
 89 68 59 63 80104130151162161147126103 85 77 81 9611914416417417015412925 828UR 823163201417499999999999999 210 591411 7699999999999999
101 78 63 60 69 87110131147153148135118102 93 9210111713715616716815713825 829UR 9 3153203416999999999999999 243 601435 9199999999999999
114 91 73 64 66 76 9311212813914213712811710810510811813214715816115714425 830UR 953142205716199999999999999 321 6415 010599999999999999
125105 87 74 69 71 80 9410812112913213112712211911912313014014815215214525 831UR1112132212315399999999999999 411 69152911899999999999999
134119103 89 78 73 74 80 8910011112012713013213113113113213513914214414225 9 1UR141313222 714499999999999999 523 73163613199999999999999
138130119106 94 83 75 72 73 80 9010311612713614114314113713413213113313525 9 2UR1550143999999999999999999999 7 7 71203413199999999999999
137137133125113 98 83 70 63 62 69 81 9911813514715315214613612812212112525 9 3UR 028138162015399999999999999 836 62214112199999999999999
132139144143134119 99 78 60 50 49 59 7810212714816016315614312811510911125 9 4UR 221144164616399999999999999 934 48221410999999999999999
121134148156155143122 95 67 46 36 39 55 82113142163172168153132112 98 9525 9 5UR 3241571711173999999999999991017 352244 9599999999999999
104122143161170166148119 85 54 32 26 36 60 94130160178179166141114 92 8125 9 6UR 4131711736180999999999999991054 252314 8099999999999999
 85102128155176183174148113 74 42 23 24 42 75114151177187178154122 92 7125 9 7UR 45718318 1187999999999999991129 212346 6699999999999999
 66 79105138168188191175144103 64 35 23 32 59 97137171189188168136 99 6925 9 8UR 54019218271919999999999999912 4 23999999999999999999999
 53 56 77110147178195192171135 94 59 37 34 51 83122160185193181151113 7625 9 9UR 623196185319399999999999999 020 521238 3299999999999999
 49 41 52 80117154182194187162126 90 61 48 54 76110146176191188166130 9125 910UR 7 7194191919299999999999999 056 411312 4899999999999999
 57 37 36 53 84121156179186176151120 91 71 67 7910413516418418817514711125 911UR 754186194518899999999999999 134 341345 6799999999999999
 74 47 34 38 58 88122151170173162142118 98 88 9110512815317218217715913025 912UR 844174201118299999999999999 215 331418 8899999999999999
 97 66 45 38 44 63 9011814115515815013612111110811312714416017117216314425 913UR 943158203917399999999999999 3 2 38145110899999999999999
119 91 68 52 46 52 67 8710912814014414213613012512613013914915716115915025 914UR11 9144211116299999999999999 4 0 46153012599999999999999
135116 95 76 63 56 57 66 81 9711312713614014114013913813814114414714814825 915UR1355141221414899999999999999 519 55171213899999999999999
143134121106 89 74 63 58 61 71 8510212013514515015114714213613213113313725 916UR1535151999999999999999999999 7 6 58205613199999999999999
141143141132118100 81 64 55 53 61 77 9912114115416015714913612511711512025 917UR 1 4143161016099999999999999 838 53214711599999999999999
130141150152145129106 82 60 47 46 56 7710413115216516615714112310810010225 918UR 245152163716799999999999999 938 452219 9999999999999999
113130148161164154134106 76 53 40 43 59 86117146166173167149126104 88 8425 919UR 34516417 1173999999999999991022 402248 8499999999999999
 93112136159172173158132 99 67 45 38 47 70102136162176175159133105 83 7125 920UR 4311741724178999999999999991057 382316 7199999999999999
 75 92119147170181176155123 88 59 42 43 60 90125156176180168143112 83 6425 921UR 5111811745181999999999999991128 402343 6099999999999999
 60 73 98129159179184172145111 78 54 47 56 81114148173183176153121 88 6325 922UR 54718418 6183999999999999991157 47999999999999999999999
 51 57 78109142169183181162132 99 72 57 59 77106139167182181162132 97 6725 923UR 622184182518499999999999999 010 511223 5699999999999999
 48 46 61 88121152174181172149119 91 71 67 77101131159178182169143109 7625 924UR 656181184418399999999999999 037 451248 6699999999999999
 52 42 49 70100133159174174159135109 88 78 82 99124151171180173152121 8825 925UR 72917619 418099999999999999 1 4 421313 7899999999999999
 60 45 44 58 82112140160168162146124104 92 9010012014316317417315813210225 926UR 8 4168192417599999999999999 133 421337 8999999999999999
 73 53 46 51 69 9312014215515714913511810510010511813615316616816014111525 927UR 842158194416999999999999999 2 3 4614 210099999999999999
 89 67 54 53 62 7910112213814614613912811811211211913114415516015714512625 928UR 92814720 616099999999999999 238 52142811199999999999999
104 83 68 60 62 70 8510211813013613613312812312212312913714515015014413325 929UR1038137203115199999999999999 322 60145912299999999999999
118101 86 74 68 69 75 85 9711012012813213413313213113113313613814013913525 930UR131113421 914099999999999999 428 68162713199999999999999
127117105 93 82 74 71 72 78 881011141261351411431411371321291271271291312510 1UR1459143235713299999999999999 612 71202312799999999999999
132130124115102 88 75 66 64 68 79 951131311451521531461361251171131141212510 2UR1533153999999999999999999999 753 64211311399999999999999
129137140137126109 89 70 57 53 59 74 96121143158164158145127110 99 971042510 3UR 2 2140155916499999999999999 856 532144 9699999999999999
118135149155151136112 85 61 46 43 54 76106136160172171156133108 88 78 822510 4UR 3 8155162417399999999999999 943 432214 7899999999999999
 98121146164171163142111 79 52 38 40 58 88123155176182170145113 83 63 592510 5UR 3591711649182999999999999991023 372245 5899999999999999
 71 97130160180184171143107 72 46 37 46 72107145174188183161126 87 56 412510 6UR 44518517151899999999999999911 0 372319 4099999999999999
 44 67101140173192192173140102 68 47 45 62 93131166188192176143101 61 332510 7UR 5301951742193999999999999991136 432354 2499999999999999
 24 37 67108150182197193169135 98 69 56 61 84118153182194187161120 76 382510 8UR 61619818 9195999999999999991212 55999999999999999999999
 17 16 36 72115156184195186162129 98 77 71 83109141170189191174141 98 562510 9UR 7 2195183719399999999999999 032 141248 7199999999999999
 25 11 17 42 79120156179186175152125102 89 91106131157178188181158122 82251010UR 75118619 518899999999999999 112 101323 8899999999999999
 46 22 15 25 50 85121150168172162144124110105110125145164177178165141109251011UR 844172193517999999999999999 155 15135910599999999999999
 75 47 29 26 36 59 88117140154157150139128120119125137150162167163150129251012UR 94715720 716799999999999999 244 25143811999999999999999
103 77 56 42 40 48 65 87109127140145144139134130130133139146151152148139251013UR1118145204815299999999999999 344 40153812999999999999999
124106 87 70 58 53 57 67 82100116130139143143141137133132132133135137137251014UR1332143223313899999999999999 5 5 53182913199999999999999
134126115100 84 71 62 60 66 77 93111127140147149145138129122117116120126251015UR1446149999999999999999999999 646 60203911699999999999999
132136135127113 96 79 66 60 63 74 92112132147155154145132117105 99100108251016UR 115136152315699999999999999 811 602121 9899999999999999
121134144146138122101 80 64 57 61 76 97122144158161154139118 99 86 82 88251017UR 242146155016299999999999999 9 9 572153 8199999999999999
103123142154156146126101 77 61 57 65 84110137157167163148124 99 78 67 69251018UR 338157161416799999999999999 952 562222 6699999999999999
 83106132154165163148123 96 72 59 60 75 99128154169171158134104 76 58 53251019UR 4221661637172999999999999991027 582249 5299999999999999
 63 86115144165173165145117 89 69 62 70 91119148169176167144113 80 54 42251020UR 5 11731658176999999999999991058 622316 4199999999999999
 46 65 95128157174176162137108 83 69 70 85111140164177174155124 88 57 37251021UR 5371771719178999999999999991127 672342 3399999999999999
 34 47 74108142167178173154127100 80 74 83104132158175178164136100 65 39251022UR 6111791740179999999999999991155 74999999999999999999999
 28 34 55 88123154173177165143117 95 83 85100124149169177170147114 77 47251023UR 64517718 117799999999999999 0 9 271222 8299999999999999
 29 27 41 68102135160172169154132109 94 90 98117140161173172155127 92 60251024UR 718173182317499999999999999 037 251249 9099999999999999
 36 27 33 53 83115143161166159142122105 97100113132151166169160138108 76251025UR 753166184717099999999999999 1 6 271316 9799999999999999
 49 34 32 44 67 95123144156156147132117106104111125141156163159144121 93251026UR 831158191116399999999999999 137 31134410499999999999999
 66 47 38 42 56 78102125141148146138126116111113120132144153154146130108251027UR 917148193915499999999999999 213 38141711199999999999999
 85 65 51 47 52 65 84104122134140139133126120118120125133140144142134120251028UR1020140201314499999999999999 257 4715 611899999999999999
103 84 69 58 55 59 70 85101117128135137135131126123122124127131133132127251029UR1156137211213399999999999999 356 55164912299999999999999
117104 90 77 67 61 62 70 82 97112126136141141137130123117115115119123126251030UR1331141233312799999999999999 520 61191711599999999999999
126122113100 86 73 64 61 66 77 93112130143149149141129115104 99100106116251031UR1423150999999999999999999999 652 612023 9899999999999999
126133133126112 94 76 63 57 61 75 95118140154159154139119 99 84 78 83 962511 1UR 133134145815999999999999999 8 5 5721 3 7899999999999999
115133145148140123100 77 60 54 60 78103131154167167153129100 75 60 57 692511 2UR 246148152916899999999999999 9 0 542139 5699999999999999
 92119144161164153131103 76 59 54 65 88118147169177168144111 76 48 35 392511 3UR 343164155817799999999999999 947 542216 3499999999999999
 60 92127158175177162135104 76 60 60 76104136164181181162128 87 49 22 142511 4UR 4351781628183999999999999991030 582253 1499999999999999
 27 56 96137169186184165136104 78 67 72 93123154178187177149108 63 25  32511 5UR 5241871659187999999999999991111 672333 -199999999999999
  2 22 58103145176190185164134104 83 77 88111141169186186168132 87 42  82511 6UR 6131911731189999999999999991152 77999999999999999999999
 -8 -2 24 64109150177188180158130106 91 91104128155177186179154115 70 302511 7UR 7 218818 518699999999999999 014 -81232 8999999999999999
  2 -8  3 32 71114149172179170150127109100104119140162177179166139101 612511 8UR 753179184018099999999999999 058 -8131210099999999999999
 27  5  1 14 42 78115145163167159143126113109114128146161170167152126 932511 9UR 848167191817099999999999999 144  0135510999999999999999
 59 32 16 15 28 53 83113137152155149137125117115120131143153157153139117251110UR 94815520 215799999999999999 235 14144711599999999999999
 91 65 44 32 31 42 62 86110130142146142135127120118120126133139142139130251111UR105914621 214299999999999999 333 3016 211899999999999999
114 95 75 58 48 46 54 69 88108125136141141135128120115113115119124128129251112UR1219142224512999999999999999 440 4618 111399999999999999
125116103 87 72 62 58 63 74 90107124136142142136126116106100 99103110118251113UR1327143999999999999999999999 558 581943 9999999999999999
124126122112 99 84 72 67 69 78 93111128141147144135121105 92 84 83 89100251114UR 051126141414799999999999999 715 662039 8299999999999999
114126132131122107 91 78 71 73 83100119137149152145130110 90 74 67 68 79251115UR 221133144915299999999999999 819 712119 6699999999999999
 97116132141140129113 95 81 74 78 91110130147156154141119 94 71 56 51 59251116UR 323142151915799999999999999 9 9 742152 5199999999999999
 77101124143151147133114 95 81 77 84101122143157161151130102 74 51 39 41251117UR 411151154616199999999999999 951 772222 3899999999999999
 56 81110136154159151133112 93 82 82 94114136155164160142114 81 52 33 27251118UR 4531591612164999999999999991029 802251 2799999999999999
 37 60 91123149163163150130107 90 84 89106128150164165153127 93 60 33 20251119UR 53016516371669999999999999911 3 842319 1999999999999999
 23 41 71105137159168162145123102 89 88 99119142160167161140108 72 40 19251120UR 6 516817 3167999999999999991135 872349 1499999999999999
 14 25 51 84119148165167156136115 98 91 95111132152165165150123 88 53 26251121UR 64016817301679999999999999912 5 90999999999999999999999
 13 16 34 64 99131155165162147126107 95 94104122143159165157136105 70 39251122UR 714166175816599999999999999 019 121235 9399999999999999
 18 13 23 46 78111139156161153136117103 96101114132149160159145120 88 56251123UR 749161182716199999999999999 051 1313 6 9699999999999999
 31 18 19 34 60 90120142154153143127111101100107121137150155149132106 76251124UR 827155185915599999999999999 125 161340 9999999999999999
 48 29 22 28 46 71 99124142149145135121109103104112125138147147138120 95251125UR 910149193514899999999999999 2 3 22142110299999999999999
 69 47 33 30 38 56 80105126139144140130119109105106113123133139137128111251126UR10 0144202013999999999999999 245 29151510499999999999999
 90 68 50 40 39 48 65 86108126138141138129119110104104109116124129128121251127UR1058141212612999999999999999 335 38163210499999999999999
108 91 73 58 49 48 56 71 90110127138142139130119107 99 96 98104113120123251128UR12 114223 612399999999999999 436 4718 5 9699999999999999
121112 98 83 68 59 56 62 75 94113131142146142131115 99 87 80 82 89101114251129UR1259146999999999999999999999 547 561921 8099999999999999
123126122111 95 80 68 63 67 80 98119137149152144128107 85 68 60 62 74 92251130UR 056126134615299999999999999 7 2 632017 6099999999999999
112128136135125109 91 76 69 73 86105127146157157144121 93 65 45 37 43 612512 1UR 223137142815999999999999999 811 6921 5 3799999999999999
 87114137149150139120100 83 75 79 93115138157165160140109 74 42 21 16 272512 2UR 33215115 716599999999999999 911 752150 1599999999999999
 52 86120147162163150129106 88 81 86103126150167171159132 94 54 20  0 -12512 3UR 43116415461719999999999999910 5 812234 -399999999999999
 16 49 88127157172171156133109 92 86 94113138161174173154121 78 36  2-142512 4UR 5261741626176999999999999991055 862319-1599999999999999
-11 12 50 94134164177174157132109 94 92102123148168178171147109 64 22 -92512 5UR 61717817 7178999999999999991141 91999999999999999999999
-21-12 15 55100139166176170152129108 96 97110131154171176165137 98 54 152512 6UR 7 7176174917699999999999999 0 5-211226 9599999999999999
-11-19 -6 23 64106141164171163144123105 97101116136156169170156127 88 482512 7UR 755171183317299999999999999 052-191311 9799999999999999
 14 -7 -9  6 36 73111141159162152135116103 98104118136153162160144117 822512 8UR 842163192016399999999999999 139-111357 9899999999999999
 47 19  5  6 22 50 84116140153153142126111100 981041171321451511471321082512 9UR 92915420 915199999999999999 226  31447 9899999999999999
 79 51 30 20 24 40 65 94120138147144134120106 98 96101111123133138134122251210UR101514721 613899999999999999 313 201546 9699999999999999
103 80 59 43 38 43 58 79103123137142138128115103 94 91 94101111119124123251211UR11 2142221912499999999999999 4 1 3817 0 9199999999999999
115101 85 69 58 55 61 74 91110126136139134124111 98 88 83 84 89 98107114251212UR1151139235611699999999999999 453 551824 8399999999999999
116113104 93 81 73 71 75 86101116129137139133121107 91 79 72 71 76 86 97251213UR1240139999999999999999999999 552 711938 7199999999999999
108115116112103 93 86 83 86 95107121133140139132117100 82 67 58 58 65 78251214UR 142116132814199999999999999 7 0 832034 5799999999999999
 94109120124121113103 94 90 92100113126137143140129111 89 68 52 44 46 57251215UR 3 6124141214399999999999999 812 902118 4499999999999999
 75 96115129134131121109 99 94 96104118132142146140124101 75 52 36 31 38251216UR 4 5134145214699999999999999 914 932156 3199999999999999
 55 79104126140144138125111 99 94 98108124138148147136115 87 59 35 22 22251217UR 45114415301499999999999999910 6 942230 2199999999999999
 35 59 88116138150150140124108 97 94100114131145152147129103 71 41 20 12251218UR 52915116 5152999999999999991048 9423 4 1299999999999999
 18 38 68100129149156151137118102 93 94105122139152154142119 87 54 26  9251219UR 6 51561639154999999999999991124 922337  599999999999999
  7 20 46 80113140156158147129110 96 91 97111130147156152135106 71 38 13251220UR 6381591713156999999999999991157 91999999999999999999999
  2  7 27 59 94126149158154139119101 90 91101119139153157147124 91 55 24251221UR 711158174715799999999999999 011  21229 8999999999999999
  5  1 13 39 73107136153156147129109 93 88 93107127145155153138110 76 42251222UR 744157182315699999999999999 045  013 2 8899999999999999
 16  3  6 24 53 87119143154151137118100 88 87 96113132147153146126 97 63251223UR 81715419 015399999999999999 119  21337 8699999999999999
 33 13  6 15 38 69101129147152144128109 93 85 87 99116133145147137115 86251224UR 852152194014799999999999999 154  61417 8599999999999999
 55 30 16 15 29 53 84113136148148137120102 88 83 87 99115130139138127105251225UR 928150202714099999999999999 232 1415 4 8399999999999999
 79 53 34 25 29 45 69 97123141148144131113 95 83 79 83 94109122130129119251226UR10 7148212513199999999999999 311 2516 0 7999999999999999
101 79 58 44 39 45 61 84108129143146139125107 89 77 72 75 85 99112121122251227UR1049146224112399999999999999 356 3917 6 7299999999999999
116102 85 69 58 55 62 76 96117134144145136121101 82 68 60 62 71 86101113251228UR1135145999999999999999999999 449 551819 6099999999999999
119118110 98 85 75 72 77 89105122137145144135117 95 73 55 46 46 55 71 90251229UR 020119122714699999999999999 555 721930 4499999999999999
108120125122113102 92 87 88 97110126139147146135114 89 62 40 28 27 38 58251230UR 2 6125132314899999999999999 717 862034 2699999999999999
 83107126136137130118106 98 96102114129142150148134111 80 49 24 10  9 23251231UR 336137141915099999999999999 843 962131  899999999999999
