 23 -4 -9  9 44 89135176200205192167137110 97100118142167185189172139 9525 1 1UW 843205194219099999999999999 142-101417 9699999999999999
 50 11-10 -7 19 59106152188204201182154123 98 9110112214917318918716512825 1 2UW 918205202519199999999999999 222-121455 9199999999999999
 83 39  5 -8  3 34 77123165195203193170140109 90 8710212615217518718015525 1 3UW 955203211018799999999999999 3 2 -81536 8699999999999999
117 75 35  8  3 20 54 96139176197198182156126 98 82 8410112515017118017125 1 4UW103320022 018099999999999999 344  21622 8199999999999999
145110 73 40 21 22 43 76114152181194189170142112 87 75 80 9712014416316925 1 5UW1112194225616999999999999999 427 191712 7599999999999999
160139110 79 54 41 46 67 96129160181187178157129100 78 68 73 8811013215025 1 6UW1152187999999999999999999999 513 4118 9 6899999999999999
158153137116 93 74 66 72 89113139163177178167146118 91 69 59 62 76 9611825 1 7UW 0 5158123618099999999999999 6 5 661915 5999999999999999
138149150143129112 98 91 95107124144161171170158137110 83 61 48 49 61 8025 1 8UW 138151132717299999999999999 711 912028 4799999999999999
104127145154154146134121112111117129143157166165154133105 76 51 35 33 4425 1 9UW 328155142816799999999999999 8431102139 3299999999999999
 65 93122147163169164153139125118119128140154164165154132102 69 40 21 1725 110UW 5 216915361669999999999999910211182243 1799999999999999
 30 54 87123154176184180166147129117116124138154166169157132 98 61 27  625 111UW 6 818416401699999999999999911361162337  299999999999999
  4 20 50 89130166189196188170146124111111122139159173175160130 91 50 1425 112UW 6571961737176999999999999991229109999999999999999999999
 -6 -5 17 53 97143179199201189165137113102107123144167182180160125 82 3825 113UW 737202182618399999999999999 026 -8131110299999999999999
  2-14 -6 23 64112158191204200181152122100 95106127152176188182156116 7025 114UW 813205191118999999999999999 1 9-141347 9599999999999999
 26 -6-14  3 37 82130172198203191166135106 90 9210913416118319017714610325 115UW 845204195219199999999999999 149-141422 8899999999999999
 57 17 -6 -5 19 58104149184200196176148116 91 83 9211414116818518616613125 116UW 915201203218899999999999999 226 -91456 8399999999999999
 89 47 14  1 13 43 84127166191196183158128 99 81 80 9612014717018217515125 117UW 944197211018299999999999999 3 1  11531 7899999999999999
116 77 42 19 18 37 70110148178191186166139109 85 75 8110012414916717216125 118UW1011192214917399999999999999 334 1516 6 7599999999999999
136103 70 44 33 41 65 98133163182185172148120 94 76 73 8310312514615915925 119UW1038186223116199999999999999 4 5 331643 7299999999999999
146123 96 71 55 53 67 92121150171179173156131105 83 72 73 8510312213914825 120UW11 4179231914999999999999999 436 521723 7199999999999999
146134116 97 80 72 77 92114138158170170159140117 94 77 70 73 84 9911613025 121UW1132172999999999999999999999 5 9 721811 6999999999999999
137136129117105 95 93 99112129145158163159147128107 88 73 67 70 79 9210725 122UW 02413812 416399999999999999 547 931912 6799999999999999
120129133131126119113112116124134145152154149138121102 84 70 63 63 70 8225 123UW 210133124715499999999999999 6451122029 6299999999999999
 98114127137141140135129125125127133139145147144134119100 81 64 54 52 5825 124UW 417141135614799999999999999 8441252145 5299999999999999
 72 92113132147155155149140131125123127134141146145137121 99 75 54 40 3725 125UW 53115615231479999999999999910461232246 3799999999999999
 46 65 90119144162170168157142128118116121132144152153142122 94 64 39 2325 126UW 61617116341549999999999999911461162334 2199999999999999
 22 36 62 96131160179184175158136117107108119136152164163148120 85 49 2025 127UW 6501841728165999999999999991224106999999999999999999999
  5 10 32 67108148178193191175150123103 97104123145166177173150114 72 3125 128UW 722194181417899999999999999 016  41256 9699999999999999
  1 -9  4 36 79126167195202191167135106 88 88105130158181190178147104 5625 129UW 752202185719099999999999999 055 -91328 8699999999999999
 13-14-15  8 48 97146186206204183152116 86 75 85109140171194197178139 9125 130UW 823208193919999999999999999 133-1814 1 7599999999999999
 41  0-19-10 22 68119167201210197169131 94 69 66 8411514918120119817112925 131UW 854210202320399999999999999 211-201437 6499999999999999
 79 31 -3-13  6 44 92142185208206184149109 73 55 61 8511915518620019116125 2 1UW 92521021 720099999999999999 249-131515 5499999999999999
118 72 30  5  6 32 72118162195206194165127 87 56 46 59 8712115618319217925 2 2UW 956206215519299999999999999 327  21555 4699999999999999
150111 71 39 25 34 63100140176196196176144105 69 45 42 58 8611915017317825 2 3UW1028199224717999999999999999 4 5 241639 4199999999999999
166141110 80 58 53 66 93124155180189180157124 89 59 41 42 58 8311213915825 2 4UW11 1189235016399999999999999 445 521727 3999999999999999
163154137116 96 83 83 96117140161174176163140111 81 56 42 43 55 7610012325 2 5UW1136177999999999999999999999 529 811827 4199999999999999
141149148140129117110111119131145157163161150130106 80 58 45 42 50 65 8525 2 6UW 122150121716499999999999999 6261091945 4299999999999999
107127141149150146139133129130134140147151151143129109 85 63 46 38 40 5125 2 7UW 342150132515299999999999999 8211292119 3799999999999999
 70 94119141156164163157147137130127130136143147145135116 92 66 44 29 2725 2 8UW 52716415151489999999999999910551272240 2699999999999999
 38 59 88120149169178177166149132119115119129142153155145125 96 64 35 1725 2 9UW 62017916431559999999999999911581152338 1499999999999999
 15 29 56 91129162183189182164140118104103113130149164167155129 94 56 2325 210UW 6561891742168999999999999991234102999999999999999999999
  5  7 28 62104146178194193178152122 99 90 96114138162178178159126 85 4325 211UW 725196182918099999999999999 023  413 4 9099999999999999
 10 -2  8 38 78124165192199188164132100 81 80 96121150176189182155116 7125 212UW 75119919 818999999999999999 1 1 -21332 7899999999999999
 28  2 -1 20 57102147183200195174143108 79 68 7810213216418819317714410025 213UW 816200194519499999999999999 135 -314 0 6899999999999999
 55 18  2 12 42 83129170195199183154118 84 63 63 8211214517519318916512825 214UW 839200202019499999999999999 2 7  21429 6099999999999999
 84 43 16 13 34 70113155186199189163129 92 64 54 65 9012315618119017814925 215UW 9 2199205519099999999999999 237 111458 5499999999999999
111 71 39 25 34 63101140175194192171139103 70 51 52 7110013316218018016225 216UW 924195213018399999999999999 3 5 251527 4999999999999999
132 97 65 44 43 62 93129162185190177149115 81 56 47 57 8010913916317316625 217UW 94619122 617399999999999999 333 411557 4799999999999999
146119 90 68 59 68 90120150173184178156126 94 66 49 50 65 8811514015716125 218UW10 8184224716199999999999999 4 0 591629 4799999999999999
152134112 92 79 80 93115139161174174160136107 80 59 50 56 72 9411613614725 219UW1030176233614999999999999999 428 7817 5 5099999999999999
148141128113101 97102115132149161165159142119 95 74 59 56 62 76 9311112725 220UW1053165999999999999999999999 459 971750 5599999999999999
136139136130122117116121129140148154152144129111 92 75 64 60 64 73 8710225 221UW 055139112115499999999999999 5391151857 6099999999999999
116127135139139136133131132134137140142141135125112 96 81 68 60 59 64 7425 222UW 333139121014299999999999999 7191312043 5999999999999999
 90108125139149153152147140133129128130133136136131120104 85 67 53 46 4925 223UW 51415414261369999999999999910521282216 4699999999999999
 60 80105130151165169164153138125117116121131140146144132111 85 59 38 2825 224UW 55616916161469999999999999911381152315 2899999999999999
 32 50 78111144169182182169149126109101105119137153163160143114 79 45 1925 225UW 62718417181649999999999999912 71012359 1099999999999999
 10 20 47 84126163188196186164135106 88 86100123150172183175149111 68 2725 226UW 65519618 6183999999999999991235 85999999999999999999999
  1 -2 18 54100147185204202181149111 81 68 76101133167192199184149103 5325 227UW 722206184920099999999999999 038 -413 5 6799999999999999
 11-10 -3 28 72123171204212197165124 83 55 52 72106146183208209185143 9225 228UW 750213193221299999999999999 115-111338 5099999999999999
 41  3 -8 10 49 98149193215210182142 95 54 34 43 7311415819621620917913425 3 1UW 818216201521799999999999999 152 -91412 3499999999999999
 83 36  7  7 34 77126173206215196160113 66 31 22 40 7712116520121420116925 3 2UW 84721521 021499999999999999 229  31448 2199999999999999
125 79 40 23 34 66107151189209203175133 86 43 17 19 44 8212516719620318825 3 3UW 917210214720499999999999999 3 6 231527 1499999999999999
158120 82 55 49 67 98134169194201184151109 66 30 15 23 50 8612516118418725 3 4UW 946201223918899999999999999 343 4816 8 1499999999999999
173149120 93 78 80 98124151175188184162129 92 56 30 21 32 56 8712014816625 3 5UW1016189234316999999999999999 422 771654 2199999999999999
169160145127111104109123140157170174164143115 85 57 39 34 42 60 8410913225 3 6UW1047174999999999999999999999 5 41041750 3399999999999999
147154153147139131128130136145152157156147131111 89 68 53 46 49 59 75 9525 3 7UW 123154112115799999999999999 6 51271912 4699999999999999
115133146153156154149143139137137139141141138130117101 83 66 54 49 52 6425 3 8UW 358156123914199999999999999 93013721 7 4999999999999999
 82104126146161168167159148136127123123128134139139131116 96 74 55 43 4325 3 9UW 52316815271409999999999999911221222234 4199999999999999
 53 74101130156173179174161142123110106111123137149153146128102 74 48 3325 310UW 6 317916521539999999999999911541062329 3199999999999999
 33 48 75108143170185185173151124102 91 93106126149165169157133100 65 3725 311UW 6311871744169999999999999991219 90999999999999999999999
 24 30 53 86125161185192183162131101 80 76 88110139166182180161129 90 5225 312UW 654193182418399999999999999 010 241243 7699999999999999
 26 21 37 67107148181196192172141105 75 63 70 92122156183193183156118 7525 313UW 71619719 019399999999999999 043 2013 7 6299999999999999
 39 21 28 53 91133171195198181151113 77 54 53 7210213917319619717814410225 314UW 737199193419999999999999999 114 211332 5199999999999999
 61 32 27 45 78119159190200189161123 84 52 41 53 8111815618720119216612825 315UW 75820020 720199999999999999 142 261358 4199999999999999
 87 52 36 44 71107147181199194170134 94 57 36 38 61 9513417019419818115025 316UW 818200204019999999999999999 210 351424 3499999999999999
113 76 52 49 68 99135170193196178146106 67 38 30 44 7411114817919318816625 317UW 839198211319499999999999999 237 481451 3099999999999999
135101 73 62 70 94126158183193183156119 80 47 30 34 56 8912515818018517425 318UW 9 0193214718699999999999999 3 4 611518 2999999999999999
151123 96 79 78 94119147171185183163131 95 61 38 32 45 7110213416017417325 319UW 922186222517699999999999999 331 761548 3299999999999999
160139117 99 92 99116138159174177165141110 78 53 39 41 58 8311013615616425 320UW 944178231016499999999999999 4 0 921621 3899999999999999
160149134119109108118132148161167163147123 96 72 54 47 53 69 8911113214625 321UW10 7167999999999999999999999 43310717 1 4799999999999999
152151145136128123124131140148154155147132113 93 75 62 57 62 73 8810512125 322UW 016152103415599999999999999 51712318 0 5799999999999999
135144148148145141137135136138141142142137127114100 85 72 65 63 68 78 9325 323UW 232148111814399999999999999 7 51351943 6399999999999999
110128143153159158153145137131128128131134135133126113 97 80 66 57 56 6425 324UW 42515913561359999999999999910271272137 5599999999999999
 81103128150166174171160144128116111114123134144148143129107 82 59 43 4025 325UW 51217416 01489999999999999911 61112244 3999999999999999
 51 74105137166184187177157132109 94 93104123144162170163142112 78 47 2725 326UW 54418817 4170999999999999991135 922332 2599999999999999
 27 45 77116155185199194173143109 81 70 78100130161184192179150111 69 3325 327UW 61320017531929999999999999912 4 70999999999999999999999
 16 23 51 91136177204208191158117 77 51 49 69103143181206209189152106 5925 328UW 640209183821199999999999999 013 151236 4799999999999999
 24 14 31 67113160198216206176133 85 44 25 35 6711015719922221819114910025 329UW 7 9216192222499999999999999 051 1413 9 2599999999999999
 54 25 25 51 92139183213217194153103 52 16  8 30 7112017021122821818714425 330UW 73821820 722899999999999999 129 211345  799999999999999
 96 55 37 47 78119163199217206173125 73 25 -1  2 33 7812917821322421017825 331UW 8 8217205322499999999999999 2 7 371422 -499999999999999
138 96 65 58 75107144180205209188148 99 49 10 -6  7 42 8613517920721219725 4 1UW 839211214321399999999999999 246 5715 2 -699999999999999
169135102 83 84103131161187200193165125 80 37  8  3 20 53 9313517219219525 4 2UW 910200223719699999999999999 326 811544  299999999999999
183161136114104109125146167183186172145109 71 39 19 19 35 63 9613015917525 4 3UW 942187234517899999999999999 4 81041631 1699999999999999
178171158142128123128138151163170167153130103 74 50 37 38 50 70 9512114325 4 4UW1017170999999999999999999999 5 01231729 3699999999999999
158165165159150142137137140145150153150140125106 86 69 57 54 59 72 9011025 4 5UW 12616611 215399999999999999 6301371851 5499999999999999
131147159165164159151143136132132134137138136129118103 87 73 64 62 69 8325 4 6UW 32616513 013899999999999999 9411322043 6299999999999999
102124145161170172165153138125117115119126135141141134119101 82 67 60 6425 4 7UW 438172153014299999999999999104911522 8 6099999999999999
 78100126151170179176164145124107 98 99109125142154157148131107 82 63 5525 4 8UW 5181791645157999999999999991121 9723 2 5599999999999999
 61 80106137164181185175155129103 85 81 90108132156170171158135105 76 5625 4 9UW 5461851733173999999999999991147 812343 5199999999999999
 52 65 89121154179190185166137105 78 66 71 89116147173186181161131 97 6725 410UW 6 91901813186999999999999991212 65999999999999999999999
 51 56 76107142173192192176147111 77 55 53 69 97132166190196183156121 8625 411UW 631195184819699999999999999 016 511236 5199999999999999
 60 54 68 95129164190197185157121 82 51 39 49 7611215118420219917914610925 412UW 652197192120399999999999999 047 5313 1 3999999999999999
 76 60 64 87118153183198192168132 91 53 31 33 55 9013017019820719516813425 413UW 714199195420799999999999999 116 591326 2999999999999999
 98 73 67 82110142174195197178144103 62 32 23 37 6810814918520420318515525 414UW 736199202620699999999999999 145 671352 2299999999999999
121 91 76 82103132163187196185156117 75 40 21 25 49 8512616519320319417225 415UW 758196205920399999999999999 213 761419 1999999999999999
142112 91 87101124151176191188167132 92 54 27 21 36 6610314117519419518125 416UW 822192213419699999999999999 241 861447 2099999999999999
158132108 97102119141164181186173145110 73 42 26 30 51 8211715117618718325 417UW 846186221218899999999999999 311 971519 2599999999999999
169148127111108117134152169178174155126 93 62 40 33 43 66 9512615317217825 418UW 913178225917899999999999999 3451071554 3399999999999999
172160144128119120129142156166168159139113 85 62 47 45 56 7610112714916425 419UW 943168999999999999999999999 4251181637 4499999999999999
169165157146135129130135144152157156146129108 87 69 58 56 65 8010012214225 420UW 0 4169102215799999999999999 5241291737 5699999999999999
156164165161153143136133134137141145145140129114 97 81 69 64 67 77 9411425 421UW 141165113214699999999999999 71913319 7 6499999999999999
135153165171169160148136127122123128136141143139128112 94 77 66 63 70 8625 422UW 313171134814399999999999999 9211222049 6399999999999999
109134157174181177164146126111103106116131146155156147128105 81 63 55 6225 423UW 4 9181153615799999999999999101510322 2 5599999999999999
 82109140168187192182160133106 86 80 89109134158175178166142112 81 57 4925 424UW 4481921643179999999999999991053 802257 4999999999999999
 59 84118154184200198178146110 76 56 57 76107143175197199182152115 79 5325 425UW 5222021737201999999999999991128 542343 4799999999999999
 48 64 96134172200209196164123 79 43 28 39 70112156195216215193157116 7725 426UW 55320918262199999999999999912 4 28999999999999999999999
 54 55 79114154190212210185143 94 46 13  8 30 7112017021122922319615811525 427UW 625215191323099999999999999 026 511241  699999999999999
 78 62 71 98135173204216202166118 65 18 -7 -2 30 7713018222023322219415625 428UW 65821620 123399999999999999 1 8 611320 -999999999999999
115 84 76 91120154188211212187145 94 42  1-15  0 37 8513918822022821518825 429UW 732214205022899999999999999 149 7614 0-1599999999999999
152117 95 94112138168195208199169125 75 28 -4-10 10 48 9514418721321720425 430UW 8 8208214221899999999999999 232 921443-1199999999999999
180150122108112128151175193198183151110 66 27  4  5 26 6110314518020020325 5 1UW 845198223920399999999999999 3171071528  299999999999999
192173149129121125138156173184183166137102 66 36 21 24 43 7310814317118625 5 2UW 925185234418999999999999999 4 71211619 2099999999999999
189182168150136130132141152164170167152129102 74 52 41 44 59 8211013816125 5 3UW1012170999999999999999999999 5111301717 4199999999999999
175179176166153141133132136143150155153144128109 88 71 61 61 71 8811013325 5 4UW 1 1179111815599999999999999 6431321829 6099999999999999
154168175174166154141130125125129136142145143134120104 88 77 73 78 9111025 5 5UW 22117513 514599999999999999 8331241955 7399999999999999
132152167175175166152135121112110114124135144148145134118101 87 80 82 9425 5 6UW 32517615 114899999999999999 9461092115 8099999999999999
112134156172179176163144123104 94 94103118136151159157146129108 91 82 8525 5 7UW 4101791619160999999999999991031 932217 8299999999999999
 98118142165180183174155130104 84 76 82 97120144164173169155134110 91 8325 5 8UW 44518317131739999999999999911 5 7623 4 8399999999999999
 88105129155176187183166139109 81 64 62 76100129159180186178159133107 8925 5 9UW 5141871756186999999999999991134 612344 8499999999999999
 85 96117143169187190176151117 83 57 47 55 7811014517619419618215712810225 510UW 54019118341979999999999999912 2 47999999999999999999999
 88 91108133160183193186163129 91 57 37 38 56 8812616419320519917915112025 511UW 6 619319 920599999999999999 019 871229 3599999999999999
 98 91101123149175192192174143104 65 36 26 37 6610414518220520919617114125 512UW 631195194321099999999999999 052 911257 2699999999999999
113 97 99115139165187195184157119 78 42 22 24 46 8112216419521020618816125 513UW 657195201621199999999999999 123 961325 2099999999999999
131108101110130155178193191171137 96 57 27 18 30 60 9814017820220819817725 514UW 724194205020999999999999999 1541011355 1899999999999999
149123108109123144167185192180153116 77 42 22 23 43 7611515418620220218825 515UW 753192212720499999999999999 2261061427 1999999999999999
166140120112118134154174186185167136 99 63 35 24 33 57 9112816318819819325 516UW 82518722 819899999999999999 3 111215 3 2499999999999999
178157135121118127143160175181174152122 88 57 36 32 45 7110313716718619225 517UW 9 0181225519299999999999999 3411171544 3299999999999999
185171152134124124133146160171173162141113 84 58 44 43 57 8211114116618225 518UW 941174235218699999999999999 4291231631 4199999999999999
186180167151136127126133144155163164154135112 87 66 54 54 67 8811414116525 519UW1034165999999999999999999999 5321251728 5399999999999999
179184179167151136125123127135146154157151137118 97 78 66 64 73 9211614125 520UW 057184115015799999999999999 6531221839 6399999999999999
164180185181168150132117111113122135148156156147131111 92 77 71 77 9311725 521UW 2 3185133215799999999999999 81511120 0 7199999999999999
143167183189183167144120101 92 94107125145161168163149128105 86 77 80 9625 522UW 25918915 816899999999999999 917 912116 7699999999999999
120148173190194183161131101 78 68 74 93120148172184182167144117 93 81 8325 523UW 34519516221859999999999999910 7 672219 8099999999999999
101127157183199198179149112 76 50 42 55 83119156187203201183156126 99 8525 524UW 4272001723204999999999999991052 422314 8499999999999999
 90110138168194205197170132 88 48 23 21 42 7912316720221921519516513110325 525UW 5 62061817220999999999999991134 19999999999999999999999
 91 99122151181203209192157112 64 23  2  7 37 8013017821422922220016813325 526UW 54620919 922999999999999999 0 4 911217  199999999999999
106 99110134163191209207183142 93 43  5-10  3 38 8613818722123222319916625 527UW 62521120 023299999999999999 052 9813 1-1099999999999999
133111108122146173198210201171127 77 30 -4-11  8 46 9514619222122821719325 528UW 7 6210205022999999999999999 1381061346-1299999999999999
162132115116132155180200206192159115 67 24 -2 -3 20 5810515319321622020825 529UW 749207214122199999999999999 2251141432 -599999999999999
185156131120123139159181197198180148107 64 28  9 13 36 7211515719120920925 530UW 834200223221199999999999999 3141191520  899999999999999
197176151131122127141159177189186169139103 66 38 25 32 54 8712416018720025 531UW 922190232320199999999999999 4 612216 9 2599999999999999
198186167146129123128139155169178174158133103 74 52 44 52 7310113316218325 6 1UW1015178999999999999999999999 5 212317 0 4499999999999999
192189177160141127121124133146159166163151131108 85 69 64 72 8911314016325 6 2UW 014192111716699999999999999 6 71211754 6499999999999999
180186182170154136122115117124136147155156148134117 99 86 82 8810312314525 6 3UW 1 6186123515799999999999999 7181151854 8299999999999999
165178182177165147128114106106113125138149154151142128113101 9710111313125 6 4UW 157182141015499999999999999 82910520 2 9799999999999999
150167178181174159139118102 93 9310211713414915816015314012511310710912025 6 5UW 245181153816099999999999999 927 92211310799999999999999
137155170180180169151127104 86 78 81 9411313615616817116415113412011211525 6 6UW 3291811646171999999999999991013 77221711299999999999999
126142160175182178163139112 86 68 63 72 9111714416818218317415813812211525 6 7UW 4 91831738184999999999999991052 63231011599999999999999
118131149167181184174153124 93 67 52 52 68 9412715818319519318015913712125 6 8UW 4461851821196999999999999991127 50235411699999999999999
116123138157176186184167139105 72 48 39 47 7110414117519720519717915513225 6 9UW 52018718592059999999999999912 0 39999999999999999999999
118117128147167184190180156122 85 52 33 32 49 8011915819020820919617414725 610UW 554190193421099999999999999 0331161232 3099999999999999
126117121136157178191190173142104 66 36 23 32 57 9413517420221320819016425 611UW 62719220 921399999999999999 1 811613 6 2399999999999999
138121117127146168186195186162126 86 49 25 21 38 6910915118720921320218025 612UW 7 2195204421399999999999999 1431171341 2099999999999999
153130118120135155177192194179149111 71 38 21 25 48 8412516519621120919325 613UW 738196212121299999999999999 2181171418 2099999999999999
169143124117125142163183194190169136 97 60 32 22 34 61 9913917620121020225 614UW 81719522 021099999999999999 2551171457 2299999999999999
184160135120118129147167185192183159125 88 54 33 30 46 7611315118420320625 615UW 859192224120799999999999999 3361171539 2899999999999999
195175151129117118131149168182186175150118 84 55 39 41 60 9012616118920325 616UW 946187232520499999999999999 4231161623 3899999999999999
202188167143123113116128146164177179168145117 87 63 52 56 7610413716819125 617UW1041180999999999999999999999 5151121713 5199999999999999
201197182160135115106109121138156170173165146122 97 77 68 73 9111614517325 618UW 011201114717499999999999999 61510618 8 6899999999999999
192198192175151126105 95 97109127147163171167154134112 94 86 8910412615225 619UW 059198131017199999999999999 719 941914 8599999999999999
176192196187168142114 91 79 81 9411513815917317516715113111310310311413425 620UW 150196144317699999999999999 824 78202910199999999999999
157178192195184161131100 74 60 62 7710213215918018818316915013011611312225 621UW 24219516 718899999999999999 925 59214511399999999999999
139161181194195180154120 85 55 40 43 63 9312916319020220018616514212511925 622UW 3341961719203999999999999991021 39225411999999999999999
127144165185197196178146108 69 37 21 27 52 8813017120121521319717414812825 623UW 4251991819216999999999999991113 21235412299999999999999
122130148169190202197175139 96 53 20  7 18 47 8913618021222522020217614825 624UW 51620219122259999999999999912 3  7999999999999999999999
127123133152175196206198171132 85 41  9  0 15 49 9514418921922922120017125 625UW 6 620620 122999999999999999 0471221252 -199999999999999
142124123136157181202209197166124 76 32  4  0 20 5810515519722222821619225 626UW 655209204622899999999999999 1341211339 -299999999999999
162134120123139162186205209193159116 69 29  6  8 33 7211916620322222120625 627UW 743210212822499999999999999 2191191425  499999999999999
180150126116123141165188205204185150108 65 31 15 24 51 9013417620621721125 628UW 83020722 721799999999999999 3 311615 8 1599999999999999
193166138118114124143166187200196174141103 65 38 31 44 7311015018520621025 629UW 916200224421199999999999999 3471131550 3199999999999999
199179152127112112124143164183191184163133100 70 52 52 68 9613016419020325 630UW10 4191231920499999999999999 4311101631 4999999999999999
201186164139118108110122140159174180172153129102 80 70 75 9211814717419225 7 1UW1055180235419899999999999999 5181071711 7099999999999999
197190174152129111103107118135152165169163148129110 95 90 9711413616017925 7 2UW1154169999999999999999999999 6101031753 9099999999999999
190190180162140120104 9810211212714315616115814913612211211011713014816625 7 3UW 030191131016199999999999999 7 8 98184411099999999999999
179185182171153131112 97 91 9410412013615015916115614713612912613014015425 7 4UW 110186144616199999999999999 810 91195212699999999999999
167177181176164145123103 89 82 85 9611313215016316916716015014113613714425 7 5UW 158181161616999999999999999 912 82212013699999999999999
155166175178172158138115 93 78 71 75 8911013415617318118017216014714013825 7 6UW 25317817221829999999999999910 6 71224013899999999999999
144154166175177171155131105 81 64 59 67 8611214116818619419117916314713725 7 7UW 3491781811194999999999999991054 59233913599999999999999
136143155169179180171150123 92 66 50 49 62 8712015318220020419617915914125 7 8UW 4401811850204999999999999991136 47999999999999999999999
132133144159175185184170144111 77 50 37 41 62 9413216819621020919617415025 7 9UW 527187192521299999999999999 0221311216 3799999999999999
133127133148167185193188167135 97 61 35 28 39 6710614718420921720918916325 710UW 6 9194195821799999999999999 0581271253 2799999999999999
139124123136156178195200188161123 82 45 24 23 44 7812116419921821920417925 711UW 650200203122099999999999999 1321221331 2199999999999999
150126117123141165188204204185151109 67 33 18 26 54 9413918121122221519425 712UW 73120621 422299999999999999 2 511614 9 1899999999999999
165135115112125147173196208202178140 97 56 27 20 37 7011315719621922220725 713UW 812209213722399999999999999 2411111447 1999999999999999
181150121106109127152179200208197168129 87 50 29 31 54 9013317520722221625 714UW 856209221222299999999999999 3191051526 2799999999999999
196166134108 98107128154181200204189159122 84 53 40 49 7511215218921321925 715UW 943205224721999999999999999 4 1 9816 6 4099999999999999
206181150119 97 92104126153178195196181153121 89 65 59 72 9913316819721325 716UW1034198232321499999999999999 446 911649 5999999999999999
211193166135105 87 86 99121147171186188175153126101 85 83 9712115017819925 717UW1135189999999999999999999999 535 841736 8299999999999999
207200180152122 95 79 78 9111213716117718117415813912010810811913816018125 718UW 0 2207125118199999999999999 632 77183210799999999999999
196199190169142112 87 71 70 8010012514916817817817015614213212913514816425 719UW 046199142817999999999999999 738 69194712999999999999999
179190192182163136107 81 63 58 67 8611213916418118718517516215014314315125 720UW 140192161118899999999999999 851 58212614299999999999999
162175185188180162135104 75 54 46 53 7310113416518820020019117616014714325 721UW 24818817312029999999999999910 2 46225714399999999999999
147158172185190184165135101 68 42 32 39 62 9613417119921321320118216014325 722UW 4 119018292149999999999999911 5 32999999999999999999999
137142155173189197190169136 97 59 31 20 31 58 9714118121122321920317815225 723UW 5 6197191422399999999999999 0 013712 0 2099999999999999
133129138156177197206197172134 91 49 21 13 29 6210615319422122821819616625 724UW 6 3206195322899999999999999 0481281248 1399999999999999
138121122137160185206213200170128 82 40 15 14 37 7512116920722722620918225 725UW 652213202722999999999999999 1271201331 1199999999999999
149122111119139166193213216198163119 72 34 16 24 53 9514118621722721819525 726UW 738218205922799999999999999 2 41111411 1699999999999999
163131108105119144173200216212189152108 65 34 27 43 7711916320122122120425 727UW 820217212822399999999999999 2401041448 2699999999999999
176143114 99103122149178202212203176139 99 63 43 46 6910414418321021920925 728UW 9 2212215621999999999999999 316 981522 4199999999999999
186156124101 94104126153179199203189162128 94 68 60 71 9713116719621221025 729UW 943203222321499999999999999 352 931555 6099999999999999
193167136109 92 93107129154177191190175151123 97 81 82 9812515518320220725 730UW1026192224920799999999999999 429 901627 8099999999999999
197176148120 98 89 9410913015317118017716414512410710010712414717019019925 731UW1114181231520099999999999999 5 9 8917 010099999999999999
196181159133109 93 89 9511012914816317016815914513212212112914316117718825 8 1UW1216170234419199999999999999 553 89173712099999999999999
191183167146123104 92 89 9510712414115416216416115314514014014515516617625 8 2UW1347164999999999999999999999 647 89183013999999999999999
181180172158139119102 91 87 9110111613314916016716916516015515215315716325 8 3UW 021182154616999999999999999 757 87201515299999999999999
170173172166154137118100 88 81 83 9310912814816517618117917216415715315325 8 4UW 121174171018199999999999999 917 81222815299999999999999
157163169170166156138117 97 80 71 72 8310312815317518919419017916515314625 8 5UW 25217018 0194999999999999991025 70233414599999999999999
145151161170175173161140114 88 68 57 60 7610213416519020420519517815914325 8 6UW 4131751836206999999999999991118 57999999999999999999999
136139150165179186182165138106 75 51 42 51 7510914618120621521019316914525 8 7UW 51118619 721699999999999999 01213512 1 4299999999999999
129126136154175192199190166131 93 57 35 31 48 8112216420022022220818315325 8 8UW 558199193622399999999999999 0431261239 3099999999999999
128116120138163188206210194162120 77 41 22 28 55 9514118521722922119816625 8 9UW 64121120 422999999999999999 1131151316 2199999999999999
133109105119144174202219216192153107 62 29 19 35 7011616420623023121318225 810UW 722220203323399999999999999 1441041352 1899999999999999
145111 93 98120152185213226216185142 94 52 26 27 52 9314018622123522519725 811UW 8 422621 223599999999999999 217 921428 2399999999999999
161121 91 81 95124159193219226209175132 87 50 34 46 7711916420523023121125 812UW 847227213323399999999999999 253 8115 5 3499999999999999
177137 99 75 74 95127163196218219199166126 87 60 54 7210614518421622821925 813UW 93322222 422899999999999999 331 721543 5399999999999999
192155115 82 66 72 95128162193210208189160126 96 79 8210213316619721721925 814UW1023212223522099999999999999 413 651622 7799999999999999
202172135 99 72 62 72 9512515718319819618115913411410511113015417919920925 815UW112219923 920999999999999999 459 6217 510499999999999999
204184155122 91 69 63 72 9311914617018318517816414913613113614916618219425 816UW1240186234919799999999999999 552 63175713199999999999999
197189171145117 91 72 65 71 8610813215517118018017516715815315315916717625 817UW1437181999999999999999999999 7 1 65192515299999999999999
183185179165144120 96 77 66 66 76 9411814216518118919018417516615915716025 818UW 046185163619099999999999999 830 65215515799999999999999
166172177177168151128103 79 63 57 63 8110713716618820120419718316715414725 819UW 225178174420499999999999999 959 57232114699999999999999
148156167178183178162137107 77 55 45 51 7210313917420121421320118015814025 820UW 4 418318272159999999999999911 6 45999999999999999999999
133137151168186195191172142106 70 43 34 45 7210915118921422221519516814025 821UW 51319519 022299999999999999 0 51331157 3499999999999999
122120131152177198209201176140 98 59 33 30 48 8212416920522522420818014725 822UW 6 5209192822799999999999999 0391191239 2899999999999999
119106112132159189212218204173131 86 48 29 34 6110114619022022821719215825 823UW 649219195422899999999999999 1101061316 2899999999999999
123 99 95111138170202222221199163119 74 42 33 50 8412717120822722420217025 824UW 728224201922899999999999999 140 941349 3399999999999999
133101 85 92116148182211224215188149105 67 45 49 7511215519422122621018125 825UW 8 6225204322799999999999999 211 851421 4499999999999999
145108 83 79 95124158191215219203173134 96 67 59 7310414218021022321519025 826UW 84322021 722399999999999999 241 781451 5899999999999999
156119 88 74 80103134167196212208188158124 93 77 8010213316719821621619725 827UW 920213212921899999999999999 312 731520 7599999999999999
167132 99 76 72 86112142172195203194174147119 99 9410612915818520521120025 828UW 959203215121299999999999999 343 711548 9499999999999999
176145112 86 73 77 9512014717218819118116314212311311613015117419320319925 829UW1041191221420399999999999999 415 72161711299999999999999
181156127100 81 76 8410212514816717817917115814413313013614916518019119225 830UW1132180223719399999999999999 451 76164913099999999999999
182164141117 96 84 83 9110612514315916817016716015314814715216117017818125 831UW125217023 618199999999999999 536 82173314799999999999999
178168152134115 99 90 88 9410511913514916016717016916616216016016216516825 9 1UW1514170235417099999999999999 640 88192016099999999999999
170167160149135119105 94 89 90 9710912514315917218018217917216515915615525 9 2UW1651182999999999999999999999 822 89223715599999999999999
158161163161155143127109 93 83 79 84 9811914316518419419518717516115014325 9 3UW 2 4163173619599999999999999 957 79232314399999999999999
144151160168171166153132108 85 69 63 71 9111915117920020820318916814813325 9 4UW 35817118 7208999999999999991056 63235112999999999999999
129136150167181187180161132100 71 51 49 63 9212916719821621820418015212725 9 5UW 5 01871834219999999999999991140 48999999999999999999999
115118134157181199204191163126 87 53 36 40 6510314718821822821919516112725 9 6UW 54720419 022899999999999999 0181141217 3599999999999999
103 98112138170199218218196160115 71 38 28 43 7812317021123323221017613525 9 7UW 629221192623599999999999999 046 971253 2899999999999999
 99 80 86111147184217233225195152103 59 32 32 5810014819522923922519214925 9 8UW 711233195324099999999999999 116 801329 2899999999999999
105 72 63 81115157198230240224188143 94 54 37 49 8312817521623823520816725 9 9UW 753240202124099999999999999 149 6314 5 3799999999999999
120 77 51 54 81122166207235238216179135 91 61 55 7611315519622723722018525 910UW 837240205123799999999999999 224 491441 5499999999999999
140 93 55 40 53 86127171209230228205171132 97 78 8210714117720922822419925 911UW 923232212122999999999999999 3 2 401519 7699999999999999
160116 74 45 39 58 9113117120321821419416613611110211213516219021121820625 912UW1014219215221899999999999999 342 38155810299999999999999
177140100 65 45 46 65 9513016419020219918516614613112813815517419220320225 913UW1115202222520499999999999999 427 43164212799999999999999
186160128 95 69 55 57 72 9612315117318518718217216015215015616517518418825 914UW124418723 418899999999999999 522 54174215099999999999999
184171151126101 80 68 67 75 9111313615717218118418217616916416216316617025 915UW15 0184999999999999999999999 637 6620 816299999999999999
173171165152135115 95 80 72 73 8310012214616718419319418817816615715115125 916UW 015173163819499999999999999 823 72223415099999999999999
155161167168162149130107 86 71 66 73 9011514417119220320319317615714213425 917UW 242168172820499999999999999 957 66232013399999999999999
135144158171179177164141113 85 65 57 65 8611715218320521220618916413812125 918UW 41918018 1212999999999999991059 57235111699999999999999
116124141163184195192174145111 78 55 51 65 9312916819921621620017414211525 919UW 5171961828218999999999999991144 50999999999999999999999
101104121147176200209201176141102 67 48 52 7410915018821522221018515111625 920UW 6 2209185122299999999999999 0181001220 4799999999999999
 91 86 99126159192215218202171131 89 59 49 63 9413317420822421819516112225 921UW 640219191322499999999999999 045 851253 4999999999999999
 89 73 79103137174207224219195159117 79 57 60 8411916019722122320417213225 922UW 716225193522599999999999999 112 721323 5699999999999999
 94 67 64 82114152190218226212183145105 75 66 8011014718421322421218214425 923UW 751226195722499999999999999 139 621352 6699999999999999
103 70 55 64 92128167202221220200168132 98 80 8310613817220321921519215625 924UW 826223201922099999999999999 2 6 551421 7999999999999999
116 79 55 53 73105143179207217208185154123 99 9310613216219121121419816725 925UW 9 1217204121599999999999999 234 511448 9399999999999999
129 92 63 51 61 8612015518620520719417114512110811212915317919920820017625 926UW 93620921 320899999999999999 3 2 51151710799999999999999
143108 76 57 57 7310013116218619819418116114112612213114816818619819618125 927UW1015198212519999999999999999 332 55154612299999999999999
155124 94 71 62 68 8611113816318018618217115714413613814716117418518818025 928UW11 3186215018899999999999999 4 6 62162013699999999999999
163139113 90 75 72 80 9611713815717017617416816015214915115716417117617425 929UW1213176221717699999999999999 447 7117 814999999999999999
165150131112 95 84 82 88 9911513214816116917317216916416015815816016216325 930UW142417323 316399999999999999 545 82192015899999999999999
161155146133119105 94 88 89 951061221391561701791821801731641571511481492510 1UW16 4182999999999999999999999 725 88221414899999999999999
152155155152143131115100 88 82 84 951131361591781911941881761601451351322510 2UW 138155165019599999999999999 916 82225113299999999999999
137146157165166159143121 99 80 69 71 861111411701942062041901691441241142510 3UW 3411671722207999999999999991022 68231711499999999999999
117130149168182185175152122 91 67 55 62 84117155189212217206182150119 982510 4UW 44418617492189999999999999911 9 552344 9299999999999999
 93106130159187204204187156118 80 53 46 61 93133175209226221197162122 872510 5UW 5322071815227999999999999991149 46999999999999999999999
 70 76102137175208224219193154110 70 46 47 72111156198227232214178133 882510 6UW 615225184323499999999999999 014 701227 4399999999999999
 55 48 67104148192226239226193149103 64 48 60 931361802182362281961511002510 7UW 658239191123799999999999999 046 4713 4 4899999999999999
 55 30 35 66111160207238244224188144 99 68 62 831191612012302352131721212510 8UW 742245194123699999999999999 120 281341 6199999999999999
 70 30 15 32 71119170215240240217181140102 80 841091441812142312231911462510 9UW 828243201223199999999999999 157 151420 7999999999999999
 95 47 16 13 38 79127175214233228207175140111100110135164194216221204169251010UW 917234204522299999999999999 236 1115 010099999999999999
124 77 38 17 22 48 87131173205219214196171145125122133153175196208205183251011UW1011219211920999999999999999 318 16154412199999999999999
150110 72 41 29 37 61 93130165190201199188171154142141149162176188193186251012UW1118202215619399999999999999 4 6 29163614099999999999999
166138107 77 55 47 53 71 96125153174186189184175164155153155161168174175251013UW1252189224617699999999999999 5 3 47175915399999999999999
170156137114 92 74 65 66 77 94116140161176185186182173163155151150152156251014UW1445186999999999999999999999 622 64204515099999999999999
160160155144128110 92 80 74 78 90108131155174187192188177162148137133135251015UW 03116116 119299999999999999 8 7 74221113399999999999999
142151159162157144126106 87 76 75 85105130157180194197190173152131118114251016UW 253162164619899999999999999 935 74225211499999999999999
120133151166174172159137112 88 73 72 85108137167191202200185160132109 96251017UW 4171751718203999999999999991035 712322 9599999999999999
 98112133159180189185167140110 84 70 73 91119152183203207195171139107 84251018UW 5111901744208999999999999991119 692350 7899999999999999
 78 89112142173196202192169137103 78 70 80105137172199211204181149111 80251019UW 55320218 7211999999999999991155 69999999999999999999999
 64 68 89121157190210210193164128 95 75 76 95125159191211211191159120 82251020UW 630212183021399999999999999 016 631227 7399999999999999
 56 51 67 98136175206218210187154117 89 79 90115147180206214200171131 90251021UW 7 5218185221499999999999999 043 501258 7999999999999999
 56 40 48 75113155192216220204176141109 89 90109137169197212206182144102251022UW 739221191521399999999999999 1 9 401327 8799999999999999
 63 38 36 55 90131172205220214193163130105 96106130158186206208191158117251023UW 813220193821099999999999999 136 341357 9699999999999999
 76 44 31 41 69107148186210215203180151123107108124149174196205196170133251024UW 84721620 220599999999999999 2 3 31142610599999999999999
 93 57 36 35 54 86124162192207205190167142122115123141163183197196178148251025UW 922208202719899999999999999 232 33145611599999999999999
111 76 49 38 46 70102137169192199193178158138126126137153170184190181159251026UW10 1199205419099999999999999 3 3 38153012499999999999999
129 97 68 50 47 61 85114144170186189182169154140134137146159171178177165251027UW1047189212417999999999999999 338 46161013499999999999999
143117 90 69 58 60 74 95120145165177180176167156146142144150157164168164251028UW115018022 116899999999999999 420 5717 914299999999999999
152134113 93 77 69 71 82 99120141159171176175170161152146144146149153155251029UW132217623 715599999999999999 516 6819 514499999999999999
153146133118102 87 79 78 84 97115135154169179181176167155144136133135140251030UW1450181999999999999999999999 639 7721 613399999999999999
146150149142130114 98 85 79 80 91109132155175187189182167149131119115119251031UW 118150154519099999999999999 818 78215711599999999999999
130143155161158146128106 87 75 74 85107135163186198197183159132108 94 932511 1UW 312161162419999999999999999 935 732233 9299999999999999
105125148169180178163138110 85 69 69 85112145177201208199174141106 78 662511 2UW 4211811656208999999999999991031 6723 7 6699999999999999
 74 96127160188201197176145111 81 65 69 91125161194214213192156114 73 462511 3UW 5152021727216999999999999991117 642341 4099999999999999
 41 60 94136177208221211184148109 78 66 77106142180210222209176131 82 392511 4UW 6 322117592229999999999999912 0 66999999999999999999999
 17 23 54 98147193225233218187148108 79 74 92125162197221222197154103 512511 5UW 649234183222599999999999999 017 161242 7399999999999999
 12 -2 15 55105159206235238219186146108 86 89112144179209224213179131 772511 6UW 73623919 622499999999999999 055 -21323 8499999999999999
 27 -5 -8 17 62114168212235233213181144112 981071311601912132181991601102511 7UW 825237194221999999999999999 136-1114 6 9899999999999999
 58 14 -9 -4 27 711221722102272232041751431191121231451701942092061811422511 8UW 916228202121099999999999999 218-10145111299999999999999
 96 50 14  0 10 40 811271702012142101941701451281251361531721901981901652511 9UW101221521 219899999999999999 3 4 -1154112599999999999999
130 90 52 25 16 28 54 89128164189200197185167148136134141153167178182173251110UW1116200215118299999999999999 355 16164113399999999999999
153125 93 63 43 37 46 67 96127157178188188180166151140136138145154163166251111UW1230189225416699999999999999 452 3718 513699999999999999
160146126102 80 63 57 62 78100125150170181183178166152139131129132139147251112UW1348183999999999999999999999 6 1 57195312999999999999999
153153146133116 97 82 73 75 85102124147167179183177165148131119114115123251113UW 032154145418399999999999999 722 73211611399999999999999
134145152152144130113 96 85 83 90105127149169182184176160138117102 95 99251114UW 230153154318499999999999999 845 8222 8 9599999999999999
111128145158163157143124105 91 87 94110133157176187185171149122 97 81 78251115UW 357163162018799999999999999 952 872246 7799999999999999
 87105129153170175169152130108 93 90 99119143167185190181160131100 74 61251116UW 4561751651190999999999999991044 892318 6199999999999999
 64 81108138166184187177156131107 93 94108130156179192189171142108 74 51251117UW 5431881720193999999999999991126 922347 4699999999999999
 46 59 84118154182197195180155126103 94101120145170190194182155119 81 49251118UW 62219817471959999999999999912 4 94999999999999999999999
 34 39 61 95134172198206198176148119101 98111134160183195190168133 93 55251119UW 658206181319699999999999999 015 331238 9799999999999999
 30 25 41 72112153188208209194168138113101106124149174192195179148108 67251120UW 732210184019699999999999999 043 24131010199999999999999
 34 18 25 50 88130171200211204184156128109106117138163184195188163126 85251121UW 8 621119 819599999999999999 112 18134210599999999999999
 47 21 17 33 65106148184205208195172145121109113129151173189191175144105251122UW 840209193719299999999999999 142 16141410999999999999999
 66 33 18 23 47 83123162190203199183160135117113122140160178187181159126251123UW 91520420 818899999999999999 214 17144711399999999999999
 88 53 28 22 35 63 99137170191197189172150130118119131147165178181168143251124UW 953197204218199999999999999 248 22152511799999999999999
110 76 47 31 32 49 78112146173188190180164144128121125136150164172170155251125UW1036191212017399999999999999 326 2916 912199999999999999
130100 71 48 38 44 63 90121150173184183174159142129123126136147158163159251126UW112718522 716399999999999999 4 9 3817 612399999999999999
145123 97 73 56 49 56 74 98126152171181180171157141128121122129139148153251127UW1225181231415399999999999999 459 49182012199999999999999
151140123102 82 67 61 66 81103128152171180180171156138122113111116126137251128UW1328181999999999999999999999 6 1 61194311199999999999999
146148143131113 95 80 72 74 86106130154173182182171152130110 96 93 99112251129UW 049148142618399999999999999 717 712051 9399999999999999
129144153154145130110 92 81 79 89109133158178187184168143115 89 73 69 80251130UW 234155151518899999999999999 837 782144 6999999999999999
100124148165171164147125103 87 83 93113139165185193184161129 94 63 45 452512 1UW 357171155919399999999999999 948 832229 4399999999999999
 63 92126158182190183163137111 91 86 98120148175194197181149109 68 34 182512 2UW 5 11901640198999999999999991047 862312 1799999999999999
 25 51 89132172199208198175145115 94 91105130159186202198174134 87 41  72512 3UW 5562081720203999999999999991139 902355 -499999999999999
 -4 11 46 92141185213220207181148116 97 97115142171196206195163117 66 182512 4UW 64722018 1206999999999999991228 94999999999999999999999
-13-17  5 47 98151196222225209181146116100105125152181202207188150101 482512 5UW 737226184320899999999999999 039-19131510099999999999999
  3-23-20  8 53106159202223222204176142115105113134160187204202179138 882512 6UW 827225192720699999999999999 124-2514 110599999999999999
 37 -3-22-13 18 641151652022182141961671371141091191401651872001941671272512 7UW 916219201220099999999999999 210-23144810899999999999999
 80 34  0-12  1 33 761241681982092031841581321141121231421641831911821562512 8UW10 620921 019199999999999999 258-12153811199999999999999
118 77 38 11  5 20 51 901321691921991911731491271131131231401581731781682512 9UW1055199215217899999999999999 346  4163111199999999999999
145113 79 47 28 26 42 69103138168185188180163142122111110119132148160164251210UW1144189225016499999999999999 435 25173110999999999999999
156137112 85 62 48 49 63 87115144166179179171154135117106104110121135146251211UW1234180999999999999999999999 526 47184110499999999999999
151146134116 96 79 69 71 83102125147165174173163147128110 98 95 99108121251212UW 0 2151132417599999999999999 622 681957 9599999999999999
134142143137125110 96 88 89 97113131150164171168157140119100 87 82 85 96251213UW 137143141517199999999999999 728 8721 5 8299999999999999
111127139146144137124112103101107120136152164169165151131108 87 72 67 72251214UW 31914615 316999999999999999 8451012158 6799999999999999
 86106127145155156149137123112108112124139154166169161144120 93 70 55 53251215UW 438157154816999999999999999 9591082241 5299999999999999
 62 82108134156168169160145128115110115127143159169169157134105 75 51 39251216UW 53517016301719999999999999910591102318 3899999999999999
 42 58 85117148171182179166147127113110117131149165173168149120 87 55 33251217UW 61818217 81739999999999999911481092353 2699999999999999
 26 37 61 95132164185192184166143121109109121138158172175163138103 67 35251218UW 6551921743176999999999999991228108999999999999999999999
 18 19 38 70110149180196196182159133114106112127148167179175155123 84 47251219UW 729198181817999999999999999 026 1613 310699999999999999
 19  9 19 47 85127166192201194174148122107105117136158176182171144106 65251220UW 8 2201185218299999999999999 059  9133610499999999999999
 29  8  7 26 60102145179198200186162135112103108125147168182181162129 88251221UW 834201192618499999999999999 132  514 810399999999999999
 48 17  4 12 39 77120160189200194175149123105102113133155175183175150113251222UW 9 720020 218399999999999999 2 6  3144110199999999999999
 72 35 11  6 23 55 95137172193197185163136113101104119140161177179165136251223UW 941198204018099999999999999 242  5151710099999999999999
 99 60 28 11 15 38 73113151181194191174151125105 98105122143162174172153251224UW1017195212217599999999999999 319 101558 9899999999999999
123 88 54 28 19 30 56 91128162185191183164140115 99 96105122142158167162251225UW1054191221016799999999999999 358 191644 9599999999999999
143115 84 55 36 33 47 74107140169185186175154129107 92 91101117135151158251226UW113518823 715999999999999999 440 321736 9099999999999999
153137113 87 64 50 51 66 91120149172183180166144119 97 84 82 91107125142251227UW1218183999999999999999999999 528 491837 8199999999999999
151149137119 99 80 69 71 83104129153171179174158135109 86 71 68 77 93113251228UW 02115113 617999999999999999 625 681945 6899999999999999
132146150145133116100 90 88 97114135155170176170152127 99 73 55 50 58 77251229UW 15715014 017699999999999999 738 882052 5099999999999999
101125146158159151136120107102106119137155169175168148120 87 57 36 30 39251230UW 336160145817599999999999999 9 41022154 3099999999999999
 61 91123151170176171156138121110111121138156170175167144111 74 40 16  9251231UW 45917615551759999999999999910271092250  999999999999999
