 31 32 32 31 30 27 22 16 11  6  3  0 -1 -1  1  5  9 13 16 17 18 20 23 2625 1 1WN 141 329999999999999999999991225 -1999999999999999999999
 28 30 30 30 30 28 25 20 14  9  4  1 -1 -2 -1  1  5  9 13 14 15 16 18 2125 1 2WN 234 319999999999999999999991320 -2999999999999999999999
 24 27 28 29 29 28 26 22 17 11  6  3  0 -1 -2 -1  1  5  9 12 13 13 13 1625 1 3WN 322 299999999999999999999991410 -2999999999999999999999
 19 23 25 26 26 26 25 23 19 14  8  4  2  0 -1 -1  0  3  6 10 11 11 11 1225 1 4WN 4 5 269999999999999999999991452 -1999999999999999999999
 14 17 20 22 22 22 22 21 19 15 10  6  3  2  2  1  2  3  6  9 11 11 11 1025 1 5WN 412 222049 11999999999999991517  123 8 1099999999999999
 10 13 15 17 17 17 17 17 16 14 11  8  5  4  5  5  5  6  8 10 12 13 12 1125 1 6WN 419 172114 13999999999999991314  4999999999999999999999
 10 10 11 12 13 12 12 12 11 11 10  8  7  6  7  8 10 11 12 13 14 15 15 1425 1 7WN 419 132139 1699999999999999 027 101249  699999999999999
 12 11  9  9  9  8  8  7  6  6  7  7  7  8  9 11 14 16 17 18 19 19 19 1925 1 8WN2157 19999999999999999999999 830  6999999999999999999999
 17 14 11  9  7  6  5  3  2  2  2  4  6  8 10 13 16 19 22 23 24 23 23 2325 1 9WN20 2 24999999999999999999999 9 1  2999999999999999999999
 22 20 16 12  9  6  4  2  0 -1 -1  0  3  7 10 13 17 20 24 26 28 28 27 2725 110WN2029 28999999999999999999999 939 -1999999999999999999999
 26 25 22 18 13  8  5  2  0 -2 -3 -3  0  4  9 13 16 20 24 27 29 30 30 2925 111WN2117 309999999999999999999991019 -3999999999999999999999
 29 29 27 24 19 13  8  4  1 -1 -3 -3 -2  1  6 11 15 18 22 25 28 30 31 3125 112WN2225 3199999999999999999999911 0 -3999999999999999999999
 30 30 30 29 25 19 13  8  4  1 -1 -2 -3 -1  3  8 13 16 19 21 24 27 29 3025 113WN99999999999999999999999999991140 -3999999999999999999999
 30 31 31 31 29 25 19 12  7  3  1 -1 -2 -1  1  5 10 14 16 18 20 22 25 2725 114WN 229 319999999999999999999991217 -2999999999999999999999
 29 29 30 30 30 28 23 17 11  5  2  0 -1 -1  0  3  7 11 13 15 16 17 19 2225 115WN 327 309999999999999999999991249 -1999999999999999999999
 25 27 27 28 29 28 26 21 14  8  3  1  0  0  0  1  4  8 11 13 13 13 15 1725 116WN 416 2999999999999999999999913 4  0999999999999999999999
 20 23 24 25 26 26 25 22 16 10  5  2  0  0  1  1  3  6  9 11 11 11 11 1325 117WN 454 269999999999999999999991249  0999999999999999999999
 16 18 20 21 22 22 22 20 17 11  6  3  1  1  1  2  4  6  8  9 10 10  9 1025 118WN 516 229999999999999999999991239  1999999999999999999999
 12 14 16 17 18 18 18 17 15 11  7  3  2  2  2  4  5  7  8  9 10 10  9  925 119WN 455 182012 10999999999999991230  12240  999999999999999
 10 12 13 14 14 14 14 13 12  9  6  4  2  3  4  6  8  9 11 11 11 11 10  925 120WN 422 141941 11999999999999991218  22330  999999999999999
  9 10 11 11 11 11 10  9  8  7  5  4  3  4  5  8 10 12 14 15 14 14 12 1125 121WN 314 111910 159999999999999912 2  3999999999999999999999
 10 10 10 10  9  8  7  7  6  5  4  3  3  4  7  9 12 15 17 19 18 17 16 1425 122WN1922 199999999999999999999991129  3999999999999999999999
 12 11 10  9  8  6  5  4  3  3  3  3  4  5  8 11 14 17 20 22 22 21 20 1825 123WN1948 22999999999999999999999 950  3999999999999999999999
 16 14 12 10  8  6  4  3  2  1  2  3  4  6  9 12 15 18 21 24 25 25 23 2225 124WN2020 25999999999999999999999 9 2  1999999999999999999999
 20 18 15 12  9  7  4  2  0  0  0  2  4  6  9 12 15 18 22 24 26 26 26 2525 125WN2059 26999999999999999999999 9 5  0999999999999999999999
 23 21 19 16 12  8  5  2  0 -1 -1  0  3  6  9 12 15 18 21 23 25 27 27 2725 126WN2153 27999999999999999999999 931 -2999999999999999999999
 26 25 23 19 16 11  7  4  0 -2 -3 -2  0  4  7 11 14 16 19 21 23 25 26 2725 127WN2316 2799999999999999999999910 8 -3999999999999999999999
 27 26 25 23 20 15 10  6  2 -2 -4 -4 -3  0  4  9 12 14 16 18 20 22 24 2625 128WN99999999999999999999999999991051 -4999999999999999999999
 26 27 27 26 23 19 14  8  3 -1 -4 -5 -5 -4  0  5  9 12 13 14 16 18 21 2325 129WN 131 279999999999999999999991136 -6999999999999999999999
 24 25 26 26 25 22 17 11  6  1 -3 -5 -6 -6 -3  1  6  9 11 11 11 13 15 1925 130WN 249 269999999999999999999991220 -6999999999999999999999
 21 23 24 25 25 24 20 15  8  3 -1 -4 -6 -6 -5 -2  2  7  9  9  8  8 10 1325 131WN 348 251839  99999999999999913 0 -62040  899999999999999
 16 19 20 21 22 23 21 17 11  5  1 -2 -4 -4 -4 -3  1  5  8  9  8  6  6  825 2 1WN 441 231853  9999999999999991331 -52140  699999999999999
 11 14 16 17 18 19 19 17 13  8  3  0 -1 -1 -1  0  2  5  8 10  9  7  5  425 2 2WN 531 191913 10999999999999991328 -12238  499999999999999
  6  9 11 12 13 14 14 14 12  9  5  2  2  2  3  4  6  8 10 12 12 10  7  425 2 3WN 622 141934 12999999999999991150  22342  499999999999999
  4  5  7  7  8  8  9  9  9  8  6  4  4  6  8  9 11 12 14 15 15 14 11  825 2 4WN 727  91949 15999999999999991132  4999999999999999999999
  5  4  4  4  4  4  4  4  4  5  5  5  5  8 11 14 16 18 19 19 19 18 16 1325 2 5WN19 0 19999999999999999999999 639  4999999999999999999999
  9  7  5  4  3  2  1  0 -1  0  2  3  5  8 12 16 19 22 23 23 23 22 20 1825 2 6WN1828 23999999999999999999999 751 -1999999999999999999999
 15 12  8  6  4  2  0 -2 -3 -3 -2  1  4  7 11 16 20 24 26 27 26 25 23 2225 2 7WN1855 27999999999999999999999 842 -3999999999999999999999
 20 17 14 10  6  4  1 -1 -3 -4 -4 -2  1  6 10 14 18 22 26 27 28 27 25 2525 2 8WN1938 28999999999999999999999 928 -5999999999999999999999
 24 22 19 15 11  7  4  1 -1 -4 -5 -4 -1  3  8 12 16 19 23 25 26 27 26 2525 2 9WN2040 279999999999999999999991011 -5999999999999999999999
 25 25 24 21 16 11  7  3  0 -2 -3 -4 -3  1  5  9 13 16 18 20 22 24 25 2525 210WN99999999999999999999999999991051 -4999999999999999999999
 25 25 26 24 21 16 10  6  2  0 -2 -3 -3 -1  3  7 10 13 14 16 17 19 21 2225 211WN 147 269999999999999999999991127 -3999999999999999999999
 23 24 25 26 24 20 14  8  4  0 -1 -2 -3 -2  1  5  8 11 11 12 12 14 16 1825 212WN 246 269999999999999999999991153 -3999999999999999999999
 20 21 23 24 24 22 17 11  5  1 -1 -2 -2 -2  0  3  6  9 10  9  9  9 11 1425 213WN 334 2418 3 10999999999999991156 -22011  999999999999999
 16 18 19 21 22 22 18 13  7  2 -1 -2 -2 -1  0  2  5  8  9  8  7  6  7  925 214WN 415 221813  9999999999999991126 -221 2  699999999999999
 12 14 16 17 19 19 18 14  9  3  0 -1 -1  0  1  3  5  7  8  8  7  5  5  625 215WN 449 191825  9999999999999991120 -22143  599999999999999
  8 10 12 13 15 15 15 13  9  4  1  0  0  1  3  5  7  8  9  9  8  6  4  425 216WN 514 151826  9999999999999991115 -12223  499999999999999
  6  7  9 10 11 12 12 11  8  5  2  1  1  3  5  7  9 11 11 11  9  7  5  425 217WN 527 121758 119999999999999911 9  123 7  499999999999999
  4  5  6  7  8  9  9  8  7  5  3  2  3  5  8 10 13 14 15 14 12 10  7  525 218WN 534  91744 159999999999999911 1  2999999999999999999999
  4  5  5  5  6  6  6  6  5  4  3  3  4  7 10 13 16 18 18 18 16 13 10  825 219WN 545  61755 1899999999999999 0 7  41047  399999999999999
  6  5  5  4  4  4  4  4  4  4  4  4  5  8 11 15 18 20 22 21 19 17 14 1125 220WN1813 22999999999999999999999 934  4999999999999999999999
  9  7  6  5  3  3  2  2  2  2  3  4  6  9 12 15 19 22 23 23 22 20 18 1525 221WN1835 24999999999999999999999 718  2999999999999999999999
 12 10  8  6  4  3  1  0  0  1  2  4  6  9 12 15 19 22 24 24 24 22 20 1825 222WN19 1 24999999999999999999999 745  0999999999999999999999
 16 13 11  8  6  3  1 -1 -1 -1  0  2  5  8 11 14 17 20 22 24 24 23 22 2125 223WN1937 24999999999999999999999 822 -2999999999999999999999
 19 17 14 11  8  5  2 -1 -3 -3 -3  0  3  6  9 12 15 17 20 21 22 22 22 2125 224WN2040 22999999999999999999999 9 4 -3999999999999999999999
 21 20 18 15 11  7  4  0 -3 -5 -5 -4 -1  3  7 10 12 14 16 17 19 20 21 2125 225WN9999999999999999999999999999 948 -5999999999999999999999
 21 21 20 18 15 11  6  1 -2 -5 -6 -6 -4 -1  4  7 10 11 12 13 14 16 18 1925 226WN 047 219999999999999999999991031 -7999999999999999999999
 20 21 21 21 18 14  9  4 -1 -4 -6 -7 -7 -4  0  5  8  9  8  8  9 11 13 1525 227WN 210 219999999999999999999991112 -7999999999999999999999
 17 18 20 21 20 17 12  6  1 -3 -5 -6 -7 -5 -2  3  6  8  7  5  4  5  7 1025 228WN 310 2117 9  8999999999999991148 -72010  499999999999999
 12 14 16 18 20 19 15 10  4  0 -3 -4 -4 -4 -2  2  6  8  8  6  3  1  2  525 3 1WN 4 5 201725  9999999999999991213 -421 8  199999999999999
  7  9 11 14 16 17 16 12  7  3  0  0  0  0  1  4  7 10 10  8  4  1 -1  025 3 2WN 5 0 171745 11999999999999991117  022 5 -199999999999999
  2  4  6  8 10 13 14 12  9  6  3  3  4  5  6  8 10 12 13 12  9  4  0 -225 3 3WN 559 1418 4 13999999999999991039  323 6 -299999999999999
 -1  0  2  3  5  7  9 10  9  7  6  6  8 10 12 13 15 16 17 16 14  9  4  025 3 4WN 7 8 101814 17999999999999991024  6999999999999999999999
 -1 -1 -1  0  1  2  3  5  6  6  6  7 10 13 16 19 20 21 21 20 18 15 10  525 3 5WN1719 21999999999999999999999 026 -1999999999999999999999
  2  0  0 -1 -1 -1 -1  0  1  3  5  7 10 14 18 22 24 25 24 23 21 19 16 1225 3 6WN17 3 25999999999999999999999 528 -1999999999999999999999
  7  4  2  1  0 -1 -2 -3 -2  0  2  5  9 13 17 22 25 27 27 25 23 22 20 1725 3 7WN1728 27999999999999999999999 7 7 -3999999999999999999999
 13 10  7  4  2  1 -1 -3 -4 -3 -1  3  6 10 15 19 23 26 27 26 24 23 21 2025 3 8WN18 4 27999999999999999999999 810 -4999999999999999999999
 18 15 12  8  6  3  1 -1 -3 -3 -3  0  4  8 12 15 19 22 24 24 23 22 21 2125 3 9WN1852 24999999999999999999999 9 2 -3999999999999999999999
 21 19 16 13  9  6  3  1 -1 -2 -3 -1  2  5  9 12 15 17 19 20 20 20 20 2025 310WN9999999999999999999999999999 947 -3999999999999999999999
 21 21 20 17 13  9  5  3  1 -1 -2 -2  0  3  7 10 11 12 13 14 15 16 17 1825 311WN 045 219999999999999999999991024 -2999999999999999999999
 19 20 21 19 16 11  7  3  1  0 -1 -1  0  2  5  8  9 10  9  9 10 11 13 1425 312WN 151 219999999999999999999991048 -1999999999999999999999
 16 18 19 20 18 14  9  4  1  0 -1 -1  0  2  4  7  9  9  8  6  6  7  8 1025 313WN 243 201630  9999999999999991019 -11950  699999999999999
 12 14 16 18 18 15 11  6  2  0  0  0  1  2  4  7  8  9  7  5  3  3  4  625 314WN 327 181641  999999999999999 948 -12037  399999999999999
  8 10 13 15 16 15 12  7  3  1  0  1  2  3  5  7  9  9  8  6  3  1  2  325 315WN 4 8 161651  999999999999999 951  02120  199999999999999
  5  7  9 11 13 13 12  9  5  2  1  2  4  6  7  9 11 11 10  7  4  1  0  125 316WN 446 131647 1199999999999999 955  122 2  099999999999999
  2  4  6  8 10 11 11  9  6  4  3  4  6  8 10 12 14 14 12 10  6  3  0  025 317WN 523 111629 1499999999999999 956  32246  099999999999999
  1  2  3  5  7  9  9  9  7  5  5  6  8 11 13 16 17 17 15 13  9  5  2  125 318WN 6 5  91626 1799999999999999 956  52338  099999999999999
  0  1  2  3  5  7  8  8  8  7  6  7 10 13 16 19 20 20 19 16 13  9  5  225 319WN 7 2  81637 2199999999999999 953  6999999999999999999999
  1  1  1  2  3  5  6  7  7  7  8  9 11 14 18 20 23 23 22 20 16 12  8  525 320WN1651 23999999999999999999999 057  1999999999999999999999
  3  2  2  2  2  3  4  5  6  7  8  9 11 15 18 21 23 24 24 22 19 16 12  925 321WN17 7 24999999999999999999999 248  2999999999999999999999
  6  4  3  2  2  2  2  3  4  6  8  9 11 14 17 21 23 24 24 23 21 18 15 1225 322WN1724 25999999999999999999999 453  2999999999999999999999
  9  7  5  4  3  1  1  0  1  3  6  8 10 13 16 19 21 23 23 23 21 19 17 1525 323WN1748 23999999999999999999999 636  0999999999999999999999
 13 10  8  6  4  2  0 -1 -1  0  2  5  8 11 13 16 18 20 21 21 20 19 18 1725 324WN1827 21999999999999999999999 737 -1999999999999999999999
 15 14 11  8  6  3  0 -2 -3 -3 -1  2  5  8 11 12 14 16 17 18 18 18 17 1725 325WN1944 18999999999999999999999 827 -3999999999999999999999
 17 16 14 11  8  5  1 -1 -3 -4 -4 -2  2  5  8 10 11 11 12 13 14 15 15 1625 326WN9999999999999999999999999999 911 -4999999999999999999999
 17 17 17 15 11  7  3  0 -3 -4 -4 -3 -1  3  7  8  9  8  7  7  9 10 12 1325 327WN 110 171540  999999999999999 952 -41823  799999999999999
 14 16 17 17 14 10  6  2 -1 -2 -3 -3 -1  2  6  8  9  7  5  3  3  4  6  825 328WN 219 171541  9999999999999991025 -31934  399999999999999
 10 12 15 17 16 14  9  5  2  1  0  0  1  3  6 10 11  9  6  2 -1 -1  1  325 329WN 320 171558 11999999999999991035  02033 -199999999999999
  5  7 10 14 16 15 13  9  6  4  4  5  5  6  9 12 14 13 10  4 -1 -3 -3 -225 330WN 422 161619 1499999999999999 931  42131 -499999999999999
  0  2  5  8 12 14 14 12  9  8  8  9 11 12 13 15 17 17 15 10  3 -2 -4 -525 331WN 527 141639 1799999999999999 917  82234 -599999999999999
 -4 -2  0  2  6  9 12 12 11 10 11 13 15 17 19 20 21 21 20 16 10  3 -2 -425 4 1WN 643 121648 2199999999999999 9 7 102349 -499999999999999
 -4 -4 -3 -2  1  4  7 10 11 11 12 15 18 21 23 24 25 24 23 21 16 10  4  025 4 2WN1554 259999999999999999999999999999999999999999999999999
 -2 -3 -3 -3 -2  0  2  5  8 10 12 15 19 23 26 28 28 27 26 24 21 16 11  625 4 3WN1544 28999999999999999999999 129 -3999999999999999999999
  2  0 -1 -1 -1 -1 -1  1  4  7 10 13 17 21 25 28 29 29 27 25 23 20 16 1225 4 4WN1610 29999999999999999999999 441 -1999999999999999999999
  8  5  3  2  1  0 -1 -1  1  4  7 10 14 18 22 25 28 28 27 25 23 22 20 1725 4 5WN1643 28999999999999999999999 624 -1999999999999999999999
 13 10  7  5  4  3  1  0  0  2  4  7 11 14 17 21 23 25 25 23 22 21 20 1925 4 6WN1721 25999999999999999999999 730  0999999999999999999999
 17 14 11  8  6  5  3  2  1  1  3  5  8 11 14 16 18 20 20 20 19 18 18 1825 4 7WN18 6 20999999999999999999999 823  1999999999999999999999
 18 17 14 11  8  6  4  3  2  2  2  4  7  9 11 13 14 14 15 15 15 15 15 1625 4 8WN9999999999999999999999999999 9 5  2999999999999999999999
 17 17 16 13 10  7  5  4  3  3  3  4  6  8 10 11 11 10 10 10 10 11 12 1325 4 9WN 039 171524 1199999999999999 923  31831 1099999999999999
 14 16 16 15 12  8  5  4  3  4  4  5  6  8 10 11 10  9  7  6  6  7  8  925 410WN 142 1615 7 1199999999999999 8 0  31929  699999999999999
 11 13 14 15 13 10  6  4  4  4  5  6  7  9 10 12 11  9  6  4  3  3  4  625 411WN 235 151514 1299999999999999 759  42014  399999999999999
  8 10 12 13 13 11  8  5  4  5  6  8  9 11 12 13 13 11  7  4  1  1  1  325 412WN 324 131519 1399999999999999 8 9  42058  199999999999999
  4  7  9 11 12 12 10  7  6  6  8 10 12 13 15 15 15 13 10  5  2  0  0  025 413WN 411 121512 1599999999999999 819  62143  099999999999999
  2  4  7  9 11 12 11  9  8  8 10 12 14 16 18 19 18 16 13  8  4  1 -1 -125 414WN 5 0 1215 2 1999999999999999 828  82228 -199999999999999
  0  2  5  7 10 11 12 11 10 10 12 14 17 19 21 22 22 20 16 12  7  3  0 -125 415WN 553 1215 9 2299999999999999 836 102316 -199999999999999
  0  1  3  6  8 11 12 12 12 12 13 16 18 21 24 25 25 23 20 15 11  6  2  125 416WN1524 259999999999999999999999999999999999999999999999999
  0  0  2  4  7  9 11 13 13 13 14 16 19 22 25 27 27 25 23 19 14 10  6  325 417WN1540 27999999999999999999999 0 6  0999999999999999999999
  2  1  2  3  5  7  9 11 13 14 15 16 19 22 25 27 28 27 24 21 18 13  9  625 418WN1553 28999999999999999999999 1 3  1999999999999999999999
  4  3  2  3  3  5  7  9 11 13 14 16 18 21 24 26 27 27 25 22 19 16 12  925 419WN16 7 27999999999999999999999 219  2999999999999999999999
  7  5  4  3  3  3  4  6  8 11 12 14 16 19 22 24 26 26 24 22 20 18 15 1225 420WN1628 26999999999999999999999 417  3999999999999999999999
  9  7  6  4  3  2  2  2  4  7 10 12 14 16 18 21 23 23 23 21 20 18 17 1425 421WN1659 23999999999999999999999 553  2999999999999999999999
 12 10  7  6  4  2  1  0  1  3  6  9 11 13 15 17 18 19 20 19 18 17 17 1625 422WN1743 20999999999999999999999 653  0999999999999999999999
 14 12 10  7  5  3  1  0  0  1  3  6  9 11 12 13 14 14 15 15 15 15 15 1525 423WN2122 15999999999999999999999 739  0999999999999999999999
 15 14 12 10  7  5  3  1  1  1  2  5  8 10 11 11 10 10 10 10 11 11 12 1325 424WN1416 11999999999999999999999 815  11736 1099999999999999
 14 15 15 13 10  7  5  4  3  3  4  5  8 11 12 12 10  7  5  5  5  6  8  925 425WN 113 151416 1299999999999999 831  31855  599999999999999
 11 13 15 15 13 11  8  7  6  7  7  8 10 13 15 15 12  8  4  1  1  1  3  425 426WN 230 151434 1599999999999999 751  61955  199999999999999
  6  9 13 15 15 14 12 11 10 11 12 13 14 16 18 19 17 13  7  2 -2 -2 -2 -125 427WN 343 161456 1999999999999999 737 102057 -299999999999999
  1  4  8 12 15 16 15 14 14 15 17 18 19 20 22 23 22 19 13  6  0 -3 -4 -425 428WN 5 0 161517 2399999999999999 733 1422 5 -499999999999999
 -3 -1  2  7 11 15 16 17 17 18 21 23 25 25 26 27 27 25 20 13  6  0 -3 -425 429WN1528 279999999999999999999992321 -4999999999999999999999
 -4 -3 -1  2  6 11 15 17 18 19 22 25 28 30 30 30 30 29 26 20 13  6  1 -125 430WN1426 309999999999999999999999999999999999999999999999999
 -2 -2 -2  0  2  6 11 14 17 19 21 25 28 31 33 33 32 31 29 25 20 14  8  325 5 1WN1432 33999999999999999999999 034 -3999999999999999999999
  1  0  0  0  1  3  6 10 14 16 19 22 26 30 32 33 33 31 29 27 24 20 14  925 5 2WN15 3 33999999999999999999999 157  0999999999999999999999
  6  4  3  3  2  2  4  7 10 13 16 18 22 26 29 31 31 30 28 27 25 23 19 1425 5 3WN1537 31999999999999999999999 420  2999999999999999999999
 10  8  6  5  5  4  4  5  7 10 13 15 18 21 24 27 28 28 26 25 24 23 21 1825 5 4WN1613 28999999999999999999999 543  4999999999999999999999
 14 11  9  8  7  6  5  5  6  8 10 12 14 17 19 22 23 23 23 21 21 20 20 1925 5 5WN1646 23999999999999999999999 642  5999999999999999999999
 16 14 11  9  8  7  7  6  6  7  9 11 13 14 16 17 18 18 18 18 17 17 17 1725 5 6WN17 7 18999999999999999999999 724  6999999999999999999999
 17 15 13 11  9  8  8  8  8  8  9 11 12 14 14 14 14 14 14 13 13 13 14 1425 5 7WN15 1 14999999999999999999999 635  82030 1399999999999999
 15 15 13 11 10  8  8  8  9 10 10 11 13 14 14 14 13 11 10  9  9 10 10 1125 5 8WN 019 151356 1499999999999999 552  81945  999999999999999
 12 13 13 12 11  9  9  9 10 12 13 14 15 15 16 15 13 10  8  7  6  6  7  825 5 9WN 136 131353 1699999999999999 557  92011  699999999999999
  9 11 12 13 12 11 10 10 12 14 15 17 17 18 18 17 15 12  8  5  4  4  4  525 510WN 242 131348 1899999999999999 6 6 102048  499999999999999
  7  9 11 13 13 12 12 12 13 16 18 20 21 21 21 20 18 14 10  6  4  2  2  325 511WN 344 131328 2199999999999999 616 122129  299999999999999
  5  7 10 12 14 14 14 14 15 17 20 22 24 25 25 24 21 18 13  8  5  2  2  225 512WN1330 2599999999999999999999922 9  2999999999999999999999
  4  6  9 12 14 15 16 16 17 19 22 24 26 28 28 27 25 22 17 12  7  4  2  225 513WN1350 289999999999999999999992250  2999999999999999999999
  3  5  8 11 14 16 17 18 18 20 23 25 28 30 31 30 28 25 21 16 11  6  4  325 514WN1414 319999999999999999999992333  2999999999999999999999
  3  4  6  9 13 16 18 19 19 21 23 25 28 30 32 32 31 28 24 20 15 10  6  425 515WN1436 329999999999999999999999999999999999999999999999999
  4  4  5  7 11 14 17 19 20 20 22 24 27 30 32 32 31 30 27 23 18 13  9  725 516WN1454 32999999999999999999999 020  4999999999999999999999
  5  5  5  6  8 11 14 17 18 19 20 22 25 28 31 31 31 30 27 25 21 17 13  925 517WN1511 31999999999999999999999 118  5999999999999999999999
  7  6  5  5  6  7 10 13 16 17 18 20 22 25 28 30 30 29 27 25 22 19 15 1225 518WN1532 30999999999999999999999 242  5999999999999999999999
  9  7  6  5  5  5  7  9 12 15 16 17 19 22 25 27 27 27 25 24 22 20 17 1425 519WN16 1 27999999999999999999999 413  5999999999999999999999
 11  9  7  6  5  4  5  6  9 12 14 15 16 18 20 22 24 24 23 22 21 20 18 1625 520WN1637 24999999999999999999999 517  4999999999999999999999
 13 11  9  7  6  5  5  5  7  9 12 14 15 15 16 18 19 20 20 19 18 18 18 1725 521WN1722 20999999999999999999999 6 2  5999999999999999999999
 15 13 11  9  8  7  6  6  7  9 11 14 15 15 15 14 14 15 15 15 15 15 15 1625 522WN1244 152336 1699999999999999 628  618 3 1499999999999999
 16 15 13 12 10 10  9 10 10 11 13 15 17 17 16 14 12 10 10 10 10 10 11 1225 523WN1247 17999999999999999999999 557  91823 1099999999999999
 14 15 15 15 14 13 13 14 15 16 16 18 19 20 20 17 13  9  7  6  6  6  7  825 524WN 137 1613 7 2099999999999999 520 131930  699999999999999
 10 13 16 17 17 17 17 18 20 21 22 22 23 24 24 22 18 12  7  4  3  2  3  425 525WN1331 259999999999999999999992042  2999999999999999999999
  6  9 13 17 19 19 20 21 24 26 27 28 28 29 29 28 24 18 11  6  2  1  0  125 526WN1355 2999999999999999999999922 0  0999999999999999999999
  2  5  9 14 18 21 22 24 26 29 31 32 33 33 33 33 30 25 18 11  6  2  1  025 527WN14 9 3399999999999999999999923 7  0999999999999999999999
  0  2  5 10 15 19 22 24 26 29 32 35 36 36 36 35 34 31 26 19 12  6  3  225 528WN1249 369999999999999999999999999999999999999999999999999
  1  1  3  6 11 16 20 23 25 28 31 34 36 38 38 37 36 35 32 26 19 13  8  525 529WN1327 38999999999999999999999 0 9  1999999999999999999999
  4  3  3  5  7 12 16 20 22 25 27 31 34 36 37 37 36 35 34 31 25 19 13  925 530WN14 8 37999999999999999999999 118  3999999999999999999999
  7  6  6  5  6  9 12 16 19 21 23 26 30 33 35 35 35 34 33 32 29 24 18 1425 531WN1448 35999999999999999999999 242  5999999999999999999999
 10  9  8  8  7  8 10 13 16 18 20 22 24 28 30 32 32 31 30 30 28 26 21 1725 6 1WN1526 32999999999999999999999 358  7999999999999999999999
 13 11 10 10  9  9 10 11 14 16 17 18 20 23 25 27 28 27 26 26 26 25 22 1925 6 2WN1557 28999999999999999999999 454  9999999999999999999999
 15 13 12 11 11 11 11 11 13 14 16 17 18 19 21 23 23 23 23 22 22 21 20 1925 6 3WN1616 23999999999999999999999 521 11999999999999999999999
 16 14 13 12 12 12 12 13 14 15 16 17 17 18 19 19 20 19 19 18 17 17 17 1725 6 4WN1551 20999999999999999999999 339 12999999999999999999999
 16 14 13 13 13 13 14 15 16 16 17 18 18 18 18 18 17 16 15 15 14 14 14 1425 6 5WN1257 18999999999999999999999 325 122123 1499999999999999
 14 14 14 13 13 14 16 17 19 19 20 20 20 20 19 18 16 14 13 12 11 11 11 1225 6 6WN 0 8 141221 2099999999999999 316 132120 1199999999999999
 13 13 14 14 15 16 17 19 22 23 24 24 23 23 22 20 17 14 12 10  9  9  9 1025 6 7WN1034 2499999999999999999999921 8  9999999999999999999999
 11 13 14 15 16 17 19 21 24 26 27 28 27 27 25 23 20 16 12 10  8  7  8  825 6 8WN1059 289999999999999999999992119  7999999999999999999999
 10 12 15 16 18 19 20 23 26 28 30 31 31 31 29 27 23 19 14 11  8  7  7  725 6 9WN1138 319999999999999999999992146  7999999999999999999999
  9 12 15 17 19 21 22 24 27 29 32 33 34 34 33 31 27 23 18 13 10  8  7  725 610WN1220 349999999999999999999992221  6999999999999999999999
  8 11 14 17 20 22 23 25 27 29 32 34 36 36 36 34 31 27 22 17 13 10  8  725 611WN13 0 3699999999999999999999923 2  7999999999999999999999
  7  9 13 16 19 22 24 25 26 29 31 34 36 37 37 36 34 31 26 21 16 12  9  825 612WN1337 379999999999999999999992349  7999999999999999999999
  7  8 11 14 17 21 23 24 25 27 29 32 35 36 37 36 35 33 29 25 20 15 12  925 613WN14 8 379999999999999999999999999999999999999999999999999
  8  8  9 11 14 18 21 23 24 25 26 29 32 35 36 36 35 34 31 28 23 18 14 1125 614WN1433 36999999999999999999999 044  8999999999999999999999
  9  8  8  9 11 14 18 20 22 22 23 26 29 32 34 34 34 33 31 29 25 21 16 1325 615WN1457 34999999999999999999999 150  8999999999999999999999
 10  9  8  8  8 11 14 17 19 20 20 22 25 28 30 32 32 31 30 29 26 22 18 1425 616WN1524 32999999999999999999999 256  8999999999999999999999
 12 10  9  8  8  9 11 14 17 18 19 19 21 23 26 28 29 28 27 27 25 23 20 1625 617WN1557 29999999999999999999999 349  8999999999999999999999
 13 11 11 10  9  9 11 13 15 17 18 18 18 20 22 23 24 24 24 23 23 22 20 1825 618WN1631 25999999999999999999999 428  9999999999999999999999
 15 13 12 12 12 12 13 14 16 18 19 19 18 18 18 19 20 20 20 19 19 19 19 1825 619WN1031 191659 2099999999999999 430 1213 4 1899999999999999
 17 15 15 15 15 16 17 17 19 20 21 22 21 20 18 17 16 16 16 15 15 15 16 1725 620WN1057 22999999999999999999999 219 152022 1599999999999999
 17 17 17 18 19 20 21 23 23 24 25 25 25 24 21 18 15 13 12 11 11 11 12 1325 621WN1124 269999999999999999999992048 11999999999999999999999
 16 18 19 20 22 24 26 28 29 29 29 30 30 29 26 22 17 13 11  9  8  8  8  925 622WN1150 309999999999999999999992127  8999999999999999999999
 12 16 19 22 24 26 29 31 33 34 34 34 34 34 32 29 23 17 13  9  8  7  6  625 623WN1050 349999999999999999999992212  6999999999999999999999
  8 12 17 21 24 27 30 33 35 38 38 38 38 38 37 35 30 24 18 13  9  7  6  525 624WN1015 3899999999999999999999923 0  5999999999999999999999
  6  9 13 19 23 26 29 32 35 38 40 41 40 40 40 39 36 31 25 18 13 10  8  725 625WN1116 419999999999999999999992352  6999999999999999999999
  6  7 10 15 20 24 27 30 32 35 38 40 41 41 41 41 40 37 32 25 19 14 10  925 626WN1226 419999999999999999999999999999999999999999999999999
  8  8  9 12 16 21 25 27 29 31 34 37 39 40 40 40 40 39 36 31 24 18 14 1125 627WN1445 40999999999999999999999 046  7999999999999999999999
 10  9  9 10 13 17 21 24 25 27 29 32 35 37 38 38 38 39 38 34 29 23 17 1425 628WN1651 39999999999999999999999 141  9999999999999999999999
 12 11 11 11 12 15 18 21 23 23 24 27 30 33 35 35 35 36 36 34 31 26 20 1625 629WN1742 36999999999999999999999 231 11999999999999999999999
 14 13 12 12 13 14 16 19 21 21 21 23 25 28 30 31 32 32 32 31 30 27 22 1825 630WN17 7 32999999999999999999999 3 7 12999999999999999999999
 15 14 14 14 14 15 16 18 19 20 20 21 22 24 26 27 28 27 27 27 26 25 22 1925 7 1WN1559 28999999999999999999999 2 7 14999999999999999999999
 16 15 15 16 16 17 18 19 20 20 20 20 21 22 23 24 24 24 23 23 22 22 20 1825 7 2WN1546 24999999999999999999999 128 15999999999999999999999
 17 16 16 17 18 20 21 21 22 22 22 22 21 21 22 22 21 21 20 19 19 18 18 1725 7 3WN 922 22999999999999999999999 112 16999999999999999999999
 16 16 17 18 20 22 24 25 25 25 24 24 23 23 22 21 20 19 18 17 16 15 15 1625 7 4WN 754 25999999999999999999999 044 162144 1599999999999999
 16 17 18 19 22 24 27 28 29 29 28 27 26 25 23 22 20 18 16 15 14 14 14 1425 7 5WN 817 299999999999999999999992123 14999999999999999999999
 16 17 19 21 23 26 29 31 33 33 33 32 30 29 26 24 21 18 16 14 13 12 13 1425 7 6WN 853 3399999999999999999999921 8 12999999999999999999999
 15 18 20 22 24 27 30 33 35 36 36 36 34 33 30 27 24 20 17 14 13 12 12 1325 7 7WN 937 369999999999999999999992118 12999999999999999999999
 15 18 20 23 25 27 30 33 36 37 38 38 38 36 34 31 27 23 19 16 13 12 11 1225 7 8WN1030 399999999999999999999992147 11999999999999999999999
 14 17 20 23 26 28 30 32 35 37 39 40 40 39 37 35 31 27 23 18 15 12 11 1125 7 9WN1131 409999999999999999999992227 11999999999999999999999
 13 16 19 23 25 27 29 31 33 36 38 39 40 40 39 38 35 31 26 22 17 14 12 1125 710WN1235 409999999999999999999992313 11999999999999999999999
 11 13 16 20 24 26 28 29 31 33 35 37 39 40 40 39 37 34 30 25 20 16 13 1125 711WN1338 409999999999999999999999999999999999999999999999999
 10 11 13 17 21 24 26 27 28 29 32 35 37 38 39 39 38 36 33 28 23 18 14 1225 712WN1442 39999999999999999999999 0 4 10999999999999999999999
 10 10 11 13 17 21 23 25 25 25 27 30 34 36 37 37 37 37 34 30 25 20 16 1325 713WN1542 37999999999999999999999 057 10999999999999999999999
 11 10 10 11 14 18 21 23 23 23 23 26 29 32 34 35 35 35 34 32 27 22 17 1425 714WN1636 35999999999999999999999 146 10999999999999999999999
 13 12 11 11 13 16 19 21 22 21 21 22 24 28 30 31 32 32 32 31 28 24 19 1625 715WN 750 221726 3299999999999999 227 11 955 2199999999999999
 14 14 13 13 14 16 18 21 22 22 20 20 21 23 26 27 28 28 28 28 27 24 21 1825 716WN 811 221814 2899999999999999 253 131054 2099999999999999
 16 16 16 17 17 18 20 22 24 24 22 20 20 20 22 23 23 23 23 23 23 23 21 2025 717WN 835 2418 7 2399999999999999 039 1612 4 2099999999999999
 18 19 20 21 22 23 24 25 26 27 26 24 22 20 20 20 20 20 19 19 19 19 20 2025 718WN 856 27999999999999999999999 023 181925 1999999999999999
 20 21 22 25 27 28 29 30 30 30 30 29 26 23 21 19 18 17 16 15 15 15 16 1825 719WN 9 0 309999999999999999999992012 15999999999999999999999
 20 22 24 27 30 33 34 35 35 35 34 33 32 29 25 21 18 16 15 14 12 12 13 1525 720WN 720 359999999999999999999992057 12999999999999999999999
 18 22 25 28 31 35 38 39 40 39 38 37 37 35 31 27 22 18 16 14 12 11 10 1225 721WN 748 409999999999999999999992142 10999999999999999999999
 15 20 24 28 31 34 38 40 42 42 41 40 40 39 37 33 28 23 19 15 13 11 10 1025 722WN 835 429999999999999999999992228 10999999999999999999999
 12 16 21 26 29 33 36 39 41 42 43 42 42 42 41 39 35 29 23 19 15 13 11 1125 723WN 943 439999999999999999999992314 10999999999999999999999
 11 14 18 23 27 30 32 35 37 40 41 42 42 42 43 42 40 35 29 23 19 15 13 1225 724WN1419 439999999999999999999999999999999999999999999999999
 11 12 15 20 24 27 29 31 33 35 37 39 40 41 42 43 42 40 35 28 22 18 15 1425 725WN1521 43999999999999999999999 0 0 11999999999999999999999
 13 12 14 17 21 25 27 27 28 29 32 35 37 38 39 41 42 41 38 32 26 20 17 1525 726WN1615 42999999999999999999999 042 12999999999999999999999
 14 14 14 16 19 22 24 25 25 25 27 30 32 35 36 37 38 39 38 34 29 23 18 1625 727WN17 0 39999999999999999999999 116 14999999999999999999999
 15 15 15 16 18 20 23 24 24 23 23 25 28 30 32 33 34 35 35 34 30 24 20 1725 728WN 710 241738 3599999999999999 121 15 918 2399999999999999
 16 16 17 17 19 20 22 23 23 22 22 22 24 27 28 29 30 31 31 31 28 25 21 1825 729WN 726 2418 4 3199999999999999 017 1610 3 2299999999999999
 17 18 19 20 21 22 23 24 24 23 22 21 22 24 25 26 27 27 27 26 26 24 21 1925 730WN 732 241726 2799999999999999 0 2 171046 212351 189999999
 18 19 21 22 24 25 26 26 26 25 23 22 22 23 23 24 24 24 23 23 22 22 20 1925 731WN 644 261553 24999999999999991137 222334 1999999999999999
 19 20 22 25 27 29 30 30 29 27 26 24 23 23 23 22 22 21 21 20 20 19 19 1925 8 1WN 619 309999999999999999999992238 19999999999999999999999
 20 21 24 27 30 32 34 34 33 31 29 27 26 24 23 22 21 20 19 18 18 18 18 1925 8 2WN 638 349999999999999999999992041 18999999999999999999999
 20 22 25 28 31 34 36 37 37 35 33 31 29 27 25 23 21 20 18 17 17 17 18 1925 8 3WN 7 8 379999999999999999999992023 17999999999999999999999
 21 23 26 29 32 35 38 39 40 39 37 35 33 31 28 26 23 20 18 17 16 16 17 1925 8 4WN 744 409999999999999999999992030 16999999999999999999999
 21 23 26 29 32 35 38 40 41 41 40 38 37 35 32 29 26 22 20 17 15 15 16 1725 8 5WN 828 419999999999999999999992059 15999999999999999999999
 20 23 26 29 31 34 36 38 40 41 41 40 39 38 36 33 29 25 22 18 16 14 14 1525 8 6WN 931 419999999999999999999992138 14999999999999999999999
 18 21 25 28 30 32 34 36 38 39 40 40 40 40 38 36 33 29 24 20 17 14 13 1325 8 7WN1111 409999999999999999999992222 13999999999999999999999
 15 18 22 26 28 30 31 32 34 36 38 39 40 40 40 39 36 32 27 23 18 15 13 1225 8 8WN1320 4099999999999999999999923 8 12999999999999999999999
 13 15 19 23 26 27 28 29 30 32 34 36 38 39 39 40 38 35 30 25 20 16 13 1225 8 9WN1434 409999999999999999999992353 11999999999999999999999
 11 12 15 19 23 25 26 26 26 27 30 33 35 36 38 39 39 37 33 28 22 18 15 1325 810WN1531 399999999999999999999999999999999999999999999999999
 12 12 13 17 21 24 25 24 23 23 25 28 31 33 34 36 37 37 34 30 24 19 16 1425 811WN 6 1 251622 3799999999999999 034 11 830 2399999999999999
 13 13 14 16 19 23 25 24 22 21 21 23 26 29 30 32 33 34 34 31 27 22 18 1625 812WN 617 251713 3499999999999999 1 5 13 925 2099999999999999
 16 16 16 17 20 23 25 26 24 21 19 19 22 24 26 27 29 30 31 30 28 24 21 1925 813WN 638 2618 8 3199999999999999 021 161020 192321 199999999
 19 20 21 22 23 25 27 28 27 24 21 19 19 20 22 23 24 25 26 26 26 25 22 2125 814WN 658 281917 26999999999999991120 192310 2199999999999999
 22 24 26 27 28 29 30 31 31 28 25 21 19 19 19 20 20 20 21 21 22 23 23 2325 815WN 712 319999999999999999999991242 19999999999999999999999
 24 26 29 32 34 35 35 35 34 33 30 26 23 21 19 19 18 18 17 17 18 19 21 2325 816WN 615 359999999999999999999991842 17999999999999999999999
 25 28 31 35 38 39 40 39 38 37 35 32 29 25 22 20 19 17 16 15 15 16 18 2125 817WN 548 409999999999999999999991951 15999999999999999999999
 24 27 31 35 39 42 43 42 41 40 39 37 34 31 27 24 21 19 17 15 14 13 15 1825 818WN 615 439999999999999999999992045 13999999999999999999999
 22 26 30 34 38 41 43 44 43 42 41 40 39 37 33 29 25 22 19 17 15 13 13 1525 819WN 658 449999999999999999999992135 13999999999999999999999
 19 23 27 31 34 38 40 42 42 42 41 41 41 41 39 35 30 26 22 19 16 15 13 1425 820WN 8 0 429999999999999999999992221 13999999999999999999999
 16 20 24 28 31 33 35 37 39 40 40 40 41 42 42 39 35 30 25 21 18 16 15 1425 821WN1330 4299999999999999999999923 4 14999999999999999999999
 15 18 22 25 28 29 31 32 34 35 37 38 39 40 42 42 39 35 29 24 20 17 16 1525 822WN1431 429999999999999999999992339 15999999999999999999999
 15 16 19 23 26 27 27 27 28 30 32 34 36 37 39 41 40 37 32 26 21 18 17 1625 823WN1523 419999999999999999999992359 16999999999999999999999
 16 16 18 21 24 26 26 25 24 25 27 30 32 34 36 38 39 38 34 29 23 19 17 1725 824WN 523 2616 8 3999999999999999 8 1 2423 3 1799999999999999
 17 17 18 21 23 25 25 24 22 22 23 25 28 30 32 33 35 36 34 30 25 20 18 1825 825WN 536 261648 3699999999999999 852 222248 1899999999999999
 18 19 20 22 23 25 26 25 22 20 20 22 24 26 28 29 31 32 32 30 26 22 19 1925 826WN 551 261724 3299999999999999 936 202246 1999999999999999
 20 21 22 24 25 26 27 26 24 21 20 20 22 23 25 26 27 28 28 28 26 23 20 2025 827WN 552 271756 28999999999999991018 202242 2099999999999999
 21 23 25 27 29 29 29 28 26 23 21 20 20 21 22 23 24 25 25 25 25 23 22 2125 828WN 513 291824 259999999999999911 4 202235 2199999999999999
 23 25 28 31 32 33 32 31 29 26 23 21 21 21 21 22 22 23 23 23 23 23 22 2325 829WN 5 1 331922 239999999999999912 7 212216 2299999999999999
 24 27 30 33 36 37 36 35 32 29 26 24 22 22 21 21 21 21 21 21 22 22 23 2325 830WN 517 379999999999999999999991539 21999999999999999999999
 25 28 31 35 37 39 40 38 36 33 30 27 25 23 22 21 20 20 20 20 20 21 22 2425 831WN 540 4099999999999999999999918 7 20999999999999999999999
 26 28 32 35 38 40 41 40 39 36 34 31 28 26 24 23 21 20 19 18 19 20 21 2325 9 1WN 6 6 4199999999999999999999919 4 18999999999999999999999
 26 28 31 34 37 40 41 41 40 38 36 34 32 30 27 25 23 20 19 17 17 18 20 2225 9 2WN 635 419999999999999999999991948 17999999999999999999999
 25 27 30 33 35 38 39 40 40 39 38 36 35 33 31 28 25 22 19 17 16 16 17 1925 9 3WN 714 409999999999999999999992032 16999999999999999999999
 22 25 28 31 33 35 36 37 38 38 38 37 37 36 34 31 28 24 20 17 15 14 14 1625 9 4WN 829 389999999999999999999992116 14999999999999999999999
 19 23 26 28 30 31 32 34 35 36 36 37 37 37 36 34 30 26 22 18 15 13 13 1425 9 5WN1231 379999999999999999999992159 13999999999999999999999
 16 20 23 26 27 28 28 29 30 32 34 35 36 37 37 36 33 29 24 20 16 14 12 1225 9 6WN1348 379999999999999999999992240 12999999999999999999999
 14 17 21 24 25 25 25 25 25 27 30 31 33 35 36 37 35 32 27 22 18 15 13 1325 9 7WN 433 261446 3799999999999999 649 252314 1399999999999999
 13 15 19 22 25 25 23 22 21 22 25 27 29 31 33 35 35 33 29 24 20 17 15 1525 9 8WN 435 251540 3699999999999999 755 212334 1599999999999999
 15 16 18 22 25 26 24 21 19 18 19 22 24 27 29 31 33 33 31 27 23 19 18 1825 9 9WN 451 261635 3499999999999999 850 182228 1899999999999999
 18 19 21 23 26 28 27 24 20 17 16 17 20 22 24 26 29 31 31 29 25 22 21 2225 910WN 512 281735 3199999999999999 944 162210 2199999999999999
 23 24 25 27 29 31 31 28 24 19 16 15 16 18 19 21 23 26 27 28 27 25 24 2525 911WN 532 311846 28999999999999991043 1522 1 2499999999999999
 27 29 30 32 33 34 34 33 29 24 19 16 15 16 17 17 19 20 22 24 25 25 25 2725 912WN 543 349999999999999999999991154 15999999999999999999999
 29 33 35 37 38 38 38 37 34 30 25 20 18 17 16 16 16 17 18 19 22 23 25 2725 913WN 453 389999999999999999999991455 16999999999999999999999
 30 34 38 40 42 42 41 39 38 35 31 26 22 20 18 17 16 16 15 16 17 20 23 2525 914WN 430 429999999999999999999991813 15999999999999999999999
 29 33 37 41 43 44 43 41 40 38 36 32 28 25 22 20 19 17 16 14 14 16 19 2325 915WN 454 449999999999999999999991927 14999999999999999999999
 26 30 34 38 42 43 43 42 40 39 38 37 34 31 27 24 22 19 17 16 14 14 16 2025 916WN 531 449999999999999999999992025 14999999999999999999999
 23 27 31 34 37 40 41 41 40 38 38 38 37 35 32 28 25 22 20 17 16 15 15 1725 917WN 619 419999999999999999999992116 14999999999999999999999
 20 24 27 30 32 34 36 37 37 36 36 37 38 38 36 32 28 25 21 19 17 16 15 1625 918WN1226 389999999999999999999992159 15999999999999999999999
 18 22 25 27 28 29 30 31 32 33 33 34 36 37 37 35 31 27 23 20 18 17 16 1625 919WN1332 389999999999999999999992232 16999999999999999999999
 18 20 23 25 26 26 25 25 26 28 29 31 33 35 36 36 34 29 24 21 18 17 17 1725 920WN1426 379999999999999999999992228 17999999999999999999999
 18 20 22 25 25 24 23 22 22 23 25 27 29 31 33 35 34 31 26 22 19 18 18 1825 921WN 356 251513 3599999999999999 730 212116 1899999999999999
 19 20 22 24 26 25 23 20 19 19 21 23 25 27 29 31 32 31 28 23 20 18 19 2025 922WN 4 9 261557 3299999999999999 820 192119 1899999999999999
 21 22 24 25 26 26 24 21 18 17 18 19 21 23 26 28 30 30 28 25 21 20 20 2125 923WN 422 271640 3099999999999999 9 5 172125 1999999999999999
 23 25 26 27 28 28 26 23 19 17 16 17 19 20 22 25 26 28 27 26 23 21 21 2325 924WN 420 281724 2899999999999999 949 162130 2199999999999999
 25 27 29 31 31 30 29 26 22 18 16 16 17 18 20 22 24 25 26 26 24 23 23 2525 925WN 354 311814 26999999999999991036 162132 2399999999999999
 27 30 32 34 35 34 32 29 25 21 18 17 17 17 18 20 22 23 24 25 25 24 24 2625 926WN 351 351919 25999999999999991130 172128 2499999999999999
 29 32 35 37 38 37 35 32 28 24 21 18 18 17 18 19 20 21 23 24 25 25 25 2725 927WN 4 5 389999999999999999999991248 17999999999999999999999
 29 33 36 38 40 40 38 35 32 28 24 21 20 19 18 18 19 20 21 22 23 25 26 2725 928WN 425 409999999999999999999991427 18999999999999999999999
 29 32 36 38 40 41 40 37 34 31 28 25 22 21 20 19 18 18 19 20 21 23 25 2625 929WN 446 419999999999999999999991625 18999999999999999999999
 28 31 34 37 39 40 40 38 36 33 31 28 25 23 22 20 19 18 17 17 19 21 23 2525 930WN 5 6 409999999999999999999991811 17999999999999999999999
 27 29 32 35 37 38 38 37 36 34 32 30 28 26 24 22 20 18 16 15 16 17 20 222510 1WN 531 389999999999999999999991912 15999999999999999999999
 25 27 29 32 34 35 36 35 35 34 33 32 30 28 26 24 21 18 16 14 14 14 16 192510 2WN 6 8 3699999999999999999999920 0 14999999999999999999999
 22 24 26 28 30 31 32 32 32 32 32 32 32 30 28 26 23 19 16 14 13 12 14 162510 3WN 731 329999999999999999999992041 12999999999999999999999
 19 22 24 25 26 26 27 28 29 29 30 31 31 31 30 28 25 21 17 15 13 12 12 142510 4WN1240 319999999999999999999992118 12999999999999999999999
 17 20 23 24 24 23 22 23 24 25 27 28 29 31 31 30 27 23 19 16 14 13 13 142510 5WN 312 241349 3199999999999999 6 6 222144 1399999999999999
 16 19 23 24 24 21 19 18 18 20 22 24 26 28 30 31 29 26 22 19 17 16 16 162510 6WN 312 241451 3199999999999999 714 182129 1699999999999999
 18 20 23 26 26 23 19 16 14 15 17 19 21 23 26 29 30 29 25 22 20 19 20 202510 7WN 329 261553 3099999999999999 810 142055 1999999999999999
 21 23 25 28 29 27 22 17 13 12 12 14 16 18 21 25 28 29 28 25 23 23 24 252510 8WN 350 2917 0 2999999999999999 9 7 122049 2399999999999999
 26 27 29 31 32 32 28 22 16 12 10 11 12 14 16 19 23 26 27 27 26 26 27 292510 9WN 411 321816 279999999999999910 8 102044 2599999999999999
 31 33 34 35 36 36 33 28 22 16 12 10 10 11 12 14 17 21 24 26 27 27 28 31251010WN 425 369999999999999999999991121 10999999999999999999999
 34 37 38 39 39 39 37 34 29 22 17 13 12 11 12 12 14 16 19 22 25 26 28 31251011WN 346 3999999999999999999999913 1 11999999999999999999999
 35 39 41 42 42 41 40 38 34 29 23 18 15 14 13 13 13 13 15 18 21 24 26 29251012WN 320 429999999999999999999991551 13999999999999999999999
 33 37 41 43 43 42 40 39 37 34 29 25 21 18 16 15 14 13 13 14 17 20 23 26251013WN 345 439999999999999999999991748 13999999999999999999999
 29 33 37 40 42 42 40 38 37 36 33 30 26 23 20 18 17 15 14 13 14 16 19 22251014WN 419 429999999999999999999991859 13999999999999999999999
 25 29 32 35 38 38 38 36 35 35 34 33 30 27 24 21 19 18 16 14 14 15 17 20251015WN 459 389999999999999999999991957 14999999999999999999999
 22 25 27 30 32 33 33 33 32 32 33 33 32 30 27 24 21 19 17 16 15 15 16 18251016WN 545 331053 3399999999999999 843 322044 1599999999999999
 20 22 24 25 27 27 28 28 28 28 29 30 31 31 29 26 23 20 18 17 16 16 16 17251017WN1217 319999999999999999999992118 16999999999999999999999
 19 21 23 23 23 23 23 23 23 24 25 26 28 29 29 27 24 21 18 17 17 17 17 18251018WN 3 5 231322 2999999999999999 553 231950 1799999999999999
 20 21 23 23 22 21 19 19 19 20 21 22 24 26 28 27 25 22 19 18 17 18 19 20251019WN 240 231418 2899999999999999 7 5 191932 1799999999999999
 21 22 24 24 23 21 18 16 15 16 17 19 20 23 25 26 25 23 20 18 18 19 21 22251020WN 249 2415 9 2699999999999999 754 151939 1899999999999999
 23 24 26 26 25 22 19 15 14 13 14 16 17 19 22 24 25 24 22 20 19 20 22 24251021WN 257 2616 0 2599999999999999 840 131950 1999999999999999
 26 27 28 28 28 25 21 17 14 12 12 13 15 17 19 22 24 24 23 22 21 22 24 26251022WN 250 281653 2499999999999999 927 1220 2 2199999999999999
 29 30 31 31 30 28 24 20 15 13 12 12 13 15 17 20 22 24 24 24 23 23 25 28251023WN 232 321750 24999999999999991015 122012 2399999999999999
 31 33 35 35 34 31 28 23 18 15 12 12 12 14 16 18 21 23 24 25 25 25 26 29251024WN 239 3599999999999999999999911 5 12999999999999999999999
 32 35 37 37 37 34 31 27 22 18 15 13 13 13 15 17 19 22 23 25 25 26 27 29251025WN 259 379999999999999999999991157 13999999999999999999999
 32 35 37 39 39 37 34 30 26 21 17 15 14 14 14 15 17 19 22 24 25 26 26 28251026WN 321 399999999999999999999991255 14999999999999999999999
 31 34 37 39 39 38 35 32 29 25 21 18 16 15 14 15 15 17 19 21 23 24 25 27251027WN 341 399999999999999999999991411 14999999999999999999999
 29 32 35 37 38 37 35 33 30 27 24 20 18 17 15 15 14 15 16 18 20 22 23 25251028WN 4 0 3899999999999999999999916 4 14999999999999999999999
 27 30 32 35 36 36 34 33 31 28 26 23 20 18 17 15 14 13 13 14 16 19 21 22251029WN 420 369999999999999999999991734 13999999999999999999999
 24 26 29 31 33 33 32 31 30 28 27 24 22 20 18 16 14 13 12 12 13 15 18 20251030WN 447 339999999999999999999991831 11999999999999999999999
 22 23 25 27 29 29 29 29 28 27 26 25 24 21 19 17 15 13 11 11 11 13 15 18251031WN 526 299999999999999999999991913 11999999999999999999999
 20 21 22 23 24 25 25 25 25 25 25 25 24 23 21 18 16 14 12 11 11 12 14 162511 1WN 836 259999999999999999999991945 11999999999999999999999
 19 20 21 21 20 20 20 21 21 22 22 23 24 24 23 21 18 16 14 13 13 13 14 172511 2WN 159 211234 2499999999999999 5 4 201952 1399999999999999
 19 21 22 21 19 17 15 15 16 17 18 19 21 23 24 23 21 18 17 16 16 17 17 192511 3WN 151 221358 2499999999999999 634 151915 1699999999999999
 21 23 25 24 21 17 13 11 11 12 13 15 17 20 22 24 23 22 20 19 20 21 22 232511 4WN 2 7 251514 2499999999999999 734 1119 3 1999999999999999
 24 26 28 28 25 20 14 10  8  8  9 10 12 15 19 22 24 24 23 23 23 25 27 282511 5WN 229 281634 2499999999999999 835  819 1 2399999999999999
 29 30 31 32 30 26 20 13  8  6  6  6  8 10 13 18 22 24 25 25 26 28 30 322511 6WN 252 32999999999999999999999 944  6999999999999999999999
 34 34 35 36 35 32 26 19 13  8  6  5  6  7  9 13 17 22 24 26 27 29 32 352511 7WN 310 3699999999999999999999911 3  5999999999999999999999
 37 38 39 39 38 37 33 27 19 13  9  7  6  6  7  9 12 17 21 24 26 28 31 342511 8WN 239 399999999999999999999991224  6999999999999999999999
 38 40 41 41 40 39 37 33 27 20 14 11  9  8  8  8  9 12 16 20 23 25 28 312511 9WN 216 4199999999999999999999914 0  8999999999999999999999
 35 39 41 41 40 39 38 36 32 27 21 16 13 11 10  9  9 10 12 16 19 22 24 27251110WN 246 419999999999999999999991557  9999999999999999999999
 31 34 37 39 39 38 36 35 34 31 26 21 17 15 13 12 11 10 10 12 15 18 20 23251111WN 321 399999999999999999999991718 10999999999999999999999
 25 29 32 35 35 35 33 33 32 31 29 25 21 18 16 14 13 12 11 11 13 15 17 19251112WN 358 359999999999999999999991821 11999999999999999999999
 21 24 27 29 30 30 30 29 29 29 28 26 23 20 18 16 15 14 13 12 13 14 16 18251113WN 434 309999999999999999999991911 12999999999999999999999
 19 21 22 24 25 25 25 24 24 24 25 25 23 21 19 17 15 15 14 14 14 14 16 17251114WN 5 2 251021 2599999999999999 8 6 241938 1499999999999999
 19 20 20 20 21 20 20 20 20 20 20 21 21 21 19 17 16 15 15 16 16 16 17 18251115WN 4 6 211153 2199999999999999 821 201728 1599999999999999
 19 20 20 19 18 17 16 16 16 16 16 17 18 19 19 18 16 16 16 17 18 19 20 20251116WN 134 201318 1999999999999999 813 161722 1599999999999999
 21 22 22 21 18 16 14 13 12 12 13 14 15 17 18 18 17 16 16 18 19 21 23 23251117WN 132 221433 1899999999999999 817 121729 1699999999999999
 24 24 24 23 20 17 14 11 10 10 10 11 12 14 17 18 18 18 18 19 21 23 25 27251118WN 130 24999999999999999999999 848 10999999999999999999999
 27 27 27 26 23 19 15 11  9  8  8  9 11 13 15 18 19 19 19 20 22 25 27 29251119WN 059 27999999999999999999999 925  8999999999999999999999
 30 31 30 29 26 23 18 13 10  8  7  8  9 11 14 17 19 21 21 22 23 25 28 31251120WN 055 3199999999999999999999910 3  7999999999999999999999
 33 34 34 32 30 26 21 16 12  9  8  7  8 10 13 16 19 21 22 23 24 26 28 31251121WN 121 349999999999999999999991043  7999999999999999999999
 34 35 36 35 33 30 25 20 15 11  9  8  8  9 12 15 18 20 22 23 24 25 28 30251122WN 152 369999999999999999999991125  8999999999999999999999
 33 35 37 36 35 32 28 24 19 14 11  9  8  9 10 12 15 18 21 23 24 24 26 29251123WN 222 379999999999999999999991213  8999999999999999999999
 32 34 36 36 35 33 30 27 22 18 14 11  9  9  9 10 13 15 18 21 22 23 24 26251124WN 249 369999999999999999999991310  9999999999999999999999
 29 32 34 35 35 33 31 28 24 20 16 13 11  9  9  9 10 12 15 17 19 21 21 23251125WN 310 359999999999999999999991427  9999999999999999999999
 26 29 31 33 33 32 30 28 25 22 18 14 12 10  9  8  8  9 11 13 16 18 19 20251126WN 330 339999999999999999999991548  8999999999999999999999
 22 25 28 30 30 30 28 27 25 22 19 16 13 11 10  8  8  7  8 10 13 15 17 17251127WN 354 309999999999999999999991648  7999999999999999999999
 19 21 23 26 27 27 26 25 24 22 20 17 14 12 10  9  8  7  7  9 11 13 15 16251128WN 424 279999999999999999999991730  7999999999999999999999
 17 18 19 21 22 23 22 22 21 20 19 17 15 13 11 10  9  9  9  9 11 13 15 16251129WN 5 0 239999999999999999999991749  9999999999999999999999
 17 17 17 17 18 18 18 18 17 17 17 17 16 15 13 12 11 11 11 12 13 14 16 18251130WN 540 189999999999999999999991656 11999999999999999999999
 19 18 17 16 14 13 13 13 13 13 13 14 15 16 15 15 14 14 15 16 17 18 19 202512 1WN 019 191256 1699999999999999 827 131620 1499999999999999
 22 22 20 17 14 11  9  9  9  9  9 10 13 15 16 17 17 17 18 20 22 23 23 242512 2WN 039 22999999999999999999999 747  9999999999999999999999
 25 26 25 22 17 12  8  6  5  5  5  6  8 12 15 18 19 20 21 23 26 27 28 292512 3WN 1 3 26999999999999999999999 9 0  5999999999999999999999
 29 30 30 28 23 17 11  6  4  2  2  2  4  7 12 16 19 22 23 25 28 30 32 332512 4WN 129 3099999999999999999999910 6  2999999999999999999999
 33 34 34 33 30 24 17 10  5  3  1  1  1  3  7 12 17 21 23 25 28 31 34 362512 5WN 153 3499999999999999999999911 6  1999999999999999999999
 36 37 36 36 35 31 25 17 11  6  3  1  1  1  3  7 12 17 21 24 26 29 32 352512 6WN 037 3799999999999999999999912 7  1999999999999999999999
 37 38 38 37 37 35 31 25 17 11  6  4  2  2  2  4  8 13 17 21 23 25 28 322512 7WN 116 389999999999999999999991315  2999999999999999999999
 35 37 37 37 37 36 34 30 24 17 11  7  5  4  3  3  5  8 13 17 19 21 23 262512 8WN 2 0 379999999999999999999991427  3999999999999999999999
 30 33 35 35 35 34 34 32 28 22 16 11  8  7  6  5  5  6  9 13 16 17 19 212512 9WN 242 359999999999999999999991534  5999999999999999999999
 24 28 30 31 31 31 31 30 29 25 20 15 11  9  8  7  6  6  8 10 13 15 16 17251210WN 319 319999999999999999999991629  6999999999999999999999
 19 22 25 27 27 26 26 26 26 24 21 16 13 11  9  9  9  8  9 10 12 13 14 15251211WN 350 2799999999999999999999917 5  8999999999999999999999
 16 18 20 22 22 22 21 21 21 20 19 16 13 11 10 10 10 10 11 11 12 13 14 15251212WN 4 8 229999999999999999999991457 10999999999999999999999
 15 16 17 18 18 18 17 16 16 15 15 14 13 11 10 10 11 12 13 14 14 15 16 16251213WN 356 189999999999999999999991431 10999999999999999999999
 16 16 16 16 15 14 13 12 12 11 11 11 11 11 11 11 12 13 15 17 18 18 18 18251214WN 013 162347 189999999999999914 8 11999999999999999999999
 18 18 17 16 14 12 11 10  9  8  8  8  9 10 11 11 12 14 17 19 21 22 22 22251215WN2132 22999999999999999999999 953  8999999999999999999999
 21 21 20 17 15 12 10  8  7  6  6  6  7  9 11 12 13 15 18 21 23 25 26 26251216WN2210 26999999999999999999999 958  6999999999999999999999
 25 24 23 20 17 13 10  7  5  5  4  5  6  8 11 13 15 16 19 21 24 27 29 29251217WN2257 29999999999999999999999 951  4999999999999999999999
 29 28 26 24 20 16 11  8  5  4  3  4  5  8 11 13 16 17 19 22 25 28 30 31251218WN2348 31999999999999999999999 958  3999999999999999999999
 31 31 29 27 24 19 15 10  7  4  3  3  5  7 10 13 16 18 20 22 24 27 29 31251219WN99999999999999999999999999991023  3999999999999999999999
 33 33 32 30 27 23 18 13  9  6  4  3  4  6  9 12 15 18 20 21 23 25 28 30251220WN 039 339999999999999999999991059  3999999999999999999999
 32 33 33 32 30 26 22 17 12  8  5  3  3  4  6 10 13 16 19 20 21 23 25 28251221WN 125 339999999999999999999991142  3999999999999999999999
 30 32 33 32 31 28 25 20 15 10  6  4  3  3  4  7 10 14 16 18 19 20 22 25251222WN 2 7 339999999999999999999991232  3999999999999999999999
 28 30 31 31 30 29 26 22 17 12  8  5  3  2  2  4  6 10 13 15 16 17 18 21251223WN 241 319999999999999999999991327  2999999999999999999999
 24 27 29 29 29 28 26 23 19 14  9  6  4  2  2  2  3  6 10 13 14 15 15 17251224WN 3 7 299999999999999999999991422  2999999999999999999999
 20 23 25 26 26 26 25 23 20 15 10  7  4  3  2  2  2  4  7 10 12 13 13 14251225WN 327 2699999999999999999999915 6  2999999999999999999999
 16 19 21 23 23 23 22 21 19 16 11  8  5  4  3  3  3  4  6  9 11 12 12 12251226WN 349 239999999999999999999991531  3999999999999999999999
 13 15 17 19 19 19 19 18 17 15 12  9  6  5  5  5  5  6  7  9 11 13 13 13251227WN 414 192154 13999999999999991341  5999999999999999999999
 12 12 13 14 15 15 15 14 13 13 11  9  8  7  7  7  8 10 11 12 13 15 16 15251228WN 434 152219 1699999999999999 026 121326  799999999999999
 14 13 12 11 11 11 10 10  9  9  9  9  9  9  9 10 12 14 15 17 17 18 19 19251229WN2245 1999999999999999999999911 6  9999999999999999999999
 18 16 13 11  9  8  7  6  5  5  5  7  8 10 11 13 15 17 20 21 22 23 23 23251230WN2333 23999999999999999999999 9 2  5999999999999999999999
 23 21 18 14 10  7  4  3  2  1  1  3  6  9 12 15 17 20 23 26 27 28 28 27251231WN2059 28999999999999999999999 927  1999999999999999999999
