123 64 16 -7 -3 27 77136190229246240211167124 94 8510013517921924224021425 1 1X21014247212724499999999999999 321 -91552 8599999999999999
165104 44  2-13  1 41 97158208239247231194147106 82 8310614719222824423525 1 2X2105024822 924599999999999999 4 0-131629 8099999999999999
202148 86 30 -3 -8 16 62121177220242241216175128 92 77 8511415619923023925 1 3X21126245225323999999999999999 440 -917 9 7699999999999999
224187132 74 27  3  8 38 87143193226238229198155112 83 74 8812016119922325 1 4X212 4238234122899999999999999 520  21752 7499999999999999
227209172122 71 34 20 32 65112161201225229213180139101 77 74 9012115819125 1 5X21242230999999999999999999999 6 2 201840 7399999999999999
210212195162119 78 51 45 61 93134173204219216198165127 94 74 72 8811514725 1 6X2 036213132322099999999999999 646 441935 7199999999999999
176194197185159126 95 76 74 89116148178200210205186156121 90 70 67 8010325 1 7X2 143198141021099999999999999 737 722041 6799999999999999
131158178186182165142118103100111130154177194202198181153118 87 65 58 6625 1 8X2 3 818615 920299999999999999 8401002158 5899999999999999
 85112142166182186179162142126120123135152172189198197182154118 83 57 4525 1 9X2 45118616211999999999999999910 91202317 4499999999999999
 48 66 95130162186198196182162142128125131146168188201202188158118 76 4425 110X2 6231991734204999999999999991152125999999999999999999999
 27 29 49 83125165197214214199173146126117123141167193210212195161114 6625 111X2 730216183721399999999999999 025 2613 811799999999999999
 28  9 13 38 7913017721323022820617313911510611413817220322222220115910525 112X2 822232193122599999999999999 121  814 110699999999999999
 51 11 -6  3 35 86143194229243233203162123 99 9411014218221723422920115125 113X2 9 6243201823599999999999999 210 -61444 9399999999999999
 91 34 -4-15  2 44103163212242248229189142104 84 8711215319722924222919325 114X2 94424921 124299999999999999 253-151522 8399999999999999
136 72 18-12-14 14 65127186228248243213166119 86 75 8812216821123724122025 115X21018249214024399999999999999 333-171557 7599999999999999
176115 53  7-12 -1 37 94155206238245227188140 97 74 74 9713718322023723225 116X21048246221623899999999999999 4 8-121629 7199999999999999
203153 93 39  6  1 23 69127181221238232204160114 81 69 8111115319422122825 117X21114239225022999999999999999 441 -117 0 6999999999999999
214179129 75 34 16 24 56105158201226229211176133 95 73 73 9212616519721425 118X21139230232421599999999999999 511 151731 7099999999999999
212191155109 67 41 36 55 93139181210221212186149111 83 73 8110513716919225 119X212 2221999999999999999999999 540 3518 3 7399999999999999
200192169136 99 70 57 64 89125163194210209192163129 99 80 77 9011414116525 120X2 0 1200122621199999999999999 6 9 571840 7699999999999999
180182173152126101 84 81 94119149177196201193173146117 94 82 83 9611513725 121X2 043183125420199999999999999 640 811924 8199999999999999
154165166159145128112104107119139161179190190180161137113 94 85 86 9511025 122X2 141167133119199999999999999 7171042024 8499999999999999
126141151156155149139130125127136148162174181180172157136114 96 85 82 8725 123X2 319156142718299999999999999 8131252151 8299999999999999
 98112129143155161161156148142139140146155166174177173160140116 95 79 7125 124X2 53216215571779999999999999910141392323 7099999999999999
 72 82100122144163175179173162150139134137147161174182181168144115 87 6525 125X2 6511791723183999999999999991211134999999999999999999999
 53 54 68 92123154179194196186168147130122126141162183195194177146109 7225 126X2 739197182519699999999999999 026 52131012199999999999999
 44 31 36 58 92133172201214211191162133112106117141172199213207183142 9425 127X2 817215191521399999999999999 114 31135210699999999999999
 50 20 10 23 56102152196223231217186147112 92 9311414918921923021818313125 128X2 851231195923099999999999999 156 101428 9099999999999999
 74 25 -4 -6 18 64121178221243240214170123 88 74 8511816420923924422317725 129X2 924245204224699999999999999 235 -815 4 7499999999999999
114 49  1-20-12 25 83148205243255239199145 95 64 60 8312818222925425122025 130X2 957255212425699999999999999 312-211539 5999999999999999
163 93 28-15-26 -4 45111178229257256226174115 68 47 54 8914320024226024925 131X2102926022 726099999999999999 350-261615 4699999999999999
208145 73 14-18-16 17 75143204245259245203144 87 48 37 56 9915721124625625 2 1X211 0259225025699999999999999 427-211652 3799999999999999
237191127 61 13 -5  9 50110173222249250223174115 65 37 36 6311116521223925 2 2X21131253233624499999999999999 5 4 -51730 3399999999999999
241218172114 60 27 22 44 89144194229241230196146 94 53 35 43 7311816620325 2 3X212 2241999999999999999999999 541 201812 3599999999999999
222220197157111 72 53 58 84124168204224224206171126 82 52 41 52 8111815625 2 4X2 025224123322699999999999999 618 521858 4199999999999999
185199197180151119 95 86 95119149179200209204185154117 83 59 51 60 8111025 2 5X2 12320113 820999999999999999 658 861956 5199999999999999
138162176179171155137123119126141159176188192187172149120 91 70 60 62 7425 2 6X2 245179135719299999999999999 7491192120 5999999999999999
 94117140158170173169160150144144148155164173178179172155131104 79 61 5525 2 7X2 455173153517999999999999999 93614423 7 5499999999999999
 59 74 97124151173186188182169156145139140148160174182182170145113 81 5425 2 8X2 6451881729184999999999999991222139999999999999999999999
 40 40 56 84120156186204207197176152132121122135157179196199185156115 7325 2 9X2 744208184219999999999999999 028 38132512099999999999999
 39 22 24 45 8312917320622322120016713410910010713116319521421619715810725 210X2 823224193521799999999999999 124 2014 410099999999999999
 56 20  5 14 46 95149196227237223189146108 85 8310113717921423222719814925 211X2 856237201823399999999999999 2 7  51437 8199999999999999
 89 36  3 -4 17 62120177220242240212166117 81 66 7510615320023224322818825 212X2 925245205624399999999999999 244 -515 7 6699999999999999
128 65 16 -7  0 34 90153206239248230188134 86 59 56 7912217421924324421725 213X2 950248213024799999999999999 317 -81536 5499999999999999
167102 43  5 -4 18 65127186229247240206155100 61 46 58 9414419523124523325 214X2101324822 224599999999999999 347 -416 3 4699999999999999
196139 77 29  6 14 49105165214241242219173119 72 46 46 7111516721023523625 215X21034245223323899999999999999 415  51630 4399999999999999
213168112 60 27 22 44 89145196230239224188137 88 53 42 56 9113818321522725 216X2105324023 322899999999999999 441 201656 4299999999999999
218187141 92 54 39 49 82130179216232225197154106 67 46 49 7411215519021025 217X21113232233421499999999999999 5 6 391722 4599999999999999
212194161121 84 63 62 83120163199220221202168125 85 58 51 64 9212816318725 218X21133223999999999999999999999 531 601751 5199999999999999
197191171142112 90 82 92117150183205212202177143106 77 61 63 7910613516025 219X2 0 8197115521299999999999999 556 821825 6099999999999999
175179171155135116106108121143168188198196182158128100 80 71 76 9011013125 220X2 050179122119999999999999999 62310519 9 7199999999999999
148158161158150139131128132143157170180184179167148126105 89 82 83 9210425 221X2 157161125718499999999999999 6561282019 8299999999999999
118131142150155156154151149149152156161166169168162151135116 99 87 81 8225 222X2 450156141716999999999999999 8201492229 8199999999999999
 88100115133150164172174170163154147143145152161168170164149128104 83 6825 223X2 64617416481709999999999999912 7143999999999999999999999
 62 67 82106134161183194194183164144129124129143163180188183164135100 6725 224X2 72719518 818999999999999999 0 2 6213 112499999999999999
 45 38 47 72108148184208216207183151122104102117144176202212203176133 8525 225X2 75821619 321299999999999999 056 38133710199999999999999
 43 18 15 34 72122173212233233209170126 92 77 8511315619922823621917912225 226X2 828236194923699999999999999 138 141410 7799999999999999
 62 16 -5  1 33 87149204241253238197142 91 59 54 7511917522525325522717325 227X2 857253203325899999999999999 217 -61443 5399999999999999
104 38 -5-18  1 48114182235262260228171106 55 31 38 7513419824827126422525 228X2 927265211627299999999999999 254-181517 3099999999999999
159 83 20-15-16 17 77149215257271253204135 69 25 13 34 8415221726227726125 3 1X2 957271215927799999999999999 331-201552 1299999999999999
212140 67 12 -9  3 48114184239267265231170 98 38  6  7 4110016922826427125 3 2X21026270224327299999999999999 4 8-101628  299999999999999
246192123 60 20 13 37 88153212250262245200135 69 20  1 14 5611617922725325 3 3X21055262232725699999999999999 443 1117 5  199999999999999
252223172113 66 42 48 79129182225246243216166106 52 18 11 31 7312717821425 3 4X21123248999999999999999999999 519 411745 1099999999999999
231225198157114 84 75 88120160198223229217185141 92 52 29 30 51 8712816625 3 5X2 015232115123099999999999999 554 751829 2799999999999999
192203198179152126111111125149176197208205190163129 93 64 50 51 66 9111925 3 6X2 112203122020899999999999999 6301091925 4899999999999999
146165176178171158146139141150162174183186182172155132107 85 71 67 72 8525 3 7X2 23917813 018699999999999999 7181392055 6799999999999999
103123142158170174173168163159157157158162165168167161147127106 86 72 6725 3 8X2 515174152016899999999999999103115623 4 6799999999999999
 71 84105129154175188191186174159146138136142153166176177167147118 89 6525 3 9X2 6511911737178999999999999991244136999999999999999999999
 53 54 70 97131165191206207193170144123113115130153177194198186158119 8025 310X2 732209184519999999999999999 025 52132111299999999999999
 50 37 42 65103147186213223214186150117 95 8910213016519721621619615610725 311X2 8 2223193121899999999999999 114 361349 8999999999999999
 61 32 24 39 75124173211232231207165120 86 70 7510114218622023422619414225 312X2 828234201023499999999999999 151 241416 6999999999999999
 86 41 19 22 50 99155203234242225185133 86 58 53 7211316421023824422417925 313X2 851243204424599999999999999 223 171442 5299999999999999
119 63 26 15 33 75133189229247239205152 96 56 39 49 8413619023124924320925 314X2 912248211525099999999999999 252 1515 8 3999999999999999
154 93 44 20 25 58112171219246247221172113 62 34 33 5910616321324325023025 315X2 932250214525199999999999999 320 191532 3099999999999999
186127 72 36 28 49 94152205239249231189132 76 38 25 40 8013418822824623925 316X2 951249221424799999999999999 346 281557 2599999999999999
208158103 60 41 49 83135188228245237204152 95 49 26 30 5910616020523223725 317X21010246224323899999999999999 412 401621 2499999999999999
219181133 88 61 58 80122171213237237213169116 67 36 28 46 8413217821122625 318X21030240231322699999999999999 437 561647 2899999999999999
220195157116 86 75 85115156196223231217183137 90 53 36 42 6810815018520625 319X21051231234521099999999999999 5 2 751714 3699999999999999
210198172140112 96 97115145179206219214191156114 77 53 48 62 8912415618025 320X21113219999999999999999999999 526 941746 4899999999999999
191190177157135119114122141166188202204192168137104 78 64 65 8010312815025 321X2 023192113820599999999999999 5531141826 6399999999999999
166173172164153142136136144157171183188185174155132108 89 80 80 8910312025 322X2 121173121018899999999999999 6261351927 7899999999999999
136149157162164162158155154155159163168171170165155140122105 92 86 86 9225 323X2 351164132117199999999999999 7521542130 8599999999999999
103118135151166176179177170161152146145149156164169168158140119 97 80 7125 324X2 6 517916181709999999999999911411442323 7099999999999999
 72 84104130158182197200192174152133122121132151172187191181158125 91 6325 325X2 6482001747191999999999999991231120999999999999999999999
 49 51 68100139177207221217197164129102 92 99123157191213218203169123 7625 326X2 719222184421999999999999999 023 4813 6 9299999999999999
 41 26 34 64109161206234241225187138 93 66 63 8312317321724224421917211225 327X2 748242193324699999999999999 1 8 261339 6199999999999999
 56 20 11 30 73132191236258252218162100 53 32 41 7713419624426826222716625 328X2 818259201926999999999999999 149 111413 3299999999999999
 96 38  8  8 39 96164224261270248196126 60 17  7 30 8215221926628427022325 329X2 84827121 428499999999999999 229  41449  699999999999999
153 81 29  8 20 64129197250275269230163 87 24 -9 -6 31 9617123727728726425 330X2 919276214928899999999999999 3 8  81526-1299999999999999
210139 73 32 23 47 98164225264274252200127 53  1-19 -3 4411418624327527725 331X2 950274223428099999999999999 346 2216 4-1999999999999999
248192128 75 47 50 82135194240263259225166 96 33 -6-13 12 6412919223826025 4 1X21020265232026299999999999999 424 451643-1499999999999999
256225175124 86 73 85120166211241249233194138 78 29  4  7 36 8313818722125 4 2X21051249999999999999999999999 5 1 731724  299999999999999
236229202164129106103120150185213228225204168121 75 41 26 33 59 9713817425 4 3X2 010236112122999999999999999 5391021810 2699999999999999
198208203186162141130132146166187202206199181153119 87 63 53 58 7610112925 4 4X2 110208115520699999999999999 62112919 9 5399999999999999
155174185186180169158151152158166175181183179168151130107 88 77 75 82 9725 4 5X2 241187124818399999999999999 7261512041 7499999999999999
116137156172182185181173165158153152154159164169169162148129108 91 80 7925 4 6X2 45318515321699999999999999910511522239 7899999999999999
 87103126150173189196193181165148135129132142157172181180168146118 93 7525 4 7X2 61119617271829999999999999912131292355 7099999999999999
 70 77 97126158186204209200178150126110106115135162185199199183153116 8425 4 8X2 6512091829201999999999999991249105999999999999999999999
 64 60 74102140177206220217195161125 97 84 8710814117720521821318814810425 4 9X2 719221191421999999999999999 043 601317 8399999999999999
 70 54 57 81120164202226230214178133 93 68 64 8011415919922623321818213325 410X2 744231195123399999999999999 120 521344 6399999999999999
 87 57 49 64 99147193226239229197148 98 62 46 55 8513218222124224021316625 411X2 8 6239202424499999999999999 152 4914 9 4699999999999999
113 71 50 54 81128179221243241215168112 64 37 35 5910315820724025123619825 412X2 827245205625199999999999999 221 481435 3399999999999999
145 94 61 52 70110162210241248230188131 76 37 24 37 7512918522825124922325 413X2 848249212725399999999999999 250 5215 0 2499999999999999
176123 81 60 65 95143194233249240206153 94 46 21 23 5210115720724125123825 414X2 9 9250215725199999999999999 318 591525 1999999999999999
202153106 76 69 88127176219244245221175117 64 28 19 36 7512818122224324225 415X2 932248222824599999999999999 346 691552 1999999999999999
219178133 98 81 88116158202233243229193142 87 45 24 29 5710215219622523525 416X2 956243225923599999999999999 414 811619 2399999999999999
225196158122 99 96112144183216233230206164114 69 40 32 47 8112516720021825 417X21021234233422199999999999999 441 951649 3299999999999999
219204177146121110116137167197218223210181140 98 64 46 48 6810113817119425 418X21047223999999999999999999999 5101101724 4499999999999999
205201187165144129126136155178198208206189161127 94 70 60 65 8511214116525 419X2 015205111820999999999999999 54412618 8 6099999999999999
182189187178164151143143150163177189193189175153127102 83 75 78 9211213325 420X2 11619012 219399999999999999 6331421911 7599999999999999
154169179183180173164156151152157165172178178171157138117 98 86 83 8910325 421X2 3 4183133117999999999999999 8211512049 8299999999999999
121142163179190192187175161148140139145156168178180173157134109 89 77 7825 422X2 44919215481809999999999999910381382229 7699999999999999
 89110137166190206209199179153129115113123143168189200197179149115 84 6525 423X2 54520917162019999999999999911401122337 6299999999999999
 63 78106143181211227225205170131 98 82 84105139178210226222199159113 7425 424X2 6242281819227999999999999991222 81999999999999999999999
 52 52 73111159204235246233199148 97 61 48 60 9414419623525224521316210725 425X2 658246191225399999999999999 030 5013 1 4899999999999999
 63 43 49 79127183230257258231180116 59 25 19 44 9315721725927426121915925 426X2 73226120 327499999999999999 117 421340 1899999999999999
 99 57 42 55 95152210253270259217152 80 23 -4  1 3910117323627528626621725 427X2 8 7271205128699999999999999 2 1 421420 -699999999999999
152 94 57 50 72119179234267273248194120 48 -2-20 -4 4511518824828228726025 428X2 842275213928999999999999999 245 4915 1-2099999999999999
207145 93 66 67 96147204249271264229167 92 27-13-21  5 5913019825027727625 429X2 917272222828099999999999999 327 631543-2299999999999999
246195140 98 81 90124172220253263246204141 74 19-10 -8 23 7814220124326325 430X2 953263231626499999999999999 4 9 811627-1399999999999999
257227183139109101116148189225246245223180124 67 25  6 14 47 9514919622825 5 1X21030248999999999999999999999 4511011712  699999999999999
241234209174143124122138165195219229223200162117 73 42 31 41 6910815018625 5 2X2 0 824211 923099999999999999 53512018 1 3199999999999999
210220214196172150138139151170189204209202183154120 87 65 57 64 8511414525 5 3X2 1 7220115620999999999999999 6261371859 5799999999999999
173193203201191174159149147153163175185189186175156131106 87 78 81 9411525 5 4X2 22320313 818999999999999999 7421472015 7899999999999999
140164183195198192179164152145143148156167175180177165147124104 92 89 9725 5 5X2 35019815 918099999999999999 9431432144 8999999999999999
114137161182196202196182163145131126129139155171183186179161137113 97 9125 5 6X2 5 020216501869999999999999911 91252258 9199999999999999
 97114139166190205209199178152127110104111128153177194200192171142114 9525 5 7X2 54620917562009999999999999911581042353 8999999999999999
 89 98119149180205217215196166131103 86 8610012816119121021420217413910825 5 8X2 6202181846215999999999999991233 84999999999999999999999
 90 88103132167200221226214184143104 76 65 74 9913717720922622520416913025 5 9X2 648227192622899999999999999 037 8713 4 6599999999999999
100 86 91114151190220234229203161114 75 53 52 7211015619822823922920015825 510X2 71423520 323999999999999999 114 861333 5099999999999999
119 92 86100133174213236240221183132 83 49 37 48 8112917922024324622618825 511X2 740241203724899999999999999 149 8614 1 3799999999999999
144107 89 92116156199232246236204155100 55 31 31 5610015320223725224421525 512X2 8 6246211025299999999999999 222 871430 2899999999999999
172129100 91104138181221245246224180124 72 35 23 36 7212317722024725223425 513X2 834248214325399999999999999 254 911459 2399999999999999
198155118 98 99123162204236248237203152 96 50 25 25 50 9414719623224824425 514X2 9 3248221724999999999999999 326 961530 2299999999999999
218180141113103114144184220242242221179126 75 39 26 37 7011716720823424225 515X2 932245225224299999999999999 35810316 2 2699999999999999
230201165132114114132164200227239229200155105 63 37 34 54 9013617921223025 516X210 4239233123299999999999999 4311111638 3399999999999999
230214186155131121128149179207226228212180138 94 60 44 48 7110814818420925 517X21038229999999999999999999999 5 71211717 4399999999999999
221217201177153135131140160184206217214197166129 92 66 55 63 8611815318325 518X2 016221111921899999999999999 55013118 4 5599999999999999
203212209195175155141138146161180196205202187161130 99 77 68 75 9512215225 519X2 112212121520599999999999999 64713819 3 6899999999999999
179198207206195178159144138141152168183194195186166139111 89 79 82 9812225 520X2 223208133819699999999999999 8 81382016 7899999999999999
150177198210211201182159138126125135151171188197194180155126101 86 84 9725 521X2 335212151719899999999999999 9361242135 8399999999999999
120149180205219220207182151122105101112135163190208211199174141109 89 8425 522X2 43422116432129999999999999910431012246 8399999999999999
 95120153189218233230210176134 97 75 73 90122162199225232220192152114 8925 523X2 5232341753232999999999999991137 722349 8399999999999999
 83 95124163204234246238208161109 66 44 46 7111516721324425323920515911625 524X2 6 62461854253999999999999991225 42999999999999999999999
 89 84 99133178221250257240199141 81 36 17 26 6111517622826127025221316225 525X2 648257195027099999999999999 046 831311 1799999999999999
117 91 87107147195238262262235184118 54 12 -2 14 5812118724127327925821325 526X2 730265204328099999999999999 138 861357 -299999999999999
161117 93 94119163212251269261225166 96 34 -4-11 13 6413119825027828025525 527X2 812269213428399999999999999 228 911444-1299999999999999
208157117 99105134179225258268253211148 80 23 -8 -9 22 7614320625227627325 528X2 855268222427899999999999999 315 981531-1299999999999999
244199152118106117149192232258261239194133 70 21 -2  4 38 9315421024926625 529X2 938262231226799999999999999 4 11061617 -399999999999999
259230188147121115131162200233251248223179123 68 29 13 25 6011016421024125 530X21022252999999999999999999999 44611517 4 1399999999999999
252241214177145126125142170202227238231206166118 73 43 35 49 8212617120725 531X2 0 125211 823899999999999999 5321231751 3599999999999999
230236225200170144131133148172196215221213192158119 84 62 59 7410213917525 6 1X2 050236115822199999999999999 6211301841 5899999999999999
203219222211190165144134136148166185200205199182156125 98 82 81 9511914925 6 2X2 14122313 020599999999999999 7201341934 8099999999999999
17720021221320318416214313313314115617218519219118016013611410110011113125 6 3X2 235214142119399999999999999 8321322035 9999999999999999
15518019920920919918015813812612312914315917518719018416814712711511212125 6 4X2 331210155219099999999999999 948123214111299999999999999
13916118420221120919717515012711310911513115217318919719317915813712311925 6 5X2 4222121710197999999999999991052109224711999999999999999
127145168191209216211194166136111 95 9310312515217919920820418816414112525 6 6X2 5 62161812208999999999999991141 92234612299999999999999
122131151177202219222211186152117 90 77 79 9712616019221322121419316513925 6 7X2 54622319 1221999999999999991221 76999999999999999999999
124123136160190215229227207174133 95 70 61 71 9813517520822923321919216025 6 8X2 622230194323399999999999999 0361211257 6199999999999999
134121124143173205229237227198155110 73 52 51 7010615119422624223921818525 6 9X2 658237202124399999999999999 1201201332 4999999999999999
151127118127153188221240241221183134 87 53 39 48 7712217021224125123921125 610X2 733243205825199999999999999 15911814 7 3999999999999999
174141120118135168205235248240210163111 65 38 33 52 9114019022925125223325 611X2 8 8248213425499999999999999 2371161442 3299999999999999
199161130116122147184221246251233194142 89 49 29 34 6310816020724125524825 612X2 844251221025599999999999999 3131161517 2899999999999999
222184148123117131162200233251247221176122 72 38 28 43 7912817922124725325 613X2 920252224825399999999999999 3481161554 2899999999999999
238208170137120121142176212240250238205157105 60 35 33 56 9714619422924725 614X2 958250232624999999999999999 4251181633 3199999999999999
246227194158131120128153186219240243225190142 93 56 39 45 7311516220423325 615X21038244999999999999999999999 5 41201713 3899999999999999
244237214182149128122134160191219234233213178133 90 59 49 61 9113217521125 616X2 0 7244112423699999999999999 5481221757 4999999999999999
233239228204173143125123136160189213225223204171131 94 70 64 7810814618425 617X2 052239122022699999999999999 6391221846 6499999999999999
214231234221197166138121118131153180203216216200173138106 85 81 9512215625 618X2 140235132821899999999999999 7391171942 8199999999999999
189216230231217191160130112108118140167192210214204182152122103 9810913325 619X2 232232144921499999999999999 8451072046 9899999999999999
163193218231231216188153119 97 9110112315318420721821419716914111911212025 620X2 328233161421999999999999999 953 91215811299999999999999
139167197222235234216184144105 79 70 8010514117921022823021518815713312225 621X2 4242371735231999999999999991057 70231312199999999999999
126143170201228242239217180132 88 58 48 60 9013317921824124623220416914125 622X2 5202431846247999999999999991157 48999999999999999999999
126127144174208236250245218174120 70 38 29 44 8013118422825526124621417525 623X2 614251194726299999999999999 0251251253 2899999999999999
143125126146179216246259250218166107 54 21 14 34 7713419223926727225321625 624X2 7 6259204227399999999999999 1271241346 1399999999999999
173139122125148186226255266252214157 94 40  9  6 32 8114320325027527625225 625X2 757266213227999999999999999 2211201436  499999999999999
211166132117125153194235263269250207147 82 31  4  7 39 9315721525827827225 626X2 845269221727999999999999999 3 91171524  299999999999999
243198154123114128161204243266266243196134 73 27  8 18 5611217322626127425 627X2 93226923 027499999999999999 35411416 9  899999999999999
261227182141117115134170212246263257230181122 67 31 21 39 8013519023526025 628X21016263233926499999999999999 4361131651 2199999999999999
263244207165131115119143179216243253243213166113 68 42 42 6610815820523825 629X211 0253999999999999999999999 5161141731 3999999999999999
253247224187150124116126151184214234238225195153109 76 61 69 9613617921525 630X2 014253114423999999999999999 55711618 9 6199999999999999
237242230204171140122119132155183207221221207180146113 90 85 9812516019325 7 1X2 048242123222399999999999999 6391181847 8599999999999999
21923122921418815913412112213415517719620620619417314712310911012414817625 7 2X2 121232132820799999999999999 727120192810899999999999999
20121822421820117715113012012113214916818419419618917415513812913114316325 7 3X2 159224144219799999999999999 825119201912899999999999999
18520421621821119417014612611611512413915817518819419218216715314514615525 7 4X2 244219161319599999999999999 932114212614499999999999999
17018820421521620819016614011910710511313015117219020020219418016615515225 7 5X2 3402171738202999999999999991041105225015299999999999999
158171188205216218209188161132108 95 9310312314917619921321520619017215825 7 6X2 4412191841215999999999999991140 92999999999999999999999
152156170190209222224211186153120 94 79 80 9512215518721322822721419317025 7 7X2 537225193022999999999999999 0 51521229 7899999999999999
153146153171195218232231213181142104 76 64 69 9212616620323024223621718925 7 8X2 626233201124299999999999999 1 01461312 6399999999999999
162143139151176206231243236211172126 85 58 50 64 9513818322224625223921225 7 9X2 710243204825399999999999999 1451391352 5099999999999999
178148132134154186220245252239205157107 65 42 42 6410515520424126025723625 710X2 752253212426199999999999999 2241311430 3999999999999999
200162134123133161199236258258236194139 86 46 30 40 7212217622425626725625 711X2 832261215926799999999999999 3 112315 8 3099999999999999
225183144120118137173215250266259228178119 66 33 26 46 8814419924326726925 712X2 912267223427199999999999999 3371161545 2599999999999999
247208163127110117144186229260269254216161101 52 28 31 6111016822125727125 713X2 95326923 827299999999999999 4131101623 2699999999999999
263232188144113105120154198238263265244201144 88 48 33 47 8413619223726325 714X21036267234226999999999999999 45110517 1 3399999999999999
268250213167127104103125162205241259256230186133 84 54 49 7011116221124625 715X21121260999999999999999999999 5311011740 4899999999999999
263258234194150115 98104128166205235249243217176130 91 70 74 9913918422325 716X2 017264121224999999999999999 615 981822 6999999999999999
248256245217177137107 95104129163198224236230208174137107 9510212716119825 717X2 054256131123699999999999999 7 4 9519 7 9599999999999999
227245246231203166129102 9310112315418521022322220618115213012212914917525 718X2 136247142522499999999999999 8 2 9320 212299999999999999
203225238237222195161126 99 88 9311113916919621321921219517315514614816125 719X2 226239155721999999999999999 911 88211514599999999999999
180201220232232220195161125 96 80 80 9512115318521022422521419517516215825 720X2 3322331735226999999999999991030 78225615899999999999999
163177196216230234224200164124 90 68 64 7710514218121423524123221218716725 721X2 4492341854241999999999999991145 63999999999999999999999
156156169190215235243234208167121 80 53 46 60 9313818522525025824722118825 722X2 6 0243195325899999999999999 0271541249 4699999999999999
161145145161189220245255245215168113 66 37 31 50 9014319724026627025321825 723X2 7 1255204227299999999999999 1301431344 3099999999999999
179146131134157193231259268254217162101 51 23 23 49 9715721425727827524925 724X2 754268212328099999999999999 2191301431 1999999999999999
205160128117128159203244271275255211149 86 38 16 24 6011617923427128327025 725X2 84127722 028399999999999999 3 11171514 1699999999999999
233184139112108129168216256278276248197132 71 31 20 38 8214320525227827925 726X2 925280223328299999999999999 3391071553 2099999999999999
254210159119101108137182229263277267232177114 62 34 35 6411517522826327625 727X210 527723 227699999999999999 4141011628 3199999999999999
264230182135105 98115150196237262267249210156101 62 48 62 9915020424426525 728X21043268232726899999999999999 448 9817 0 4899999999999999
264242202156118100103127165205238254250227187139 97 73 73 9613618322525125 729X21119255235125899999999999999 520 981731 7099999999999999
258245215175136109101113140175208231239230205169132104 9310313116920723525 730X21157239999999999999999999999 55310118 0 9399999999999999
24824422319115512410810812415017920421922121018816113511911913416119221925 731X2 014249124022299999999999999 629106183111799999999999999
23523822620317314412111111513115317519420420519718116314814114516018120325 8 1X2 041239133620699999999999999 71211119 714199999999999999
22022822521219016514012311612013214816618119219519318517416516216517518925 8 2X2 11522815 619599999999999999 8 811620 016299999999999999
20321421821520418616414212611811812513815417018419419819619018217717517825 8 3X2 2 7218171019899999999999999 929117215117599999999999999
18619620621221220518916814512611310811312514416518620221121220519418317525 8 4X2 33221318332139999999999999911 2108235117299999999999999
172177188201212217212196172144119101 93 9811413916819621822822721519717825 8 5X2 5 221719232299999999999999912 8 93999999999999999999999
164160167184204221229223203172137105 82 75 8410814218021423724523821719025 8 6X2 6 622920 024599999999999999 0521601257 7599999999999999
164148147161186215237245234206166122 84 61 58 7611015420023625725824020825 8 7X2 656245203326099999999999999 1341461338 5799999999999999
172144131138162197232256259241203152100 60 41 47 7612217622525927226323225 8 8X2 74026021 527299999999999999 2101311416 4199999999999999
189148122116134169214253273270242193132 76 39 29 46 8714520425227828125825 8 9X2 822275213628399999999999999 2441161452 2899999999999999
214163122102107137183234271286274235176110 55 26 27 5711017423327428927825 810X2 9 328622 629099999999999999 3181011528 2299999999999999
242188134 98 88105146200251284290269222156 90 43 25 39 8014120625828728925 811X2 944291223629299999999999999 352 8716 4 2599999999999999
265216158107 80 81109158215262287286257204139 80 44 39 6311317523327328825 812X2102729023 628899999999999999 428 771640 3799999999999999
278242187130 88 71 82118171224264281273240187128 81 59 65 9814820425027625 813X21112281233728099999999999999 5 6 711717 5899999999999999
278257215160110 78 71 89128178223255266255222176129 96 8610013518022325525 814X212 0266999999999999999999999 546 701754 8699999999999999
268260233190142101 78 77 9813417621323824523520917414112111913616620023025 815X2 0 8268125624599999999999999 631 75183511899999999999999
249252240213175135102 85 8610413316619521622522020518316215015116418520625 816X2 04325314 922599999999999999 726 83192414999999999999999
225235235224202172139111 95 9210312314817419621021521019918617717517918825 817X2 13023716 121599999999999999 840 92204817599999999999999
200212220223218203180151123102 92 9310612815518220522022421920819418417825 818X2 2532231756224999999999999991021 91232517899999999999999
179186197211221224215194164131101 82 77 8711114417921123424223722119817825 819X2 44622419 7242999999999999991150 77999999999999999999999
164161169187210229238232209173131 92 66 59 7210214418922825225924822118825 820X2 6 7238195225999999999999999 0461611252 5999999999999999
159143142157186219245257248219173121 76 49 45 6410515720924927027024720725 821X2 7 5257202927399999999999999 1321401340 4399999999999999
165134120127154195236264272258219163104 57 35 39 7012218123426928226923225 822X2 75227321 028299999999999999 2 91201420 3399999999999999
183137109104122162211254279281257208144 84 43 31 47 9015121225828328225525 823X2 834283212828699999999999999 2431031456 3199999999999999
206152110 91 97129178230270287279244187122 67 38 39 6912318624027528626925 824X2 912287215428699999999999999 314 901528 3599999999999999
228173121 89 82102144198247277284266222162102 60 46 6210416221926228127525 825X2 947285221628299999999999999 344 811558 4699999999999999
244194139 97 78 86117165217256276272244196139 91 65 67 9614419924527227425 826X21020277223627699999999999999 413 781626 6399999999999999
253211159112 84 79 99138186229257265251218171125 92 83 9813418222825826825 827X21052265225626899999999999999 440 781653 8399999999999999
256223178131 96 82 9011815819923224824722819415512210510913317121124325825 828X21125250231725899999999999999 5 8 82171910499999999999999
253231194151115 93 9010613617220422523322620617815013112714016519722624325 829X212 1233233924799999999999999 538 89174512799999999999999
246233206171137111 9910312214817619821221520719217315714915216718821022625 830X21246215999999999999999999999 613 98181314999999999999999
23322921318816013411611011613115117018519519919618917917217017418419720825 831X2 0 623414 119999999999999999 659110185117099999999999999
21721821320018116014112712112313114315617018119019519619419118818718919225 9 1X2 045219164719699999999999999 813121204918799999999999999
19720220520419818617015213612511912012814015717519220521221220619718818025 9 2X2 2162051827212999999999999991022119235117899999999999999
17818219019920620719918216113811810510211012715218020622423122721319417525 9 3X2 43620819 7231999999999999991147102999999999999999999999
162160169185205220224215193163130101 83 82 9512315919722824624823320717725 9 4X2 551224193724999999999999999 0411601237 8099999999999999
152140143162191221241245230198155111 76 60 65 9013017922325426625722818825 9 5X2 64224620 426699999999999999 1151391316 5999999999999999
149123117132165207244265263239194139 87 52 42 58 9715120825327827825420925 9 6X2 726267203228199999999999999 1461171353 4299999999999999
157115 95100130178230270286276240182117 62 33 34 6411718124028029327923725 9 7X2 8 828721 029399999999999999 218 941428 3099999999999999
178121 83 73 92137196253291300280232164 95 46 27 41 8414821626929829726625 9 8X2 850301212830199999999999999 250 7215 4 2799999999999999
209141 86 57 59 93150217272303304274217145 80 42 36 6311618424728830228625 9 9X2 932307215730299999999999999 325 541540 3499999999999999
240173106 59 42 58103167233281304296259199131 78 53 60 9615421726729429225 910X21015305222729799999999999999 4 0 421616 5299999999999999
262207140 80 45 40 67118181239278292278239183127 88 77 9513518924027428525 911X211 1292225628599999999999999 438 381653 7799999999999999
271232176116 68 45 51 8213218723426327025522017413411111113317021324726625 912X21149271232626899999999999999 518 44173010899999999999999
265243204155106 71 58 68 9814018321824024423220717615114014616619322124125 913X21247245999999999999999999999 6 3 58181014099999999999999
248240219186148111 86 78 8610813816919621322121720418817416917318520021425 914X2 0 024814 822199999999999999 659 7819 216999999999999999
224226220205183155128107 96 9710812714917219220621321220519719018718819125 915X2 046226162221399999999999999 824 95212018799999999999999
196203207209204192172148125107 98 9911013015518120422022722321219718417425 916X2 24820918 6227999999999999991025 97235717199999999999999
171175185199211216211193166134107 88 84 9311714918521623624323521418916525 917X2 5 12161856243999999999999991150 83999999999999999999999
150147156177203225236231209173132 95 73 69 8411615820123625525523620216625 918X2 613236193125799999999999999 0451461243 6899999999999999
137123126147181217245256246215169118 78 58 61 8612918022625726825622217725 919X2 7 3256195926899999999999999 1191221324 5699999999999999
135107101116151196238265270252210153 99 62 50 6410215621025227427224419625 920X2 744271202427699999999999999 1491001358 5099999999999999
143102 83 88118166218259279275245192131 80 53 53 8113119024127328026121825 921X2 821281204828199999999999999 217 821429 5099999999999999
161108 76 69 89132188240274285269228168110 69 55 7011116822426528127223725 922X2 85528521 928299999999999999 245 681459 5599999999999999
182123 79 60 69103156212257281279252203144 95 68 70 9814820525127727625025 923X2 927283212928099999999999999 311 601527 6599999999999999
202143 91 61 57 81126181232266277264228177125 90 79 9513418623526727525825 924X2 958277214927599999999999999 337 561554 7999999999999999
218164110 71 56 68102152203244265264242202155117 9710112817121725226826025 925X21029267221026899999999999999 4 3 561620 9699999999999999
230183131 88 64 64 8712717521724425424421718014412011412916120023525525625 926X211 0254223125899999999999999 430 61164611499999999999999
236199153110 80 69 8111014918821823523622219616714413313815818721823924625 927X21134237225424699999999999999 458 69171213299999999999999
236210174135102 85 8410112916119021021921620318416615415216118020222023025 928X21215219232023199999999999999 531 82174015199999999999999
228214189159129108 9810211713916218119520120019318417517017217919120221125 929X21321201235421499999999999999 613 98181717099999999999999
21420919717815713612011311512413715216617818819319519419018718518518719125 930X216 1195999999999999999999999 718113202418599999999999999
1941961961911811661501341231181181241361511681851992082102061971861771712510 1X2 118197174821099999999999999 926117232917199999999999999
1721771851931971941831651441241091031071201421691952162272262141951731562510 2X2 4 819718262289999999999999911 7102999999999999999999999
148151164184204216215201176144113 90 82 891111451832172392472362111771462510 3X2 529217185524799999999999999 01214712 2 8299999999999999
126122135162195225241238217180135 94 68 64 801141602082452632602351931462510 4X2 622242192226599999999999999 0441211244 6399999999999999
110 93 99127170216252267258225174118 72 50 53 811301882392722802622191612510 5X2 7 7267194928199999999999999 114 921322 4899999999999999
107 72 64 84129187242278288270225162 99 55 40 55 971572202682912852501902510 6X2 751289201829399999999999999 146 6314 0 4099999999999999
121 66 39 44 80140209266298301273217147 85 48 44 711241902512892992772252510 7X2 835304204829999999999999999 220 381438 4299999999999999
153 82 34 18 37 87157228282308302265203134 79 54 61 981572222732972922552510 8X2 920309211929999999999999999 257 181517 5399999999999999
192117 52 14 11 42101174241286304292250188127 85 72 891321892452812912732510 9X210 6304215129199999999999999 335  81556 7299999999999999
226159 89 35 11 19 57118185242278289272231177129101 99122164213254275273251010X21053289222427799999999999999 415 101635 9799999999999999
246197135 76 36 22 37 77132188233259265248214173140125130153188224249258251011X21144265225825899999999999999 458 22171512499999999999999
248219174124 79 50 44 61 94138180214234238227204177157150157175198220233251012X21245239233723599999999999999 546 4418 115099999999999999
234223198165127 95 74 69 81105135166192210217214203188176170173182193203251013X21412217999999999999999999999 646 6919 917099999999999999
210211204190168142117 99 90 93106125149172193207213210201190181175173175251014X2 037212161121399999999999999 814 90215617399999999999999
181188195198194182163139117101 95 99114136162188209220221211195177161152251015X2 3 219817332229999999999999910 6 95233515199999999999999
151159173190203208201182154125102 89 90105132164196221233230213186158137251016X2 4562081819234999999999999991125 88999999999999999999999
126128144170197218226218194159122 93 80 84105140179215238244232203165130251017X2 6 2226185124599999999999999 0191251216 7999999999999999
107101113141178213236243229196152110 82 73 85116160203237253248222180134251018X2 650243191725499999999999999 0511011255 7399999999999999
 98 81 85109150195233254253230187137 96 73 74 97138187230256260240199147251019X2 729256194126199999999999999 120 801329 7199999999999999
 99 69 63 80118169217252265255221170120 84 72 84119168217252266255219166251020X2 8 526520 326699999999999999 147 6214 0 7299999999999999
111 68 49 56 88138193239265269247203150104 79 79104149200243266264236188251021X2 838270202526899999999999999 214 491430 7699999999999999
129 77 46 41 63108164217255271262230181131 95 83 96132181228259267249208251022X2 910271204826799999999999999 240 401459 8399999999999999
151 94 53 36 46 82134190235262267247208160118 95 96121163210247264256224251023X2 941268211126499999999999999 3 7 361528 9399999999999999
174117 68 40 39 62107160210245260254226185144114104116149191230254256235251024X21012261213625899999999999999 334 36155710499999999999999
194142 90 54 41 52 85132181220244249234204167136119120141174211239249239251025X2104424922 124999999999999999 4 2 41162511799999999999999
210165117 76 54 52 73109152192220234231213186158137131140163193220235235251026X21120235222823799999999999999 433 50165513199999999999999
217185144104 75 63 70 93127163192212219213197176158147147158178200216222251027X212 2219225922299999999999999 5 8 63172914599999999999999
216196166133103 83 78 88109136163185199204200190177165159161169182195204251028X213 3204234220699999999999999 551 78181915999999999999999
205198182159134111 96 92 99115135155174187195197193185176169166168173180251029X21447197999999999999999999999 651 9220 716699999999999999
187190188179163144125109101102111126145165183196204204196184170159154155251030X2 1 7190162820599999999999999 824101222215399999999999999
161172182189188178160138117102 96101115137163189209219217204182158138128251031X2 32418917212209999999999999910 3 96232112899999999999999
130143163185201207198178148118 94 84 881071371732062282362272021671321062511 1X2 4542071758236999999999999991111 83999999999999999999999
 98106130164199223231220192152111 82 71 80107147192229250251229189139 952511 2X2 555231183125399999999999999 0 0 9812 3 7199999999999999
 70 67 87126175220249255238200150102 71 63 791161672172542682562191631032511 3X2 64725619 426899999999999999 037 651249 6399999999999999
 56 35 42 77131192243272275250202143 92 64 63 881351922432732772511991302511 4X2 736277193727999999999999999 114 341333 6099999999999999
 65 21  8 28 76143211263289286253197135 87 65 711051592182632842752361722511 5X2 824291201328499999999999999 153  81416 6499999999999999
 96 32 -4 -6 25 84158226275296286247188129 88 74 881291842382742832632142511 6X2 912296204928499999999999999 234 -91459 7499999999999999
143 69 12-15 -7 33 98171234276291276235179127 95 901111532052502742722432511 7X210 0291212727799999999999999 316-161542 8899999999999999
189119 53  6-11  5 491121782332682772592201711301081101341742172502632542511 8X2105027722 626499999999999999 4 1-11162610699999999999999
220167105 49 14  5 25 681241802242512562392061681371241301521852182402452511 9X21143257224824599999999999999 448  5171212399999999999999
231200153102 58 32 29 48 85131175210231234221196169147139145162186208222251110X21242235233722499999999999999 538 2718 413999999999999999
223211185149110 76 56 54 69 97132167195212217210193173156149151161176190251111X21354217999999999999999999999 636 53191514899999999999999
200203196179153124 97 80 76 84104131159183200209206194177161150146149158251112X2 046203151620999999999999999 748 7521 314699999999999999
170181188189182164141116 98 90 93107129154178198208208197178158141131130251113X2 238190162821099999999999999 913 90223812999999999999999
137151168184192191178156130109 97 96108129156183204215212197172145122109251114X2 4231931719215999999999999991031 95233410799999999999999
109120140166188202203190166136111 97 97111136166195216223214190156123 98251115X2 5352051757223999999999999991131 95999999999999999999999
 86 90110140173201216216198168134108 95 98118148183212228227208174132 95251116X2 629218182723099999999999999 014 861217 9499999999999999
 72 67 80110149188217230224199163127101 93103130167204229237225194149102251117X2 712230185523799999999999999 047 661257 9399999999999999
 67 51 55 80121167208234240226193152117 96 95114149190224241238213170119251118X2 750241192224399999999999999 117 501333 9399999999999999
 73 44 37 54 91140189227246244220181139107 94102131171212239246230193141251119X2 824248194924799999999999999 146 3714 7 9499999999999999
 88 47 28 34 64111164210242252240207164125101 97115151194230247242214166251120X2 858252201724899999999999999 216 271440 9699999999999999
110 61 30 23 42 82134186227249249228190148115100106134174214241247230191251121X2 931252204624899999999999999 245 221512 9999999999999999
137 83 42 22 28 58105157204236248239210171134110105121154194227244238211251122X210 4248211724599999999999999 316 21154410499999999999999
165111 63 32 24 41 78127176215237240223192156126112116139173207232238223251123X21038241214823899999999999999 348 24161711199999999999999
188141 91 52 32 35 59100146188217231226206176146125119130155186213228225251124X21115231222122999999999999999 422 30165111999999999999999
203167122 80 50 39 50 78117158192214220212192166142128128142165190209217251125X21156220225921799999999999999 5 0 39173112799999999999999
209185151112 77 56 52 66 94129164191207210202184162144134135147166185199251126X21245211234820399999999999999 542 51182213399999999999999
203194173143111 83 66 65 80105135164187201204197182163146136135143158174251127X21347205999999999999999999999 633 64193313499999999999999
186191185169146118 94 79 77 88110136163185200205199184164144129124129142251128X2 059191145720599999999999999 737 7621 012499999999999999
158174184186176157131107 89 84 92110136163188205211205187161134113104107251129X2 23618616 021199999999999999 853 84221410399999999999999
121144168187195191174148119 97 87 92110136168196216221211186151115 87 75251130X2 41019616522229999999999999910 9 872311 7599999999999999
 81102133168197212211194163129100 87 91110140177210230232215180133 88 562512 1X2 5262141738234999999999999991117 86999999999999999999999
 45 56 86129176213233232212175134101 86 90112149191226244240214167109 572512 2X2 629235182124599999999999999 0 0 451217 8599999999999999
 24 17 35 77132188230252250225182136100 85 92119161207241255244207149 842512 3X2 72625419 425599999999999999 047 161312 8599999999999999
 29 -2 -4 23 75139201246267262231183134 99 86 961291762222542612421961302512 4X2 819268194726299999999999999 133 -714 3 8699999999999999
 60  6-20-15 20 80149212256275265230179130 97 881051421912352612612341812512 5X2 910275203226499999999999999 220-221451 8899999999999999
111 43 -7-28-16 26 90159220260274260221171125 97 941151552022412612542222512 6X210 0274211626299999999999999 3 8-281538 9299999999999999
165 97 33-11-24 -6 401031692232572652472081601201001021271662092412532422512 7X2104926522 225399999999999999 355-241624 9899999999999999
206151 87 31 -4-10 12 581181762222472502301921501181041111371732092332392512 8X21137252224824099999999999999 443-1117 910499999999999999
225190139 84 37 12 12 36 801321802162342322111781431181101191421732012192512 9X21224236233822299999999999999 530  9175711099999999999999
221206175132 87 51 34 38 62100143182208220215195166138119114123142166188251210X21312220999999999999999999999 617 33185111499999999999999
201202190165131 95 69 58 65 86118152181201208202184159135119114120135153251211X2 03520314 220899999999999999 7 7 58195511499999999999999
171182185178160135109 89 82 88105130157180195200193177154132116109112122251212X2 149186145620099999999999999 8 2 82211210999999999999999
138155169176174163145124107101105118138161180193196189173149125107 98 98251213X2 321176155119799999999999999 9 71002227 9799999999999999
108124144162175178172156137121113114125143164183195198188168141114 93 82251214X2 45217916431989999999999999910201122326 8199999999999999
 83 95116141165182189183167146128118118128147170190201201187161128 97 74251215X2 6 31891728203999999999999991130116999999999999999999999
 64 69 87115147176195202194174149128116117130153179200209204183149110 76251216X2 65720218 920999999999999999 011 64122711599999999999999
 54 49 60 87123160192211213200174145122111116135163191211216203173132 89251217X2 739214184721799999999999999 050 48131311199999999999999
 55 36 38 59 94138179210224220199167135113106117143176206222220197158110251218X2 817225192422499999999999999 126 35135310699999999999999
 66 35 23 34 65109157198225233220191155123104104123156192219230218186138251219X2 852233195923099999999999999 2 0 23143010199999999999999
 87 44 19 17 38 79129178216236234212177139110 98107134172208230232210169251220X2 926238203423499999999999999 235 1515 5 9899999999999999
116 64 26 10 18 50 98151197228239228199159123100 97115149189221235227196251221X2 95923921 923699999999999999 3 9  91538 9699999999999999
148 93 44 14  8 28 68120171212234236216181141110 95102127165202228233216251222X21033238214523499999999999999 343  71612 9599999999999999
178126 72 30 10 15 44 90142189221234226200163126101 96110140178211228225251223X211 7234222123099999999999999 418  91647 9599999999999999
201158106 57 24 14 29 65112162201225228213183146115 97 99119150185211222251224X2114222923 122299999999999999 453 141724 9699999999999999
212184141 93 51 27 27 48 87133177208223219199168134107 96103124155185205251225X21219223234821199999999999999 531 2418 7 9699999999999999
211198169130 87 54 39 45 70108150186209217209187156124102 94102124151178251226X21259217999999999999999999999 613 381858 9499999999999999
195199187162127 92 66 56 65 91125161190208211201178147117 96 88 96115141251227X2 045199134421299999999999999 7 0 561959 8899999999999999
165183189182162134105 84 76 85107136166191205207195172141110 87 77 83100251228X2 157189143820899999999999999 756 7621 8 7799999999999999
125151173185184172149124104 95101117141167190204206195171137102 74 61 63251229X2 326186153920799999999999999 9 6 952220 6099999999999999
 80107139168188195188170145122110109121141166191207210199171133 91 58 40251230X2 5 019516442119999999999999910311082329 3899999999999999
 41 58 90130168196210208191164137119113120139166193213217204172127 78 39251231X2 6232111746218999999999999991157113999999999999999999999
