 -4 12 39 72104129144147140126111102100108122138150152143121 90 55 23  125 1 1Z3 64514716431539999999999999911391002355 -899999999999999
 -8  0 21 51 84115136146144132116102 95 97109125141151150137113 80 47 1825 1 2Z3 7191461727152999999999999991215 95999999999999999999999
  0 -3 10 34 65 97124140144138123107 94 90 95109125140147144128103 72 4225 1 3Z3 752144181214899999999999999 040 -31256 9099999999999999
 18  7  9 26 51 81110131141140130113 97 86 85 92106122134139134119 95 6825 1 4Z3 82414219 113999999999999999 118  61340 8499999999999999
 43 26 20 27 45 70 97120135140134120103 88 79 79 86 99113124128124111 9125 1 5Z3 855140195912899999999999999 156 201432 7899999999999999
 70 51 40 40 49 67 89111128137137127111 94 79 71 70 77 8810111111611410525 1 6Z3 926138211211699999999999999 234 391534 6999999999999999
 92 77 65 60 62 72 87105122133137132121104 86 71 62 60 64 74 86 9710510725 1 7Z3 957137225710799999999999999 314 591648 5999999999999999
104 98 90 83 80 83 92104117129135136129116 98 80 63 51 47 50 58 71 85 9625 1 8Z31033136999999999999999999999 359 8018 7 4799999999999999
105108108105101100101107115124132136135127114 95 74 55 40 33 34 43 58 7525 1 9Z3 122109111913699999999999999 5 31001921 3299999999999999
 92107116120120117114113115120127133137136128114 93 69 46 28 19 20 30 4825 110Z3 321121122213799999999999999 6491132025 1899999999999999
 71 94113126132132127122118117120127134139139131114 90 63 37 17  7  9 2225 111Z3 425132133014099999999999999 8391172120  699999999999999
 45 72 99121135141138131122116115118126136143143134114 87 56 27  6 -3  325 112Z3 5 8141143214499999999999999 94811422 8 -399999999999999
 20 47 79108130142145138128117110110116127140148147135112 81 47 18 -2 -725 113Z3 54314515261489999999999999910331092251 -799999999999999
  3 25 56 89118137146143133119107102105115130144151148132106 72 38 10 -525 114Z3 61514616131519999999999999911 91022330 -799999999999999
 -5 10 37 70102128142145137122107 97 95102116133147151144125 96 62 30  725 115Z3 6431451656151999999999999991142 95999999999999999999999
 -2  4 25 55 87116135143139126109 95 88 91102118135146148137115 85 53 2525 116Z3 7 8143173714999999999999999 0 4 -21214 8899999999999999
  9  7 20 44 75104127139140130113 96 84 81 88102119134142140126102 74 4625 117Z3 731141181614399999999999999 036  61246 8199999999999999
 25 17 23 41 67 95119135139133118100 84 76 78 87102118130134128113 91 6625 118Z3 752139185613499999999999999 1 5 171321 7699999999999999
 45 32 32 43 64 89113130138135123106 88 76 71 75 86100113122123116101 8225 119Z3 813138193812499999999999999 132 3014 0 7199999999999999
 64 50 45 50 65 85107125135136127112 95 79 70 68 73 83 95106112112105 9325 120Z3 834137202811399999999999999 158 451445 6899999999999999
 80 68 61 62 71 85103120131135130119103 87 74 66 65 69 78 88 96101102 9825 121Z3 856135213610299999999999999 224 601540 6599999999999999
 91 83 77 76 80 89102115126132131123111 96 81 70 62 61 63 70 78 86 92 9625 122Z3 9221332343 9699999999999999 249 761652 6099999999999999
 96 95 92 91 91 96103112121127129126118106 92 78 66 57 54 55 60 68 78 8725 123Z3 953129999999999999999999999 314 911816 5399999999999999
 95100103104104105107111116122125126123115104 90 75 60 50 44 43 49 59 7225 124Z310411269999999999999999999991932 43999999999999999999999
 86 99109114116115114113113116120123125123116104 88 70 52 39 31 31 39 5325 125Z3 4 611612 112599999999999999 7101132030 3099999999999999
 71 90107120126126122117112111113118124127127119105 85 63 41 25 17 19 3125 126Z3 432126132312899999999999999 8551112117 1799999999999999
 51 75 99118131134131123114108106110119128134133123105 80 52 28 11  4 1125 127Z3 459134142513499999999999999 9451062159  499999999999999
 29 55 84110130139139131118107100101110122135142139126102 72 40 14 -2 -425 128Z3 52714015171429999999999999910221002238 -599999999999999
  8 33 64 96123140144138124108 96 92 98111128143149144125 97 62 28  3 -925 129Z3 55414416 4149999999999999991056 922316-1099999999999999
 -6 13 43 78110134146144131113 95 84 85 96114134149153144121 89 52 19 -325 130Z3 6221471650153999999999999991129 832352 -999999999999999
 -9  2 27 60 95124143147138119 98 81 73 79 95117138151153140114 80 45 1625 131Z3 64814717361549999999999999912 4 73999999999999999999999
  0  1 18 46 80112136146142127104 81 67 64 74 94117138149147132105 73 4225 2 1Z3 714147182315099999999999999 027 -11241 6499999999999999
 21 13 20 41 70101127143144133112 87 66 56 57 71 91114132141137122 97 7025 2 2Z3 737145191214199999999999999 1 0 131321 5599999999999999
 47 33 33 45 68 94120138144138120 96 72 55 48 52 67 87107123129125112 9325 2 3Z3 8 014420 712999999999999999 132 3114 5 4899999999999999
 73 58 53 58 72 93115132142140128107 84 62 48 43 48 62 79 9710911511310425 2 4Z3 821142211311599999999999999 2 1 531457 4399999999999999
 92 81 74 75 83 97113128138140133118 97 76 57 45 40 44 55 69 83 9510210425 2 5Z3 842140225510499999999999999 226 7416 1 4099999999999999
102 97 94 93 96104114125133137134125111 93 74 57 45 38 39 46 56 69 81 9225 2 6Z3 9 6137999999999999999999999 242 931724 3899999999999999
 99104107108110113118123128131132128121109 94 77 59 45 35 32 35 44 57 7225 2 7Z3 93813299999999999999999999919 1 32999999999999999999999
 87101111118121122122122123124125126125121113 99 82 62 44 30 23 24 33 4925 2 8Z311111269999999999999999999992021 22999999999999999999999
 69 89108121129130128123118116116118123126126119106 85 62 39 22 13 15 2725 2 9Z3 450131132812799999999999999 9291152120 1399999999999999
 47 72 97118131136133125116108105107115124132133126110 85 58 32 13  6 1125 210Z3 5 613614431349999999999999910 510522 5  699999999999999
 28 54 83109129138138129116103 96 95102115129139140130109 81 50 23  6  325 211Z3 5271391537141999999999999991034 942242  399999999999999
 14 37 67 97122137141133118101 89 84 88101119135145143129103 72 40 15  425 212Z3 54714116221469999999999999911 1 842315  499999999999999
  8 26 54 85114134141137122103 85 75 75 86105125141147141122 93 60 31 1325 213Z3 6 714117 1147999999999999991127 742344  899999999999999
  9 20 44 75105128140139127106 85 70 65 72 88110130144145134111 81 51 2725 214Z3 6251421739146999999999999991154 65999999999999999999999
 17 22 40 67 97123138141131111 88 68 58 59 72 92114133142138123 99 70 4525 215Z3 642142181514299999999999999 011 171222 5799999999999999
 30 29 41 64 91117135142135117 94 71 56 51 59 75 96117131135128111 87 6425 216Z3 658142185213599999999999999 036 281252 5199999999999999
 46 40 47 64 88112132141138123101 78 58 48 49 61 79 99116126126116 99 8025 217Z3 715141193012799999999999999 059 401323 4799999999999999
 63 54 56 68 87108127138138128109 86 65 51 46 51 64 81 98111117115105 9225 218Z3 732140201211799999999999999 121 541357 4699999999999999
 78 69 68 74 88105122134137130115 95 74 58 48 47 54 66 80 94103107104 9825 219Z3 75013721 510799999999999999 141 671437 4699999999999999
 90 83 80 84 92105118129133130120104 85 68 55 49 49 55 64 76 86 94 97 9825 220Z3 8 81332238 9899999999999999 158 801529 4899999999999999
 96 94 92 94 99106115123128128122111 96 81 67 56 50 49 52 59 67 76 84 9125 221Z3 828129999999999999999999999 159 921647 4999999999999999
 96100102104107110114119122123121115106 95 82 69 58 50 45 45 49 56 67 7825 222Z3 8511239999999999999999999991834 44999999999999999999999
 90100108113116116116116116116117116113108 99 87 72 58 45 36 33 37 46 6025 223Z3 451116 95911799999999999999 7171161959 3399999999999999
 78 95110120124124120115110108109112116117115106 92 74 54 36 24 20 25 3925 224Z3 423125125611799999999999999 9101082056 2099999999999999
 60 83105122131132126116107100 99104112121126125115 96 72 46 24 11  9 1925 225Z3 437132141812799999999999999 941 992141  899999999999999
 39 66 94118134138133121105 93 87 90101116130138135121 97 67 37 13  1  425 226Z3 45713815161389999999999999910 9 872220  099999999999999
 20 47 79109132142140127108 89 76 75 84102123140148143124 94 60 28  6 -125 227Z3 51914316 6148999999999999991039 742257 -199999999999999
  8 31 63 97125142145134113 89 69 59 64 81105130148154145122 89 54 24  725 228Z3 5411461654154999999999999991111 592332  499999999999999
  6 22 50 84116139148141121 93 67 49 45 57 80108135152155143117 84 51 2625 3 1Z3 6 31481742156999999999999991144 45999999999999999999999
 17 24 45 75107133147146129102 72 46 33 36 53 80110136150150135110 79 5325 3 2Z3 625148182915299999999999999 0 5 171220 3299999999999999
 37 35 48 72100127144148137113 82 52 31 24 32 52 80109131142139125103 7925 3 3Z3 645148191914299999999999999 036 341258 2499999999999999
 61 54 59 75 98122140147142123 96 65 39 23 21 32 53 79103121129126115 9825 3 4Z3 7 4147201312999999999999999 1 4 541339 2099999999999999
 83 74 75 84100119136145143131109 82 55 34 23 24 35 53 75 9410811511310725 3 5Z3 723146211911599999999999999 128 731426 2299999999999999
 98 92 90 95105119131140141134119 98 75 53 37 29 29 38 51 67 83 9410110425 3 6Z3 741142232510499999999999999 144 901526 2899999999999999
104103103106112119127133135132124110 93 75 58 45 37 35 38 47 58 71 82 9225 3 7Z3 756135999999999999999999999 1261031651 3499999999999999
100106111114118121124126127125122115107 95 82 68 54 43 37 36 40 49 61 7525 3 8Z3 7551279999999999999999999991843 35999999999999999999999
 90103113120123123121119117115114114113110103 92 77 61 46 35 30 33 42 5725 3 9Z3 4331239999999999999999999992010 30999999999999999999999
 76 95111122127127121114107103102105111116117113101 84 63 44 30 24 28 4125 310Z3 420128134911799999999999999 94010221 6 2499999999999999
 61 84105122130131123112100 91 89 92102113123127121107 85 60 38 24 21 2925 311Z3 430132145612799999999999999 955 882147 2099999999999999
 47 72 97119132134127113 96 83 76 78 88104121132135126106 80 53 31 20 2325 312Z3 4461351543135999999999999991017 752220 2099999999999999
 37 61 88113131137132117 97 78 66 64 73 90111130140139125101 72 45 27 2325 313Z3 5 21371624141999999999999991040 632250 2299999999999999
 32 53 80107129139136122100 77 59 52 57 74 96120137144137119 91 63 40 2925 314Z3 51813917 11449999999999999911 4 522317 2899999999999999
 32 48 73101125139140127105 79 57 44 44 57 79105128142143131109 82 56 4025 315Z3 5331411736144999999999999991129 422342 3799999999999999
 37 48 70 96121138142133112 85 59 40 35 43 62 87113133142138122 99 74 5525 316Z3 5491421811142999999999999991155 35999999999999999999999
 47 52 69 92117135143137119 93 65 42 30 32 46 69 95119134137129111 90 7025 317Z3 6 5143184713799999999999999 0 6 471222 2999999999999999
 59 59 71 90112131142140125101 74 48 31 27 35 54 77101120130128118101 8425 318Z3 621142192313099999999999999 029 581250 2799999999999999
 72 69 75 90109127138140130110 84 58 38 28 30 42 61 83103117122118108 9525 319Z3 63814120 312299999999999999 051 691321 2799999999999999
 84 79 82 92106122134138132116 94 70 49 35 31 36 49 67 8510111011210910225 320Z3 655138205211299999999999999 111 791355 3199999999999999
 94 89 90 95106117128133131120103 83 62 47 37 36 42 54 68 82 9410110410325 321Z3 713133221310499999999999999 128 891439 3699999999999999
101 98 98101107115122127127121110 94 77 62 50 43 41 45 53 64 75 85 93 9925 322Z3 731128999999999999999999999 134 981545 4199999999999999
103105106108111114117120121118112103 92 79 67 56 47 43 43 47 55 66 78 8925 323Z3 7461219999999999999999999991730 43999999999999999999999
100108113116116115114113112111110108104 97 87 75 62 50 40 36 38 46 58 7425 324Z3 3421179999999999999999999991913 36999999999999999999999
 91106117123124119113106102101102106110111107 98 83 66 48 34 27 29 39 5625 325Z3 333124124511199999999999999 8531012020 2799999999999999
 78 99117128131126115102 92 87 88 96107117123120109 90 67 44 27 20 24 3925 326Z3 348131141312399999999999999 915 8721 9 1999999999999999
 62 88113130137133119101 84 72 70 78 94112128136133118 94 66 40 22 17 2625 327Z3 4 7137151413699999999999999 942 702151 1799999999999999
 47 75104128140140127105 80 61 51 55 71 95120140148142123 95 64 38 23 2325 328Z3 42814216 6148999999999999991013 512230 2199999999999999
 38 64 94122141145135113 83 55 37 33 44 68 99128148155146124 94 63 41 3225 329Z3 4491461656155999999999999991045 3223 6 3299999999999999
 38 58 86115138148143123 92 59 31 17 20 39 69103133152156145121 92 66 5025 330Z3 5111491745156999999999999991120 162339 4799999999999999
 48 59 82109134149149134106 70 36 13  5 14 38 71106134150151138116 92 7325 331Z3 5321511834152999999999999991157  5999999999999999999999
 64 68 83106129146152143120 87 51 21  3  1 15 41 74105129142141129111 9425 4 1Z3 553152192614399999999999999 011 641236  099999999999999
 82 81 89105125142150147131104 71 39 14  3  5 21 46 7510212112912812010825 4 2Z3 615151202313099999999999999 039 801318  299999999999999
 98 94 97108122136145146137118 91 62 36 18 10 15 29 51 74 9510911711711325 4 3Z3 636147213611899999999999999 1 3 9414 6 1099999999999999
108104105111119129138141136124106 84 61 41 28 23 26 37 53 70 86 9810611025 4 4Z3 657141999999999999999999999 12010415 4 2399999999999999
111111111114118123128131129124113 99 83 67 52 41 35 35 42 52 65 78 9010025 4 5Z3 7141319999999999999999999991625 34999999999999999999999
108113116117118118119119118116112107 99 89 77 64 53 45 41 43 50 61 75 8825 4 6Z3 63111999999999999999999999918 8 41999999999999999999999
101112118120119116111107104103104105106104 98 88 75 61 49 43 42 49 61 7625 4 7Z3 3 8120115310699999999999999 9 51031933 4299999999999999
 93108119124123116107 98 91 88 90 96104110112108 97 81 64 50 42 42 50 6525 4 8Z3 317124135211299999999999999 9 4 882030 4199999999999999
 84103118127127120107 92 80 74 75 82 95108119122116102 83 63 48 41 44 5725 4 9Z3 332128145312299999999999999 924 732111 4199999999999999
 76 97116129132125110 91 74 62 59 66 81 99117128130120102 80 60 46 44 5225 410Z3 348132153813099999999999999 947 592145 4399999999999999
 69 91113129136131116 94 72 54 47 50 64 86108127136134121 99 76 57 48 5125 411Z3 4 51361618137999999999999991011 462216 4899999999999999
 65 86109128138136123100 74 51 37 36 47 69 95119136141134117 94 72 57 5425 412Z3 4221391656141999999999999991036 352245 5499999999999999
 63 81104125139141129108 80 52 33 25 32 51 77105128142142130110 88 70 6225 413Z3 43914117321439999999999999911 1 252312 6299999999999999
 65 79100121137143136116 88 58 33 20 21 35 59 88115135143138123103 84 7225 414Z3 45614318 7143999999999999991127 182339 6999999999999999
 70 79 97117135143140124 98 68 40 20 14 23 43 70 98122136139131115 97 8325 415Z3 5151441843139999999999999991155 14999999999999999999999
 77 82 95113130141142131108 79 50 27 15 16 30 53 80105124133132122107 9425 416Z3 534143192113499999999999999 0 4 771224 1499999999999999
 85 86 94109125137141135117 92 63 38 21 16 23 40 63 8710812212712311410325 417Z3 55414120 212799999999999999 029 841255 1699999999999999
 94 91 96106119131138135123103 78 53 33 22 22 32 49 70 9010711611911610925 418Z3 616138205411999999999999999 053 911332 2199999999999999
102 98 99105114124132133126111 91 69 49 34 27 29 39 54 72 8910211011311225 419Z3 639133221011399999999999999 119 981416 2799999999999999
109105104106111118124127124116102 85 67 51 40 34 36 43 55 70 84 9710611125 420Z3 7 5127999999999999999999999 1521041517 3499999999999999
113112111110111112115117118115108 98 85 71 58 47 41 39 44 53 66 80 9410625 421Z3 014113 74011899999999999999 3171101643 3999999999999999
114118118116112109106105106107108106101 92 81 68 55 45 40 42 50 63 79 9625 422Z3 138119 94410899999999999999 6551051816 4099999999999999
110121125123117108 99 93 91 93 98105109110104 93 78 62 48 40 40 48 64 8325 423Z3 213125123511099999999999999 757 911930 3999999999999999
103120129131124110 95 81 73 73 80 93106118122118106 87 67 50 41 42 52 7125 424Z3 23913114 412299999999999999 833 722027 4099999999999999
 93115131137132117 96 75 58 51 56 70 91112129136132117 95 72 54 45 48 6225 425Z3 3 313715 813699999999999999 9 7 512115 4599999999999999
 84108129141140127103 75 50 34 31 42 64 93120140147142124100 77 60 54 6025 426Z3 32714216 414799999999999999 942 302158 5499999999999999
 78101125142147138115 84 51 25 12 15 33 63 97127148154147128104 82 68 6725 427Z3 3521471657154999999999999991019 112237 6699999999999999
 77 97120140151148130 99 63 28  4 -4  6 30 65101132151155146128106 88 7925 428Z3 4171521749156999999999999991057 -42315 7999999999999999
 82 96116136151154142117 82 44 12 -8-10  5 33 68104132148151141125107 9425 429Z3 4431551841151999999999999991138-112349 9199999999999999
 91 98113131147155151133103 67 31  4-10 -8 10 39 7310512914114213412110825 430Z3 5101551935143999999999999991220-11999999999999999999999
101102111125140151152142121 91 57 26  4 -4  2 20 46 7610312213213312611725 5 1Z3 539153203413399999999999999 02210113 6 -499999999999999
110107111120131142147144131109 82 54 29 13  8 15 31 54 7810011512312412125 5 2Z3 610147214212499999999999999 0551071355  899999999999999
115111111115122130136137132119101 79 56 37 25 22 28 42 60 79 9610911711925 5 3Z3 64213823 411999999999999999 1321111450 2299999999999999
118115112112114118123125125120110 97 80 64 49 39 36 40 50 65 80 9510711425 5 4Z3 721125999999999999999999999 2351121557 3699999999999999
118118115112110108109110111111109105 97 86 73 61 52 48 49 57 69 83 9710825 5 5Z3 026118 83711199999999999999 5171081713 4799999999999999
117120119115108102 97 95 95 97101104104101 94 83 71 61 56 56 62 74 8810225 5 6Z3 117120114210499999999999999 724 951827 5599999999999999
114122124120111100 90 82 79 81 87 95103109109103 92 79 67 61 61 68 81 9625 5 7Z3 149124133110999999999999999 8 8 791928 6099999999999999
111122128126117103 87 74 66 64 70 81 95108116117110 98 83 71 65 67 76 9025 5 8Z3 215128143711899999999999999 841 642018 6599999999999999
107121131132124109 89 70 56 50 53 65 82101117126125116101 86 74 69 74 8525 5 9Z3 238132152712799999999999999 910 5021 1 6999999999999999
102119131136131117 95 72 51 39 38 47 65 88111127134131119102 86 76 75 8325 510Z3 3 1136161113499999999999999 938 372139 7499999999999999
 97115130139138125104 77 52 33 26 31 47 72 98121136140133118101 87 80 8225 511Z3 32314016501409999999999999910 6 262214 8099999999999999
 94110127139142133114 87 58 33 19 18 31 53 81109131142142131115 99 88 8525 512Z3 3451431728143999999999999991034 172246 8599999999999999
 92106123138144140124 98 68 39 19 11 17 36 63 93119137144139127111 97 9025 513Z3 4 914518 51449999999999999911 4 112317 8999999999999999
 92102118134144144133111 81 51 25 10  9 22 45 74103126139141134120106 9625 514Z3 4331461843142999999999999991135  82347 9399999999999999
 94100112128141145139122 96 66 37 17  8 13 30 56 8411012813713612711410325 515Z3 45914519221389999999999999912 7  8999999999999999999999
 97 99108121135143142131109 82 53 29 14 11 21 40 65 9111312813313012111025 516Z3 52614420 513399999999999999 017 971243 1199999999999999
102100105115127137140135120 97 71 46 26 16 18 30 49 73 9611412512812511725 517Z3 556140205512899999999999999 0501001323 1599999999999999
109104104109118128134134126110 89 65 44 28 22 26 38 57 78 9811412312512225 518Z3 630135215312599999999999999 13010314 8 2299999999999999
116109106106110117124127126117103 84 65 47 35 30 34 45 62 81 9911412212525 519Z3 713127225712599999999999999 22610515 2 3099999999999999
122116110105104106110115118117111101 86 70 55 44 39 42 52 67 8510211512425 520Z3 819118235512799999999999999 35410416 8 3999999999999999
127123116108100 96 95 98103108111110104 93 80 66 55 49 50 58 72 8910612025 521Z31015111999999999999999999999 540 951721 4899999999999999
128130124114101 89 81 79 82 90100108113112105 93 79 66 59 58 66 79 9711425 522Z3 042130122011399999999999999 654 791832 5799999999999999
127134132123107 88 72 61 59 65 78 94110120123118107 91 77 69 68 75 8910725 523Z3 119134135312399999999999999 745 581937 6799999999999999
124136140133117 94 70 50 38 38 49 69 92114130136131119103 88 79 78 8610125 524Z3 15214015 513699999999999999 830 372035 7799999999999999
119135144143130107 78 49 27 17 21 38 64 93120139146142129112 97 88 89 9825 525Z3 22514516 614699999999999999 913 172126 8799999999999999
114131145151144124 94 60 29  8  1  9 32 63 97126145152147134117103 97 9925 526Z3 25715117 315299999999999999 957  12214 9699999999999999
110126143154154141115 81 44 13 -6 -9  4 31 6510113014815414813511910810425 527Z3 3311551757154999999999999991041-10225710499999999999999
109121137151158153135105 69 32  4-12-11  6 35 7010513214715114513211911025 528Z3 4 71581850151999999999999991126-13233810899999999999999
109116129144155158148127 96 60 26  1-10 -5 14 43 7610813114314513812711625 529Z3 4451581941146999999999999991212-10999999999999999999999
110112120133146154153141118 88 55 25  5 -2  6 25 53 8311012913813813112125 530Z3 524155202913999999999999999 0181101258 -299999999999999
113109113121133143148144131109 82 53 29 14 11 20 39 64 9011212713313112425 531Z3 6 6148211613399999999999999 1 01091344 1199999999999999
115109107111119128135138133121102 79 56 37 27 26 36 54 76 9711512512912625 6 1Z3 65313822 012999999999999999 1491071430 2599999999999999
119111105103106112119124126122112 97 79 61 47 41 42 52 68 8610411812612725 6 2Z3 748126224212799999999999999 2521031518 4099999999999999
123115107100 97 98102107112114113106 96 83 69 59 55 57 66 80 9611112212725 6 3Z3 9 6114232312799999999999999 417 9716 9 5599999999999999
126121112102 94 89 87 90 95100105107105 99 89 79 71 68 70 78 9110511712625 6 4Z311 0107999999999999999999999 550 8717 6 6899999999999999
129127119108 95 84 77 74 77 83 92100106108105 98 89 82 79 81 8810011212325 6 5Z3 0 4129125410899999999999999 659 7418 8 7999999999999999
130132126116101 85 71 63 61 65 75 88101110115114108 99 91 87 89 9610711925 6 6Z3 042132141711599999999999999 748 611912 8799999999999999
129134133124109 90 72 57 48 49 57 71 89106119124123116106 98 94 9610311425 6 7Z3 119135151812599999999999999 828 472011 9399999999999999
126135138133119100 77 56 41 36 40 53 73 95115128133130121110101 9810110925 6 8Z3 15313816 613399999999999999 9 4 3621 3 9899999999999999
121133140139129111 87 61 40 28 26 36 55 7910412513714013412311110310110625 6 9Z3 227141164814099999999999999 938 25214810199999999999999
116129140144139123100 72 46 26 17 21 36 60 8811413314314313412211010310325 610Z3 2591441727144999999999999991012 17222710299999999999999
111123137145145135114 87 57 31 15 11 21 41 69 9812314014614213111810710325 611Z3 33214718 5146999999999999991047 1123 310399999999999999
107117131143149144128103 73 43 20  8 10 25 50 7910813014314513812611310525 612Z3 4 51491842145999999999999991123  7233710399999999999999
104111123137147149140119 91 60 33 13  7 14 33 60 8911613514314213312010825 613Z3 4401501920144999999999999991159  7999999999999999999999
103105115129141149146132109 80 50 26 11  9 21 43 71 9912213714213712711425 614Z3 516149195914299999999999999 0121031237  899999999999999
105102107118131142146140124100 71 44 23 14 17 31 54 8110712713813913212125 615Z3 555146203914099999999999999 0511021316 1399999999999999
109102101107118130139140132115 92 66 43 27 21 28 44 67 9211513113813612825 616Z3 639140211813899999999999999 1351001358 2199999999999999
115104 98 98104114125132132124109 88 66 47 35 33 41 58 7910212113413713325 617Z3 733133215713799999999999999 228 971442 3399999999999999
123110 99 92 92 97106116123124118106 90 72 57 48 48 57 72 9211112713613725 618Z3 843124223613799999999999999 334 911531 4799999999999999
130118103 91 83 81 85 94104113117116108 96 83 71 64 65 73 8610312013213825 619Z31016117231613899999999999999 447 811627 6499999999999999
136127112 95 80 69 66 69 79 91104113117115107 97 87 81 81 88 9911412713725 620Z312 8117235714199999999999999 559 661731 8099999999999999
140136124106 85 66 53 48 52 64 80 97112122124120112103 97 9610011012213425 621Z31353124999999999999999999999 7 3 481843 9599999999999999
142143136121 99 74 51 36 30 36 50 71 9411512913513312611710910711011812925 622Z3 041144151613599999999999999 8 0 30195810799999999999999
140147147137117 91 62 36 20 15 22 40 66 9411913714514313612611711411612425 623Z3 127148162114599999999999999 854 1421 711399999999999999
135146152150137113 83 51 23  6  3 13 36 66 9712414315114914012912011611925 624Z3 216153171715199999999999999 945  222 411699999999999999
128140152157152136109 75 41 13 -2 -3 10 36 6910213014715415014012711811525 625Z3 3 415718 6154999999999999991034 -5225211599999999999999
120131145156160152133103 68 34  8 -5 -3 14 43 7710913414915314613412211425 626Z3 3521601849153999999999999991121 -6233511299999999999999
113120133147158159149128 97 62 30  7 -2  4 24 54 8711713814914813912611425 627Z3 43916019271509999999999999912 5 -3999999999999999999999
108110119133147156155143120 90 57 28 10  6 17 39 69 9912414014614112911625 628Z3 52615720 014699999999999999 0151071246  699999999999999
105102107118132144151148134111 83 54 31 19 21 34 58 8511113114114113311925 629Z3 612151203014299999999999999 0551021324 1899999999999999
106 98 97103115128138142137124103 78 55 38 32 38 54 7710112213614013612425 630Z3 659142205714099999999999999 137 961359 3299999999999999
110 98 92 92 99109121129131126114 96 77 60 49 49 58 74 9511513113913812925 7 1Z3 750132212313999999999999999 225 911434 4899999999999999
116102 92 86 87 93102112119121117107 94 80 69 64 67 77 9311012613613913425 7 2Z3 851121215113999999999999999 322 8615 8 6499999999999999
123110 96 86 80 80 85 93102108112110105 96 87 81 79 84 9410712113213813725 7 3Z31013112222313899999999999999 429 801547 7999999999999999
130118104 90 79 73 72 76 83 92101107109108104 98 95 94 9810611712713513825 7 4Z312 910923 113899999999999999 542 721638 9499999999999999
135127114 99 84 71 64 62 66 74 85 9710611311511411010710610811412213013625 7 5Z314 5115234813799999999999999 649 62175110699999999999999
137133124110 93 76 62 53 51 56 67 82 9711112112512412011611311411812413125 7 6Z31521125999999999999999999999 746 51192111399999999999999
136138133122105 86 66 50 42 41 49 63 8210211913013413312712111611511912625 7 7Z3 043138161113499999999999999 834 40203911599999999999999
133139140133119 99 76 55 38 30 33 44 64 8711012813914213712912111511512025 7 8Z3 136140165014299999999999999 917 30213511499999999999999
128137143143133115 91 65 42 26 21 27 44 68 9512013714614513812711711211425 7 9Z3 225144172614799999999999999 957 21221711299999999999999
121132143148145132109 81 53 29 16 14 26 48 7710512914515014513412111210925 710Z3 3101491759150999999999999991035 13225310899999999999999
113124138149153146128101 70 41 19  9 13 30 57 8811713815015014112711410525 711Z3 3521531831151999999999999991113  8232810499999999999999
106114129144154155144121 92 59 31 12  7 17 39 6910112814515214713411810525 712Z3 43415619 3152999999999999991149  7999999999999999999999
 99104116133148156153138113 82 50 25 11 12 27 53 8411413715015014012410825 713Z3 516156193315199999999999999 0 4 991226 1099999999999999
 96 94102117134148154148131105 74 45 24 17 24 43 7010012714415114613111325 714Z3 6 115420 215199999999999999 042 9413 2 1799999999999999
 97 88 90100116133145148141123 97 70 46 32 30 41 62 8911613714814813812125 715Z3 649149203015099999999999999 123 881337 2999999999999999
102 87 81 84 96111127138140132116 94 71 54 45 49 62 8310712914414914312925 716Z3 744141205714999999999999999 2 9 811413 4599999999999999
110 91 78 73 77 89104118128131125112 95 79 67 64 70 8410312313914714613625 717Z3 848131212514899999999999999 3 2 731451 6499999999999999
120100 82 70 65 68 79 93107117122120112102 92 85 85 9210411913314414714225 718Z31012122215614799999999999999 4 3 651531 8599999999999999
130113 93 75 62 56 57 66 80 9410711511911711310710410511011913013914514625 719Z31211119223514699999999999999 515 55162110499999999999999
140127109 89 69 54 45 45 53 66 82 9911212112612612312112012212713414114525 720Z31428126233114699999999999999 631 44174412099999999999999
145139127108 86 64 46 35 32 39 54 73 9411312813613813613212812713013414025 721Z31555138999999999999999999999 744 32194812799999999999999
146147142129110 85 59 38 24 21 28 45 69 9511813614514714313613012612713225 722Z3 046147164514799999999999999 848 20211812699999999999999
140148151147133111 83 54 29 14 12 22 43 7010012614415215114413312412012225 723Z3 2 0151172415399999999999999 943 11221112099999999999999
130141152156151136110 79 47 22  8  7 21 47 7810913415015515013812511511225 724Z3 3 21561757155999999999999991030  6225111299999999999999
118129144156160154135107 73 41 17  6 10 29 58 9012114315415314312711310525 725Z3 3561601826155999999999999991113  5232710499999999999999
105114130147159162152131100 66 35 15 10 20 43 7410613314915314613111410025 726Z3 4441621852153999999999999991150 10999999999999999999999
 95100113131148159159146122 91 59 33 20 22 37 63 9412214315214913611710025 727Z3 529160191415299999999999999 0 1 951224 1999999999999999
 89 88 97113132147155151136112 83 55 37 31 39 59 8611413614915014012310325 728Z3 611155193515199999999999999 035 871254 3199999999999999
 88 81 84 96113130143147141125102 77 57 46 48 61 8310813114615014412910925 729Z3 654147195415099999999999999 110 811322 4599999999999999
 91 79 76 82 95111126136137129114 95 76 64 61 68 8410512614214914713511725 730Z3 738138201415099999999999999 148 761348 6099999999999999
 98 82 74 73 81 93108120127126119107 93 82 76 78 8810412213714714713912525 731Z3 828127203514899999999999999 230 721413 7699999999999999
107 89 77 71 72 79 89101111117117113105 97 92 91 9610612013314214614213125 8 1Z3 934118205814699999999999999 321 701438 9199999999999999
116100 85 74 68 69 75 83 9410310911211210910610510611111912913714214113525 8 2Z31124112212614299999999999999 424 6815 410599999999999999
125111 96 82 71 65 64 68 76 85 9510411111511711811811912212613113613813725 8 3Z322 7138999999999999999999999 542 64999999999999999999999
131121109 94 80 68 60 57 59 67 78 9110411512312812912812612612713013313525 8 4Z31553129232313599999999999999 7 2 57184512699999999999999
134130122109 94 77 62 51 47 50 59 74 9110912313313713713312812512412613025 8 5Z31619138999999999999999999999 8 8 47204312499999999999999
135136134125110 91 71 53 40 36 41 54 74 9611713414314514013212411911912325 8 6Z3 058136164514599999999999999 859 36213411999999999999999
131138142139128110 86 62 41 28 26 35 54 7910512814415014713812611611211425 8 7Z3 2 8142171015099999999999999 942 2522 911299999999999999
123135145150145130107 78 50 29 18 20 35 60 8911814015215414513111610610425 8 8Z3 3 11501736154999999999999991021 17224110499999999999999
112125141153157148129100 68 39 19 12 20 42 72104132151157152137118103 9525 8 9Z3 34815718 1157999999999999991057 122313 9599999999999999
 98111130148160161148124 92 59 31 15 14 29 56 89121145158157144124103 8925 810Z3 4341621826159999999999999991132 122346 8599999999999999
 85 94112134153163160144117 84 52 28 19 25 46 76108137155159150131107 8725 811Z3 51916418501599999999999999912 5 19999999999999999999999
 76 78 91113136154162156138109 78 50 34 32 44 68 98127149159155139115 9025 812Z3 6 5162191315999999999999999 022 751238 3199999999999999
 72 66 72 89112135151156148129103 77 56 47 52 68 93120143156157146124 9825 813Z3 654156193415999999999999999 1 0 661310 4799999999999999
 75 61 59 68 86109129143146138122101 81 69 67 76 9411613715215715113411025 814Z3 747146195615799999999999999 141 581339 6699999999999999
 85 65 54 54 65 82102120132134129117103 92 87 9010111613414815515314212225 815Z3 849135201715699999999999999 228 5314 7 8799999999999999
 99 77 60 51 52 61 76 9310811912312211711010610611112113214415115214613325 816Z31015123204115399999999999999 326 50143010599999999999999
115 95 75 60 51 50 55 67 81 9510711512012112112112312713314014514814714025 817Z32111148999999999999999999999 440 49999999999999999999999
129114 96 78 62 51 46 48 56 68 83 9811212212913313513513613713914114214225 818Z32217142999999999999999999999 612 46999999999999999999999
138130118102 83 64 49 40 39 45 58 76 9611412913914314313913513213213313625 819Z31622143999999999999999999999 741 38205213199999999999999
140140136126109 87 64 45 33 30 37 53 75 9912213914814914413612712212112625 820Z3 045141164014999999999999999 848 29213912199999999999999
133142147144133113 88 61 39 25 24 34 55 8110913314815314913812511410911225 821Z3 21414717 215399999999999999 938 23221110999999999999999
121135147154151138114 84 55 32 21 23 39 64 95123144154153142126110100 9825 822Z3 3151551724155999999999999991019 202240 9799999999999999
106121139154160155137109 77 48 28 22 30 52 81112137153156147129109 93 8625 823Z3 4 41601744156999999999999991055 2223 9 8699999999999999
 90104124144159162153131101 69 43 29 30 46 71102130149157151134112 92 7925 824Z3 44716318 3157999999999999991126 282337 7699999999999999
 77 87106129149160160146121 91 63 43 37 46 67 95123145156154140118 94 7625 825Z3 5271621820157999999999999991154 37999999999999999999999
 68 73 88110133150157152136111 83 61 50 52 67 91118141155156145125100 7825 826Z3 6 6158183615799999999999999 0 7 681219 4999999999999999
 64 63 73 92114135148151142124101 80 66 63 72 91114137152157149132108 8425 827Z3 644151185315799999999999999 037 621243 6299999999999999
 66 58 62 76 95116133142141131114 96 82 76 80 93112132148156152138116 9325 828Z3 724143191015699999999999999 1 9 5813 6 7699999999999999
 72 60 57 65 80 98115128133131121109 97 90 90 9911312914415215214212410325 829Z3 8 9133192815399999999999999 143 571327 8999999999999999
 82 67 59 60 68 82 9711112012412211610810310210611512713914714914313011325 830Z3 9 5124194614999999999999999 223 58134410199999999999999
 94 78 66 61 63 70 81 9310411211611611511311311511912713414114414113412125 831Z3104411620 514499999999999999 314 61134611299999999999999
106 91 78 69 64 64 69 76 86 9510411111611912212312612913213513713713412725 9 1Z32025138999999999999999999999 429 64999999999999999999999
117106 93 81 71 64 61 63 68 77 8810011112112813213313313213113113113012925 9 2Z31612133999999999999999999999 612 61999999999999999999999
125119110 98 84 71 60 54 53 58 69 8410111713013814013813412812412312412725 9 3Z316 1140999999999999999999999 737 5221 212399999999999999
129130126116102 85 67 52 43 42 50 66 8610812814114714513812811911411411925 9 4Z3 038130161514799999999999999 834 41212611399999999999999
128135139135123104 81 58 41 32 34 47 69 9512114015115214413011510510210725 9 5Z3 2 2139163415399999999999999 918 31215210299999999999999
119133145149144127103 75 49 31 25 32 52 80110135152157150134115 98 89 9125 9 6Z3 258149165415799999999999999 957 252220 8999999999999999
103122141155159149128 99 67 40 25 25 39 65 97127150160157141118 95 79 7425 9 7Z3 3471591715161999999999999991032 232250 7499999999999999
 83103127150164165151125 93 61 37 28 34 54 84117144160162149125 97 73 6125 9 8Z3 43416617361639999999999999911 6 282322 6099999999999999
 63 79104133156168165148120 88 59 42 39 52 77108137157164156134105 75 5425 9 9Z3 5201691757164999999999999991139 382356 4799999999999999
 47 56 77106136157167161142115 86 64 54 59 76102130153164161144116 84 5625 910Z3 6 71671817165999999999999991211 54999999999999999999999
 40 39 53 78107135154160152134111 89 75 73 83102126148162163152128 98 6725 911Z3 657160183816499999999999999 033 381240 7299999999999999
 44 34 37 54 78106130145148142127110 97 91 95107125144158163156139113 8425 912Z3 751149185716399999999999999 114 3313 6 9199999999999999
 58 40 34 40 56 7810112013213513112311410810811512714115215915714612710325 913Z3 856135191715999999999999999 2 0 34132710799999999999999
 78 57 44 39 44 57 74 9210811812412512312112112413113914715215314713511925 914Z31042125193515399999999999999 256 39133012099999999999999
100 80 63 52 47 48 56 68 82 9610711612312713013213513814114414414213712925 915Z31947144999999999999999999999 415 46999999999999999999999
118104 89 74 61 52 49 52 60 72 8710211512613413813913913713513313213213125 916Z31558139999999999999999999999 6 1 49999999999999999999999
128123113 99 83 67 54 47 46 53 66 8410312113414214414113412712111912012425 917Z31548144999999999999999999999 733 46211011999999999999999
130133132124109 90 69 53 43 42 50 67 8911113114314814413412211110510511225 918Z3 11613316 114899999999999999 835 41212910499999999999999
122134141141132114 91 67 48 39 41 54 75100124142151149137121105 94 90 9625 919Z3 231142161815199999999999999 920 382153 9099999999999999
109126141150149136114 87 62 44 39 46 65 90117139152153142124103 86 77 7925 920Z3 323151163515499999999999999 956 392218 7699999999999999
 92111133150157152135109 81 57 44 45 59 82110135151156148129105 82 68 6525 921Z3 4 61571651156999999999999991027 432244 6499999999999999
 74 94118141157160150129101 75 56 50 58 77104130150158153136110 84 63 5425 922Z3 44516017 7158999999999999991055 502310 5499999999999999
 59 75100126148159158143120 94 72 60 62 77 99125147158157142118 89 64 4925 923Z3 5231601723159999999999999991121 592337 4699999999999999
 47 59 81108134152158151134111 89 74 70 79 98121143157159148126 97 70 4925 924Z3 5591581740160999999999999991146 70999999999999999999999
 41 47 65 89116138151152142125105 88 81 85 98118138154159152133107 79 5525 925Z3 636153175615999999999999999 0 4 411210 8199999999999999
 42 41 52 73 97121138146143132117102 93 92101116134149157154139117 90 6525 926Z3 714146181415799999999999999 033 401232 9199999999999999
 48 41 46 60 81103122134138133124112104101105116130144152152143125102 7825 927Z3 756138183115399999999999999 1 4 41125310199999999999999
 59 47 46 53 68 86104118127129125119113110111118128138146148143130112 9125 928Z3 849129184914899999999999999 139 45131111099999999999999
 73 59 52 53 60 72 8710111211812112111911811812112713413914214013211910425 929Z3101912119 514299999999999999 223 51131511799999999999999
 88 73 63 58 58 63 72 83 9410411211812112412512712913113313413413012311425 930Z31912134999999999999999999999 328 57999999999999999999999
102 90 79 69 63 60 61 67 76 87 991101201271321331321301281261251241221192510 1Z315 6133999999999999999999999 510 60999999999999999999999
115107 98 86 74 64 57 55 59 69 83 991141281361401381321251181141141161192510 2Z315 7140999999999999999999999 649 55204411499999999999999
122122117107 93 77 61 51 48 53 65 841051241391461451371241121031001031122510 3Z3 028123152214699999999999999 755 48205910099999999999999
122131134129116 97 76 56 44 42 50 68 92117137150152143127108 93 84 85 962510 4Z3 155134154015299999999999999 843 422123 8499999999999999
112129142147140123 98 73 52 40 42 56 79107133151157151133109 86 70 65 742510 5Z3 25414716 015799999999999999 924 392151 6599999999999999
 92117140155158148126 98 70 50 43 50 69 96125149160158142115 85 61 48 502510 6Z3 34415816201619999999999999910 2 432222 4799999999999999
 66 93123149164165151126 97 71 55 53 65 89117144161164151125 92 60 37 302510 7Z3 4331671641165999999999999991038 522256 3099999999999999
 40 64 96129156169166150125 97 75 65 70 87112138159167160138105 69 38 202510 8Z3 52117017 3167999999999999991112 652332 1899999999999999
 19 36 65100133157167162145122 99 84 81 91110133154167166149121 85 50 232510 9Z3 6101671725168999999999999991144 81999999999999999999999
 12 17 37 68102132152159154139120104 97 99112130149163167158135104 69 38251010Z3 7 2159174816799999999999999 011 111214 9699999999999999
 18 12 21 43 72102127143148144133120112110117129144157164160146122 92 62251011Z3 759148181116499999999999999 053 12124111099999999999999
 37 22 20 30 49 74 98118131136134129123120122129139149156156149133111 87251012Z3 911136183415799999999999999 140 2013 412099999999999999
 63 44 33 32 40 55 73 92108120126128128127128131135141145147144136123107251013Z31113128185414799999999999999 238 31131412799999999999999
 89 71 56 47 44 48 57 71 86100112122128131132132133133134134133130126118251014Z31846134999999999999999999999 355 44999999999999999999999
109 96 83 70 59 53 53 58 68 82 97111123131135135132128124120118118119120251015Z31431136231312099999999999999 534 52203311899999999999999
119115107 95 81 68 58 55 58 68 83100116129137139135126116108103102106113251016Z31445139999999999999999999999 7 0 55203810299999999999999
120125125118104 88 72 60 56 60 72 89109126139143139128114 99 89 85 89 99251017Z3 12712615 214399999999999999 8 1 5621 1 8599999999999999
112126134134126110 90 72 60 58 65 81101122138147145134116 96 79 70 71 81251018Z3 233135152014799999999999999 845 582126 6999999999999999
 98118134143142130110 89 71 62 63 75 95117137149150140121 97 75 60 55 63251019Z3 322144153715199999999999999 922 612151 5599999999999999
 80104127144151145130108 86 71 67 73 90112134149154147128102 75 54 44 47251020Z3 4 4151155515499999999999999 954 662217 4399999999999999
 62 86113137152154145126104 85 74 75 88107129148156152136110 81 54 37 34251021Z3 4421551613157999999999999991024 732243 3499999999999999
 45 67 96124146156154140120100 85 81 88104125144156156144120 89 59 37 27251022Z3 5191571631158999999999999991052 812310 2799999999999999
 32 50 77107133151156149134114 98 89 91103121140154158149129100 69 42 26251023Z3 5551561650158999999999999991119 882338 2499999999999999
 25 37 60 88117139151151142126110 98 96103117135150157153137111 81 53 32251024Z3 6321531710157999999999999991146 96999999999999999999999
 24 29 46 71 98123140147144133119108102105115130144153153143122 95 66 43251025Z3 710147173115599999999999999 0 7 23121110299999999999999
 29 27 37 56 81105125137140135126116109108114125137147151145129107 81 57251026Z3 752140175315199999999999999 039 26123610899999999999999
 40 32 35 47 66 87107122131132128122116113115122131140145143133116 95 74251027Z3 843132181514599999999999999 114 3213 311399999999999999
 55 43 39 44 55 72 90106118125127125122119119121126132136137132122107 89251028Z3 957127183813799999999999999 156 39133911899999999999999
 72 58 49 47 51 60 74 88102114122126126125124123123125127128127122114103251029Z3115012619 312899999999999999 253 47151312399999999999999
 90 77 65 57 53 55 61 72 86100113123129131130127123119117116116116115112251030Z31310131999999999999999999999 412 53999999999999999999999
106 97 85 74 64 57 56 61 71 85101116128135137133125116107102101104108113251031Z31345137999999999999999999999 543 56194710199999999999999
116114108 96 83 69 59 56 60 71 88107124137143140130116101 89 83 85 931052511 1Z3 010116141114399999999999999 658 562017 8399999999999999
117125127121108 90 73 61 57 62 76 96118136147148138120 99 79 66 62 70 862511 2Z3 143127143514999999999999999 756 572047 6299999999999999
106125138141134117 97 77 64 61 69 87109132148154147129103 75 53 41 44 592511 3Z3 248141145915499999999999999 845 612120 4199999999999999
 83111135151153143124101 82 70 70 82102126147158157141114 80 49 27 20 302511 4Z3 342154152315999999999999999 929 692156 2099999999999999
 53 85118145160161149128105 87 79 83 98120143159164153129 94 57 25  7  62511 5Z3 4341621549164999999999999991010 792234  499999999999999
 22 52 88124151164163150130109 95 91 99116138157167163145113 75 37  8 -52511 6Z3 5261661616167999999999999991048 912314 -599999999999999
  0 22 55 93127152163160147129112103104115132151165168157133 98 59 24  12511 7Z3 61816316441689999999999999911241022356 -799999999999999
 -7  3 27 60 96127148156153141127116111116128144158166163147120 85 50 202511 8Z3 7121561715166999999999999991159111999999999999999999999
  2 -1 11 35 66 97123140147144135125119118124135148158160153135109 78 482511 9Z3 810147174716199999999999999 041 -2123411799999999999999
 24 11 11 24 45 71 97118132138136130124121122128137145150149140124101 76251110Z3 915138182115199999999999999 130 10131312199999999999999
 53 35 25 26 37 54 76 97114125131131128124122123126131136138135128115 99251111Z3103113119 113899999999999999 224 25141412299999999999999
 80 62 48 41 41 49 63 80 97112122128129127123120118118119121122121118111251112Z31147129201012299999999999999 327 40163711899999999999999
100 87 74 62 55 54 59 70 84100113124129130127121114108105103105107110112251113Z3124213023 911299999999999999 440 54185810399999999999999
111106 97 85 74 67 64 68 77 90105119128133132125115104 94 88 86 89 96105251114Z31318134999999999999999999999 555 641949 8699999999999999
112116114107 96 84 75 72 75 84 98113127135137132120105 89 76 70 71 78 91251115Z3 112116134713899999999999999 7 0 722024 6999999999999999
105117124123115103 90 81 78 82 93108124136142139128110 89 70 58 54 59 73251116Z3 225124141214299999999999999 754 782054 5499999999999999
 92111126133131121107 94 85 83 90103119135144145136118 94 70 51 41 42 54251117Z3 318133143614699999999999999 840 832123 4099999999999999
 75 98120136141137125109 95 88 90 99115131144149144127103 75 50 34 29 37251118Z3 4 214115 014999999999999999 920 882152 2999999999999999
 56 82109131145147139124109 97 93 98110126142151150137113 84 55 32 21 23251119Z3 442148152415299999999999999 957 932220 2099999999999999
 38 63 93120141150149137122107 98 98106121137150153145125 96 65 37 19 14251120Z3 5191511548153999999999999991031 972250 1499999999999999
 24 45 74104130147152146133117105100104116132146154150135110 79 48 24 12251121Z3 55615216141549999999999999911 21002321 1199999999999999
 14 30 56 86114136148148140126113104104112126140151153143122 94 63 35 17251122Z3 63214916401539999999999999911321032353 1199999999999999
 12 20 40 67 96122139145142132120109105109119133145151147132108 79 50 28251123Z3 71014617 81519999999999999912 2105999999999999999999999
 15 16 29 51 78104125138141136126115108108114125137146147138120 95 68 43251124Z3 750141173714799999999999999 027 14123510799999999999999
 26 19 24 40 62 87109126135136130121113109111118128137141138127108 85 61251125Z3 83513618 914199999999999999 1 3 19131310999999999999999
 41 29 26 34 50 71 93112126132132127119113110112118125131133128116 99 79251126Z3 927133184613399999999999999 144 2614 411099999999999999
 60 44 36 36 44 59 78 97114126131131126119113109110113118122122118109 96251127Z31023132194112399999999999999 231 34152410999999999999999
 80 64 52 45 46 53 67 84101117128132131126118110104101102105110112112107251128Z31118133212411399999999999999 327 44171310199999999999999
 98 87 74 63 56 56 62 74 90106121131135133125113101 92 86 86 90 97105110251129Z312 7135234311199999999999999 435 551834 8599999999999999
111107 98 87 76 68 66 70 81 96113127137139133121104 87 73 66 66 74 87101251130Z31247139999999999999999999999 549 661926 6599999999999999
112119119112101 89 79 75 79 90105122136143142131112 89 67 51 43 47 60 792512 1Z3 129120132214499999999999999 7 0 752010 4399999999999999
101119131133127114100 89 85 89100116132145149143126100 71 45 27 22 30 502512 2Z3 245133135614999999999999999 8 3 852053 2299999999999999
 76104128142145138125110 98 94 98111127143153153141117 85 51 23  6  5 182512 3Z3 348146143115599999999999999 859 942136  399999999999999
 44 77110136151154146131116105102108122138153160155136106 69 33  5 -9 -62512 4Z3 44415415 716099999999999999 9491022220-1099999999999999
 13 44 80115141156157148133119109109117132148161163153129 95 56 20 -6-162512 5Z3 537158154416499999999999999103410823 5-1699999999999999
 -9 14 47 85119143156155146131119112114124139154164162148120 85 46 12-102512 6Z3 62815716231659999999999999911171122351-1699999999999999
-15 -5 20 55 90121143152150140127116113117128143156162157140111 76 41 112512 7Z3 71815217 4162999999999999991157112999999999999999999999
 -6 -7  6 32 64 96123140146142132121113112118129142153155148130103 71 402512 8Z3 8 5146174715699999999999999 036 -8123911199999999999999
 17  5  7 22 46 75102124136139134124114109109116126137144144136119 95 692512 9Z3 849139183314599999999999999 121  4132610899999999999999
 44 27 20 24 39 61 86109125133133127117109104105110118126131131123110 91251210Z3 931134192513299999999999999 2 6 19142310499999999999999
 70 52 40 37 43 57 77 97115126131129122112104 99 98101107113117117113103251211Z31010131203411899999999999999 250 371541 9899999999999999
 90 75 63 55 54 61 74 90107120128130126118108 98 91 88 89 93 98103106106251212Z31048130222310699999999999999 336 541717 8899999999999999
101 94 84 75 70 70 77 88101115125131130125115102 90 81 76 75 78 85 93100251213Z31128131999999999999999999999 427 701839 7599999999999999
104105101 95 88 84 84 89 98110121129133131123110 95 80 68 61 61 66 76 88251214Z3 03710512 913399999999999999 530 831936 6099999999999999
 99108112111106100 95 94 98106116126133135131120104 85 67 53 47 48 57 72251215Z3 216112125113599999999999999 642 942019 4699999999999999
 89105117122121116108102100103111121131137137129114 94 71 51 38 34 39 53251216Z3 320123133113899999999999999 7521002056 3499999999999999
 73 95114127132130122113105103107115126136140137125106 81 56 36 24 24 35251217Z3 4 813214 914099999999999999 8521032131 2399999999999999
 55 79104125137139134124113106105110120132141143136119 94 66 40 22 14 19251218Z3 448140144514399999999999999 94010422 5 1499999999999999
 36 61 89115134143143134122111105106114126138145144131109 80 50 26 11  9251219Z3 52414415201469999999999999910201042239  899999999999999
 20 42 71101125141146141130117107103108119133144148141123 97 66 36 14  4251220Z3 55814615541489999999999999910551032313  499999999999999
  8 25 52 83111133144145136123110103103112125139148148136113 83 52 24  7251221Z3 63214616281499999999999999911271022347  299999999999999
  3 13 35 64 95121138144140129115104100104116131143149143127101 70 40 17251222Z3 7 514417 3149999999999999991159100999999999999999999999
  5  7 22 48 77106128140142134121108100 99106119134143145136116 89 59 32251223Z3 739142173914699999999999999 021  41234 9899999999999999
 14  8 16 35 62 90115133140137127114102 96 98107120133140138126105 79 52251224Z3 813140181914099999999999999 055  81313 9699999999999999
 30 18 17 29 50 76102123136138132120107 96 93 96106117128132128116 96 73251225Z3 84713919 513299999999999999 131 1614 0 9399999999999999
 51 34 27 31 45 66 90113129137136127113100 91 88 91100110119122119108 92251226Z3 92113720 212299999999999999 2 8 271456 8899999999999999
 73 56 44 41 48 62 82103121133136132121107 93 83 79 82 89 98107112111104251227Z3 956136212211299999999999999 249 4116 6 7999999999999999
 93 80 67 60 59 66 79 96113127135135128116100 84 73 67 68 74 84 95103107251228Z31033136231610799999999999999 336 581722 6799999999999999
106100 92 83 77 77 83 93107121131137135126111 92 74 59 51 51 57 69 84 97251229Z31115137999999999999999999999 435 771834 5099999999999999
107112111107100 95 93 97105115126135139135124106 84 62 44 33 32 40 55 75251230Z3 12411212 213999999999999999 550 931937 3199999999999999
 95111121125123117111107108113122131139141136122101 75 48 27 15 14 25 45251231Z3 3 4125125314199999999999999 7211072034 1399999999999999
