 -5  1 23 54 89120142151146132113 96 87 90102121141154155142117 83 47 1725 1 1Z4 7 9151173615699999999999999 0 5 -51218 8799999999999999
 -2 -6  7 33 67102130147150140122102 87 82 89105126145155152136108 73 3825 1 2Z4 742150181915699999999999999 042 -61255 8299999999999999
 12 -2  1 19 48 82114138148145131111 92 80 79 89107128144151145127 98 6525 1 3Z4 81714919 315199999999999999 121 -31336 7899999999999999
 35 14  6 14 35 65 97125142147139122101 84 75 77 88106125139144136117 9125 1 4Z4 851147195214499999999999999 159  61421 7499999999999999
 62 38 23 21 33 55 83111132144143131112 93 77 70 73 8410111813013312611025 1 5Z4 925145204913399999999999999 238 201513 7099999999999999
 88 65 47 39 41 54 75 99122137142137123104 86 71 65 67 77 9210711812211825 1 6Z410 0142215912299999999999999 318 381615 6499999999999999
106 91 75 63 58 62 75 93112128138140132117 99 80 65 58 58 66 79 9310511225 1 7Z41038140233711399999999999999 4 2 581727 5799999999999999
113108 99 89 81 79 82 92106120132138137129114 95 75 59 49 47 52 64 79 9425 1 8Z41123138999999999999999999999 456 791846 4699999999999999
105112114111105 99 96 98104113123132137136128113 93 71 52 38 33 38 50 6725 1 9Z4 146114122113799999999999999 613 9620 2 3399999999999999
 86104117123124120114108106108115123132138137129113 91 66 43 26 20 24 3825 110Z4 335124132913899999999999999 8 010621 7 2099999999999999
 59 84107124134136130121113108108113123133141141132114 88 59 33 14  7 1325 111Z4 440136143514299999999999999 93010722 2  799999999999999
 31 58 87114134144143135122110103103111123136146146135113 83 51 22  4 -225 112Z4 52614515331479999999999999910291022250 -299999999999999
  8 31 62 95124143150145132116102 96 99110126142151149135109 75 41 12 -425 113Z4 6 41501623152999999999999991113 962333 -799999999999999
 -5 10 38 73107134149150140123105 92 89 96111131147154149131101 65 31  525 114Z4 63715117 8155999999999999991150 89999999999999999999999
 -7 -1 20 51 87119142151146130110 93 83 84 96115136150154145122 90 54 2325 115Z4 7 8151174915599999999999999 011 -71223 8299999999999999
  2 -2 10 36 70104131147148136117 96 81 76 83 99120139150150136110 77 4425 116Z4 735149182815299999999999999 046 -31256 7699999999999999
 19  6  9 28 57 90120140147140124102 84 73 73 84102123139146141123 97 6625 117Z4 8 014719 514699999999999999 118  51328 7299999999999999
 39 21 17 27 50 79109132144142130110 89 74 68 73 86105123135137129110 8525 118Z4 824145194313899999999999999 147 1614 3 6899999999999999
 59 39 30 33 49 73100124139142134118 97 79 68 66 74 88105119127126116 9825 119Z4 847143202312899999999999999 214 301441 6699999999999999
 78 59 47 45 54 72 94117133140137124106 87 72 65 66 74 8710111211711510525 120Z4 910140211011799999999999999 241 441524 6499999999999999
 91 77 65 60 63 74 91110127136137129115 97 81 69 63 65 72 83 9410310610525 121Z4 935138221510799999999999999 3 8 601617 6399999999999999
 99 91 82 76 75 81 92106120130134131121107 92 77 67 61 62 67 75 85 93 9825 122Z410 4134999999999999999999999 338 751726 6199999999999999
100 99 96 92 90 91 95104113122128129125116104 89 75 64 57 55 58 65 75 8525 123Z4 0 8100104412999999999999999 418 901850 5599999999999999
 94101105106105103103104109114120124125122115103 88 73 59 49 45 47 55 6625 124Z4 253106114912699999999999999 5471032010 4599999999999999
 81 95107115117116112109107108111117122125124117104 87 68 50 38 32 35 4525 125Z4 4 9117131512599999999999999 8111072111 3299999999999999
 62 82101117126128124116108103103107115124130129121105 83 59 38 23 18 2425 126Z4 447128142713099999999999999 9351032158 1899999999999999
 40 63 88112129137135126114102 96 97105118130137136124103 76 47 23  8  625 127Z4 5191371523138999999999999991022 962240  599999999999999
 17 40 69 99125140144137122105 93 88 93106124139146142126 98 65 33  8 -425 128Z4 5491441611147999999999999991059 882318 -599999999999999
 -1 17 47 81114138149146132112 93 81 80 91111132149154146123 90 53 20 -325 129Z4 6181491655154999999999999991133 792355-1199999999999999
-11  0 25 60 97129148153142122 98 79 70 75 93117140156158145117 80 42 1025 130Z4 64715317391599999999999999912 8 70999999999999999999999
 -8 -8  9 40 78115142154151133107 82 65 62 73 95122146159157139108 70 3425 131Z4 716155182316099999999999999 031-111244 6199999999999999
  7 -4  4 27 62 99131151154142119 91 67 54 56 72 97125147156151130 99 6325 2 1Z4 74415519 915699999999999999 1 6 -41322 5399999999999999
 32 13 10 24 51 85119143154149130103 75 55 47 53 72 98123142148140119 9125 2 2Z4 810154195614899999999999999 140 1014 3 4799999999999999
 61 39 28 32 50 77108133149150138115 88 63 47 43 52 71 9511713213512711025 2 3Z4 836151204913699999999999999 213 281448 4299999999999999
 87 66 52 49 58 77101124141148142126102 77 56 43 41 50 67 8810611812111625 2 4Z4 9 2148215212199999999999999 245 491539 4199999999999999
104 90 77 71 73 83 99118133142142132115 93 72 54 43 41 48 61 77 9210310825 2 5Z4 929143232610999999999999999 316 711643 4199999999999999
108103 97 92 91 95103114125134137134124109 91 72 56 44 40 43 51 64 77 9025 2 6Z410 1137999999999999999999999 347 9118 7 4099999999999999
100106109109108108110114119124128129127121109 94 76 59 45 36 35 40 50 6525 2 7Z410561299999999999999999999991945 34999999999999999999999
 82 97110118122122119117115115117120124125123114100 82 61 43 30 24 28 4025 2 8Z4 428122125712599999999999999 82911521 6 2499999999999999
 59 81102119129132129122114108105108114122128129122106 84 59 36 20 14 1925 2 9Z4 45713214371309999999999999910 010522 3 1499999999999999
 35 59 87112130139138129116104 95 94101113126136137129109 82 53 27 10  625 210Z4 5241401541138999999999999991039 942247  699999999999999
 16 38 68 99125141144137122104 89 83 86 98116133144144131107 75 43 17  325 211Z4 5491451630146999999999999991110 822324  299999999999999
  5 22 50 83115137147144129108 88 75 73 83101123142151146128 98 64 31  925 212Z4 6131481711151999999999999991139 722356  299999999999999
  2 11 35 68103131147148136114 90 71 63 68 85108132148153143119 86 51 2325 213Z4 63514917491539999999999999912 7 63999999999999999999999
  8  9 27 56 91122143150142122 96 72 58 57 69 91117139151149133105 72 4125 214Z4 656150182415299999999999999 025  61235 5699999999999999
 20 14 25 49 81113138150146129104 77 57 50 56 74 99123142148140120 91 6125 215Z4 716150185814899999999999999 051 1413 3 5099999999999999
 37 25 29 47 75106132147148135112 85 61 48 47 59 80105127140140128106 7925 216Z4 734150193314299999999999999 116 251332 4699999999999999
 55 40 38 49 72 99125143148140120 94 69 51 44 49 65 87109126133129115 9425 217Z4 75314820 913399999999999999 139 3714 3 4499999999999999
 73 57 51 56 72 95119137145141126104 79 58 46 45 54 70 9010812012311710425 218Z4 811146204912399999999999999 2 2 511437 4499999999999999
 88 73 65 66 76 93113130140140130112 90 69 53 46 48 58 73 8910311111210725 219Z4 831141213911299999999999999 225 641517 4699999999999999
 97 87 80 78 83 94108123133136130118100 82 65 54 49 52 60 72 84 9410010225 220Z4 85213623 210299999999999999 247 7816 8 4999999999999999
101 97 93 91 93 98106116124128127120109 94 79 66 56 52 52 57 65 74 83 9125 221Z4 917129999999999999999999999 3 7 911725 5199999999999999
 97101103104104105108112116119121119114106 95 82 70 59 51 47 49 54 63 7425 222Z4 9561219999999999999999999991914 47999999999999999999999
 87 98107113115115113111110110112114115114109100 88 73 58 45 37 36 41 5325 223Z4 415115121011599999999999999 8141102042 3699999999999999
 70 88105118125126121113106101101104111117121118109 93 73 52 34 23 22 3125 224Z4 43412614 812199999999999999 9381002138 2199999999999999
 48 72 97118131136131120106 95 89 91100113125132129117 95 68 41 20  9 1125 225Z4 4571361515132999999999999991013 892221  899999999999999
 26 51 82111133143142129111 92 79 77 85101121137145140122 93 60 29  7 -125 226Z4 52114416 7145999999999999991045 762259 -199999999999999
  7 30 63 98128146151140119 94 73 63 66 82106131150156146122 87 50 18 -125 227Z4 5461511654156999999999999991117 622336 -499999999999999
 -2 14 44 81117144156151131102 74 54 48 59 83113141159162147118 80 42 1325 228Z4 6111561739163999999999999991150 48999999999999999999999
  0  7 30 65104136156158142114 81 53 37 38 56 86120148163161142110 72 3825 3 1Z4 637159182416599999999999999 010  01225 3599999999999999
 17 12 26 55 91126151160151127 93 59 35 25 33 57 90123149160155133102 6825 3 2Z4 7 1160191016099999999999999 044 1113 2 2599999999999999
 42 29 33 52 82115142157156138108 73 42 23 20 34 60 92122143151143122 9525 3 3Z4 725159195815199999999999999 116 281340 1999999999999999
 70 53 49 59 80107133151155145121 90 58 32 20 21 37 62 9111613213612911225 3 4Z4 748156205013799999999999999 147 481422 1999999999999999
 93 77 69 72 84104125143150146130106 77 50 31 23 27 42 63 8610511812111625 3 5Z4 810150215212199999999999999 215 681510 2399999999999999
106 96 88 87 93105120134142142133117 95 72 51 37 31 34 45 60 77 9210210825 3 6Z4 832143233610899999999999999 238 871610 3199999999999999
108106103102104109117125131133130121108 92 75 59 47 40 39 44 54 66 79 9025 3 7Z4 853133999999999999999999999 2501021738 3999999999999999
100106111113114116117119120121121119114107 97 84 70 57 46 40 40 45 55 6925 3 8Z4 9121219999999999999999999991934 39999999999999999999999
 85 99111119123123119115111108108109112114112106 95 80 62 47 36 32 37 4925 3 9Z4 424123131011499999999999999 9421082058 3299999999999999
 67 87106121129130124115105 97 93 96103112120122117104 84 62 42 29 25 3225 310Z4 43613014511229999999999999910 5 932151 2599999999999999
 49 72 97118132136131118103 89 80 81 89103118130133125107 83 56 34 21 2125 311Z4 4541361548133999999999999991029 792230 2099999999999999
 34 57 85112132141138124105 85 71 66 73 89110129140140128104 75 47 26 1825 312Z4 5141411631142999999999999991054 6623 2 1899999999999999
 25 45 73104129143144132111 86 66 56 58 73 95120139148143124 96 64 37 2225 313Z4 53414617 8148999999999999991119 552331 2099999999999999
 22 37 63 95124143149140118 91 66 49 46 56 78106131148151139115 84 54 3225 314Z4 5531491743151999999999999991144 452357 2599999999999999
 25 34 56 86117140151146127 99 70 47 37 42 61 88117140151148130103 72 4725 315Z4 61115118161529999999999999912 9 37999999999999999999999
 34 36 53 80110136150150134108 77 50 33 32 45 70 99126145149140118 90 6425 316Z4 628152185015099999999999999 022 331235 3199999999999999
 47 43 54 76104130148151140117 86 56 35 27 34 53 81109132144142128106 8125 317Z4 645152192314599999999999999 045 4213 2 2799999999999999
 62 53 58 74 99124143150144124 96 66 41 28 28 41 63 90115132138131116 9525 318Z4 7 3150195813899999999999999 1 9 531330 2699999999999999
 77 65 65 76 95117136146144130106 78 52 34 28 34 50 73 9611612712812010525 319Z4 721147203612899999999999999 132 6414 0 2899999999999999
 90 78 75 80 93111128140141132114 90 65 45 34 33 42 58 78 9711111811711025 320Z4 740142212211899999999999999 155 751435 3299999999999999
100 90 86 87 95107120131135131118100 79 60 46 39 41 49 63 78 9210210710825 321Z4 8 0135223410899999999999999 218 851519 3999999999999999
105100 96 96 99106114122127126119107 92 76 62 51 46 46 52 61 72 83 9310025 322Z4 822127999999999999999999999 241 961626 4599999999999999
104106106106106108111114117118116111103 92 80 68 58 51 47 48 54 62 74 8625 323Z4 8511189999999999999999999991815 47999999999999999999999
 97107113116116114110108107107108109108106 99 90 77 64 51 43 40 43 52 6725 324Z4 327116112610999999999999999 82710620 0 4099999999999999
 84102116124126122114105 97 94 95100107113116112101 85 65 47 34 28 33 4625 325Z4 349127135411699999999999999 917 9421 4 2899999999999999
 67 91113129136133122107 91 81 78 84 97112125130126111 89 63 40 24 19 2825 326Z4 41313615 613099999999999999 948 782151 1999999999999999
 48 75104128143144133113 90 71 61 64 78 99121139145138118 90 59 32 17 1725 327Z4 43614516 0145999999999999991019 612231 1599999999999999
 32 59 91122144152145124 96 68 48 43 53 75105133152157146121 88 54 28 1725 328Z4 5 11521649157999999999999991052 4223 9 1799999999999999
 23 45 77112141156155137107 73 43 27 28 46 77112143162164148119 84 52 3125 329Z4 5261581736165999999999999991126 252345 2699999999999999
 26 39 66100133155161149122 85 48 21 11 20 45 82119149165163144114 81 5425 330Z4 55116218231669999999999999912 2 11999999999999999999999
 40 43 62 91123149162158136102 62 27  6  3 18 49 86123149161156136109 8125 331Z4 616163191116199999999999999 020 391240  299999999999999
 62 56 65 87114140158160147118 82 44 15  0  3 23 54 9012214315114412710425 4 1Z4 64016120 115199999999999999 053 561319 -199999999999999
 85 74 75 88108131149157151131101 66 34 12  4 11 31 60 9011613213713111825 4 2Z4 7 5157205513799999999999999 124 7314 2  499999999999999
103 92 88 93106123139149148137116 88 59 34 19 15 22 40 63 8710611912312025 4 3Z4 72915022 212399999999999999 153 881450 1499999999999999
112105100101107118129137140135123104 82 60 42 31 28 34 46 63 80 9610611225 4 4Z4 753140235011399999999999999 2211001550 2899999999999999
113112110109111115120124127126121112 99 84 68 55 45 40 42 49 60 73 87 9825 4 5Z4 816127999999999999999999999 2501091716 4099999999999999
107113116116116114113113113113112110107101 92 80 68 57 49 45 48 56 68 8225 4 6Z4 25111699999999999999999999919 4 45999999999999999999999
 97109118122121117111104100 97 98102106109108103 92 78 63 51 45 45 53 6725 4 7Z4 322122132210999999999999999 912 972026 4499999999999999
 85103117126128123113100 90 83 82 88 98108116119113100 83 64 49 42 44 5525 4 8Z4 344128144811999999999999999 936 822119 4199999999999999
 73 94114128134130118101 84 72 67 72 84100116127129120103 82 60 45 40 4625 4 9Z4 4 513415411299999999999999910 1 672158 4099999999999999
 63 85109128139138126106 84 66 55 56 67 87109127137136122101 76 55 43 4325 410Z4 4251401622138999999999999991026 542230 4199999999999999
 55 77103126141144134114 88 64 47 42 51 70 96120138145138120 95 69 51 4425 411Z4 4441441659145999999999999991051 422259 4499999999999999
 51 70 96121141148142123 95 67 44 33 36 53 79108132147148135113 87 64 5125 412Z4 5 31481734149999999999999991116 322326 5099999999999999
 52 66 89116138150148131104 73 45 28 25 37 61 91120142151146128104 79 6225 413Z4 52115118 8151999999999999991142 242352 5699999999999999
 57 65 84110133149151139114 83 51 28 18 24 44 72104130147150139119 95 7525 414Z4 54015218421509999999999999912 8 18999999999999999999999
 64 67 81104127145152144124 94 61 34 18 16 30 55 85114136146143129108 8825 415Z4 559152191614799999999999999 018 641235 1599999999999999
 74 71 80 98120139149147131105 74 44 23 15 21 40 67 9512013614013311810025 416Z4 620150195214199999999999999 044 7113 3 1599999999999999
 85 78 82 94113131144146136115 87 58 34 21 20 31 51 7710212113113212311025 417Z4 641147203113399999999999999 110 781335 1899999999999999
 96 87 86 93107123136141137122 99 73 49 32 24 28 41 61 8310311712412211525 418Z4 7 4141211912499999999999999 138 851411 2499999999999999
105 97 93 95103115126133133125109 88 66 48 35 32 37 49 66 8410011111611625 419Z4 730134222611799999999999999 2 8 931456 3299999999999999
112106101100103109116123126123114100 84 66 52 43 39 43 52 65 80 9410511225 420Z4 8 2126999999999999999999999 2511001559 3999999999999999
114114111108106106108112115116114108 99 86 73 61 51 45 45 51 61 75 8910225 421Z4 014114 85511699999999999999 4301061729 4599999999999999
113119120118113107103100101103106109109104 96 84 70 57 48 44 47 57 71 8925 422Z4 152120112510999999999999999 71910019 4 4499999999999999
106119127128123113101 91 86 86 91100109115116109 96 79 62 48 41 43 54 7325 423Z4 238129133411799999999999999 828 852016 4199999999999999
 95115131137134122105 87 72 66 70 82 98115127131124108 86 64 47 39 43 5825 424Z4 311138145013199999999999999 9 8 662111 3999999999999999
 81106129143145135114 89 65 50 46 56 76101125141145136117 91 65 47 41 4925 425Z4 340146154914599999999999999 945 462157 4199999999999999
 68 95123144153147128 98 67 40 26 28 46 75107135153157145122 93 67 51 4825 426Z4 4 81531642157999999999999991022 252239 4899999999999999
 61 84113139156157143114 78 42 17  8 17 42 77114144161162148123 94 71 5925 427Z4 43615917331649999999999999911 1  82319 5899999999999999
 61 78104131153162155131 96 56 21 -1 -4 12 43 81119149164162146121 95 7625 428Z4 5 41621824165999999999999991140 -52357 7099999999999999
 70 77 97122146161162146116 77 38  6 -9 -7 14 47 86122148160156140117 9725 429Z4 5331641914160999999999999991221-11999999999999999999999
 84 83 94114136154162155133100 62 26  1 -9 -1 21 54 9012114315114613211425 430Z4 6 316220 615199999999999999 034 8213 4 -999999999999999
 99 92 96108126143154155143119 87 53 24  5  0 10 32 61 9211713414013512425 5 1Z4 63415621 114099999999999999 110 921350  099999999999999
111102100105117130142148144130107 80 52 29 16 14 23 42 67 9111212512912625 5 2Z4 7 714822 312999999999999999 1481001440 1399999999999999
118111106106110119128135136131118 99 78 57 40 30 29 36 51 70 9010611712225 5 3Z4 743136231912299999999999999 2321051538 2899999999999999
121117112108108110114119122123118110 97 82 66 53 44 42 47 58 73 8910311325 5 4Z4 833123999999999999999999999 3441071648 4299999999999999
119120118113109105103104106109110110107 99 89 77 65 56 52 54 63 75 9010425 5 5Z4 045120102411199999999999999 61310318 9 5299999999999999
115121123120113105 97 92 90 92 97102107109106 98 87 75 64 58 59 66 79 9425 5 6Z4 148123125410999999999999999 759 901924 5899999999999999
109121127127120109 96 85 78 76 80 89100110115115107 95 80 68 62 63 71 8525 5 7Z4 228128142311699999999999999 847 762023 6199999999999999
102118129133129117100 83 69 62 63 73 87104117124123114 99 83 70 64 67 7825 5 8Z4 257133152212599999999999999 921 622110 6499999999999999
 95114129138137126107 86 66 52 49 56 71 92112127134130117100 82 70 67 7425 5 9Z4 32313916 813499999999999999 951 492149 6799999999999999
 89108127140143135117 92 67 47 37 40 54 76101123138141133117 98 81 71 7225 510Z4 3471431648141999999999999991019 372224 7099999999999999
 84102123139147143127102 73 47 31 27 37 58 85113135146145133114 94 79 7425 511Z4 4101471725147999999999999991047 272256 7499999999999999
 81 96117136148148136113 83 53 30 19 23 40 67 97124143150144128108 90 7925 512Z4 43315018 1150999999999999991115 192327 7899999999999999
 80 91110130146151144124 95 63 35 17 14 25 48 78109134148149139121101 8725 513Z4 4571511836150999999999999991144 132357 8299999999999999
 82 88103123141151149134108 77 46 22 11 15 32 59 90118139147144131113 9625 514Z4 5221521912148999999999999991214 11999999999999999999999
 86 87 98115133146150141121 92 60 33 16 12 21 43 7110012413914313612210625 515Z4 548150194914399999999999999 027 851247 1199999999999999
 93 89 94107124139147144130106 77 49 27 15 17 31 53 8110612613613612811525 516Z4 617147203013899999999999999 058 891322 1499999999999999
101 93 93101114129140143135118 94 67 43 26 20 25 40 63 8710912513213012225 517Z4 648143211713299999999999999 132 9214 2 2099999999999999
110101 96 98106118129136135125108 86 62 43 30 27 34 49 70 9111012312812625 518Z4 725136221212899999999999999 214 961448 2799999999999999
119110102 99100107116124128126117102 83 64 48 37 35 42 56 74 9311012212725 519Z4 813129231712799999999999999 311 991545 3599999999999999
126120111104 99 98102109115120119113102 87 71 56 47 44 49 60 77 9511112325 520Z4 926120999999999999999999999 436 981653 4499999999999999
129128122112102 94 90 92 97105112116114108 96 81 67 56 51 54 65 80 9911625 521Z4 022129111811699999999999999 614 9018 8 5199999999999999
128134132124110 95 83 76 76 83 94106116121118109 94 79 65 58 60 70 8610525 522Z4 11613413 912199999999999999 729 751921 5899999999999999
123136141136122103 82 65 56 57 68 85104121131131122107 89 74 65 66 77 9425 523Z4 159141143313299999999999999 823 562025 6499999999999999
115133145147136116 90 64 44 35 40 56 80106128142144135118 98 81 72 74 8625 524Z4 237147154114599999999999999 910 352121 7299999999999999
105127145153150133105 73 43 23 16 25 48 78110136152154144125104 87 79 8325 525Z4 313154164015599999999999999 955 162212 7999999999999999
 97118139155159149125 92 55 24  5  2 16 44 80115143158160148129108 92 8725 526Z4 3491591735161999999999999991039  12258 8799999999999999
 93109130150161160144115 77 39  9 -7 -5 14 46 83119147161160147128108 9625 527Z4 4251631827162999999999999991124 -82342 9399999999999999
 93102119140157164157136103 65 28  1-11 -5 17 51 8812314715815614212410725 528Z4 5 31641917159999999999999991210-11999999999999999999999
 98 99110127146159161150126 93 56 22  0 -7  2 26 59 9412414515214813411825 529Z4 54216220 615299999999999999 024 971256 -799999999999999
105100104115132147156154141116 84 51 23  6  3 14 38 68 9912514014513912625 530Z4 622157205314599999999999999 1 61001342  299999999999999
113103101106117131143149145130107 79 51 29 17 17 29 51 7810412413513713025 531Z4 7 6149213913899999999999999 1491001429 1599999999999999
119108101100106116127136138134120101 77 55 38 30 32 45 64 8710812413213125 6 1Z4 754139222613299999999999999 2391001517 3099999999999999
124114105 99 98102110118125127123113 97 79 62 50 45 48 59 77 9611212412925 6 2Z4 852127231413099999999999999 341 9816 7 4599999999999999
128121111102 96 94 96101108114117115109 98 84 72 62 59 62 72 8710311712625 6 3Z41011117999999999999999999999 5 1 9417 0 5999999999999999
130127119109 99 90 86 86 90 97104110111109102 92 82 74 71 74 83 9611012225 6 4Z4 0 2130115711199999999999999 628 8518 0 7199999999999999
129131127118105 92 82 75 75 79 88 98107113114109101 91 83 80 83 9110311625 6 5Z4 049132133911499999999999999 738 7419 5 8099999999999999
127134134127115 99 83 70 63 63 70 82 96110119122118109 99 90 87 89 9711025 6 6Z4 132135145512299999999999999 828 6220 7 8799999999999999
123133138136125108 89 70 56 50 53 64 81100117128131126116104 94 91 9410325 6 7Z4 211139155213199999999999999 9 9 5021 3 9199999999999999
117130140142135120 98 75 54 42 39 47 63 85108126137138131119105 96 93 9825 6 8Z4 246142163813999999999999999 945 382150 9399999999999999
110125138145143131110 84 59 39 29 31 45 67 93118136145143132118103 95 9525 6 9Z4 3191461718145999999999999991019 282231 9499999999999999
103117133145149142124 98 69 43 26 20 28 48 75104128144149143130113100 9425 610Z4 3521491755149999999999999991053 2023 7 9499999999999999
 98110126142151150137113 83 53 29 16 16 30 55 85114137149149140123107 9625 611Z4 4241521832151999999999999991128 142342 9499999999999999
 94102117134148153147128100 69 39 19 11 17 37 65 9612314215014613311610125 612Z4 45815319 81509999999999999912 3 11999999999999999999999
 94 96108124141152153141118 87 56 29 13 11 23 46 7610613014514814012510825 613Z4 532154194414899999999999999 016 931239 1099999999999999
 96 93 99113131146153148132106 76 46 23 13 16 32 57 8711513514514413311725 614Z4 6 9153202214699999999999999 051 931317 1299999999999999
103 94 94103118134146149142123 96 67 40 23 17 24 43 69 9712213814413912725 615Z4 64915021 114499999999999999 130 921357 1799999999999999
111 98 92 94104119134143144134114 89 63 40 27 25 35 55 8110712814014213525 616Z4 734145214214299999999999999 215 921439 2599999999999999
121106 95 90 93103116129137136127109 87 64 46 36 37 49 69 9211513214114025 617Z4 827138222414199999999999999 3 8 901525 3699999999999999
131117102 91 86 88 97109121129129122108 89 71 56 49 52 63 8110212213614225 618Z4 93513023 914299999999999999 412 861616 4999999999999999
139128113 97 85 78 79 86 98111121124121111 97 83 71 65 67 77 9311112813925 619Z411 3124235614399999999999999 524 771715 6499999999999999
143138126109 91 75 66 65 72 85101114123125120109 97 86 80 81 8910311913325 620Z41247125999999999999999999999 636 651823 7999999999999999
143145138124103 82 63 51 49 57 72 91110124131131123112100 93 92 9811012525 621Z4 045145142413299999999999999 742 491938 9299999999999999
139147148139121 97 71 49 35 33 42 61 8510912914014213612411210210010511625 622Z4 135149154314299999999999999 841 32205110099999999999999
131144153152140118 89 59 34 19 18 30 53 8211113514915214513211810710410925 623Z4 225153164715299999999999999 936 17215510499999999999999
121136150158155139113 81 48 21  7  7 23 50 8311514115515814913411910810525 624Z4 3151581741158999999999999991028  5224910599999999999999
111125141156162156137108 72 38 11 -1  2 21 52 8712114615915914813111510525 625Z4 4 31621829161999999999999991117 -2233610399999999999999
104113128146160164155133101 64 30  6 -4  4 26 59 9512715015915614212410925 626Z4 45116419121609999999999999912 4 -4999999999999999999999
100102114132150162163152127 94 57 26  5  0 12 37 7010513415115614813211525 627Z4 537164195115699999999999999 0181001248  099999999999999
101 96102115134151160159144119 86 52 25 10 10 25 52 8411513915115013912225 628Z4 623161202615299999999999999 059 961330  899999999999999
105 94 93101116134148155151135109 79 51 29 21 26 43 70 9912514214814212825 629Z4 7 8155205814899999999999999 139 9214 8 2099999999999999
111 97 90 91101115131143146140124101 75 52 38 35 44 64 8911413314414313425 630Z4 753146212914599999999999999 221 891444 3599999999999999
119103 91 86 89 99112125134136129114 95 75 59 51 53 64 8310512513814313825 7 1Z4 842136215914399999999999999 3 7 861519 5099999999999999
126111 97 87 83 86 95107118124125120108 94 79 69 66 71 8310011813214014025 7 2Z4 939126223114199999999999999 4 1 831555 6699999999999999
133121106 92 83 80 82 89 99109115117115107 98 88 82 81 87 9811212613614025 7 3Z4105611823 814099999999999999 5 5 801637 8199999999999999
137129116102 88 78 74 75 81 91100109114115111106 99 95 9510010911913013725 7 4Z41242115235413999999999999999 616 741732 9499999999999999
139135126113 98 83 72 66 67 73 83 9510611512012011611010610510711412313125 7 5Z41429120999999999999999999999 726 66185110599999999999999
137139135125110 92 76 63 56 57 64 77 9310812112812912511911310911011612425 7 6Z4 049139154312999999999999999 825 56201710999999999999999
132139141135123105 85 66 52 45 47 58 75 9511412913713813212311410911011625 7 7Z4 146141163313899999999999999 915 45212510999999999999999
125135143143136120 99 75 54 39 34 40 55 7710112313914514313412211210610825 7 8Z4 237144171314699999999999999 959 34221510699999999999999
116129141148147136116 90 63 41 27 26 36 56 8311013314715114413111710610225 7 9Z4 3231491749151999999999999991039 25225510299999999999999
107119135148154149133108 79 50 28 17 20 37 62 93121143153152141124109 9925 710Z4 4 61541822154999999999999991117 172331 9899999999999999
 99109125142155158149128 99 66 37 17 12 20 42 7310513315115614913411510025 711Z4 4461581855156999999999999991154 11999999999999999999999
 94 98112131149160160146120 87 54 27 11 11 26 53 8611814315615514312410525 712Z4 527162192715799999999999999 0 6 941230  999999999999999
 92 89 99116137155163158139110 76 44 21 11 18 38 6810213115115715113411325 713Z4 6 8163195815799999999999999 042 8913 6 1199999999999999
 94 85 87100120141156161152131101 68 39 22 19 31 55 8611814215615514312325 714Z4 652161202915799999999999999 120 841342 1899999999999999
102 86 80 85101121141154155144122 93 64 41 30 33 49 7510413115015615013425 715Z4 73815621 015699999999999999 2 1 801419 2999999999999999
112 92 78 75 83 99119137147147136115 90 67 50 45 52 70 9412014215315414325 716Z4 830149213115599999999999999 247 751456 4599999999999999
124103 84 72 70 78 94113129138138129112 93 76 65 64 73 9011213214715314925 717Z4 93013922 515399999999999999 340 701537 6399999999999999
135116 95 77 66 65 72 86103118128130125114101 90 84 85 9310712413914915125 718Z41049130224315199999999999999 442 641623 8399999999999999
144130111 90 72 61 57 62 75 9010611812512612111410610210310911913114114825 719Z41237126233414999999999999999 553 57172510299999999999999
148141128109 88 68 54 48 51 61 77 9511112413013112812211711511712413214125 720Z41439131999999999999999999999 711 48185911599999999999999
147148142129109 86 64 47 37 38 48 66 8710912713814214013312612011912313025 721Z4 04114816 514299999999999999 826 36204611999999999999999
139147151146132111 85 59 38 26 26 37 58 8411113314715214813812711811511825 722Z4 15715117 015299999999999999 931 2422 011599999999999999
128140151156151136112 82 52 28 16 17 31 56 8711814215515815013612211110825 723Z4 3 41561742158999999999999991026 14225010899999999999999
114127143156162156138110 76 44 20  8 13 32 62 9612815016115814612811110125 724Z4 4 21621818161999999999999991113  8233110099999999999999
101111129148162167158137105 69 36 14  7 16 41 74109139157162154136116 9925 725Z4 4521671850162999999999999991155  7999999999999999999999
 92 97112132153166168156130 96 60 30 13 12 28 56 9112414916115814412210225 726Z4 538169191916199999999999999 0 7 921233 1199999999999999
 88 86 95114137156167164148120 86 53 29 19 25 46 7711013815615915013010825 727Z4 620167194516099999999999999 042 8513 7 1999999999999999
 89 80 83 97117139156162156137108 77 50 34 32 45 6910012914915815413811625 728Z4 7 016220 915899999999999999 116 801337 3199999999999999
 94 80 76 83 99120139152154144124 98 72 53 45 51 68 9312014315515514412425 729Z4 740155203115799999999999999 151 7514 5 4599999999999999
102 84 74 74 85101120136145143132113 91 73 62 61 72 9111513615115514813225 730Z4 821145205215599999999999999 228 731432 6099999999999999
112 92 78 72 75 86102118130135132121106 91 80 75 80 9311113014515215013925 731Z4 9 8135211615299999999999999 3 9 721458 7599999999999999
122103 86 75 72 76 86 99112121125123116106 97 91 91 9811012513814614814225 8 1Z410 7125214314899999999999999 357 721528 9099999999999999
130114 98 84 74 71 75 83 9310411211711811511110710410611212113113914314225 8 2Z41143118221814399999999999999 458 7116 610499999999999999
136125111 96 83 73 69 70 76 85 9510511311812012011811711712012513113613825 8 3Z41416120231713999999999999999 617 69172111799999999999999
138132123110 96 82 71 64 63 67 76 8810111412412913012812512212112312713225 8 4Z41549130999999999999999999999 742 62194712199999999999999
136137134125112 95 78 64 55 52 57 68 8510312013213913913412712111711812325 8 5Z4 049137163114099999999999999 851 52212011799999999999999
130137141138129113 92 71 54 43 41 48 64 8611013014314814413512411411011325 8 6Z4 21014117 314899999999999999 943 4022 811099999999999999
121133143148145132111 86 61 40 30 31 44 66 9412114215315314413011510510325 8 7Z4 3 81481732154999999999999991025 29224410299999999999999
109123139152157150133106 75 47 27 19 26 46 75106134153160154139119103 9425 8 8Z4 35715718 01609999999999999911 2 192317 9499999999999999
 97110129149162164153129 97 63 34 17 15 28 55 89123149163162149127105 8925 8 9Z4 4401651827164999999999999991138 132350 8599999999999999
 85 94113137158170168151122 86 51 25 13 18 39 72108140161167158138112 8925 810Z4 5231711854167999999999999991212 12999999999999999999999
 77 78 93117144165173167146113 76 44 23 18 31 58 93127154168165148122 9525 811Z4 6 6174192016999999999999999 024 761246 1799999999999999
 75 67 75 95122148167172161137104 70 43 29 32 51 8111514516416915713410625 812Z4 650172194616999999999999999 1 0 671319 2899999999999999
 80 63 61 73 96124148163165152127 97 69 50 44 54 7610513515716716314511925 813Z4 736166201216899999999999999 139 601352 4499999999999999
 91 68 56 58 73 96122143155154141120 96 75 64 65 7910112614916216415313225 814Z4 826156203716599999999999999 221 551424 6399999999999999
105 80 61 53 57 72 93116134143142132116100 88 83 8910212114015516115614225 815Z4 92514421 416199999999999999 3 9 531457 8399999999999999
121 97 75 60 53 57 70 8710612112913112611810910410411012113414615415414725 816Z41044131213615599999999999999 4 7 53153110399999999999999
134115 95 76 62 55 56 64 77 9310711712412612412212012112413013714414714725 817Z413 0126222414899999999999999 522 54162012099999999999999
142131116 98 80 65 55 52 55 65 79 9511012213013413513313113013013313714025 818Z41536135999999999999999999999 657 5219 713099999999999999
142141134122105 86 67 52 44 45 53 69 8910912713914514414013312612312412825 819Z4 010142162514599999999999999 827 43212012399999999999999
136142146142131112 89 65 46 35 34 45 64 8911513614915314913812611611111425 820Z4 2 2146165615399999999999999 933 33221011199999999999999
123136148154151138116 88 60 37 26 28 43 68 98126147158157146130113102 9925 821Z4 3151541724159999999999999991022 252245 9999999999999999
107122140156163158141114 81 51 29 21 28 49 79112140158163154136115 97 8825 822Z4 4 916317501639999999999999911 3 212317 8899999999999999
 91105126148164169161138107 72 42 24 22 37 64 97130154165161145121 98 8225 823Z4 4531691814165999999999999991137 212348 7899999999999999
 78 87107132156170171157130 96 62 37 26 32 54 85119147163165152129103 8125 824Z4 53417218361669999999999999912 8 26999999999999999999999
 70 73 89114140161171166147118 84 55 38 36 51 77109139160167158138111 8525 825Z4 611171185716799999999999999 017 701236 3599999999999999
 68 64 74 95121146162167156134105 76 55 47 54 74103132155166162145120 9325 826Z4 647167191616699999999999999 047 6413 2 4799999999999999
 71 60 63 78102127148159158144121 95 73 61 62 76 9912614916316315112910225 827Z4 724160193416599999999999999 117 601326 6099999999999999
 78 62 58 67 85108130146151146131111 91 77 73 81 9812114215816215513711325 828Z4 8 1151195216299999999999999 148 581349 7399999999999999
 88 69 60 61 72 90111128139141134121106 93 87 8910011713615115815514212225 829Z4 842142201215899999999999999 222 591412 8699999999999999
100 80 67 62 66 77 9311012313013012511610610010010511713014315115114413025 830Z4 934131203415299999999999999 3 2 621436 9999999999999999
112 94 78 69 66 70 80 9210411412012212011611311111311912713514214514213425 831Z41057122205914599999999999999 353 66145911199999999999999
122107 93 81 73 70 71 77 86 9510411211712112212212212312613013313613613425 9 1Z42138137999999999999999999999 5 9 69999999999999999999999
128120109 97 85 76 69 67 70 76 85 9710911912713113213112912712612612813025 9 2Z41552132235713199999999999999 657 6720 412699999999999999
131129124115102 88 74 64 58 58 65 78 9411212713714214013412712011711712225 9 3Z41614142999999999999999999999 825 57212211799999999999999
128134136132122106 87 68 53 45 47 58 76 9912113914915014313111810910611025 9 4Z4 154136163615099999999999999 920 45215510699999999999999
120133143147142128106 81 57 40 33 39 56 82110135152158153138120104 95 9525 9 5Z4 25914717 01589999999999999910 2 332225 9499999999999999
106123142155159150130102 71 44 28 26 39 64 95127151164162148126103 86 8025 9 6Z4 3481591723165999999999999991038 252255 8099999999999999
 88107131154168168154128 94 60 34 22 27 47 79115146166170159136108 83 6825 9 7Z4 4331701747170999999999999991113 212327 6799999999999999
 69 85111140164177173153122 85 52 30 25 38 65101136162174169148117 86 6325 9 8Z4 5171771811174999999999999991146 24999999999999999999999
 54 62 85117148172180172148114 78 49 34 38 58 89125155173175159130 96 6525 9 9Z4 6 1180183517699999999999999 0 1 541219 3399999999999999
 47 45 60 88122153173177165140107 76 54 48 59 83115146168176167144111 7625 910Z4 646178185917699999999999999 037 431252 4899999999999999
 50 37 41 61 91124152168168155131103 79 67 69 84109136160173171154126 9325 911Z4 733170192317499999999999999 115 361323 6699999999999999
 62 41 35 43 64 93122145157156143124104 89 85 9210813015116516916013911125 912Z4 825158194716999999999999999 156 351353 8599999999999999
 81 56 41 39 48 68 9211513314214213312110910310411312714315616215914612625 913Z4 925143201116299999999999999 243 38142110299999999999999
102 78 59 48 46 54 68 8710511912713012712311911812112813714615215214713625 914Z41056130203815399999999999999 341 46144611899999999999999
120102 83 68 57 53 56 65 78 9210611612412812912913013113313613914114013725 915Z42120141999999999999999999999 5 4 53999999999999999999999
131121108 94 79 66 58 55 59 68 81 9611112413313813913713313012712712813125 916Z41544139999999999999999999999 654 55204412799999999999999
133133129119105 88 71 57 50 51 60 75 9411413114214614413612711811311311825 917Z4 03013416 514699999999999999 825 50213011299999999999999
127135141140130113 92 70 53 43 45 56 77101124142152151142128113101 9710125 918Z4 221141162715399999999999999 923 4322 0 9799999999999999
113129143151150138116 90 65 46 38 43 61 86114139154158150133113 95 84 8525 919Z4 32315216481589999999999999910 6 382228 8399999999999999
 96115136153161157139113 83 57 40 38 50 74103132153162158141117 94 76 7125 920Z4 4 916117 9162999999999999991040 372256 7199999999999999
 78 97122146163167157135105 74 51 40 45 65 93124150164164149125 97 74 6125 921Z4 4491671729166999999999999991110 402323 6099999999999999
 63 78104132156169168152125 94 66 49 47 61 86116144163168157134105 76 5725 922Z4 5261701748168999999999999991138 462350 5299999999999999
 52 62 84114142162170163142114 85 63 55 62 82110138160169163143114 83 5925 923Z4 6 117018 61699999999999999912 3 55999999999999999999999
 47 50 67 94124149164166153130103 80 66 67 81105132155167166150124 93 6525 924Z4 635167182416899999999999999 017 461228 6599999999999999
 47 43 54 76105132153161157141119 96 80 75 83102126148163166155133103 7525 925Z4 710161184216799999999999999 044 431251 7599999999999999
 53 43 47 63 87113136150154146129110 94 86 89101121141157163157140114 8725 926Z4 74615419 116399999999999999 113 421315 8699999999999999
 63 48 45 54 72 95117135144143134120106 97 9610311713414915715514412410025 927Z4 825144192015899999999999999 144 451339 9699999999999999
 77 59 51 53 63 80 9911712913413212511610810510811612914114915014413011125 928Z4 913134194115199999999999999 220 5014 210599999999999999
 91 74 62 57 61 70 83 9811112012412412111711511511912513313914214013212025 929Z4102912520 314299999999999999 3 5 57142611499999999999999
105 90 77 68 65 66 72 81 9210211111812112312312312412512713013213213012425 930Z42031133999999999999999999999 414 64999999999999999999999
116106 95 84 75 69 66 68 74 83 941061171251311321311281251231221221231242510 1Z415 6132231512499999999999999 6 3 66201812199999999999999
123120113104 91 79 68 61 60 65 76 911071231351411411351271181111091111172510 2Z41528141999999999999999999999 742 60205910999999999999999
124129130124113 96 78 62 52 50 57 73 94116135147150144132116103 95 961042510 3Z4 138130155015099999999999999 843 502128 9499999999999999
117131141143136120 97 74 54 43 43 56 78105131150159155141120 99 83 78 842510 4Z4 246144161215999999999999999 928 412157 7899999999999999
101122142155157146123 95 67 46 37 43 62 91122148164165152128100 76 62 622510 5Z4 33815816351669999999999999910 6 372228 6099999999999999
 77102131155169167151123 91 61 42 39 52 78110142164172164140108 76 52 432510 6Z4 4251701659172999999999999991043 3823 1 4399999999999999
 51 75107141166178172151120 86 59 46 49 69 99132160175173154122 84 51 312510 7Z4 5111781723177999999999999991118 452336 2899999999999999
 29 46 76114148173181171147116 85 63 57 67 91122152173178166138100 62 322510 8Z4 5571811748178999999999999991153 57999999999999999999999
 18 23 46 81119152172176165141112 87 73 74 89114143166177173152119 80 452510 9Z4 645177181417899999999999999 013 181226 7299999999999999
 21 14 25 51 85121149165167154133110 93 87 94111134156171173161136102 66251010Z4 734168184017499999999999999 053 141259 8799999999999999
 37 20 18 32 57 88118142153153143127112103103112128146161167162146121 91251011Z4 82915519 616799999999999999 136 17133010299999999999999
 61 39 27 28 41 63 88112130139140134125117114117125137149156157149133111251012Z4 934141193415799999999999999 225 2614 111499999999999999
 87 65 48 40 40 50 66 85103118127130129126123123126131137142145143136124251013Z4111213020 514599999999999999 326 39143912399999999999999
109 92 76 62 53 51 56 66 79 94108119126130131130129128127128129130130127251014Z41352131211513099999999999999 450 51173712799999999999999
122114102 89 75 64 58 58 63 74 89104118129135136134128122117114114116121251015Z41448137999999999999999999999 634 57202911399999999999999
125126123114101 85 71 60 57 61 72 89107124137142140133121109100 97 99107251016Z4 049126151514299999999999999 757 5721 6 9799999999999999
118128134133124108 89 72 59 55 61 76 96118136146148140125108 92 82 82 90251017Z4 222135153814899999999999999 853 552136 8199999999999999
104122137144142130111 88 69 57 56 67 86110132148154148132111 89 73 66 72251018Z4 31914516 015499999999999999 935 5522 4 6699999999999999
 87108130147153148131108 84 66 58 62 78102127147158156141118 91 69 56 56251019Z4 4 315316201599999999999999910 8 572231 5499999999999999
 68 91117141156159148128102 79 64 62 74 95121144159162150127 98 70 50 43251020Z4 4421601640162999999999999991039 622257 4399999999999999
 51 72100129152163160144121 95 76 67 73 90114139158165157137107 76 50 37251021Z4 51816316591659999999999999911 7 672323 3599999999999999
 38 54 81112140159164156137112 90 76 75 87109133154165162145117 85 55 35251022Z4 5531641718166999999999999991134 742350 3099999999999999
 30 40 63 93124149162161148127104 87 81 87104127148162164152128 96 65 40251023Z4 62716317381659999999999999912 0 81999999999999999999999
 28 31 48 75105133152159153138117 99 89 89101120141157163156137109 77 50251024Z4 7 2159175916399999999999999 018 271226 8799999999999999
 32 28 38 59 86114137150152143127110 98 94100114133149158157143120 91 64251025Z4 738152182115999999999999999 047 281252 9499999999999999
 42 32 35 48 70 96119136144142132119107100102111125140151153145128105 79251026Z4 817144184515399999999999999 118 32132010099999999999999
 57 42 38 44 59 79100119131135133125115108106110119131141146143133115 94251027Z4 9 5135191114699999999999999 154 38135010699999999999999
 73 57 47 46 53 66 83100115124128127122117113113117123131136137132122107251028Z41011128194113799999999999999 238 45143111399999999999999
 90 74 62 55 54 59 70 83 97110119124126124121119117118121124127126123116251029Z41154126202912799999999999999 339 5316 811799999999999999
105 93 81 70 62 59 61 69 80 93107118126130130127122117113112113115118119251030Z41329131225211999999999999999 5 5 5919 111299999999999999
117111102 90 78 67 60 60 65 77 92108123134138137130119109101 97 99105113251031Z41415139999999999999999999999 637 5920 9 9799999999999999
120124122114100 84 69 59 57 63 76 95115133144147140126109 93 82 79 85 982511 1Z4 110124144614799999999999999 749 572048 7999999999999999
114128136136126109 89 70 58 55 64 82105128146155152137115 91 71 60 61 742511 2Z4 227137151415599999999999999 843 552123 5999999999999999
 96119139150149137115 91 70 58 58 71 93120144159162150127 96 67 46 38 462511 3Z4 326152154116399999999999999 929 562159 3899999999999999
 68 97128152163160144119 92 71 61 66 83109137159169163142110 73 42 23 212511 4Z4 41816416 9169999999999999991012 612236 1999999999999999
 37 66102137161172166147120 93 75 70 79100128153170172157128 89 50 20  62511 5Z4 5 81721637173999999999999991052 692315  599999999999999
 11 33 68108143166174166145119 95 82 81 95118144166175169146111 69 32  62511 6Z4 55817417 7175999999999999991130 802356 -399999999999999
 -3  8 35 73112145166170160140117 99 91 95111134156171173160132 94 55 212511 7Z4 64817117381749999999999999912 8 90999999999999999999999
  1 -2 13 41 78114143159162152134116103100108124144161169165147118 82 472511 8Z4 740162181117099999999999999 039 -3124510099999999999999
 20  5  6 22 49 82113137150151142128115108109118132147158161153134107 762511 9Z4 835152184616199999999999999 125  4132410799999999999999
 47 26 16 19 34 58 85110129139140134124116113115122133143149149140123101251110Z4 936141192515099999999999999 216 1614 811399999999999999
 77 54 38 31 34 46 65 86106122131132129123118115116120127133136135128116251111Z41048133201613699999999999999 314 31151511599999999999999
100 82 66 53 46 47 56 70 87104118126130128124119114112112115118121122120251112Z412 9130215412299999999999999 422 46172411299999999999999
114104 91 78 66 59 58 63 75 89105118127131130125117109103 99100103109114251113Z41316131999999999999999999999 540 581925 9999999999999999
117117111102 89 77 68 66 69 79 94109123132136133124112 99 89 84 84 91101251114Z4 02311814 013699999999999999 656 662023 8399999999999999
111120123120111 98 84 74 71 75 86101118132140140132118101 84 72 68 72 83251115Z4 2 2123143314199999999999999 759 7121 1 6899999999999999
 99115127132128118103 88 77 75 81 94111129142146141127107 85 66 56 55 64251116Z4 3 613215 014699999999999999 849 752134 5499999999999999
 82103123136140135121104 89 79 79 89105124141150149137116 91 66 49 42 47251117Z4 355141152615199999999999999 930 7822 4 4299999999999999
 63 87112133146147138121102 88 82 86 99118137151155146127100 71 47 33 33251118Z4 43614815501559999999999999910 7 822232 3199999999999999
 45 69 97124144153150136117 99 87 85 94111131148157153137111 80 51 31 23251119Z4 5141531614157999999999999991040 8523 1 2399999999999999
 30 50 78109135152156148131112 96 88 91105124143156158146123 93 61 34 20251120Z4 5501561639158999999999999991111 882330 1899999999999999
 20 34 59 90120143155154142124105 93 91100116135152158153135106 74 44 23251121Z4 62415617 5158999999999999991142 90999999999999999999999
 15 22 42 71102129147154148133115100 93 96109127144155156143120 89 58 32251122Z4 659154173215799999999999999 0 1 151211 9399999999999999
 18 17 30 54 83112134147148139124108 97 96103118135148154148131104 74 47251123Z4 73614918 015499999999999999 033 161242 9599999999999999
 27 19 24 40 65 93118135143141130116104 98100110124138148148137117 91 64251124Z4 814143183114999999999999999 1 7 191315 9899999999999999
 41 27 24 33 51 75100121134138133123112103100104114127137142138126106 82251125Z4 85713819 514299999999999999 144 24135410099999999999999
 59 41 32 32 43 61 83104121131133129120111104103107115125132134129116 98251126Z4 946134194813499999999999999 226 31144510399999999999999
 78 60 46 39 42 52 69 88107122130132127120111105102105110117123124120111251127Z41044132204912499999999999999 315 3916 210299999999999999
 97 81 65 54 48 50 60 75 92109123131133129121111102 97 96100106112116116251128Z41146133223111799999999999999 415 481741 9699999999999999
111102 89 75 64 58 58 66 80 96113127135137131121107 94 85 82 85 92102112251129Z41242137999999999999999999999 526 5719 2 8299999999999999
117117112101 87 75 67 65 72 85102119134142141133117 98 80 67 63 67 79 95251130Z4 032118132814399999999999999 641 6520 0 6399999999999999
111123128125114100 85 75 72 78 91109128143149145131109 83 61 46 42 50 682512 1Z4 2 612814 814999999999999999 750 722048 4299999999999999
 92115132141139127111 94 82 78 85100119139152155146125 95 64 38 24 23 372512 2Z4 318141144615699999999999999 851 782132 2199999999999999
 61 92121142152150137118100 87 85 93110131150160159143115 80 45 18  5  82512 3Z4 418153152316199999999999999 944 842217  499999999999999
 28 59 95127151161157142122103 92 91102120142159166159137103 63 27  1 -82512 4Z4 51316116 1166999999999999991033 9023 2 -899999999999999
  0 25 60 99133156164159142122104 95 97111131151165168155128 90 50 14 -82512 5Z4 6 41641640169999999999999991118 952347-1499999999999999
-14 -1 27 65104136157163155138119104 98103118138157167165148118 79 40  82512 6Z4 65416317201689999999999999912 1 98999999999999999999999
-10-11  5 35 72108137154157147131114102100108123142158164158138108 71 362512 7Z4 74215718 216499999999999999 034-131243 9999999999999999
  9 -4 -2 16 45 80112136149148138123108100101110125141153156148128 99 672512 8Z4 829150184715699999999999999 120 -51326 9999999999999999
 37 16  7 13 31 58 88115134142139129115104 98101109123136144145136118 932512 9Z4 914142193414599999999999999 2 7  71414 9899999999999999
 66 43 27 23 30 48 72 97118132136132122110101 96 98105116126132131124109251210Z4 958136202813299999999999999 253 231511 9699999999999999
 90 70 52 42 40 48 64 85105121131132127117106 97 93 93 98106113118119114251211Z41042132213911999999999999999 339 401625 9299999999999999
104 91 76 64 57 57 65 79 96112124130130124114103 93 87 85 87 93100106110251212Z41128131232211099999999999999 429 561755 8599999999999999
109104 96 86 77 72 72 79 90104117127132130123112 99 87 78 74 75 81 89 98251213Z41215132999999999999999999999 525 711916 7499999999999999
106110109104 96 89 84 84 89 99111122131134131122108 92 77 66 61 63 70 82251214Z4 12111013 313499999999999999 631 832015 6199999999999999
 96108115117114106 98 93 92 96105116127135137131119101 82 64 52 48 52 64251215Z4 250117134713799999999999999 743 9121 0 4899999999999999
 81 99114124127123114104 97 95100109121133139139130113 91 68 49 38 37 46251216Z4 351127142714099999999999999 847 952137 3699999999999999
 63 85107124134135129117106 98 97103114127139144139125103 77 53 34 26 29251217Z4 43613615 414499999999999999 940 962212 2699999999999999
 44 67 93117135143140130116103 96 97106120134145146137117 90 62 37 21 17251218Z4 5151431539147999999999999991023 962246 1799999999999999
 27 47 75104128143147141127111 99 94 99111127142149146131106 75 45 22 11251219Z4 5501471613149999999999999991059 942319 1099999999999999
 14 29 55 86115137148147136119104 94 93102118135148151142121 92 60 31 12251220Z4 6241491647151999999999999991133 922353  699999999999999
  6 15 37 67 98126143149143128110 96 90 95108126142151149135109 77 45 20251221Z4 65714917201529999999999999912 5 90999999999999999999999
  6  7 22 48 79110133146146135118102 91 89 98114132146151144124 96 63 34251222Z4 730147175515199999999999999 027  51238 8999999999999999
 13  6 13 33 62 93120138145140126109 94 87 90102119136147147135113 83 53251223Z4 8 3145183214899999999999999 1 1  61313 8799999999999999
 27 13 11 24 47 76105128141142133118101 89 86 92105121136143139125101 73251224Z4 837143191214399999999999999 135 101352 8699999999999999
 47 27 18 22 38 62 90115134141138126110 95 86 84 92105120131135130115 93251225Z4 912141195813699999999999999 212 181439 8499999999999999
 69 47 32 28 36 53 77103124137140133120104 90 82 81 88100113123127122109251226Z4 948140205512799999999999999 250 281535 8199999999999999
 90 70 53 43 43 52 69 91113129138138129115 99 85 76 75 80 91103113118115251227Z41028139221111899999999999999 334 421642 7499999999999999
107 93 78 66 59 59 68 84102120133139136126111 94 78 67 64 68 78 90102111251228Z41112139235711399999999999999 425 581757 6499999999999999
113110102 91 81 75 76 83 95110125135139136124107 87 69 55 49 52 62 77 93251229Z412 2139999999999999999999999 529 751910 4999999999999999
107116118115107 98 91 89 93103116128138142137124104 80 57 40 32 34 46 65251230Z4 152118125814299999999999999 650 892016 3199999999999999
 87107122130129123113104 99101108119131141144138122 98 70 44 23 14 18 33251231Z4 326130135314499999999999999 818 992114 1499999999999999
