 14 27 41 52 58 57 51 42 34 27 23 24 30 41 52 60 63 57 45 31 18  7  1  025 1 1ZA 420 591551 63999999999999991021 232237  099999999999999
  6 18 32 46 55 59 54 46 37 29 22 19 22 31 43 53 61 61 52 39 25 13  4  025 1 2ZA 454 591631 629999999999999911 1 192315 -199999999999999
  1 10 23 37 49 57 57 50 41 31 24 18 17 22 32 44 53 59 56 46 33 20 10  325 1 3ZA 530 581713 59999999999999991142 162352  199999999999999
  1  5 16 29 42 52 56 53 45 35 26 19 14 15 22 33 44 52 55 51 41 28 18  925 1 4ZA 6 7 561759 55999999999999991223 14999999999999999999999
  4  5 11 22 34 45 52 54 49 40 31 22 16 13 15 23 33 42 49 51 46 37 26 1825 1 5ZA 646 541849 5199999999999999 030  413 6 1399999999999999
 11  9 10 17 28 38 47 52 51 45 36 27 20 15 13 16 23 31 39 45 47 42 35 2625 1 6ZA 726 521946 4799999999999999 110  81357 1399999999999999
 20 16 14 17 23 32 41 48 51 49 42 34 26 20 15 13 16 22 29 37 42 44 41 3525 1 7ZA 8 9 512051 4499999999999999 156 141459 1399999999999999
 29 25 22 21 23 28 35 43 48 50 47 41 34 27 21 16 14 15 20 27 34 40 42 4125 1 8ZA 857 502212 4299999999999999 255 211613 1399999999999999
 38 34 30 28 26 27 31 37 43 48 49 47 42 36 29 23 17 13 13 17 24 32 38 4225 1 9ZA 956 492357 4499999999999999 411 261728 1299999999999999
 44 42 39 36 32 29 30 33 38 44 48 50 49 46 39 32 23 16 11 10 14 22 30 3825 110ZA1119 50999999999999999999999 531 291836 1099999999999999
 45 48 48 44 40 35 31 30 33 38 44 48 52 53 50 42 33 23 13  8  7 12 20 3025 111ZA 123 481247 5399999999999999 644 301937  699999999999999
 40 49 53 52 47 41 35 31 29 32 37 44 50 55 57 53 43 32 20 10  4  4 10 2025 112ZA 219 531349 5799999999999999 752 292032  399999999999999
 32 44 53 57 54 48 40 34 29 27 30 37 45 53 59 60 53 41 28 16  6  1  2 1025 113ZA 3 2 571438 6099999999999999 851 272121  099999999999999
 22 35 48 57 59 54 45 37 30 25 24 28 37 47 56 61 60 51 37 24 12  3 -2  225 114ZA 341 591521 6299999999999999 942 2322 5 -299999999999999
 12 26 41 53 60 58 50 41 33 25 20 21 28 38 49 58 61 57 46 31 19  8  0 -225 115ZA 417 6016 0 61999999999999991025 192245 -299999999999999
  4 17 32 46 57 60 55 45 35 27 19 16 19 28 40 51 58 59 51 39 25 14  5 -125 116ZA 452 601637 599999999999999911 4 162320 -199999999999999
  0 10 24 39 51 58 57 49 38 28 20 14 13 19 30 42 51 55 53 44 32 20 10  325 117ZA 524 581713 56999999999999991140 132353  199999999999999
  1  6 17 31 44 53 56 52 42 31 22 15 11 13 21 32 43 50 51 47 38 26 16  925 118ZA 554 561749 51999999999999991213 11999999999999999999999
  5  6 13 25 38 48 53 53 46 35 25 17 12 11 15 24 34 42 47 47 41 32 23 1525 119ZA 624 541826 4799999999999999 023  51245 1199999999999999
 11  9 12 21 32 42 49 51 48 40 30 21 15 12 13 18 26 35 41 44 42 36 29 2225 120ZA 653 5119 7 4499999999999999 051  91317 1299999999999999
 17 15 15 19 27 36 44 48 48 43 35 26 20 16 14 16 21 28 34 39 41 39 34 2825 121ZA 725 491955 4199999999999999 121 141355 1499999999999999
 24 21 20 21 25 32 39 45 47 45 39 32 25 21 18 17 18 22 28 33 37 38 37 3425 122ZA 8 0 472055 3899999999999999 2 0 201452 1799999999999999
 31 28 26 26 26 29 34 40 44 45 42 37 32 27 23 20 19 19 22 26 31 35 37 3725 123ZA 844 452234 3799999999999999 3 4 261616 1899999999999999
 36 35 33 31 30 30 32 36 40 43 44 42 38 34 29 25 21 18 18 20 24 29 34 3725 124ZA 941 44999999999999999999999 434 301739 1799999999999999
 40 40 40 38 35 32 31 32 36 40 43 44 43 41 37 31 25 19 15 14 17 22 28 3425 125ZA 110 4011 8 4499999999999999 557 311846 1499999999999999
 40 44 45 44 40 36 32 31 32 35 39 44 46 47 44 39 31 22 15 11 10 13 19 2825 126ZA 2 4 451240 4799999999999999 7 7 311941 1099999999999999
 37 44 49 49 46 40 35 30 28 29 34 40 46 50 51 47 39 28 18 10  5  5 10 1925 127ZA 239 491339 5199999999999999 8 6 282029  599999999999999
 30 41 49 53 51 45 38 31 26 24 27 33 42 50 55 54 47 36 23 12  3  0  2  925 128ZA 3 8 531424 5599999999999999 854 242111  099999999999999
 21 34 46 54 55 50 42 33 25 20 19 24 33 44 54 58 55 45 31 17  6 -2 -4  025 129ZA 338 5515 6 5899999999999999 936 192150 -599999999999999
 11 25 40 52 57 54 46 36 26 18 13 15 23 35 48 57 59 53 40 25 11  0 -6 -625 130ZA 4 8 571547 60999999999999991015 132227 -799999999999999
  3 16 32 46 56 57 51 40 29 19 10  8 13 24 38 50 58 58 48 34 19  7 -3 -725 131ZA 439 581628 59999999999999991053  823 3 -799999999999999
 -3  8 24 39 52 58 55 45 33 21 11  4  4 13 26 40 52 57 54 43 28 15  4 -325 2 1ZA 511 5817 9 58999999999999991129  32337 -599999999999999
 -4  3 17 32 46 55 57 50 38 26 14  5  1  4 15 29 42 51 54 49 37 24 13  425 2 2ZA 543 581753 559999999999999912 7  1999999999999999999999
  0  2 12 26 39 50 56 54 45 32 20 10  3  1  7 18 31 42 49 50 44 32 22 1325 2 3ZA 617 561838 5199999999999999 012  01245  199999999999999
  8  6 11 21 33 44 52 54 49 39 27 16  9  4  4 11 21 32 40 46 45 39 30 2225 2 4ZA 651 541927 4699999999999999 046  61328  499999999999999
 17 14 14 20 29 39 46 51 51 44 34 24 17 11  8  8 14 22 31 38 42 41 36 3025 2 5ZA 726 512024 4299999999999999 123 141421  799999999999999
 25 23 21 22 27 34 41 46 49 47 41 33 26 20 15 12 12 15 21 28 34 38 39 3625 2 6ZA 8 6 492141 3999999999999999 2 9 211535 1199999999999999
 33 31 29 28 28 31 36 41 44 45 44 40 35 29 24 19 15 13 14 19 25 30 35 3825 2 7ZA 859 45999999999999999999999 326 2817 5 1399999999999999
 39 38 37 35 33 32 32 35 38 41 43 43 42 39 34 28 22 15 11 11 15 21 28 3525 2 8ZA 0 0 391046 4399999999999999 514 311828 1199999999999999
 40 44 44 42 39 35 31 30 32 35 38 42 45 46 44 38 30 21 13  8  7 11 18 2725 2 9ZA 142 441252 4699999999999999 653 301936  799999999999999
 37 45 49 49 45 39 33 28 26 28 32 37 43 49 51 47 39 29 18  9  3  3  9 1825 210ZA 225 491354 5199999999999999 8 6 262029  299999999999999
 30 41 50 53 50 44 37 29 23 21 23 30 38 46 53 54 48 37 25 13  3 -2  0  925 211ZA 259 531439 5499999999999999 857 212114 -299999999999999
 21 34 47 55 55 49 40 31 22 16 15 21 30 40 50 56 54 45 32 19  7 -2 -5  125 212ZA 331 561518 5699999999999999 938 152153 -599999999999999
 12 27 41 53 57 53 44 33 23 15 10 12 20 32 44 53 57 51 39 26 13  2 -5 -425 213ZA 4 1 571554 57999999999999991015 102227 -699999999999999
  5 19 34 48 56 56 48 36 25 15  8  5 11 23 36 48 55 54 46 32 19  8 -1 -525 214ZA 430 571628 55999999999999991047  52259 -599999999999999
  0 12 28 42 53 56 52 40 28 17  8  3  4 14 27 40 50 53 49 39 25 14  4 -125 215ZA 456 5617 1 53999999999999991118  22328 -299999999999999
 -1  7 21 36 48 55 53 45 32 20 10  3  2  7 19 32 43 50 50 43 32 20 11  425 216ZA 522 551732 51999999999999991145  12354  299999999999999
  2  6 17 30 43 51 53 48 37 24 13  6  2  4 12 24 36 44 48 45 37 26 17 1025 217ZA 546 5318 4 48999999999999991210  2999999999999999999999
  7  8 15 26 38 47 51 49 41 29 18 10  5  5 10 18 29 38 44 44 40 32 24 1725 218ZA 611 511837 4599999999999999 017  71234  599999999999999
 13 12 16 23 33 42 48 49 44 35 24 15 10  8 10 15 23 32 38 41 40 36 29 2325 219ZA 637 491915 4199999999999999 040 1213 0  899999999999999
 20 18 19 23 30 37 44 47 45 38 30 22 16 13 13 15 20 26 32 36 38 37 33 2925 220ZA 7 8 4720 2 3899999999999999 1 4 181336 1299999999999999
 26 25 25 26 29 34 39 43 44 41 35 28 23 19 17 17 18 21 25 29 33 35 34 3325 221ZA 743 442116 3599999999999999 135 241444 1799999999999999
 31 31 30 30 30 32 35 38 41 41 38 34 29 26 23 20 18 18 19 22 26 29 32 3425 222ZA 832 41999999999999999999999 3 2 301645 1899999999999999
 35 36 36 35 33 32 32 34 36 38 39 38 36 33 29 25 20 16 14 14 17 21 27 3225 223ZA 135 3610 3 3999999999999999 526 321822 1499999999999999
 36 40 41 40 37 33 30 29 30 32 36 39 40 40 37 32 25 17 11  8  8 12 18 2625 224ZA 2 6 411218 4099999999999999 7 4 291926  899999999999999
 35 41 45 45 41 36 30 25 24 25 30 35 41 45 45 40 32 22 12  5  2  3  9 1825 225ZA 229 451328 4599999999999999 8 2 242014  299999999999999
 29 40 47 49 46 39 31 23 18 17 21 28 37 46 50 49 41 29 17  6 -2 -4  0  925 226ZA 251 491415 5099999999999999 844 172054 -499999999999999
 21 35 46 52 50 43 34 23 15 10 11 18 29 41 51 55 50 39 25 11  0 -7 -7  025 227ZA 316 521457 5599999999999999 921  92131 -899999999999999
 13 28 43 53 55 49 38 26 14  5  2  6 17 32 46 55 57 48 34 19  6 -4 -9 -625 228ZA 344 551538 5799999999999999 957  222 7 -999999999999999
  5 20 37 50 57 54 44 30 17  5 -3 -3  5 20 36 50 58 56 44 29 14  2 -6 -825 3 1ZA 413 571618 58999999999999991032 -42242 -899999999999999
 -1 13 30 45 56 58 50 36 21  8 -2 -8 -4  8 24 40 53 57 52 39 24 11  1 -425 3 2ZA 443 581658 579999999999999911 8 -82316 -599999999999999
 -2  8 24 39 52 58 55 44 28 14  2 -6 -8 -1 13 29 43 53 54 47 33 20 10  325 3 3ZA 514 581739 55999999999999991143 -92350  199999999999999
  1  6 19 33 46 55 57 50 36 22  9  0 -6 -5  5 19 33 44 51 49 41 29 19 1225 3 4ZA 545 571821 51999999999999991220 -6999999999999999999999
  8  9 16 28 40 49 54 52 43 30 18  8  1 -1  2 11 23 34 42 46 44 36 27 2125 3 5ZA 617 5419 7 4699999999999999 023  813 1 -199999999999999
 17 15 18 25 34 43 49 51 47 38 27 17 11  6  5  8 16 25 33 39 41 39 33 2825 3 6ZA 650 5120 0 4199999999999999 058 151350  599999999999999
 25 23 23 25 30 37 43 46 45 41 34 26 20 16 13 11 13 17 23 29 34 36 36 3325 3 7ZA 726 462117 3699999999999999 139 2215 4 1199999999999999
 31 30 29 29 29 32 36 39 41 40 38 34 30 26 22 18 15 14 16 20 25 30 33 3625 3 8ZA 820 41999999999999999999999 3 4 291647 1499999999999999
 36 36 36 34 32 30 30 32 34 36 37 37 37 35 31 27 20 15 12 12 15 21 27 3325 3 9ZA 032 361055 3799999999999999 521 301822 1199999999999999
 38 41 41 39 36 31 27 26 26 29 32 36 40 41 40 35 28 19 11  7  7 12 19 2725 310ZA 139 4113 3 4199999999999999 7 8 261927  799999999999999
 36 43 46 44 40 34 27 21 19 21 25 31 38 44 46 43 35 25 15  6  2  3 10 2025 311ZA 211 461354 4699999999999999 8 4 192015  299999999999999
 31 41 48 49 44 37 28 20 14 13 17 24 33 42 49 49 43 32 21  9  1 -2  2 1225 312ZA 239 491433 5099999999999999 844 122055 -299999999999999
 24 37 47 52 49 41 30 20 12  7  8 15 26 37 47 52 49 39 27 15  4 -3 -3  425 313ZA 3 7 5215 8 5299999999999999 919  62131 -499999999999999
 17 31 44 52 52 45 34 22 12  4  1  6 17 30 43 51 53 46 34 21  9  0 -4 -125 314ZA 333 531541 5399999999999999 950  122 3 -499999999999999
 11 25 39 50 54 49 38 25 13  4 -2 -1  9 22 36 48 53 51 41 27 15  5 -2 -225 315ZA 359 541613 53999999999999991020 -22233 -399999999999999
  6 19 34 47 53 52 43 29 16  5 -2 -4  2 14 29 42 51 52 46 34 21 11  3  025 316ZA 423 541642 53999999999999991047 -423 0  099999999999999
  4 15 29 43 51 53 47 35 21  9  0 -4 -2  8 22 36 46 51 49 40 28 17  9  425 317ZA 445 541711 51999999999999991112 -42325  499999999999999
  5 12 24 38 48 53 50 40 26 14  4 -1 -2  4 15 29 41 48 49 43 34 23 15 1025 318ZA 5 8 531740 49999999999999991134 -22348  899999999999999
  8 12 21 33 44 50 51 44 32 20  9  3  1  4 12 23 34 43 46 45 38 29 21 1625 319ZA 532 511810 47999999999999991156  1999999999999999999999
 13 15 20 29 39 47 49 46 37 26 15  8  5  6 11 19 28 37 42 43 39 33 26 2125 320ZA 558 491843 4399999999999999 010 131219  599999999999999
 19 19 22 28 35 42 46 45 40 31 22 14 10  9 11 16 23 30 35 39 38 35 30 2625 321ZA 627 461926 3999999999999999 032 181249  999999999999999
 24 24 25 27 32 37 41 43 41 35 28 21 16 14 14 15 19 23 28 32 34 34 32 3025 322ZA 7 0 432031 3499999999999999 056 241338 1499999999999999
 29 28 28 29 30 33 36 38 38 37 32 27 23 20 18 17 16 18 20 24 27 30 32 3225 323ZA 747 38999999999999999999999 144 281538 1699999999999999
 33 33 33 32 30 30 30 32 33 35 34 33 30 27 24 20 16 14 13 15 18 23 28 3225 324ZA 1 6 33 925 3599999999999999 458 301745 1399999999999999
 35 37 37 35 32 28 25 25 26 29 33 35 36 35 31 26 20 13  9  7  9 14 21 2925 325ZA 131 371154 3699999999999999 644 251855  799999999999999
 36 40 41 39 34 28 22 18 18 21 27 33 39 42 40 35 26 17  8  3  2  6 13 2325 326ZA 150 411311 4299999999999999 735 181943  299999999999999
 33 42 45 44 38 30 21 13  9 11 17 26 36 44 48 44 35 24 13  3 -2 -1  5 1625 327ZA 214 4614 0 4899999999999999 814  92024 -399999999999999
 28 40 48 49 44 34 22 11  4  1  6 16 29 42 51 53 46 34 20  8 -1 -5 -1  825 328ZA 240 501442 5399999999999999 851  121 3 -599999999999999
 22 36 48 54 51 40 27 13  2 -5 -5  4 18 34 48 56 55 45 30 16  5 -3 -4  325 329ZA 3 9 541523 5799999999999999 927 -62140 -599999999999999
 16 31 45 55 56 48 34 18  5 -6-11 -7  6 23 39 53 59 54 41 26 13  3 -2  025 330ZA 339 5716 3 599999999999999910 4-112217 -399999999999999
 10 25 40 52 59 55 43 26 11 -2-11-13 -5 11 28 44 56 58 50 36 23 12  4  125 331ZA 411 591643 58999999999999991041-132253  199999999999999
  7 19 34 48 57 59 51 36 19  5 -5-11-10  1 17 34 47 55 54 45 32 21 12  725 4 1ZA 443 591723 56999999999999991119-122329  699999999999999
  8 15 28 42 52 58 55 44 29 14  3 -5 -8 -3  9 24 37 48 52 49 39 28 20 1525 4 2ZA 515 5818 5 52999999999999991157 -8999999999999999999999
 12 15 24 35 46 53 54 49 38 24 13  5  0 -1  5 15 28 38 45 47 43 35 27 2225 4 3ZA 548 541850 4799999999999999 0 5 121239 -199999999999999
 19 18 22 30 39 46 49 49 43 33 23 15 10  6  6 11 20 28 36 41 42 38 33 2825 4 4ZA 623 501943 4299999999999999 044 181329  699999999999999
 26 24 24 27 32 38 42 44 42 37 30 24 19 16 13 12 15 20 26 32 36 37 36 3325 4 5ZA 7 4 442058 3799999999999999 135 241441 1299999999999999
 31 30 28 27 28 31 34 36 37 37 34 31 28 25 21 17 15 15 18 23 28 32 35 3625 4 6ZA 812 372311 3699999999999999 3 6 271623 1599999999999999
 36 35 33 31 28 26 27 28 30 32 34 35 34 32 29 25 19 14 13 15 19 25 31 3625 4 7ZA11 3 35999999999999999999999 517 261755 1399999999999999
 39 39 38 35 30 25 21 20 22 26 30 34 37 39 37 32 25 17 11  9 11 17 24 3225 4 8ZA 050 391252 3999999999999999 646 201858  999999999999999
 38 42 42 39 33 26 19 14 14 18 23 30 37 42 43 39 31 22 13  7  6 10 17 2725 4 9ZA 130 431339 4399999999999999 734 141945  699999999999999
 36 43 46 43 36 28 19 11  8  9 16 24 34 42 47 45 38 28 18  9  4  4 11 2125 410ZA 2 1 461417 4799999999999999 812  82024  399999999999999
 32 41 47 47 41 31 21 11  4  3  7 17 28 39 48 50 45 35 24 13  5  2  6 1525 411ZA 230 481450 5099999999999999 845  221 0  299999999999999
 27 38 47 50 46 36 24 12  4 -1  0  9 21 34 46 52 51 43 31 19 10  4  3 1025 412ZA 256 501522 5299999999999999 916 -12133  399999999999999
 22 35 45 51 50 41 28 16  5 -2 -4  2 14 28 41 51 54 49 38 26 15  8  4  825 413ZA 322 521552 5499999999999999 946 -422 3  499999999999999
 18 31 43 51 53 47 35 20  8  0 -4 -2  7 21 36 47 54 52 44 33 22 13  8  825 414ZA 345 531621 54999999999999991013 -42232  799999999999999
 14 26 39 49 54 51 41 27 13  3 -2 -3  3 15 29 42 51 53 49 39 28 19 13 1025 415ZA 4 9 541649 53999999999999991038 -42258 1099999999999999
 13 22 35 46 53 53 46 34 20  9  1 -1  1 10 23 36 46 52 50 43 33 24 18 1425 416ZA 433 541718 529999999999999911 2 -12324 1499999999999999
 15 20 30 41 50 53 49 39 26 15  6  2  2  8 18 30 40 47 49 45 38 29 23 1925 417ZA 5 0 531748 49999999999999991127  12350 1799999999999999
 17 20 27 36 45 50 50 43 33 21 12  7  5  8 14 24 33 41 46 45 40 33 27 2325 418ZA 528 511824 46999999999999991154  5999999999999999999999
 21 22 26 32 40 45 47 45 37 27 18 12  9  9 13 19 27 34 39 42 40 36 31 2725 419ZA 6 0 4719 8 4299999999999999 019 211227  899999999999999
 25 24 25 29 34 39 43 43 39 33 25 18 14 12 13 16 21 26 31 36 38 37 34 3125 420ZA 638 432011 3899999999999999 056 241317 1299999999999999
 29 28 27 27 30 33 36 38 38 36 31 25 20 17 15 15 16 19 23 28 32 35 35 3425 421ZA 735 392147 3599999999999999 2 8 271450 1599999999999999
 33 31 30 28 26 27 28 31 34 35 34 32 28 24 21 17 15 14 16 19 25 30 34 3725 422ZA 914 352340 3799999999999999 418 261646 1499999999999999
 37 36 33 29 25 22 21 22 26 30 34 36 36 33 28 23 17 12 10 12 17 23 30 3725 423ZA1116 36999999999999999999999 554 2118 4 1099999999999999
 40 41 38 33 26 20 15 14 16 22 29 36 41 41 38 31 23 15  9  7 10 16 25 3425 424ZA 039 411240 4299999999999999 649 131858  799999999999999
 41 45 44 39 30 21 12  7  6 11 20 31 41 47 47 42 33 22 13  7  5 10 19 2925 425ZA 119 451336 4899999999999999 733  61944  599999999999999
 40 48 50 46 37 25 13  4 -1  1  9 22 35 46 53 52 44 32 20 11  6  6 13 2425 426ZA 154 501422 5499999999999999 814 -12027  599999999999999
 36 47 54 54 46 32 18  5 -4 -7 -2 10 25 40 52 58 54 43 30 19 10  6  9 1925 427ZA 229 5515 5 5899999999999999 855 -721 8  699999999999999
 31 44 54 59 55 42 26 11 -1 -9 -9 -1 14 30 46 57 60 53 40 28 18 11  9 1425 428ZA 3 4 591547 6099999999999999 936-102149  999999999999999
 26 39 51 60 61 53 37 20  7 -4-10 -8  3 19 36 50 59 59 49 37 26 18 13 1325 429ZA 340 621628 60999999999999991017-102230 1299999999999999
 20 33 46 56 62 59 48 31 16  4 -5 -8 -3  9 25 40 52 58 55 45 34 25 19 1625 430ZA 415 6217 9 58999999999999991058 -82312 1599999999999999
 18 27 39 50 58 60 55 42 27 14  5 -2 -3  3 16 30 43 52 55 50 41 32 25 2125 5 1ZA 451 601752 55999999999999991141 -42354 1999999999999999
 19 23 32 42 51 56 56 49 36 24 14  7  3  3 10 21 33 43 49 50 45 38 31 2625 5 2ZA 529 561838 51999999999999991226  2999999999999999999999
 23 22 26 34 42 48 51 49 42 33 23 17 11  8 10 16 25 34 41 45 46 42 36 3125 5 3ZA 610 511931 4699999999999999 041 221316  899999999999999
 28 25 25 28 34 39 43 45 43 38 31 25 20 16 14 14 19 25 32 38 42 42 40 3625 5 4ZA 7 0 452036 4299999999999999 138 251420 1499999999999999
 33 30 27 26 27 31 35 37 39 38 35 32 28 24 20 17 17 19 24 30 36 39 41 3925 5 5ZA 816 392155 4199999999999999 256 261542 1799999999999999
 37 34 30 27 24 24 26 29 32 35 36 36 34 31 27 23 19 17 18 23 29 34 39 4125 5 6ZA1016 362319 4199999999999999 436 2417 4 1799999999999999
 40 38 34 30 25 21 19 21 25 29 34 37 38 38 34 29 23 18 15 17 22 28 35 4025 5 7ZA12 7 39999999999999999999999 555 1918 8 1599999999999999
 43 42 39 33 27 20 15 14 17 22 29 35 40 43 41 36 29 22 16 14 16 23 30 3825 5 8ZA 022 4313 7 4399999999999999 647 141859 1499999999999999
 43 45 44 38 30 22 14 10 10 15 23 32 39 45 47 43 36 28 20 14 13 18 26 3425 5 9ZA 1 7 451350 4799999999999999 728  91942 1399999999999999
 42 47 48 44 35 25 16  9  6  8 16 26 36 45 50 50 44 35 25 18 14 15 21 3025 510ZA 142 481426 5199999999999999 8 5  62021 1399999999999999
 40 47 51 49 42 30 19 10  4  4  9 19 31 42 51 54 51 42 32 23 17 15 18 2625 511ZA 213 5115 0 5499999999999999 838  32057 1599999999999999
 37 46 53 54 48 37 24 13  6  2  4 12 25 38 48 55 55 49 39 29 21 17 17 2325 512ZA 242 541531 5699999999999999 911  22131 1699999999999999
 33 44 52 56 54 45 31 18  9  3  2  7 18 31 44 53 57 54 45 35 27 21 18 2125 513ZA 3 9 5716 1 5799999999999999 941  222 3 1899999999999999
 29 40 50 57 58 51 39 25 14  6  2  4 12 24 38 49 56 56 50 41 32 25 21 2025 514ZA 337 581631 57999999999999991011  22235 2099999999999999
 25 35 46 55 59 56 46 32 20 10  5  4  8 18 31 43 52 56 53 45 37 29 24 2225 515ZA 4 6 5917 2 56999999999999991042  323 7 2299999999999999
 24 30 40 50 56 57 51 39 26 16  9  5  7 14 24 36 46 52 53 48 41 33 28 2425 516ZA 437 581736 54999999999999991113  52341 2399999999999999
 23 27 35 44 51 55 53 45 33 22 14  9  7 11 19 29 39 47 50 49 44 37 31 2725 517ZA 511 551816 51999999999999991148  7999999999999999999999
 25 25 30 37 45 50 52 48 39 29 19 13 10 10 15 22 31 39 45 48 46 41 35 3025 518ZA 549 5219 2 4899999999999999 019 241227 1099999999999999
 27 25 27 31 37 43 47 47 43 35 26 19 15 12 13 17 24 31 38 43 45 43 39 3425 519ZA 636 471958 4599999999999999 1 6 251317 1299999999999999
 30 27 26 27 30 35 39 43 43 40 34 27 21 17 15 15 18 24 30 37 42 44 42 3925 520ZA 739 4321 3 4499999999999999 210 261424 1599999999999999
 34 31 27 25 24 27 31 35 39 41 39 35 29 24 20 17 16 19 23 30 37 42 44 4325 521ZA 9 1 412210 4499999999999999 336 241548 1699999999999999
 40 35 30 25 21 20 22 26 32 38 41 41 38 34 28 23 19 17 18 23 31 38 44 4625 522ZA1033 422316 4799999999999999 458 2017 4 1799999999999999
 46 42 36 29 22 16 14 16 22 30 38 43 45 43 38 32 25 19 17 19 25 33 41 4725 523ZA12 0 45999999999999999999999 6 0 1418 5 1799999999999999
 50 49 44 35 26 17 10  8 12 20 30 40 47 51 49 42 34 26 20 18 21 28 37 4625 524ZA 014 5013 7 5199999999999999 651  81858 1899999999999999
 52 55 53 45 33 22 11  5  4  9 20 32 44 52 56 53 44 35 27 21 19 23 32 4225 525ZA 1 5 5514 1 5699999999999999 739  31947 1999999999999999
 51 58 60 55 44 30 17  7  0  1  9 21 35 48 57 60 55 45 35 27 22 22 27 3725 526ZA 151 601449 6099999999999999 827  02036 2199999999999999
 47 57 63 63 55 41 26 13  3 -2  0 10 24 39 52 61 62 54 44 34 28 23 24 3125 527ZA 234 641533 6399999999999999 914 -22126 2399999999999999
 41 52 61 66 64 53 38 23 11  2 -2  2 13 28 43 56 63 61 52 42 34 28 24 2625 528ZA 316 671617 639999999999999910 1 -22215 2499999999999999
 34 45 56 64 67 62 49 34 20 10  2  0  6 18 33 47 58 62 58 49 40 33 28 2525 529ZA 357 6717 0 62999999999999991047 -123 2 2599999999999999
 28 37 48 57 64 65 58 44 30 19 10  4  3 11 23 37 49 58 60 54 46 38 32 2725 530ZA 438 651744 60999999999999991133  32350 2599999999999999
 25 30 39 49 56 61 60 52 40 28 19 11  7  8 16 28 40 50 56 56 50 43 36 3125 531ZA 520 611829 57999999999999991218  7999999999999999999999
 27 26 31 39 47 53 56 53 46 36 27 20 14 11 14 21 32 42 50 54 52 47 40 3525 6 1ZA 6 5 561916 5499999999999999 038 2613 4 1199999999999999
 30 26 26 31 38 44 49 50 48 42 34 27 21 17 15 18 25 34 42 48 51 49 44 3825 6 2ZA 656 5020 6 5199999999999999 129 261354 1599999999999999
 33 29 26 26 30 35 40 44 45 44 39 34 28 24 20 19 22 28 35 42 47 49 47 4325 6 3ZA 759 452058 4999999999999999 229 261453 1999999999999999
 37 33 28 25 25 27 32 37 40 42 42 39 35 31 27 23 22 24 29 36 42 47 48 4625 6 4ZA 917 422153 4899999999999999 341 2516 0 2299999999999999
 42 37 32 27 24 22 24 29 34 39 42 42 41 38 34 29 25 23 25 30 37 43 47 4825 6 5ZA1049 422251 4899999999999999 453 2217 5 2399999999999999
 46 42 37 31 25 21 20 22 27 34 39 43 45 44 41 36 31 27 25 27 32 39 45 4925 6 6ZA1215 452351 5099999999999999 552 2018 1 2599999999999999
 50 48 43 36 29 22 18 17 21 27 35 42 47 49 48 44 38 32 27 26 29 35 42 4825 6 7ZA1316 49999999999999999999999 641 171851 2699999999999999
 52 53 50 43 34 26 19 15 16 21 29 38 45 51 53 51 45 38 32 28 27 31 38 4625 6 8ZA 044 5314 2 5399999999999999 724 151936 2799999999999999
 52 56 55 51 42 31 22 15 13 15 22 32 42 50 56 57 53 45 38 32 29 29 34 4225 6 9ZA 127 561440 5799999999999999 8 4 132019 2899999999999999
 51 57 60 57 50 38 27 18 13 12 16 24 35 46 55 59 58 52 44 36 31 29 32 3825 610ZA 2 5 601515 6099999999999999 843 1121 0 2999999999999999
 47 56 61 62 57 46 34 22 15 10 11 18 28 40 51 59 61 57 49 41 35 31 30 3425 611ZA 239 631548 6199999999999999 921 102140 3099999999999999
 42 52 60 65 63 54 41 28 18 12  9 12 21 33 45 55 61 60 54 46 39 33 30 3125 612ZA 313 651621 6199999999999999 958  92219 3099999999999999
 37 46 56 63 65 60 49 36 24 15 10  9 15 25 37 49 58 61 57 50 43 36 31 2925 613ZA 348 651655 61999999999999991035  92258 2999999999999999
 32 39 49 58 64 63 55 43 30 20 12  9 11 18 29 42 52 59 59 54 46 39 33 2925 614ZA 424 651731 60999999999999991111  92338 2899999999999999
 28 33 41 51 59 62 59 50 37 26 17 11  9 13 22 34 45 54 58 56 50 43 36 3025 615ZA 5 4 621810 58999999999999991149  9999999999999999999999
 27 28 34 42 51 57 59 54 44 33 23 16 11 12 17 27 38 47 55 57 53 47 39 3325 616ZA 547 591853 5799999999999999 019 271228 1199999999999999
 28 26 28 34 42 49 54 55 50 40 31 22 17 14 15 22 31 40 49 54 55 51 44 3725 617ZA 637 551938 5699999999999999 1 4 261311 1499999999999999
 31 27 25 27 33 40 47 51 52 47 39 30 24 19 17 19 26 34 43 50 55 54 49 4225 618ZA 734 522025 5599999999999999 157 2514 0 1799999999999999
 36 30 25 24 26 31 38 44 49 50 46 39 33 27 23 22 24 29 37 45 52 55 54 4925 619ZA 840 502115 5599999999999999 3 0 2415 0 2299999999999999
 42 35 29 24 22 23 28 35 42 48 49 47 42 37 32 28 26 27 32 40 48 54 56 5525 620ZA 955 4922 9 5699999999999999 410 2216 8 2699999999999999
 50 43 36 28 22 19 20 25 33 41 48 51 50 47 41 36 32 29 30 35 43 50 56 5825 621ZA1120 512312 5899999999999999 517 191714 2999999999999999
 57 52 45 36 27 20 16 17 23 32 41 49 54 54 51 46 40 35 32 33 38 46 53 5925 622ZA1243 55999999999999999999999 618 161815 3299999999999999
 62 61 55 46 36 25 17 13 14 21 31 41 51 57 59 56 49 42 37 34 35 41 48 5625 623ZA 020 621348 5999999999999999 715 121916 3499999999999999
 62 66 65 58 47 34 23 14 10 12 20 31 43 54 62 63 58 51 44 38 35 36 42 5025 624ZA 122 661441 6399999999999999 810 102016 3599999999999999
 58 65 70 68 59 45 32 20 12  8 11 20 33 46 58 65 65 59 50 43 38 35 36 4325 625ZA 216 701528 6699999999999999 9 4  82116 3599999999999999
 52 61 68 72 68 57 43 29 18 10  7 11 22 36 50 62 68 65 57 49 42 36 33 3525 626ZA 3 3 721611 6899999999999999 954  72210 3399999999999999
 43 53 63 70 72 66 53 39 26 16  8  7 14 26 40 54 64 68 63 55 46 39 33 3125 627ZA 348 721653 68999999999999991041  62259 3199999999999999
 34 43 54 63 70 70 62 49 35 24 14  8  9 18 31 45 58 66 66 60 51 43 36 3025 628ZA 431 711733 67999999999999991125  82344 2999999999999999
 29 34 44 54 62 67 65 56 43 32 22 14 10 14 24 37 50 60 65 63 55 47 39 3225 629ZA 513 671812 659999999999999912 5 10999999999999999999999
 27 28 34 44 53 60 62 59 50 39 29 21 15 14 19 30 42 53 61 63 59 51 42 3525 630ZA 557 621851 6399999999999999 026 271243 1499999999999999
 29 26 28 35 44 52 57 57 53 45 36 28 22 19 19 26 36 46 55 60 60 55 47 3925 7 1ZA 642 581929 6199999999999999 1 9 261322 1899999999999999
 32 28 26 29 35 43 49 53 53 49 42 35 29 25 23 25 31 40 49 56 59 57 51 4425 7 2ZA 731 5420 7 5999999999999999 153 2614 4 2399999999999999
 37 31 28 27 30 35 42 47 50 50 47 42 36 32 29 28 30 36 44 51 56 57 55 4925 7 3ZA 827 512047 5899999999999999 246 271454 2899999999999999
 42 36 32 29 28 30 35 41 46 49 49 47 43 39 36 33 32 34 39 46 53 56 56 5325 7 4ZA 935 492132 5799999999999999 349 281555 3299999999999999
 48 43 37 32 29 27 29 34 40 45 49 50 49 47 44 40 37 36 37 42 48 54 57 5725 7 5ZA11 5 502227 5799999999999999 455 2717 0 3699999999999999
 54 49 44 38 32 28 26 29 34 40 46 50 52 53 51 48 43 40 38 40 44 50 55 5825 7 6ZA1244 532335 5899999999999999 556 2618 1 3899999999999999
 58 56 51 45 37 31 26 25 27 33 40 47 52 56 57 55 50 45 41 40 42 46 52 5725 7 7ZA1347 57999999999999999999999 650 251857 4099999999999999
 61 61 59 53 44 35 28 23 23 26 33 41 49 56 60 60 57 51 45 41 40 43 48 5425 7 8ZA 043 611432 6199999999999999 740 221951 4099999999999999
 60 64 65 60 52 42 32 24 20 20 25 33 43 53 60 64 62 56 50 44 41 40 43 4925 7 9ZA 136 6515 8 6499999999999999 827 202043 4099999999999999
 57 64 68 67 60 49 37 27 20 17 18 25 35 47 57 64 65 61 55 48 42 38 38 4325 710ZA 219 681541 6699999999999999 910 172130 3899999999999999
 51 60 67 70 67 57 44 32 22 16 14 18 27 39 52 62 67 65 59 51 44 38 35 3625 711ZA 259 701613 6799999999999999 951 142213 3599999999999999
 43 53 63 70 71 64 52 39 27 17 12 12 19 30 44 57 65 67 63 55 47 39 33 3125 712ZA 338 711646 68999999999999991028 112253 3199999999999999
 35 44 55 65 71 69 60 46 33 22 14 10 13 23 36 50 61 67 66 59 50 42 34 2925 713ZA 418 711720 689999999999999911 4 102331 2899999999999999
 29 35 45 57 66 69 65 54 41 29 19 12 11 17 28 42 55 64 67 63 55 45 36 2925 714ZA 459 691755 67999999999999991140 11999999999999999999999
 25 27 36 47 57 65 66 60 49 36 26 18 13 15 23 35 48 59 66 66 60 50 40 3225 715ZA 543 671831 6799999999999999 010 251216 1399999999999999
 26 24 28 37 47 57 63 63 56 45 34 25 19 17 21 30 42 53 62 66 64 56 46 3625 716ZA 630 6419 8 6699999999999999 050 231253 1799999999999999
 29 24 24 29 38 47 56 60 59 53 43 34 27 24 23 28 37 48 57 64 65 61 52 4325 717ZA 721 611947 6599999999999999 134 231332 2399999999999999
 35 28 24 25 30 38 46 54 58 57 51 43 37 32 30 30 35 43 52 60 64 64 59 5125 718ZA 818 582029 6599999999999999 227 241419 2999999999999999
 42 35 29 26 26 30 37 45 52 56 55 51 46 41 38 36 37 41 48 55 61 64 63 5925 719ZA 925 562117 6499999999999999 331 251519 3699999999999999
 51 44 37 31 26 25 29 35 43 50 54 55 54 50 47 44 41 41 45 50 57 62 64 6425 720ZA1053 552221 6499999999999999 445 251633 4199999999999999
 60 54 47 39 32 26 24 26 33 40 48 54 57 58 56 52 48 45 44 46 51 57 62 6525 721ZA1238 582352 6699999999999999 557 241752 4499999999999999
 66 64 58 50 40 31 24 21 24 30 38 47 55 61 63 60 56 51 47 45 46 50 56 6225 722ZA1352 63999999999999999999999 7 4 2119 9 4599999999999999
 66 69 68 61 51 40 29 21 18 20 28 38 49 59 66 67 63 57 51 46 43 44 49 5525 723ZA 113 691442 6799999999999999 8 5 182019 4399999999999999
 62 69 73 71 62 50 37 26 18 15 18 27 39 52 64 70 70 64 56 49 43 40 41 4625 724ZA 212 731524 7199999999999999 9 0 152119 3999999999999999
 55 64 72 75 71 60 47 34 23 14 12 18 29 43 57 68 73 69 61 53 45 38 35 3725 725ZA 3 0 7516 3 7399999999999999 947 1222 8 3599999999999999
 45 56 66 73 75 68 56 42 30 19 12 12 20 34 49 63 72 73 67 57 48 40 33 3025 726ZA 344 751638 74999999999999991029 112250 3099999999999999
 35 45 57 67 73 72 63 50 37 26 16 12 15 26 41 55 67 73 71 62 51 42 34 2825 727ZA 424 741712 739999999999999911 8 112329 2799999999999999
 28 35 47 58 67 71 68 57 44 33 23 16 14 21 34 48 61 70 72 66 56 45 36 2825 728ZA 5 4 711745 72999999999999991143 14999999999999999999999
 25 28 37 49 59 66 67 62 51 39 30 22 18 20 29 42 55 65 70 68 60 49 39 3125 729ZA 542 671815 7099999999999999 0 5 251215 1899999999999999
 26 25 30 40 51 59 63 62 56 46 36 29 24 23 27 37 49 60 67 68 64 54 44 3525 730ZA 621 641845 6999999999999999 039 241246 2299999999999999
 29 26 27 34 43 52 58 60 58 51 43 36 31 28 29 35 44 54 62 66 65 59 50 4025 731ZA 7 1 601916 6799999999999999 114 261317 2899999999999999
 34 29 28 31 37 45 52 56 57 55 49 43 38 35 34 36 42 50 58 63 65 62 55 4725 8 1ZA 746 581949 6599999999999999 152 281352 3499999999999999
 40 35 32 31 34 39 45 51 54 55 53 49 45 42 40 40 42 47 53 59 63 62 59 5325 8 2ZA 840 552028 6399999999999999 242 311442 4099999999999999
 47 41 37 34 34 35 39 45 49 53 54 53 51 49 47 46 45 46 50 55 59 62 61 5825 8 3ZA 959 542117 6299999999999999 353 341558 4599999999999999
 53 48 44 39 36 34 35 38 43 48 52 54 55 55 54 52 50 48 48 51 55 59 61 6125 8 4ZA1236 552229 6199999999999999 513 341722 4899999999999999
 59 56 51 45 39 35 32 32 35 41 46 52 56 59 60 58 55 51 49 48 50 54 58 6125 8 5ZA1351 60999999999999999999999 624 321839 4899999999999999
 63 62 58 53 45 37 31 28 29 32 39 46 54 60 63 63 60 55 50 47 47 49 53 5925 8 6ZA 0 7 631430 6499999999999999 724 281945 4799999999999999
 63 66 65 60 52 42 33 26 23 25 30 39 49 58 65 67 65 60 53 47 44 43 46 5325 8 7ZA 117 6615 1 6799999999999999 813 232039 4399999999999999
 60 67 70 67 60 49 37 27 21 19 22 29 41 53 63 69 69 64 56 49 42 38 39 4425 8 8ZA 2 6 701528 7099999999999999 856 192122 3899999999999999
 53 63 70 72 67 57 44 31 22 16 15 21 32 46 59 69 72 68 60 51 42 35 32 3525 8 9ZA 249 721556 7299999999999999 935 1522 1 3299999999999999
 44 55 66 73 73 65 52 38 26 17 12 15 24 37 52 65 73 72 65 55 44 35 28 2725 810ZA 329 741625 74999999999999991011 122238 2799999999999999
 33 45 58 69 75 71 61 46 33 21 14 12 18 30 45 60 71 75 70 59 48 37 27 2225 811ZA 410 751655 75999999999999991045 122314 2299999999999999
 25 34 47 61 71 74 68 55 41 29 19 14 15 24 38 53 66 74 74 65 53 41 30 2225 812ZA 451 741726 75999999999999991120 132350 1999999999999999
 19 25 36 50 63 71 71 63 50 37 27 20 17 22 33 47 61 71 75 70 59 46 35 2525 813ZA 533 721759 75999999999999991153 17999999999999999999999
 19 20 28 40 53 63 69 67 58 46 36 28 23 24 31 43 55 66 73 73 65 53 41 3125 814ZA 617 691832 7499999999999999 027 191227 2399999999999999
 24 20 23 31 43 54 62 66 63 54 45 37 32 30 32 40 50 61 68 72 69 61 49 3925 815ZA 7 4 6619 6 7299999999999999 1 8 2013 2 3099999999999999
 31 26 24 27 34 44 53 60 62 59 52 45 41 38 37 40 47 56 63 68 69 66 57 4825 816ZA 758 621945 7099999999999999 156 241342 3799999999999999
 40 34 29 28 30 36 43 51 56 58 57 53 49 46 45 44 47 52 58 63 66 66 63 5725 817ZA 9 4 582031 6799999999999999 3 0 281441 4499999999999999
 50 44 38 33 30 31 35 41 47 53 56 57 56 54 53 51 49 50 53 57 61 64 64 6225 818ZA1047 572145 6499999999999999 423 301617 4999999999999999
 59 54 48 42 35 30 29 32 37 44 50 56 59 61 60 58 54 51 50 51 54 58 61 6325 819ZA13 2 612354 6499999999999999 548 2918 2 5099999999999999
 64 63 58 51 43 35 28 26 28 34 41 50 58 64 66 64 60 55 50 47 47 50 55 6025 820ZA1359 66999999999999999999999 7 1 261928 4799999999999999
 65 68 67 61 52 42 32 24 21 24 31 41 53 63 69 70 66 59 52 46 42 42 46 5325 821ZA 120 681437 7099999999999999 8 0 212029 4199999999999999
 60 67 71 70 62 50 38 27 20 17 22 32 44 58 68 73 71 64 56 47 40 35 37 4325 822ZA 213 721511 7499999999999999 848 172116 3599999999999999
 52 62 71 74 69 59 46 33 23 16 16 23 36 50 64 73 75 69 59 49 40 32 29 3325 823ZA 257 741542 7699999999999999 930 152156 2999999999999999
 43 54 65 73 74 66 54 40 28 19 14 17 28 43 58 70 76 74 64 52 42 32 26 2525 824ZA 336 751612 769999999999999910 7 142232 2499999999999999
 33 45 57 68 74 71 61 47 35 24 17 15 22 36 51 65 74 76 69 57 44 34 25 2125 825ZA 413 741641 76999999999999991042 1523 5 2199999999999999
 25 35 49 61 69 72 66 54 42 31 23 18 20 30 45 60 70 75 72 62 49 37 27 2125 826ZA 448 7217 8 75999999999999991113 182336 2099999999999999
 21 28 40 53 63 69 68 60 49 38 29 23 22 28 40 54 66 73 73 66 54 41 31 2425 827ZA 523 691733 74999999999999991142 22999999999999999999999
 21 24 33 45 56 64 67 63 55 44 36 30 27 29 37 49 61 69 72 69 59 47 36 2825 828ZA 556 671758 7299999999999999 0 4 2112 8 2799999999999999
 24 24 29 39 49 58 63 63 58 50 42 36 33 33 37 46 56 65 70 69 63 53 42 3425 829ZA 631 641825 7099999999999999 031 231232 3399999999999999
 29 27 29 35 43 52 58 61 59 55 48 43 40 39 40 45 52 60 66 68 65 58 49 4025 830ZA 7 9 611854 6899999999999999 059 271258 3999999999999999
 35 32 31 34 39 45 52 56 58 56 53 49 46 45 45 47 50 56 61 64 64 60 54 4725 831ZA 757 581929 6599999999999999 136 311330 4599999999999999
 41 37 35 35 37 40 45 50 53 55 54 53 52 51 50 50 51 53 56 60 61 61 57 5325 9 1ZA 910 552015 6299999999999999 239 351448 5099999999999999
 48 44 40 38 36 37 39 42 47 50 53 55 55 56 56 54 53 52 53 55 57 59 59 5725 9 2ZA13 9 562130 5999999999999999 424 3617 4 5299999999999999
 54 51 47 42 38 35 33 35 38 43 49 53 57 60 60 59 56 52 50 50 51 54 57 5825 9 3ZA1350 602338 5999999999999999 557 331844 5099999999999999
 59 57 54 48 41 35 30 28 30 35 42 49 56 62 64 63 59 54 49 45 45 47 51 5625 9 4ZA1414 64999999999999999999999 7 1 281944 4599999999999999
 61 62 61 55 47 38 30 24 23 26 33 43 53 62 67 67 63 57 49 42 39 39 43 5025 9 5ZA 1 2 621436 6899999999999999 749 232027 3899999999999999
 58 65 67 63 55 44 32 24 18 19 24 34 47 59 68 71 68 60 51 41 34 31 34 4125 9 6ZA 153 671459 7199999999999999 829 1821 3 3199999999999999
 52 62 69 70 63 52 39 27 18 14 17 26 39 54 66 73 73 65 54 42 32 25 24 3025 9 7ZA 236 711524 7499999999999999 9 7 142138 2499999999999999
 42 55 67 73 71 61 47 34 22 15 13 19 32 47 62 73 76 71 59 46 33 23 18 2025 9 8ZA 317 741552 7699999999999999 942 132213 1899999999999999
 30 44 59 71 75 70 57 42 30 20 14 16 26 40 56 70 77 76 66 51 37 25 16 1325 9 9ZA 357 751621 78999999999999991017 142248 1399999999999999
 20 33 49 63 73 74 66 52 38 27 20 17 22 35 50 65 75 79 72 59 43 30 19 1225 910ZA 437 751651 79999999999999991052 172324 1299999999999999
 13 23 38 53 66 73 71 61 48 36 28 22 23 31 45 59 71 78 76 66 51 37 25 1725 911ZA 518 741722 78999999999999991126 22999999999999999999999
 13 17 28 43 56 66 71 66 56 45 36 31 28 31 41 54 65 73 76 71 60 46 33 2425 912ZA 6 1 711754 7699999999999999 0 1 1312 0 2899999999999999
 18 17 23 34 46 57 64 66 61 53 44 39 36 35 40 49 60 68 72 72 66 54 42 3325 913ZA 647 661827 7399999999999999 041 171234 3599999999999999
 27 23 23 28 37 47 55 61 61 57 51 46 43 42 43 47 54 61 66 69 67 60 51 4325 914ZA 740 6219 4 6999999999999999 129 221315 4299999999999999
 36 32 28 28 32 38 45 52 56 58 56 53 50 49 48 48 51 55 59 62 63 62 57 5125 915ZA 852 581953 6399999999999999 235 281427 4899999999999999
 46 41 37 33 31 32 36 42 48 53 56 56 56 56 54 52 51 51 52 55 57 58 58 5725 916ZA11 2 562135 5899999999999999 4 6 311632 5099999999999999
 54 50 46 40 34 30 30 33 38 44 51 56 60 61 60 58 53 49 47 47 49 52 55 5825 917ZA13 7 61999999999999999999999 540 291828 4799999999999999
 59 58 55 49 41 33 27 26 29 35 43 52 60 64 65 63 57 51 44 41 40 43 48 5425 918ZA 011 591343 6599999999999999 650 261935 4099999999999999
 59 63 62 57 49 39 29 23 22 26 35 45 56 65 69 67 62 54 45 37 33 34 39 4725 919ZA 122 631414 6999999999999999 742 212019 3399999999999999
 55 63 67 64 56 46 34 25 19 19 26 37 50 62 70 71 66 57 47 37 29 26 30 3825 920ZA 2 7 671443 7299999999999999 825 182057 2699999999999999
 49 59 67 69 64 53 41 29 20 17 20 30 43 57 68 74 71 62 50 38 28 22 22 2925 921ZA 246 691511 7499999999999999 9 3 172131 2199999999999999
 40 53 64 70 69 60 48 36 25 18 17 24 37 51 64 73 74 67 54 41 30 21 17 2125 922ZA 322 711538 7599999999999999 938 1722 3 1799999999999999
 31 45 58 67 71 66 55 42 31 23 19 21 32 46 60 71 75 71 60 45 32 22 16 1625 923ZA 356 7116 4 75999999999999991010 182233 1599999999999999
 23 36 50 62 69 69 61 49 38 29 23 22 28 41 55 67 74 74 65 51 37 26 18 1525 924ZA 429 701627 75999999999999991040 2223 1 1599999999999999
 18 29 43 56 65 69 65 56 44 35 29 26 28 37 50 63 71 74 69 57 43 30 22 1725 925ZA 5 0 691650 749999999999999911 7 262326 1699999999999999
 17 24 36 49 60 66 66 60 50 41 35 31 31 36 46 58 68 72 70 62 49 36 27 2125 926ZA 530 671714 72999999999999991131 302350 2099999999999999
 20 23 32 43 54 61 64 62 55 47 40 36 35 37 44 53 63 69 70 64 54 43 33 2625 927ZA 6 2 641739 70999999999999991154 35999999999999999999999
 23 24 30 38 47 55 60 60 57 51 45 42 40 41 44 50 58 64 67 65 58 48 39 3225 928ZA 637 6118 7 6799999999999999 015 231216 4099999999999999
 28 27 30 35 41 48 54 57 56 53 49 46 45 45 46 49 54 58 62 62 59 52 45 3825 929ZA 722 571840 6299999999999999 045 271242 4599999999999999
 34 31 31 33 37 41 46 51 53 53 52 50 49 49 49 49 51 53 56 58 57 54 49 4425 930ZA 833 531923 5899999999999999 135 311344 4999999999999999
 40 36 34 33 34 35 39 43 47 50 52 53 53 53 52 51 50 49 50 51 53 53 52 492510 1ZA1244 532048 5399999999999999 318 331653 4999999999999999
 46 43 39 35 32 31 31 34 39 44 49 53 56 57 56 54 50 47 44 44 46 49 51 522510 2ZA1312 5723 8 5399999999999999 514 311834 4499999999999999
 52 49 46 40 34 29 26 27 30 36 44 51 57 60 60 57 52 45 40 37 38 41 47 522510 3ZA1332 60999999999999999999999 623 261920 3799999999999999
 56 56 53 47 39 31 24 21 22 28 37 47 56 62 64 61 55 46 37 31 29 32 38 472510 4ZA 040 571353 6499999999999999 712 211956 2999999999999999
 55 61 61 56 47 36 26 19 17 21 29 41 53 63 68 67 59 49 38 28 22 22 28 382510 5ZA 134 621418 6899999999999999 752 172031 2199999999999999
 50 61 66 65 56 44 32 22 16 16 23 34 48 61 70 72 66 54 41 28 18 14 17 272510 6ZA 218 671445 7299999999999999 831 1521 6 1499999999999999
 41 55 66 71 66 55 41 29 20 15 18 28 42 57 69 75 73 62 46 32 19 10  9 162510 7ZA 3 0 711515 7699999999999999 9 8 152142  899999999999999
 29 46 61 71 72 65 51 38 27 20 18 24 36 51 65 75 78 70 55 38 24 12  6  82510 8ZA 340 731545 7899999999999999 946 172219  599999999999999
 18 34 51 65 73 71 61 47 35 27 22 23 32 46 60 72 78 76 64 47 31 18  9  52510 9ZA 421 731617 79999999999999991022 212257  599999999999999
 10 23 40 55 67 72 67 56 44 35 29 26 30 40 54 67 75 78 71 57 41 27 16 10251010ZA 5 1 721649 78999999999999991059 262337  899999999999999
  9 16 30 45 58 66 68 62 52 42 36 32 32 37 48 60 69 74 73 65 51 37 26 18251011ZA 544 691723 75999999999999991137 31999999999999999999999
 13 15 23 35 47 57 63 63 57 49 43 39 37 38 44 53 62 68 70 67 58 46 35 28251012ZA 631 641757 7099999999999999 019 131217 3799999999999999
 22 19 21 28 38 47 54 59 58 54 49 45 43 42 43 47 54 60 63 63 60 53 44 37251013ZA 726 591837 6499999999999999 1 9 1913 8 4299999999999999
 32 27 25 26 31 38 45 51 54 55 53 50 48 47 45 45 48 51 54 56 56 54 50 45251014ZA 839 551937 5799999999999999 215 251432 4599999999999999
 40 36 32 29 28 31 35 41 47 52 54 54 53 52 50 47 44 44 46 47 49 51 51 50251015ZA1032 542144 5199999999999999 344 281638 4499999999999999
 48 45 40 35 30 27 28 32 38 45 51 55 57 56 54 50 45 40 38 39 41 44 48 51251016ZA1216 57999999999999999999999 515 271818 3899999999999999
 53 52 48 42 35 28 24 25 30 37 45 53 58 60 58 54 47 40 34 31 32 36 42 49251017ZA 0 4 5313 1 6099999999999999 621 241911 3199999999999999
 54 56 55 50 42 33 25 21 23 30 39 48 57 62 63 58 51 41 32 26 24 27 34 43251018ZA 1 9 571335 6399999999999999 711 211950 2499999999999999
 52 58 60 57 49 39 29 22 19 23 32 43 54 62 66 63 55 44 34 24 19 19 26 36251019ZA 152 6014 6 6699999999999999 752 192025 1899999999999999
 46 56 63 62 56 46 35 26 20 20 27 38 49 60 67 67 60 49 36 25 17 14 18 28251020ZA 230 631434 6899999999999999 830 192058 1499999999999999
 40 52 61 66 62 53 41 31 24 20 23 32 45 57 66 70 66 55 41 28 18 12 12 20251021ZA 3 4 6615 1 7099999999999999 9 5 202130 1199999999999999
 32 46 58 66 66 60 48 37 29 23 22 29 40 53 64 70 70 61 47 33 21 14 11 14251022ZA 337 671526 7199999999999999 938 222159 1199999999999999
 25 39 52 63 67 64 55 44 34 28 25 27 36 49 61 69 71 66 54 39 26 17 12 12251023ZA 4 8 671550 729999999999999910 8 252227 1199999999999999
 19 32 46 58 65 66 60 50 40 33 29 28 34 44 56 66 71 69 60 46 32 21 15 13251024ZA 437 661614 71999999999999991036 282252 1399999999999999
 17 26 39 52 61 65 62 55 45 38 33 31 33 41 51 61 68 69 63 52 38 27 19 16251025ZA 5 7 651639 709999999999999911 2 312318 1599999999999999
 17 23 33 45 55 61 62 57 50 43 37 35 35 39 47 56 64 67 65 56 44 33 24 19251026ZA 538 6217 7 67999999999999991128 342345 1899999999999999
 18 22 29 38 48 55 58 57 52 46 41 38 37 39 44 51 57 62 63 58 49 39 30 24251027ZA 613 591737 63999999999999991157 37999999999999999999999
 21 22 26 33 41 48 53 55 53 49 45 42 40 40 42 46 51 56 58 57 52 44 36 29251028ZA 659 551813 5899999999999999 018 211234 4099999999999999
 26 24 25 29 34 40 46 50 51 50 47 45 44 43 42 43 46 49 51 53 51 47 41 35251029ZA 8 2 5119 4 5399999999999999 1 4 241345 4299999999999999
 31 28 26 27 29 33 37 42 47 49 49 48 47 46 44 42 41 42 44 46 48 48 46 42251030ZA 935 492033 4899999999999999 222 2616 1 4199999999999999
 37 34 30 27 26 27 30 34 40 46 49 51 51 49 46 43 39 36 36 38 41 45 47 47251031ZA1120 512230 4799999999999999 411 261741 3699999999999999
 45 41 37 31 27 24 24 27 33 40 47 52 54 54 50 45 39 33 29 29 32 38 44 492511 1ZA1216 54999999999999999999999 530 231833 2899999999999999
 51 50 45 39 31 25 21 21 26 34 43 51 57 58 56 50 41 32 24 21 22 28 37 462511 2ZA 0 6 511254 5899999999999999 625 201914 2099999999999999
 53 56 55 48 39 30 22 19 21 27 37 48 57 63 62 56 46 34 23 15 13 17 27 382511 3ZA 1 8 571329 6399999999999999 711 191953 1399999999999999
 50 59 62 58 49 38 28 21 19 22 32 43 55 64 68 65 54 40 26 15  8  8 15 282511 4ZA 157 6214 4 6899999999999999 753 182032  799999999999999
 42 55 65 66 59 48 36 27 21 20 27 38 51 63 71 72 64 49 33 19  8  3  6 162511 5ZA 241 671439 7299999999999999 834 202112  399999999999999
 31 47 61 69 67 58 45 34 26 22 24 32 45 58 69 75 72 60 43 27 14  4  1  72511 6ZA 323 691514 7599999999999999 916 222154  199999999999999
 20 36 52 64 70 66 55 43 34 27 25 29 39 52 65 73 76 69 55 37 22 11  3  32511 7ZA 4 5 701550 7699999999999999 958 252236  299999999999999
 11 25 41 55 66 68 62 51 41 34 29 28 34 45 57 68 74 73 64 48 32 20 11  52511 8ZA 447 681626 75999999999999991041 282320  599999999999999
  7 16 30 45 57 64 64 57 48 40 34 31 32 38 49 60 67 71 68 57 43 30 20 132511 9ZA 531 6517 4 71999999999999991125 31999999999999999999999
 10 12 22 34 46 56 61 60 53 45 40 36 33 35 41 50 58 64 65 60 51 39 29 22251110ZA 618 611745 6599999999999999 0 6  91213 3399999999999999
 17 15 18 27 37 46 53 57 55 50 44 40 37 35 37 42 49 54 57 57 53 46 38 31251111ZA 711 571833 5899999999999999 055 1513 9 3599999999999999
 26 21 20 23 29 37 44 50 53 52 49 45 42 39 36 37 40 44 48 50 51 48 43 38251112ZA 814 531940 5199999999999999 154 201424 3699999999999999
 34 29 25 23 25 29 36 42 48 51 51 49 46 43 39 36 34 35 38 41 44 46 46 44251113ZA 928 512124 4699999999999999 3 8 2316 2 3499999999999999
 40 37 32 28 25 25 28 34 41 47 50 51 50 47 43 38 33 30 30 32 36 41 44 46251114ZA1047 512322 4699999999999999 429 241729 2999999999999999
 46 44 40 34 29 24 24 28 34 41 47 52 53 51 47 41 34 28 24 24 28 34 40 45251115ZA1153 53999999999999999999999 536 241827 2499999999999999
 49 49 47 41 34 28 23 23 28 35 43 50 54 55 52 45 37 29 22 19 20 26 34 42251116ZA 040 501242 5599999999999999 630 231910 1999999999999999
 49 53 53 49 41 33 26 22 24 30 39 47 54 58 57 51 42 32 23 16 15 19 27 37251117ZA 129 541321 5899999999999999 715 221948 1499999999999999
 46 54 57 55 49 40 31 25 23 26 34 43 52 59 61 57 48 37 26 17 12 13 19 30251118ZA 210 571355 6199999999999999 756 232024 1199999999999999
 41 52 59 60 56 47 37 29 25 24 30 39 50 58 63 63 55 43 30 20 12 10 13 23251119ZA 245 611425 6499999999999999 834 242058 1099999999999999
 35 47 57 62 61 53 44 35 28 25 27 35 45 56 63 66 61 51 37 24 15 10 10 16251120ZA 318 631454 6699999999999999 9 9 252130  999999999999999
 28 41 53 61 63 59 50 40 33 28 27 31 41 52 62 67 66 57 44 30 19 12  9 12251121ZA 350 631521 6799999999999999 943 2722 1  999999999999999
 21 34 47 57 63 61 55 45 37 31 28 30 36 46 57 65 67 62 51 37 24 15 11 10251122ZA 420 631549 67999999999999991015 282231 1099999999999999
 16 27 40 51 59 61 57 50 41 35 31 30 33 41 51 61 66 64 56 43 30 20 13 11251123ZA 450 611619 66999999999999991047 2923 2 1199999999999999
 13 21 32 44 54 59 58 52 45 38 33 30 31 36 45 54 61 63 59 49 36 25 17 13251124ZA 523 591651 63999999999999991121 302334 1299999999999999
 13 17 26 36 46 54 56 54 48 41 36 32 31 33 39 47 54 58 58 52 42 31 22 17251125ZA 6 0 561727 59999999999999991158 31999999999999999999999
 14 15 21 30 39 47 52 53 50 44 39 35 32 32 34 40 46 51 54 52 46 37 28 21251126ZA 643 531810 5499999999999999 010 141241 3199999999999999
 17 16 18 24 31 39 46 50 50 47 42 38 34 32 32 34 38 43 47 49 47 42 35 28251127ZA 735 5019 6 4999999999999999 053 161339 3299999999999999
 23 19 19 21 25 32 38 44 48 48 46 42 38 34 32 30 31 35 39 43 45 45 41 35251128ZA 834 492021 4599999999999999 150 1915 1 3099999999999999
 30 25 22 21 22 26 31 38 44 48 48 46 42 38 34 29 27 27 30 34 39 43 44 42251129ZA 939 492151 4499999999999999 3 7 211630 2799999999999999
 38 33 29 25 22 22 26 32 39 45 49 50 48 43 38 31 26 22 21 24 31 38 44 47251130ZA1043 502323 4799999999999999 428 221737 2199999999999999
 46 43 38 32 26 23 22 26 33 41 48 53 53 50 44 36 28 20 15 15 20 29 38 462512 1ZA1143 54999999999999999999999 534 221829 1599999999999999
 51 51 48 41 34 27 23 23 28 36 45 52 57 58 53 44 34 23 14  9 10 18 28 402512 2ZA 039 521237 5899999999999999 628 231917  999999999999999
 49 56 56 52 43 35 28 24 25 31 40 50 58 63 62 55 43 29 17  8  4  7 17 302512 3ZA 137 571325 6399999999999999 718 2420 4  499999999999999
 43 54 61 60 53 43 34 28 25 27 35 45 55 63 67 65 54 39 25 12  4  1  6 182512 4ZA 227 611410 6899999999999999 8 7 252051  199999999999999
 32 46 58 64 62 53 42 34 28 26 29 38 49 60 68 71 65 52 35 20  9  1  0  72512 5ZA 312 641453 7199999999999999 857 262138  099999999999999
 20 36 50 62 65 60 50 41 33 28 26 31 41 53 63 70 71 62 47 31 17  7  0  12512 6ZA 355 651535 7299999999999999 947 262225  099999999999999
 10 24 40 54 63 64 57 47 39 32 27 27 33 44 55 64 70 68 57 42 27 16  6  22512 7ZA 438 651616 70999999999999991036 262311  299999999999999
  4 15 29 43 55 62 61 53 44 36 30 26 27 34 45 55 63 66 62 51 37 25 15  82512 8ZA 521 631659 66999999999999991124 262356  599999999999999
  5  9 20 33 46 55 60 57 49 41 34 29 26 27 35 45 53 59 60 55 45 33 23 162512 9ZA 6 5 601743 60999999999999991212 25999999999999999999999
 10  9 15 25 36 47 54 56 52 45 38 32 27 25 28 34 42 49 53 53 48 40 31 24251210ZA 651 561832 5499999999999999 041  913 2 2599999999999999
 18 14 14 20 29 38 47 52 53 49 42 36 31 27 25 27 33 39 44 47 47 43 37 31251211ZA 739 531931 4899999999999999 128 131358 2599999999999999
 25 21 18 19 24 31 39 46 50 50 46 40 35 30 26 24 26 30 35 39 42 43 41 37251212ZA 829 502044 4399999999999999 222 1815 6 2499999999999999
 32 28 24 22 22 26 32 39 45 48 48 44 39 34 30 25 23 23 26 31 36 40 42 41251213ZA 922 482214 4299999999999999 327 221623 2399999999999999
 39 35 32 28 25 24 27 33 40 45 48 47 44 40 34 29 24 20 20 24 29 35 39 42251214ZA1021 482353 4399999999999999 438 241731 2099999999999999
 43 42 39 35 30 26 25 29 35 41 46 48 48 45 40 34 27 21 17 18 22 28 35 41251215ZA1127 49999999999999999999999 541 251826 1799999999999999
 46 47 46 42 36 31 27 26 30 36 43 48 51 50 47 40 32 24 17 14 16 21 29 38251216ZA 1 5 471228 5199999999999999 636 261912 1499999999999999
 45 50 52 49 43 37 31 27 27 32 39 46 51 54 53 48 39 29 20 14 12 15 22 32251217ZA 154 521317 5499999999999999 725 271955 1299999999999999
 41 49 55 55 50 43 36 30 27 29 35 42 50 56 58 55 46 35 24 16 11 10 15 24251218ZA 233 551357 5899999999999999 810 272035 1099999999999999
 35 46 54 58 56 49 41 34 29 28 31 38 47 55 60 60 54 43 30 19 12  8 10 17251219ZA 3 8 581431 6199999999999999 852 272113  899999999999999
 28 40 51 58 59 54 46 38 32 28 28 32 41 51 59 62 59 50 37 24 14  8  7 11251220ZA 340 5915 4 6299999999999999 931 272149  699999999999999
 20 32 45 55 59 57 50 42 34 29 26 28 35 45 55 62 62 56 44 30 19 10  6  6251221ZA 411 591537 639999999999999910 9 262223  599999999999999
 13 24 37 49 57 58 54 46 37 31 26 25 29 37 48 57 62 59 50 37 24 14  7  5251222ZA 442 591611 62999999999999991045 252256  599999999999999
  8 17 29 42 52 57 55 49 41 33 27 23 24 30 40 50 57 59 54 43 30 19 10  5251223ZA 514 571647 59999999999999991121 232330  599999999999999
  6 11 22 34 46 53 55 51 44 36 29 23 21 24 31 41 50 55 55 48 37 25 15  9251224ZA 548 551727 56999999999999991158 21999999999999999999999
  6  8 16 27 38 48 53 52 47 39 31 25 21 20 24 32 41 48 52 50 42 32 22 14251225ZA 626 531811 5299999999999999 0 4  61238 2099999999999999
  9  9 13 21 31 41 48 52 49 43 35 28 23 19 20 25 32 39 45 48 46 38 29 21251226ZA 7 6 5219 3 4899999999999999 041  81323 1999999999999999
 15 12 13 18 25 34 43 48 50 47 40 32 26 21 19 20 24 30 37 43 45 43 37 29251227ZA 749 5020 3 4599999999999999 123 121418 1999999999999999
 23 19 17 18 22 29 37 44 48 49 45 38 31 26 21 18 18 22 28 34 40 43 42 38251228ZA 836 492115 4399999999999999 216 171528 1899999999999999
 32 27 24 22 22 26 32 39 45 49 49 45 39 32 26 20 17 16 19 25 32 39 43 43251229ZA 928 492240 4499999999999999 324 211644 1699999999999999
 41 37 33 29 26 25 28 34 41 47 50 50 47 41 34 26 19 14 12 15 22 30 38 44251230ZA1031 50999999999999999999999 440 251751 1299999999999999
 46 46 42 38 33 29 28 31 36 43 48 52 53 50 44 35 26 17 10  8 12 20 29 38251231ZA 015 471145 5399999999999999 550 281851  899999999999999
