 30 32 33 32 29 24 18 12  7  2  0  0  3  8 13 17 21 23 24 23 23 23 24 2525 1 1ZB 154 339999999999999999999991027  0999999999999999999999
 27 30 32 32 30 27 22 15  9  4  0 -1  0  3  8 13 17 20 21 22 21 21 21 2225 1 2ZB 243 321835 229999999999999911 8 -12110 2199999999999999
 23 26 28 30 30 28 24 19 12  6  2 -1 -2  0  4  9 14 17 19 20 19 18 18 1825 1 3ZB 331 3119 2 20999999999999991150 -22210 1899999999999999
 19 21 23 26 28 28 25 21 16 10  5  1 -1 -1  1  6 10 14 17 18 18 17 16 1525 1 4ZB 420 281927 18999999999999991230 -12325 1599999999999999
 15 16 18 21 23 25 24 22 18 13  8  4  2  1  1  4  8 12 15 17 17 17 15 1325 1 5ZB 513 251951 179999999999999913 9  1999999999999999999999
 12 12 13 14 17 19 21 20 19 16 12  9  6  5  4  5  8 12 15 17 18 17 16 1325 1 6ZB 618 212012 1899999999999999 056 121345  499999999999999
 11 10  9  9 11 13 15 17 17 16 15 13 10  9  9  9 10 13 15 18 19 19 18 1625 1 7ZB 750 172034 1999999999999999 221  91412  999999999999999
 13 10  8  7  6  7  9 12 14 15 15 15 14 13 13 13 14 15 17 19 21 22 21 1925 1 8ZB10 1 1521 1 2299999999999999 343  61412 1399999999999999
 16 13  9  7  4  4  4  6  9 11 14 15 16 17 17 17 18 19 20 22 23 24 25 2325 1 9ZB2139 25999999999999999999999 5 4  4999999999999999999999
 21 17 13  9  6  3  2  2  4  7 10 14 16 18 19 20 21 22 22 23 25 26 27 2725 110ZB2229 27999999999999999999999 618  2999999999999999999999
 26 23 19 14  9  5  2  0  0  3  6 10 14 18 20 22 22 23 24 25 26 27 28 3025 111ZB2328 30999999999999999999999 723  0999999999999999999999
 30 28 25 20 15  9  4  1 -1 -1  2  6 11 16 19 21 23 24 24 25 25 26 28 3025 112ZB9999999999999999999999999999 819 -1999999999999999999999
 31 31 29 26 21 15  9  4  0 -2 -1  2  7 12 17 20 22 23 23 24 24 25 26 2825 113ZB 031 31999999999999999999999 910 -2999999999999999999999
 30 32 32 30 26 20 14  7  2 -1 -2 -1  3  8 14 18 20 22 22 22 22 22 23 2425 114ZB 130 32999999999999999999999 956 -2999999999999999999999
 27 29 31 31 28 24 18 11  5  1 -2 -2  0  5 10 14 18 20 21 20 20 20 20 2125 115ZB 223 3118 2 21999999999999991038 -32050 2099999999999999
 23 25 28 29 28 26 21 15  9  3 -1 -2 -2  1  6 11 15 18 19 19 18 17 17 1725 116ZB 310 291820 19999999999999991116 -32153 1799999999999999
 18 20 23 26 26 25 22 17 11  6  1 -1 -2  0  4  8 12 15 17 17 16 15 14 1425 117ZB 352 261839 17999999999999991149 -22255 1499999999999999
 14 16 18 21 22 22 21 18 13  8  4  1  0  0  3  6 10 13 15 16 15 14 12 1225 118ZB 433 231857 16999999999999991217 -12356 1199999999999999
 11 12 13 16 18 19 18 17 14 10  6  3  2  2  3  6 10 12 14 15 15 13 12 1025 119ZB 514 191911 15999999999999991237  2999999999999999999999
  9  9 10 11 13 15 15 15 13 11  8  6  5  4  5  7 10 13 14 15 15 14 12 1025 120ZB 6 1 151920 1599999999999999 055  91246  499999999999999
  9  8  7  8  9 11 12 12 12 11  9  8  7  7  8  9 12 14 16 16 16 15 14 1125 121ZB 710 121926 1699999999999999 157  71234  799999999999999
  9  8  7  6  6  7  8  9 10 10 10 10 10 10 11 12 14 16 17 18 18 18 16 1425 122ZB1934 18999999999999999999999 3 5  6999999999999999999999
 11  9  7  6  5  5  6  7  8  9 10 11 12 13 14 15 16 18 19 20 20 20 19 1725 123ZB1953 20999999999999999999999 421  5999999999999999999999
 14 12  9  7  5  4  4  5  6  8 10 11 13 14 16 17 18 19 21 22 22 22 22 2025 124ZB2029 22999999999999999999999 537  4999999999999999999999
 18 15 12  9  7  4  3  3  4  6  8 11 13 15 17 18 19 20 21 22 23 24 24 2325 125ZB2125 24999999999999999999999 638  3999999999999999999999
 21 19 16 12  9  6  3  2  2  3  6  9 12 15 17 19 20 21 21 22 23 24 25 2525 126ZB2241 25999999999999999999999 727  2999999999999999999999
 24 22 20 16 12  8  4  1  0  0  3  6 10 13 16 18 19 20 21 21 22 23 24 2525 127ZB2355 26999999999999999999999 812  0999999999999999999999
 26 25 23 19 15 10  5  1 -2 -2 -1  2  6 11 14 17 18 19 19 19 20 21 22 2425 128ZB9999999999999999999999999999 855 -2999999999999999999999
 26 26 25 23 19 13  8  2 -2 -4 -5 -2  2  7 11 14 17 17 17 17 17 17 18 2025 129ZB 059 261718 1799999999999999 936 -51940 1799999999999999
 23 25 26 25 22 17 11  5 -1 -5 -7 -6 -3  2  7 12 14 16 15 15 14 14 14 1625 130ZB 155 261723 16999999999999991016 -72044 1399999999999999
 18 22 24 25 23 20 14  8  2 -3 -7 -8 -6 -2  4  9 12 14 14 13 11 10 10 1125 131ZB 247 251738 14999999999999991055 -82145 1099999999999999
 13 16 20 23 23 21 17 12  5  0 -4 -7 -7 -4  1  6 10 12 13 12 10  8  6  625 2 1ZB 339 231755 13999999999999991131 -72248  699999999999999
  7 10 14 18 20 20 18 15  9  4 -1 -3 -5 -4  0  5  9 12 13 13 10  8  5  325 2 2ZB 434 211813 139999999999999912 6 -52352  399999999999999
  3  4  7 11 15 17 17 16 12  8  4  1 -1 -1  1  5  9 12 14 14 12  9  6  325 2 3ZB 536 171832 14999999999999991236 -1999999999999999999999
  1  1  2  4  8 12 14 14 13 11  8  6  4  4  5  7 10 13 15 16 15 12  9  525 2 4ZB 651 141852 1699999999999999 056  11255  499999999999999
  2  0 -1  0  2  6  8 10 11 11 11  9  9  9  9 10 12 15 17 18 18 16 13 1025 2 5ZB 829 121919 1899999999999999 2 4 -11238  999999999999999
  6  2  0 -1 -1  1  3  6  8 10 11 11 12 12 13 14 15 17 19 20 20 20 18 1525 2 6ZB1955 20999999999999999999999 322 -1999999999999999999999
 11  7  4  1 -1 -2 -1  1  4  6  9 11 13 14 15 17 18 19 20 21 22 22 21 2025 2 7ZB2047 22999999999999999999999 451 -2999999999999999999999
 17 13  9  5  1 -1 -2 -2  0  2  6  9 12 14 16 18 19 20 20 21 22 23 23 2325 2 8ZB22 3 23999999999999999999999 618 -2999999999999999999999
 21 18 15 10  6  2 -1 -3 -3 -1  2  6 10 13 15 17 18 19 20 20 21 22 23 2425 2 9ZB2327 24999999999999999999999 727 -3999999999999999999999
 24 22 20 16 11  6  1 -2 -4 -4 -1  2  7 11 14 16 17 18 18 18 18 19 21 2225 210ZB9999999999999999999999999999 822 -4999999999999999999999
 24 24 23 20 15 10  4  0 -4 -5 -4 -1  3  8 11 14 16 16 16 16 16 16 17 1925 211ZB 038 24999999999999999999999 9 8 -5999999999999999999999
 21 23 23 22 18 13  8  2 -2 -5 -6 -4  0  5  9 12 14 14 14 13 12 12 13 1525 212ZB 136 231655 1499999999999999 947 -62046 1299999999999999
 17 20 22 22 20 16 10  5 -1 -4 -6 -6 -3  2  6 10 12 13 12 11 10  9  9 1025 213ZB 226 2217 3 13999999999999991021 -62134  999999999999999
 12 16 18 20 19 17 12  7  2 -3 -5 -6 -4  0  4  8 10 12 11 10  8  6  6  625 214ZB 310 201714 12999999999999991050 -62217  699999999999999
  7 10 14 16 17 16 13  9  4 -1 -3 -5 -4 -1  3  7  9 11 11  9  7  5  3  325 215ZB 353 171726 11999999999999991114 -52258  399999999999999
  4  6  9 12 14 14 13 10  6  2 -1 -3 -3 -1  3  6  9 11 11  9  7  4  2  125 216ZB 437 141735 11999999999999991133 -32338  199999999999999
  1  2  5  8 10 12 11 10  7  4  2  0  0  1  4  7 10 11 11 10  8  5  2  125 217ZB 525 121741 12999999999999991144  0999999999999999999999
  0  0  2  4  7  9 10  9  8  6  4  3  3  4  6  8 11 13 13 12 10  7  4  225 218ZB 621 101745 1399999999999999 021  01139  399999999999999
  0 -1  0  2  4  6  7  8  8  8  7  6  6  7  8 11 13 14 15 14 12 10  7  425 219ZB 733  81752 1599999999999999 1 6 -11113  699999999999999
  2  0  0  0  2  4  5  6  7  8  8  8  9 10 11 13 15 16 17 16 15 13 10  725 220ZB18 5 17999999999999999999999 2 0  0999999999999999999999
  4  2  1  0  1  2  3  5  6  7  8  9 10 12 13 14 16 17 18 18 17 16 13 1025 221ZB1828 18999999999999999999999 3 8  0999999999999999999999
  8  5  3  1  1  0  1  2  4  6  8  9 11 12 14 15 17 18 19 19 19 18 16 1425 222ZB19 3 19999999999999999999999 434  0999999999999999999999
 11  8  6  3  1  0 -1  0  1  3  6  8 10 12 14 15 17 17 18 19 19 19 18 1725 223ZB20 4 19999999999999999999999 558 -1999999999999999999999
 14 12  9  6  3  0 -2 -3 -2  0  3  6  9 11 13 14 15 16 17 17 18 18 18 1825 224ZB22 6 18999999999999999999999 7 1 -3999999999999999999999
 17 15 12  8  5  1 -2 -4 -5 -4 -1  2  6  9 11 13 14 14 14 14 15 16 17 1825 225ZB2347 18999999999999999999999 751 -5999999999999999999999
 18 17 15 12  7  3 -2 -5 -7 -7 -6 -2  2  6  9 11 12 12 11 11 11 12 13 1625 226ZB1620 12999999999999999999999 835 -819 7 1199999999999999
 18 18 17 15 11  6  0 -4 -8-10 -9 -6 -1  3  7  9 10 10  8  7  7  7  8 1125 227ZB 057 181610 1099999999999999 916-102011  799999999999999
 14 17 18 17 14 10  4 -2 -7 -9-10 -9 -5  0  5  8  9  9  7  4  3  2  3  525 228ZB 158 181616  999999999999999 954-1021 7  299999999999999
  8 13 16 17 16 13  8  2 -3 -7 -9 -9 -6 -2  3  7  9  9  7  4  0 -2 -2 -225 3 1ZB 257 171628  9999999999999991030-1022 2 -299999999999999
  1  6 12 15 16 15 12  7  1 -3 -6 -7 -6 -2  3  7  9 10  8  5  1 -3 -5 -625 3 2ZB 358 161643 109999999999999911 4 -72255 -699999999999999
 -5 -1  5 10 13 14 13 10  6  2 -1 -3 -3 -1  3  8 11 12 11  8  3 -1 -5 -725 3 3ZB 5 2 1417 1 12999999999999991134 -32349 -899999999999999
 -8 -6 -2  3  8 11 12 12  9  6  4  2  2  3  5  9 12 14 14 12  8  3 -2 -625 3 4ZB 612 121724 14999999999999991155  2999999999999999999999
 -8 -9 -7 -3  2  6  9 10 10  9  7  6  6  7  8 11 14 16 16 15 13  8  3 -125 3 5ZB 729 101751 1699999999999999 046 -91148  699999999999999
 -5 -7 -8 -6 -3  0  4  7  8  9  9  9 10 10 11 13 15 17 18 18 16 13  9  525 3 6ZB1824 18999999999999999999999 149 -8999999999999999999999
  1 -3 -5 -6 -6 -4 -1  2  5  7  9 10 11 12 13 15 16 17 18 19 18 17 14 1125 3 7ZB19 6 19999999999999999999999 3 5 -6999999999999999999999
  7  3  0 -3 -5 -5 -4 -2  1  4  6  9 11 13 14 15 16 17 17 18 18 18 17 1525 3 8ZB2014 18999999999999999999999 440 -5999999999999999999999
 12  9  5  1 -2 -4 -5 -5 -3  0  3  6  9 11 13 14 15 15 16 16 17 17 18 1725 3 9ZB22 0 18999999999999999999999 611 -5999999999999999999999
 16 13 10  6  2 -2 -4 -6 -5 -3  0  3  7 10 12 13 13 13 13 13 14 14 16 1725 310ZB2336 17999999999999999999999 718 -6999999999999999999999
 17 16 13 10  6  1 -2 -5 -6 -6 -3  0  4  7 10 11 11 11 11 10 10 10 12 1425 311ZB1558 11999999999999999999999 8 9 -61948 1099999999999999
 16 16 15 12  9  4  0 -4 -6 -7 -5 -2  2  5  8  9 10  9  8  7  6  6  8 1025 312ZB 046 161546 1099999999999999 849 -72028  699999999999999
 13 14 15 13 11  6  2 -2 -5 -7 -7 -4  0  3  6  8  8  7  6  4  3  2  3  525 313ZB 142 151546  899999999999999 921 -721 3  299999999999999
  8 11 13 13 11  8  4  0 -4 -6 -7 -5 -2  2  5  7  8  7  5  2  0 -1 -1  125 314ZB 232 131552  899999999999999 949 -72136 -199999999999999
  4  7 10 12 11  9  6  2 -2 -4 -5 -5 -2  2  5  7  8  7  5  2 -1 -3 -4 -325 315ZB 320 121558  8999999999999991012 -522 9 -499999999999999
 -1  3  7  9 10 10  7  4  1 -2 -3 -3 -1  2  5  8  9  8  6  2 -1 -4 -5 -625 316ZB 4 8 1016 5  9999999999999991031 -32242 -699999999999999
 -4 -1  3  7  9  9  8  6  3  1  0 -1  0  3  6  9 10  9  8  4  0 -3 -5 -725 317ZB 457  91613 10999999999999991044 -12316 -799999999999999
 -6 -4  0  4  7  8  9  8  6  4  3  2  3  5  8 10 12 11 10  7  3 -1 -4 -625 318ZB 548  91621 12999999999999991048  22352 -799999999999999
 -7 -5 -3  1  4  7  8  8  7  6  5  5  6  7 10 12 13 13 12 10  6  2 -1 -425 319ZB 644  81632 14999999999999991034  5999999999999999999999
 -5 -5 -4 -1  2  5  7  8  8  8  8  8  8 10 11 13 15 15 14 12  9  6  2 -125 320ZB 752  81647 1599999999999999 031 -610 7  899999999999999
 -3 -4 -4 -2  0  3  5  6  8  8  9  9 10 11 13 14 16 16 16 14 12  9  5  225 321ZB17 6 16999999999999999999999 117 -4999999999999999999999
 -1 -2 -3 -3 -2  0  2  4  6  7  9 10 11 12 13 15 16 17 17 16 14 11  8  525 322ZB1731 17999999999999999999999 216 -3999999999999999999999
  2  0 -2 -3 -3 -2  0  1  3  5  7  9 10 12 13 14 15 16 16 16 15 13 11  825 323ZB18 6 16999999999999999999999 335 -3999999999999999999999
  5  3  0 -2 -3 -4 -3 -2  0  2  5  7  9 11 12 13 14 14 14 14 14 14 13 1125 324ZB1912 14999999999999999999999 5 5 -4999999999999999999999
  8  6  3  0 -3 -5 -6 -5 -4 -1  1  4  7  9 10 11 11 11 11 12 12 13 13 1225 325ZB2157 13999999999999999999999 618 -6999999999999999999999
 11  9  6  2 -1 -4 -6 -8 -7 -5 -2  1  5  7  8  9  8  8  8  8  8  9 11 1225 326ZB1510  92345 1299999999999999 714 -81833  799999999999999
 12 11  9  6  2 -2 -6 -8 -9 -8 -5 -1  2  5  7  7  6  5  4  3  3  4  6  925 327ZB1447  7999999999999999999999 8 1 -91928  399999999999999
 12 13 12  9  6  1 -3 -6 -8 -9 -7 -3  1  4  6  7  6  3  1 -1 -2 -2  0  425 328ZB 1 2 131446  799999999999999 843 -92018 -299999999999999
  8 11 13 12 10  6  1 -3 -6 -7 -7 -4  0  4  7  8  7  4  0 -4 -6 -7 -6 -325 329ZB 211 131455  899999999999999 921 -721 8 -799999999999999
  2  7 11 13 13 10  6  2 -2 -4 -5 -3  0  5  8 10  9  7  2 -3 -7-10-11-1025 330ZB 320 131511 1099999999999999 956 -52157-1199999999999999
 -5  1  7 11 13 13 11  7  3  1  0  0  2  6 10 12 13 11  6  1 -5-10-13-1325 331ZB 427 131534 13999999999999991027 -12247-1399999999999999
-11 -6  0  6 10 12 12 11  8  6  4  4  5  8 12 15 16 15 12  6  0 -6-10-1325 4 1ZB 533 1316 1 16999999999999991052  42339-1499999999999999
-14-11 -6  0  5  9 11 12 11  9  8  8  8 10 13 16 18 18 16 12  7  0 -5 -925 4 2ZB 641 121633 18999999999999991058  8999999999999999999999
-12-12-10 -5  0  5  8 10 11 11 11 11 11 12 14 16 19 19 19 17 13  7  2 -325 4 3ZB17 9 19999999999999999999999 034-12999999999999999999999
 -7-10-10 -8 -4  0  4  7  9 10 11 12 13 14 15 16 18 19 19 19 16 13  8  325 4 4ZB1751 19999999999999999999999 136-10999999999999999999999
 -1 -4 -7 -7 -6 -4 -1  3  6  8 10 11 13 14 15 16 16 17 18 18 17 15 13  925 4 5ZB1842 18999999999999999999999 251 -7999999999999999999999
  5  1 -2 -4 -5 -5 -4 -1  2  5  7 10 11 13 14 14 14 15 15 15 16 15 14 1225 4 6ZB20 3 16999999999999999999999 419 -6999999999999999999999
 10  6  3  0 -3 -5 -5 -4 -1  2  5  7 10 11 12 12 12 12 12 12 12 13 13 1325 4 7ZB15 5 1222 1 1399999999999999 541 -51811 1299999999999999
 12  9  7  3  0 -3 -4 -5 -4 -1  2  5  7  9 10 10 10  9  8  8  8  9 11 1225 4 8ZB1439 102339 1299999999999999 644 -519 7  899999999999999
 12 11  9  6  3  0 -3 -4 -4 -3  0  3  6  8  9  9  8  6  5  4  4  5  7  925 4 9ZB1426  9999999999999999999999 731 -51946  499999999999999
 10 10 10  8  5  2 -1 -3 -4 -3 -1  2  5  7  8  8  6  4  3  1  0  0  2  525 410ZB 051 101422  899999999999999 8 7 -42018  099999999999999
  7  9 10  9  7  4  1 -1 -3 -3 -1  1  4  7  8  8  6  4  1 -1 -3 -3 -2  125 411ZB 153 101422  899999999999999 836 -32048 -399999999999999
  4  7  9  9  8  6  3  1 -1 -1  0  2  5  7  9  9  7  4  1 -2 -4 -6 -5 -325 412ZB 248  91425  999999999999999 859 -12118 -699999999999999
  1  5  7  9  9  8  6  3  2  1  1  3  6  9 10 10  9  6  2 -2 -5 -7 -7 -625 413ZB 340  91434 1099999999999999 918  12148 -799999999999999
 -3  2  6  8 10 10  8  6  5  4  4  5  7 10 12 12 11  9  5  1 -4 -6 -8 -825 414ZB 429 101447 1299999999999999 933  42220 -899999999999999
 -5 -1  4  7 10 11 10  9  8  7  7  7  9 12 14 15 14 12  8  4 -1 -5 -7 -825 415ZB 517 1115 3 1599999999999999 942  62254 -899999999999999
 -6 -3  1  5  9 11 12 11 10  9  9 10 11 13 15 17 16 15 12  8  3 -2 -5 -725 416ZB 6 5 121521 1799999999999999 942  92330 -799999999999999
 -6 -4 -1  3  7 10 11 12 12 11 11 12 13 14 16 18 18 17 15 11  6  2 -2 -425 417ZB 658 121542 1899999999999999 931 11999999999999999999999
 -5 -5 -2  1  5  8 10 12 12 12 12 13 14 15 17 18 19 18 17 14 10  5  1 -225 418ZB16 6 19999999999999999999999 0 8 -5999999999999999999999
 -4 -4 -3 -1  2  5  8 10 11 12 12 13 14 15 16 18 19 19 18 15 12  8  4  125 419ZB1633 19999999999999999999999 053 -4999999999999999999999
 -2 -3 -3 -3  0  2  5  7  9 11 12 13 14 15 16 17 17 18 17 16 14 11  7  425 420ZB17 5 18999999999999999999999 147 -3999999999999999999999
  1 -1 -3 -3 -3 -1  1  4  6  8 10 11 12 13 14 15 15 16 16 16 14 12 10  725 421ZB1753 16999999999999999999999 255 -3999999999999999999999
  4  1 -1 -3 -4 -3 -2  0  3  5  8  9 11 11 12 12 12 13 13 13 13 13 11  925 422ZB1933 13999999999999999999999 412 -4999999999999999999999
  7  4  1 -1 -3 -4 -4 -3  0  2  5  7  9 10 10  9  9  9  9  9 10 11 11 1125 423ZB1339 1022 5 1199999999999999 521 -41731  999999999999999
 10  7  4  2 -1 -3 -4 -4 -2  0  3  6  8  9  8  7  6  5  4  4  5  7  9 1125 424ZB13 9  92350 1199999999999999 620 -41827  499999999999999
 11 10  8  6  3  0 -2 -3 -3  0  3  6  8  9  9  7  4  2  0 -1 -1  1  4  825 425ZB13 7  9999999999999999999999 710 -31917 -199999999999999
 11 12 12 10  7  4  2  0 -1  0  3  7 10 11 11  9  5  1 -2 -5 -6 -5 -2  325 426ZB 117 121318 1199999999999999 755 -120 6 -699999999999999
  8 11 13 14 12  9  7  4  3  3  5  8 11 14 14 12  9  4 -1 -6 -9-10 -8 -425 427ZB 237 141338 1499999999999999 834  32056-1099999999999999
  2  8 12 15 15 14 12  9  8  7  8 10 13 17 18 17 14  9  3 -3 -8-11-12-1025 428ZB 348 1514 7 1899999999999999 9 7  72146-1299999999999999
 -4  2  8 13 16 16 15 13 12 11 11 12 15 18 21 21 20 16 10  3 -4 -9-12-1225 429ZB 453 161441 2299999999999999 933 112237-1399999999999999
 -9 -4  3  9 13 16 17 16 15 14 14 15 16 19 22 24 24 21 17 10  3 -4 -8-1125 430ZB 557 171520 2499999999999999 944 142329-1199999999999999
-11 -8 -2  4  9 13 16 17 17 16 16 17 18 20 22 24 25 25 22 17 10  4 -2 -625 5 1ZB 7 9 1716 3 2599999999999999 927 16999999999999999999999
 -9 -9 -6 -1  4  9 13 15 16 17 17 17 18 19 21 23 25 25 24 21 16 11  5  025 5 2ZB1650 25999999999999999999999 025 -9999999999999999999999
 -4 -6 -6 -4  0  5  9 12 14 16 16 17 18 18 19 20 22 23 23 22 19 15 11  625 5 3ZB1739 23999999999999999999999 125 -6999999999999999999999
  2 -2 -3 -3 -2  1  5  8 11 13 15 16 17 17 17 18 18 19 20 20 19 17 14 1025 5 4ZB1837 20999999999999999999999 232 -4999999999999999999999
  7  3  0 -1 -2  0  2  5  8 11 13 14 15 16 16 15 15 15 16 16 16 16 15 1325 5 5ZB1957 16999999999999999999999 342 -2999999999999999999999
 10  7  4  2  0  0  1  3  5  8 11 12 14 14 14 13 12 11 11 12 12 13 13 1325 5 6ZB13 4 142150 1399999999999999 447  01749 1199999999999999
 11  9  7  5  3  1  1  2  4  7  9 11 12 13 12 11 10  8  8  7  8  9 11 1125 5 7ZB1251 132333 1299999999999999 540  11843  799999999999999
 11 11  9  7  5  4  3  3  4  6  9 11 12 12 12 10  8  6  5  4  4  5  7  925 5 8ZB1246 12999999999999999999999 622  31921  499999999999999
 11 11 11  9  8  6  5  5  5  7  9 11 13 13 12 10  8  5  3  1  1  2  4  725 5 9ZB 059 111244 1399999999999999 654  51952  199999999999999
  9 11 12 11 10  9  8  7  7  8 10 13 14 15 14 12  9  5  2  0 -1 -1  1  425 510ZB 213 121249 1599999999999999 716  72022 -199999999999999
  7 10 12 13 13 12 11 10 10 11 12 14 16 17 16 14 11  7  3  0 -2 -3 -1  225 511ZB 314 1313 2 1799999999999999 732 102053 -399999999999999
  6  9 12 14 15 14 13 13 13 13 14 16 18 19 19 18 15 11  6  2 -1 -3 -3  025 512ZB 4 5 151322 2099999999999999 748 122125 -399999999999999
  3  8 12 14 16 17 16 15 15 15 16 18 20 22 22 21 19 15 10  5  1 -2 -3 -225 513ZB 450 171347 2299999999999999 8 5 1522 0 -399999999999999
  2  6 10 14 17 18 18 17 17 17 18 19 21 23 24 24 22 19 14  9  4  0 -2 -225 514ZB 534 181414 2499999999999999 821 172236 -299999999999999
  0  4  8 13 16 18 19 19 19 19 19 20 21 24 25 25 24 22 18 13  8  3  0 -125 515ZB1445 269999999999999999999992314 -1999999999999999999999
 -1  2  6 10 14 17 19 19 19 19 20 20 22 23 25 26 26 24 21 16 11  6  3  025 516ZB1517 269999999999999999999992355 -1999999999999999999999
 -1  1  3  7 11 15 17 19 19 19 20 20 21 22 24 25 26 25 23 19 14 10  5  225 517ZB1552 269999999999999999999999999999999999999999999999999
  0  0  1  4  8 11 14 17 18 18 19 19 20 21 22 23 24 24 23 20 17 12  8  425 518ZB1631 24999999999999999999999 040  0999999999999999999999
  2  0  0  2  5  8 11 14 16 17 18 18 19 19 20 21 22 22 22 21 18 15 11  725 519ZB1718 22999999999999999999999 130  0999999999999999999999
  4  2  1  1  2  5  8 11 13 15 16 16 17 17 17 18 18 19 20 19 18 16 14 1025 520ZB1825 20999999999999999999999 226  0999999999999999999999
  7  4  2  1  2  3  5  8 11 13 15 15 15 15 15 14 14 15 15 16 17 17 15 1325 521ZB1128 152010 1799999999999999 324  11543 1499999999999999
 11  8  6  4  3  3  5  7 10 12 14 15 15 14 13 11 10 10 10 12 13 15 16 1525 522ZB1121 152219 1699999999999999 421  317 3 1099999999999999
 14 12 10  8  7  6  6  8 10 13 15 16 16 15 13 10  8  6  6  6  8 11 14 1625 523ZB1127 16999999999999999999999 514  618 3  699999999999999
 16 16 15 13 11 10 10 10 12 14 17 18 19 18 15 11  8  4  2  1  2  5  9 1325 524ZB 0 9 161142 1999999999999999 6 1 101858  199999999999999
 16 18 18 18 16 15 14 14 15 16 19 21 23 22 19 15 11  6  1 -1 -2  0  3  925 525ZB 147 1812 7 2399999999999999 642 141951 -299999999999999
 14 18 20 21 21 19 18 18 18 19 21 24 26 27 25 21 16 10  4  0 -3 -4 -2  325 526ZB 3 9 211242 2799999999999999 715 182044 -499999999999999
  9 15 19 22 23 23 22 22 21 22 23 26 29 30 30 28 23 17 10  4 -1 -4 -5 -225 527ZB 418 231323 3199999999999999 739 212137 -599999999999999
  4 10 16 20 23 25 25 24 24 24 25 27 29 32 33 33 30 25 18 11  4 -1 -4 -425 528ZB 521 251410 3399999999999999 757 242230 -499999999999999
 -1  5 11 17 21 24 25 25 25 25 26 27 29 31 34 35 34 30 25 18 11  5  0 -225 529ZB15 1 359999999999999999999992323 -3999999999999999999999
 -2  1  7 12 18 21 24 25 25 25 25 26 27 29 31 34 34 33 30 24 18 11  6  125 530ZB1553 349999999999999999999999999999999999999999999999999
 -1  0  3  8 13 18 21 23 24 24 24 25 25 26 28 30 32 32 31 28 23 17 11  725 531ZB1644 32999999999999999999999 017 -1999999999999999999999
  3  2  2  5 10 14 18 20 22 23 23 23 24 24 25 26 28 29 29 28 25 21 16 1125 6 1ZB1735 29999999999999999999999 110  2999999999999999999999
  7  5  4  5  7 11 15 18 20 21 22 22 22 22 22 22 23 24 25 25 24 22 18 1525 6 2ZB1830 25999999999999999999999 2 3  4999999999999999999999
 11  9  7  6  7  9 12 15 18 20 21 21 20 20 19 19 19 19 20 21 21 20 19 1725 6 3ZB1048 211944 2199999999999999 252  61538 1999999999999999
 14 12 10  9  9 10 12 14 17 19 20 20 20 19 18 17 16 15 16 16 17 18 18 1725 6 4ZB1053 202135 1899999999999999 335  91658 1599999999999999
 16 14 13 12 11 12 13 15 17 19 20 20 20 19 17 15 14 12 12 12 14 15 16 1725 6 5ZB1057 202333 1799999999999999 4 9 111758 1299999999999999
 17 16 16 15 14 14 15 16 18 20 21 22 21 20 18 15 13 11 10 10 10 12 14 1625 6 6ZB11 1 22999999999999999999999 431 141842 1099999999999999
 17 18 18 18 17 17 18 19 20 22 23 24 23 22 20 17 14 11  9  8  8 10 12 1525 6 7ZB 137 181111 2499999999999999 439 171918  899999999999999
 17 19 20 20 20 20 21 21 22 24 25 26 26 25 23 20 16 12  9  7  7  8 10 1325 6 8ZB1129 269999999999999999999991953  7999999999999999999999
 17 19 21 22 23 23 23 24 25 26 27 29 29 29 27 23 20 15 11  8  7  7  9 1225 6 9ZB1155 299999999999999999999992028  6999999999999999999999
 16 19 22 24 25 25 25 26 26 27 29 31 32 32 30 28 24 19 15 10  8  7  7 1025 610ZB1229 3299999999999999999999921 5  7999999999999999999999
 14 18 22 25 26 27 27 27 28 28 30 31 33 34 33 31 28 24 18 14 10  7  7  825 611ZB13 7 349999999999999999999992144  7999999999999999999999
 12 16 21 24 26 28 28 28 28 29 30 31 33 35 35 34 32 28 23 17 12  9  7  725 612ZB1348 359999999999999999999992224  7999999999999999999999
 10 14 18 22 25 27 28 28 28 28 29 30 32 34 35 35 34 31 26 21 15 11  8  725 613ZB1430 3699999999999999999999923 4  7999999999999999999999
  8 11 15 19 23 26 27 28 28 28 28 29 30 32 34 35 35 33 29 24 18 13  9  725 614ZB1512 359999999999999999999992346  6999999999999999999999
  6  8 11 16 20 23 25 27 27 27 27 27 28 30 32 33 34 33 30 26 21 16 11  825 615ZB1556 349999999999999999999999999999999999999999999999999
  6  6  8 12 16 20 23 25 25 25 25 25 26 27 28 30 31 32 31 28 24 19 14 1125 616ZB1643 32999999999999999999999 029  6999999999999999999999
  8  7  7 10 13 17 20 23 24 24 24 24 24 24 25 26 28 29 29 28 25 22 18 1425 617ZB 857 241739 2999999999999999 113  71139 2499999999999999
 11  9  8  9 12 15 18 21 23 24 23 23 22 21 21 22 23 24 26 26 26 24 21 1825 618ZB 916 241852 2699999999999999 157  81352 2199999999999999
 15 13 12 11 12 15 18 21 23 24 24 23 21 20 19 18 18 19 21 23 24 24 23 2225 619ZB 931 242040 2499999999999999 240 111521 1899999999999999
 19 17 16 15 15 17 19 22 24 25 26 25 23 20 18 16 15 15 16 18 20 22 24 2425 620ZB 945 262246 2499999999999999 320 151634 1599999999999999
 23 22 21 20 20 20 22 24 26 28 29 28 26 23 20 16 13 12 11 13 15 19 22 2425 621ZB10 6 29999999999999999999999 354 201741 1199999999999999
 25 26 25 25 25 25 25 27 29 31 32 32 31 28 24 19 15 12  9  9 11 14 18 2225 622ZB 054 261037 3299999999999999 416 251844  999999999999999
 25 27 28 29 29 29 29 30 31 33 35 36 36 34 30 25 20 14 10  8  7  9 13 1825 623ZB1118 369999999999999999999991943  7999999999999999999999
 23 27 29 31 31 32 32 32 33 35 37 39 40 39 37 32 26 20 14 10  7  7  9 1325 624ZB12 8 409999999999999999999992039  6999999999999999999999
 19 24 28 31 33 33 33 34 34 35 37 39 41 42 42 39 34 27 21 14 10  7  7  925 625ZB13 3 429999999999999999999992134  6999999999999999999999
 14 20 25 29 32 33 34 34 34 35 36 38 40 43 44 43 39 34 28 21 14 10  7  725 626ZB14 1 449999999999999999999992226  7999999999999999999999
 10 16 21 26 30 32 33 33 33 33 34 35 37 40 43 43 42 39 34 27 20 14 10  825 627ZB1457 439999999999999999999992316  8999999999999999999999
  9 12 17 22 27 30 32 32 32 32 32 33 34 36 39 41 42 40 37 32 25 19 14 1025 628ZB1549 429999999999999999999999999999999999999999999999999
  9 10 14 19 24 27 30 31 31 30 30 30 31 32 34 36 38 38 37 34 29 23 18 1425 629ZB 727 311638 3999999999999999 0 3  91017 3099999999999999
 11 11 13 16 21 25 27 29 30 29 29 28 28 28 29 31 33 35 34 33 30 26 21 1825 630ZB 757 301727 3599999999999999 045 1112 8 2899999999999999
 15 13 14 16 19 23 26 28 29 28 28 27 26 26 26 27 28 30 31 30 29 27 24 2125 7 1ZB 823 291821 3199999999999999 123 131332 2699999999999999
 18 17 16 17 19 22 25 27 28 28 28 26 25 24 23 23 24 25 26 27 27 26 25 2325 7 2ZB 844 281937 2799999999999999 154 161444 2399999999999999
 21 20 19 20 21 23 25 27 28 29 28 27 25 24 22 21 21 21 22 24 24 25 25 2425 7 3ZB 858 292128 2599999999999999 215 191553 2199999999999999
 24 23 23 23 24 25 27 29 30 30 30 29 27 25 23 21 20 19 20 21 22 23 25 2525 7 4ZB 9 9 30999999999999999999999 214 231659 1999999999999999
 26 26 26 26 27 28 29 31 32 33 32 31 29 27 24 22 20 18 18 18 20 22 24 2625 7 5ZB 922 339999999999999999999991756 18999999999999999999999
 27 28 29 29 30 31 32 33 34 35 35 35 33 30 27 24 21 19 18 17 18 20 23 2525 7 6ZB 944 359999999999999999999991843 17999999999999999999999
 28 29 31 32 32 33 34 35 36 37 38 38 37 34 31 28 24 21 18 17 17 19 21 2425 7 7ZB1018 389999999999999999999991926 17999999999999999999999
 27 30 32 33 34 35 35 36 38 39 40 40 40 38 36 32 28 24 20 18 17 17 19 2325 7 8ZB11 3 4099999999999999999999920 9 17999999999999999999999
 26 30 32 34 35 36 36 37 38 39 41 42 42 41 39 36 32 28 23 19 17 16 17 2025 7 9ZB1155 429999999999999999999992051 16999999999999999999999
 24 28 31 34 35 36 36 37 37 38 40 42 43 43 42 40 36 31 26 21 18 16 16 1825 710ZB1248 439999999999999999999992132 15999999999999999999999
 21 25 30 33 35 36 36 36 36 37 38 40 42 43 44 42 39 35 29 24 19 16 14 1525 711ZB1339 449999999999999999999992213 14999999999999999999999
 18 22 27 30 33 35 35 35 35 35 36 37 39 42 43 43 41 38 33 27 21 17 14 1325 712ZB1427 439999999999999999999992253 13999999999999999999999
 15 18 23 27 31 33 34 34 33 33 33 34 36 38 41 42 42 39 35 30 24 19 15 1325 713ZB 620 341514 4299999999999999 851 332333 1399999999999999
 13 15 19 24 28 31 32 33 32 31 31 31 32 34 37 39 40 40 37 33 27 22 18 1525 714ZB 642 3316 2 4099999999999999 954 31999999999999999999999
 13 14 17 21 26 29 31 32 31 30 29 28 29 30 32 35 37 38 37 34 30 26 21 1825 715ZB 7 5 321655 3899999999999999 012 1311 8 2899999999999999
 16 15 17 20 24 28 30 31 31 30 28 27 26 26 27 29 32 34 35 34 32 29 25 2225 716ZB 726 311758 3599999999999999 049 151231 2699999999999999
 20 19 19 21 24 28 30 32 32 31 29 27 25 24 24 24 27 29 32 33 33 31 29 2725 717ZB 744 321924 3399999999999999 123 191347 2499999999999999
 25 24 23 24 26 29 31 33 34 33 31 29 26 24 22 21 22 24 27 29 31 32 31 3025 718ZB 8 3 342118 3299999999999999 151 2315 0 2199999999999999
 29 28 28 28 29 31 34 36 37 37 35 33 29 26 23 21 20 20 22 24 27 30 31 3225 719ZB 828 37999999999999999999999 2 2 281615 2099999999999999
 33 32 33 33 34 35 36 38 40 40 40 38 35 31 27 23 20 18 18 20 23 26 29 3225 720ZB 9 4 409999999999999999999991731 18999999999999999999999
 34 35 36 36 37 38 39 40 42 43 44 43 40 37 32 28 23 20 18 17 19 22 26 3025 721ZB 953 449999999999999999999991841 17999999999999999999999
 33 35 37 38 39 40 40 41 43 44 46 46 45 43 39 34 29 24 20 17 16 18 22 2625 722ZB1054 469999999999999999999991945 16999999999999999999999
 30 34 37 39 40 40 41 41 42 44 46 48 48 47 45 41 35 29 24 19 16 16 18 2225 723ZB12 0 489999999999999999999992042 16999999999999999999999
 27 31 35 38 39 40 40 40 41 42 44 46 48 49 48 46 41 35 29 23 18 16 16 1825 724ZB13 4 499999999999999999999992133 15999999999999999999999
 23 28 32 36 38 39 39 39 39 39 41 43 45 48 49 48 45 40 34 27 22 18 16 1625 725ZB14 3 499999999999999999999992220 15999999999999999999999
 19 24 29 33 36 37 37 37 36 37 37 38 41 44 47 47 46 43 38 32 25 20 17 1625 726ZB 535 381456 4799999999999999 823 3623 1 1699999999999999
 17 21 26 30 34 36 36 36 35 34 34 34 36 39 42 44 45 43 40 35 29 24 20 1725 727ZB 553 361545 4599999999999999 940 342338 1799999999999999
 17 19 24 28 32 34 35 35 33 32 31 31 32 33 36 39 41 41 40 36 32 27 23 2025 728ZB 614 351633 41999999999999991054 31999999999999999999999
 19 20 23 27 30 33 34 34 33 31 30 29 29 29 31 34 37 38 38 36 33 29 26 2325 729ZB 634 341722 3899999999999999 0 9 191156 2999999999999999
 22 22 23 26 30 32 34 34 34 32 30 28 27 27 28 30 32 34 35 34 33 31 29 2725 730ZB 651 341822 3599999999999999 035 221252 2799999999999999
 25 25 26 28 31 33 34 35 35 33 31 29 27 26 26 27 28 30 31 32 32 32 31 2925 731ZB 7 3 351942 3299999999999999 050 251348 2699999999999999
 29 29 29 31 33 35 36 37 36 35 33 31 28 27 26 25 26 27 29 30 31 32 32 3225 8 1ZB 711 37999999999999999999999 042 291448 2599999999999999
 32 32 33 34 35 37 38 39 39 38 36 33 31 29 27 25 25 25 26 28 29 31 32 3325 8 2ZB 720 399999999999999999999991556 25999999999999999999999
 34 35 36 37 38 39 40 41 41 40 39 37 34 32 29 27 25 25 25 26 28 30 32 3425 8 3ZB 738 4199999999999999999999917 8 25999999999999999999999
 35 36 38 39 40 41 42 43 43 43 42 41 38 35 32 30 27 25 24 25 26 28 31 3325 8 4ZB 814 439999999999999999999991811 24999999999999999999999
 36 37 39 40 41 42 43 44 44 45 45 44 42 39 36 33 30 27 25 24 24 26 29 3225 8 5ZB 912 4599999999999999999999919 5 24999999999999999999999
 35 37 39 40 41 42 43 43 44 45 46 46 45 43 40 36 32 29 25 23 23 24 26 2925 8 6ZB1027 469999999999999999999991952 23999999999999999999999
 33 36 38 40 41 41 42 42 43 44 46 46 47 46 43 40 36 31 27 23 21 21 23 2625 8 7ZB1140 479999999999999999999992036 21999999999999999999999
 30 34 37 39 40 40 40 40 41 42 44 45 47 47 46 43 39 34 29 24 21 19 20 2225 8 8ZB1241 479999999999999999999992117 19999999999999999999999
 26 31 34 37 38 39 38 38 38 39 40 42 45 46 47 45 42 37 31 26 22 19 18 1925 8 9ZB1335 479999999999999999999992156 18999999999999999999999
 23 27 32 35 37 37 37 36 35 35 36 38 41 44 46 46 43 40 34 29 23 20 17 1725 810ZB 5 0 371426 4699999999999999 817 352234 1799999999999999
 20 24 29 33 35 36 36 34 33 32 32 33 36 39 43 44 44 42 38 32 27 22 19 1825 811ZB 514 361518 4599999999999999 919 322310 1899999999999999
 18 22 26 31 34 35 35 34 32 30 29 29 30 33 38 41 43 42 40 36 31 26 22 2025 812ZB 530 351612 43999999999999991022 292344 2099999999999999
 20 22 25 30 33 35 36 35 32 29 27 26 26 28 32 36 39 40 40 38 34 30 27 2525 813ZB 546 361715 40999999999999991126 26999999999999999999999
 24 24 26 30 34 36 37 36 34 31 28 25 24 24 26 30 34 37 38 38 37 34 31 2925 814ZB 6 3 371831 3899999999999999 016 231228 2499999999999999
 28 28 29 32 35 38 39 39 37 34 31 27 25 23 23 25 28 32 34 36 37 36 35 3425 815ZB 623 3920 4 3799999999999999 040 281332 2399999999999999
 33 33 34 35 37 40 41 42 41 39 35 31 28 25 23 23 24 27 30 32 35 36 37 3725 816ZB 650 42999999999999999999999 040 331443 2399999999999999
 37 37 38 38 40 42 43 44 44 43 40 37 33 29 26 24 23 23 25 28 31 34 36 3725 817ZB 727 4599999999999999999999916 5 23999999999999999999999
 38 39 40 41 42 43 45 46 47 46 45 43 39 35 31 27 24 23 23 24 27 30 33 3625 818ZB 821 479999999999999999999991732 22999999999999999999999
 38 40 41 42 43 44 45 46 47 48 48 47 45 41 37 32 28 25 22 22 23 26 29 3325 819ZB 936 489999999999999999999991847 22999999999999999999999
 36 39 41 42 43 43 44 45 46 47 48 49 48 46 43 38 33 28 24 22 21 22 26 3025 820ZB1058 499999999999999999999991948 21999999999999999999999
 34 37 39 41 42 42 42 42 43 45 46 48 49 49 47 43 38 32 27 23 21 20 22 2625 821ZB1211 499999999999999999999992040 20999999999999999999999
 31 34 37 39 40 40 40 40 40 41 42 45 48 49 48 46 42 37 31 26 22 20 20 2325 822ZB1313 499999999999999999999992123 20999999999999999999999
 27 32 35 37 39 38 37 37 36 37 38 40 43 46 47 47 44 40 34 29 24 21 20 2125 823ZB 420 3914 7 4799999999999999 8 3 3622 1 2099999999999999
 25 29 33 36 37 37 36 35 33 33 33 35 38 42 44 45 44 41 37 31 27 23 21 2125 824ZB 430 371457 4599999999999999 9 4 332233 2199999999999999
 23 27 31 34 36 37 35 33 31 30 30 31 33 36 40 42 43 41 38 34 29 25 23 2225 825ZB 444 371545 4399999999999999 957 3023 1 2299999999999999
 23 26 30 34 36 36 36 33 31 29 28 28 29 31 35 38 40 40 39 36 32 28 26 2525 826ZB 458 361635 40999999999999991044 272324 2599999999999999
 25 27 30 34 36 37 36 34 31 29 27 26 26 28 31 34 36 38 38 36 34 31 29 2825 827ZB 5 9 371730 38999999999999991128 262338 2899999999999999
 28 29 32 34 37 38 37 36 33 30 28 26 25 25 27 30 33 35 36 36 35 33 32 3125 828ZB 517 381834 36999999999999991212 252333 3199999999999999
 31 32 34 36 38 39 39 38 36 33 29 27 26 25 26 28 30 32 34 35 35 35 34 3425 829ZB 523 391952 35999999999999991258 252253 3499999999999999
 35 35 36 38 40 41 41 40 38 36 32 30 28 26 26 27 28 30 32 34 35 36 36 3625 830ZB 530 419999999999999999999991352 26999999999999999999999
 37 38 39 40 42 43 43 42 41 39 36 33 31 29 27 27 27 28 30 32 33 35 36 3725 831ZB 543 439999999999999999999991458 27999999999999999999999
 38 40 41 42 43 44 44 44 43 42 39 37 34 32 29 28 27 27 28 30 31 34 36 3725 9 1ZB 6 8 449999999999999999999991619 27999999999999999999999
 39 40 41 43 43 44 45 45 45 44 42 40 37 35 32 30 28 27 27 27 29 31 34 3625 9 2ZB 650 459999999999999999999991738 26999999999999999999999
 38 40 41 42 43 44 44 45 45 45 44 43 41 38 35 32 29 27 25 25 26 28 31 3425 9 3ZB 8 7 459999999999999999999991839 25999999999999999999999
 37 39 40 41 42 42 42 43 44 44 44 44 43 41 38 34 31 27 25 23 23 25 28 3125 9 4ZB10 6 449999999999999999999991928 23999999999999999999999
 34 37 38 39 40 40 40 40 41 42 43 44 44 43 40 37 33 29 25 22 21 22 24 2725 9 5ZB1132 449999999999999999999992011 21999999999999999999999
 31 34 36 38 38 37 37 37 37 38 40 42 44 44 43 40 36 31 26 22 20 19 21 2425 9 6ZB 344 381237 4499999999999999 644 372051 1999999999999999
 28 32 35 36 36 35 34 33 33 34 35 38 41 43 44 42 39 34 29 24 21 19 19 2125 9 7ZB 338 361335 4499999999999999 741 332128 1999999999999999
 26 30 33 35 35 34 32 30 29 29 30 33 37 41 43 43 41 38 33 27 23 21 19 2025 9 8ZB 344 351432 4399999999999999 836 2922 4 1999999999999999
 24 29 33 35 35 35 32 29 26 25 25 27 30 35 40 42 42 40 37 32 27 24 22 2225 9 9ZB 354 361532 4299999999999999 931 252238 2299999999999999
 24 28 32 35 37 36 34 30 26 23 22 22 24 29 34 39 41 41 39 36 32 29 26 2625 910ZB 4 8 371637 41999999999999991025 2223 9 2699999999999999
 26 29 33 37 38 38 37 33 28 24 21 20 20 23 28 33 37 39 40 39 36 33 31 3025 911ZB 427 391748 40999999999999991120 202333 3099999999999999
 30 32 35 38 41 41 40 37 33 28 23 20 19 20 22 27 32 35 38 39 38 36 35 3425 912ZB 451 4119 5 39999999999999991217 192334 3499999999999999
 34 35 37 40 42 44 43 41 38 33 28 24 21 20 20 23 26 30 34 36 37 38 37 3725 913ZB 520 449999999999999999999991319 20999999999999999999999
 38 38 39 41 43 45 45 45 43 39 35 30 26 23 21 21 23 26 29 32 35 36 38 3925 914ZB 558 459999999999999999999991432 21999999999999999999999
 39 40 41 42 44 45 46 46 46 44 40 36 32 28 25 23 22 23 25 27 30 33 36 3825 915ZB 648 4699999999999999999999916 1 22999999999999999999999
 39 41 42 43 43 44 45 46 46 46 44 42 38 34 30 27 24 22 22 24 26 29 33 3625 916ZB 8 3 469999999999999999999991731 22999999999999999999999
 38 40 41 42 42 42 43 43 44 45 45 45 43 39 36 31 27 24 22 22 23 26 29 3325 917ZB 943 459999999999999999999991843 21999999999999999999999
 36 38 39 40 40 40 40 40 41 42 44 45 44 43 40 36 31 27 23 21 21 23 26 3025 918ZB1113 459999999999999999999991937 21999999999999999999999
 33 36 37 38 38 37 36 36 37 38 40 42 44 43 42 39 34 30 25 22 21 21 23 2725 919ZB 311 381224 4499999999999999 656 362021 2199999999999999
 31 34 35 36 36 34 33 32 32 33 35 38 41 42 42 40 37 32 28 24 22 21 22 2525 920ZB 3 4 361322 4299999999999999 746 322057 2199999999999999
 29 32 34 35 35 33 31 29 29 29 30 33 37 39 41 40 38 34 30 26 23 22 22 2425 921ZB 3 8 351415 4199999999999999 829 282127 2199999999999999
 28 31 34 35 34 32 30 27 26 25 26 28 32 35 38 39 38 36 32 29 26 24 23 2425 922ZB 315 3515 6 3999999999999999 9 9 252153 2399999999999999
 27 31 34 35 35 33 30 27 24 23 23 24 27 31 35 37 38 37 34 31 28 26 25 2625 923ZB 323 351557 3899999999999999 946 232214 2599999999999999
 28 31 34 36 36 34 32 28 24 22 21 21 23 27 31 34 36 37 36 33 31 29 28 2825 924ZB 333 361650 37999999999999991022 212227 2899999999999999
 30 32 35 37 37 36 34 30 26 23 21 20 21 24 28 32 34 36 36 35 33 32 31 3125 925ZB 343 371744 36999999999999991059 202228 3199999999999999
 32 34 37 38 39 38 36 33 29 25 22 21 21 22 25 29 32 34 36 36 35 34 34 3425 926ZB 353 391843 36999999999999991137 2122 8 3499999999999999
 35 36 38 40 41 40 39 36 32 28 25 23 22 22 24 27 30 32 34 35 36 36 36 3625 927ZB 4 6 419999999999999999999991219 22999999999999999999999
 37 38 39 41 42 42 41 39 35 32 28 26 24 23 23 25 28 30 32 34 35 36 36 3725 928ZB 421 4299999999999999999999913 8 23999999999999999999999
 38 39 40 42 43 43 42 40 38 35 32 29 26 25 24 24 26 27 29 31 33 35 36 3725 929ZB 442 439999999999999999999991410 24999999999999999999999
 38 39 40 41 42 43 42 41 40 37 35 32 29 27 25 24 24 25 27 29 31 33 35 3625 930ZB 5 9 439999999999999999999991529 24999999999999999999999
 38 39 40 40 41 41 42 41 40 39 37 34 32 29 27 25 24 23 24 25 27 30 32 342510 1ZB 548 429999999999999999999991652 23999999999999999999999
 36 37 38 39 39 39 39 40 40 39 38 36 34 31 29 26 24 22 21 22 24 26 29 322510 2ZB 715 409999999999999999999991757 21999999999999999999999
 34 35 36 36 36 36 36 37 37 38 38 37 36 34 31 28 24 22 20 20 21 23 26 292510 3ZB 952 389999999999999999999991848 20999999999999999999999
 32 33 34 34 33 33 32 33 33 35 36 37 37 36 33 30 27 23 20 19 19 20 23 272510 4ZB 227 341127 3799999999999999 615 321932 1899999999999999
 30 32 33 32 31 30 28 28 28 30 32 35 37 37 36 33 30 26 22 20 18 19 21 252510 5ZB 210 331239 3799999999999999 7 2 282012 1899999999999999
 29 31 32 32 30 28 25 24 23 24 27 31 35 37 38 36 33 30 26 22 20 20 21 242510 6ZB 210 321345 3899999999999999 748 232050 2099999999999999
 28 32 33 33 31 28 24 21 19 19 21 25 30 34 37 38 37 34 30 26 24 23 23 252510 7ZB 218 331451 3899999999999999 836 192125 2299999999999999
 29 33 35 35 33 30 25 20 17 15 16 18 23 29 34 37 38 37 34 31 28 27 26 272510 8ZB 235 351559 3899999999999999 926 152156 2699999999999999
 30 34 37 38 37 34 29 23 18 15 13 13 17 23 29 34 37 38 37 35 32 31 30 302510 9ZB 258 3817 6 38999999999999991016 132220 3099999999999999
 32 35 39 41 41 39 34 29 22 17 14 12 13 17 23 29 33 36 38 37 36 34 34 34251010ZB 327 411813 389999999999999911 9 122227 3499999999999999
 34 37 40 42 43 42 40 35 29 23 18 14 13 14 18 23 28 32 35 37 37 36 36 36251011ZB 4 2 431933 379999999999999912 6 132156 3699999999999999
 37 38 40 43 44 45 43 40 35 30 24 19 16 15 16 19 23 27 31 33 35 36 36 37251012ZB 442 4599999999999999999999913 9 15999999999999999999999
 38 39 40 42 43 44 44 43 40 36 31 26 22 18 17 17 19 22 26 29 32 34 35 36251013ZB 530 459999999999999999999991423 17999999999999999999999
 38 38 39 40 41 42 43 43 42 39 36 32 28 24 21 19 18 19 22 25 28 31 33 35251014ZB 632 439999999999999999999991548 18999999999999999999999
 36 37 38 38 38 39 39 40 40 40 39 36 33 29 25 22 20 19 19 21 24 27 30 32251015ZB 759 4099999999999999999999917 9 19999999999999999999999
 34 35 35 35 35 35 35 36 37 38 38 37 35 33 29 26 22 20 19 19 21 24 27 30251016ZB 216 36 948 3899999999999999 510 351814 1999999999999999
 32 33 33 33 32 31 31 31 32 33 35 36 36 34 32 29 25 22 20 19 20 22 25 28251017ZB 152 331121 3699999999999999 619 3119 4 1999999999999999
 30 32 32 31 30 28 27 26 27 28 31 33 34 34 33 31 28 24 22 20 20 21 24 27251018ZB 144 321234 3599999999999999 7 8 261942 2099999999999999
 29 31 31 30 28 26 24 23 22 23 26 29 32 33 33 32 30 27 24 22 21 21 23 26251019ZB 144 311336 3399999999999999 747 222013 2199999999999999
 29 31 31 30 28 25 22 20 19 19 21 25 28 31 32 32 31 29 26 24 23 23 24 27251020ZB 147 311433 3399999999999999 823 192038 2399999999999999
 29 31 32 31 29 26 22 19 17 16 18 21 25 28 31 32 32 31 29 27 25 25 26 28251021ZB 153 321526 3399999999999999 855 162056 2599999999999999
 30 33 33 33 31 27 23 19 17 15 15 17 21 26 29 32 33 33 31 29 28 27 28 29251022ZB 2 4 331617 3399999999999999 928 1521 8 2799999999999999
 32 34 35 35 33 30 26 21 18 15 14 15 18 23 27 30 33 33 33 32 30 30 30 31251023ZB 219 3517 5 339999999999999910 1 142114 3099999999999999
 33 35 37 37 36 33 29 24 20 17 15 15 17 20 25 29 31 33 34 33 32 32 32 33251024ZB 237 371755 34999999999999991036 142113 3299999999999999
 34 36 38 39 38 36 33 28 23 19 17 15 16 18 22 26 30 32 34 34 34 33 34 34251025ZB 258 399999999999999999999991113 15999999999999999999999
 35 37 39 40 40 38 35 31 27 23 19 17 16 18 20 24 27 30 32 33 34 34 34 35251026ZB 320 409999999999999999999991154 16999999999999999999999
 36 37 38 40 40 39 37 34 30 26 22 19 18 17 19 21 24 27 29 31 33 33 34 35251027ZB 345 409999999999999999999991240 17999999999999999999999
 35 36 38 39 39 39 38 35 32 28 25 22 19 18 18 19 21 24 26 28 30 32 33 33251028ZB 412 399999999999999999999991334 18999999999999999999999
 34 35 36 37 37 38 37 36 33 30 27 24 21 19 18 18 19 20 23 25 27 29 31 32251029ZB 445 389999999999999999999991440 18999999999999999999999
 33 33 34 34 35 35 35 34 33 31 29 26 23 21 19 17 17 18 19 22 24 26 28 30251030ZB 531 359999999999999999999991551 17999999999999999999999
 31 31 31 31 31 32 32 32 32 31 30 28 25 23 20 18 17 16 17 19 21 24 26 28251031ZB 710 329999999999999999999991655 16999999999999999999999
 29 29 29 28 28 27 28 28 29 30 30 29 27 25 23 20 18 17 16 17 19 22 24 272511 1ZB 1 1 29 941 3099999999999999 522 271750 1699999999999999
 28 28 27 26 24 23 23 23 24 26 28 29 29 28 26 23 21 19 17 17 18 21 24 262511 2ZB 038 281128 2999999999999999 6 9 231838 1799999999999999
 28 28 27 25 22 20 18 18 19 21 24 28 30 30 29 27 25 22 20 19 19 21 24 272511 3ZB 036 281252 3099999999999999 653 181921 1999999999999999
 29 30 28 26 22 19 15 14 13 15 19 23 28 30 32 31 29 27 24 23 22 23 25 282511 4ZB 046 301410 3299999999999999 739 131959 2299999999999999
 31 33 32 29 25 20 15 11 10 10 12 17 23 28 32 33 33 31 29 27 26 26 27 302511 5ZB 1 6 331521 3399999999999999 827  92031 2699999999999999
 33 36 36 34 30 24 18 13  9  7  7 11 17 24 29 32 34 34 33 31 30 29 30 322511 6ZB 134 361626 3499999999999999 917  72056 2999999999999999
 35 38 39 39 36 31 24 17 11  7  5  7 11 17 24 29 33 35 35 33 32 32 32 332511 7ZB 210 391728 359999999999999910 8  521 8 3299999999999999
 35 39 41 42 40 37 31 24 17 11  7  6  7 12 18 24 29 32 34 34 34 33 33 342511 8ZB 251 421835 349999999999999911 2  621 8 3399999999999999
 36 38 41 43 43 41 37 31 24 18 12  8  7  9 13 18 24 28 31 33 33 33 34 342511 9ZB 337 439999999999999999999991158  7999999999999999999999
 35 36 39 41 42 42 40 36 31 25 19 14 10  9 11 14 18 23 27 30 31 32 33 33251110ZB 427 429999999999999999999991259  9999999999999999999999
 34 34 36 37 39 40 40 38 35 30 25 20 15 13 11 12 15 18 22 25 28 30 31 31251111ZB 522 4099999999999999999999914 6 11999999999999999999999
 32 32 33 33 34 36 37 36 35 32 29 25 20 17 14 13 13 15 18 22 25 27 29 29251112ZB 624 379999999999999999999991515 13999999999999999999999
 30 30 30 30 30 30 31 32 32 32 30 27 24 21 18 16 14 15 16 19 22 24 26 28251113ZB 746 329999999999999999999991620 14999999999999999999999
 28 28 28 27 26 25 26 27 28 28 29 28 26 24 21 19 17 16 16 18 20 22 25 26251114ZB 018 28 937 2999999999999999 5 3 251716 1699999999999999
 27 27 26 24 23 22 21 21 22 24 25 26 26 25 23 21 19 18 17 18 19 22 24 26251115ZB 013 271121 2699999999999999 6 9 2118 2 1799999999999999
 27 26 25 23 21 19 17 17 18 19 22 24 25 25 25 23 22 20 19 19 20 22 24 26251116ZB 014 271250 2599999999999999 656 171836 1999999999999999
 27 27 26 23 20 18 15 14 14 15 18 21 23 25 25 25 24 23 22 22 22 23 25 27251117ZB 017 2714 6 2599999999999999 734 1419 0 2299999999999999
 28 28 27 25 21 18 15 12 11 12 15 18 21 24 26 27 26 25 24 24 24 25 27 29251118ZB 025 2915 8 2799999999999999 8 6 111914 2499999999999999
 30 30 29 27 23 19 15 12 10 10 12 15 19 23 26 27 28 28 27 26 26 27 28 30251119ZB 040 311559 2899999999999999 838 101925 2699999999999999
 32 33 32 30 27 22 18 13 11  9 10 13 17 21 25 28 29 29 29 28 28 29 30 31251120ZB 1 1 331644 2999999999999999 910  91941 2899999999999999
 33 35 35 33 30 26 21 16 12 10  9 11 15 19 23 27 29 30 30 30 30 30 31 32251121ZB 127 351725 3099999999999999 945  91959 3099999999999999
 34 36 36 36 33 30 25 19 15 11 10 10 13 17 21 25 28 30 31 31 30 30 31 32251122ZB 156 369999999999999999999991021 10999999999999999999999
 34 36 37 37 35 33 28 23 18 14 11 10 11 14 18 22 26 29 30 30 30 30 31 32251123ZB 229 379999999999999999999991059 10999999999999999999999
 33 35 36 37 36 34 31 26 21 16 13 11 10 12 15 19 23 26 28 29 30 30 30 31251124ZB 3 2 379999999999999999999991139 10999999999999999999999
 32 33 35 36 36 35 32 28 23 19 15 12 10 11 12 16 19 23 25 27 28 28 29 29251125ZB 336 369999999999999999999991222 10999999999999999999999
 30 31 32 33 34 34 32 29 25 21 16 13 11 10 11 13 16 19 22 24 26 26 27 27251126ZB 413 3499999999999999999999913 7 10999999999999999999999
 28 28 29 30 31 31 31 29 26 22 18 15 12 11 10 11 13 16 19 21 23 24 25 25251127ZB 455 319999999999999999999991357 10999999999999999999999
 26 26 26 26 27 28 28 27 26 23 20 17 14 12 11 11 11 13 16 19 21 23 24 24251128ZB 552 282256 24999999999999991449 10999999999999999999999
 24 23 23 23 23 23 24 24 24 23 22 20 17 15 13 12 12 13 15 17 20 22 23 23251129ZB 721 252252 2399999999999999 326 231541 1299999999999999
 23 22 20 19 19 18 19 20 21 22 22 22 20 18 17 15 14 14 15 17 20 22 23 24251130ZB 940 222257 2499999999999999 445 181633 1499999999999999
 23 22 20 17 15 14 14 15 17 19 21 22 23 22 21 19 18 18 18 19 21 23 25 262512 1ZB1143 232311 2699999999999999 542 141720 1899999999999999
 26 24 21 17 14 11 10 10 11 14 18 21 24 25 25 24 23 22 21 22 23 25 27 292512 2ZB1327 252337 2999999999999999 635  918 2 2199999999999999
 29 28 25 20 16 11  8  6  6  8 13 18 22 25 27 27 27 26 25 25 26 27 29 322512 3ZB1451 27999999999999999999999 727  61836 2599999999999999
 33 32 30 26 20 14  9  5  3  3  7 12 18 23 27 29 29 29 28 28 28 29 31 332512 4ZB 012 331559 2999999999999999 819  319 4 2899999999999999
 36 37 35 32 27 20 13  7  3  1  2  6 12 18 24 28 30 30 30 30 30 30 31 342512 5ZB 055 371658 3199999999999999 912  11930 3099999999999999
 36 39 39 37 34 28 20 13  7  2  1  2  6 13 19 24 28 30 31 30 30 30 31 322512 6ZB 144 3999999999999999999999910 5  1999999999999999999999
 35 38 40 40 38 34 28 20 13  6  2  1  3  7 13 19 24 27 29 30 29 29 30 312512 7ZB 237 409999999999999999999991059  1999999999999999999999
 32 35 38 40 40 37 33 27 19 12  7  3  2  4  8 14 19 24 26 28 28 28 28 282512 8ZB 331 409999999999999999999991152  2999999999999999999999
 29 31 33 36 37 37 35 31 25 18 12  7  5  4  6 10 15 19 23 25 26 26 26 262512 9ZB 425 389999999999999999999991245  4999999999999999999999
 26 27 28 30 32 34 33 31 27 22 17 12  8  6  6  8 11 15 19 22 24 24 24 24251210ZB 517 342121 24999999999999991337  6999999999999999999999
 24 24 24 25 26 28 29 28 27 24 20 16 12 10  8  8 10 13 16 19 21 23 23 22251211ZB 613 292150 2399999999999999 1 7 241425  899999999999999
 22 21 21 20 21 22 23 24 24 23 21 18 15 13 11 11 11 13 15 18 20 21 22 22251212ZB 724 242210 2299999999999999 257 2015 8 1199999999999999
 21 20 19 17 17 17 17 18 19 20 19 19 17 16 14 13 13 14 16 18 20 21 22 22251213ZB 913 202225 2299999999999999 426 171543 1399999999999999
 21 20 18 16 14 13 13 14 15 16 17 18 18 17 17 16 16 16 17 19 20 22 23 23251214ZB1128 182235 2399999999999999 540 1316 3 1699999999999999
 22 20 18 16 13 11 10 10 11 13 15 17 18 19 19 19 19 19 20 21 22 23 24 25251215ZB2248 25999999999999999999999 633 10999999999999999999999
 24 22 20 17 14 11  9  8  8 10 13 15 18 19 21 21 21 22 22 23 24 25 26 27251216ZB23 8 27999999999999999999999 714  8999999999999999999999
 27 25 23 19 16 12  9  7  7  8 10 14 17 20 22 23 24 24 24 25 26 27 28 29251217ZB2337 29999999999999999999999 749  7999999999999999999999
 29 28 26 23 19 14 11  8  6  6  8 12 15 19 22 24 25 25 26 26 27 28 29 31251218ZB9999999999999999999999999999 823  6999999999999999999999
 31 31 29 26 22 18 13  9  6  6  7  9 13 18 21 24 26 26 26 27 27 28 29 31251219ZB 014 31999999999999999999999 859  6999999999999999999999
 32 33 32 30 26 22 16 12  8  5  5  7 11 15 19 23 25 26 27 27 27 27 29 30251220ZB 056 33999999999999999999999 936  5999999999999999999999
 32 33 33 32 29 25 20 14 10  6  5  5  8 12 17 21 24 25 26 26 26 26 27 28251221ZB 139 349999999999999999999991013  5999999999999999999999
 30 32 33 33 31 28 23 17 12  7  5  4  5  9 13 18 21 24 25 25 25 25 25 26251222ZB 221 339999999999999999999991051  4999999999999999999999
 28 30 31 32 31 29 25 20 14  9  5  3  3  5  9 14 18 21 23 23 23 23 23 24251223ZB 3 1 329999999999999999999991129  3999999999999999999999
 25 26 28 30 30 29 26 21 16 11  6  4  2  3  6 10 14 18 20 21 22 21 21 21251224ZB 341 301944 229999999999999912 6  22212 2199999999999999
 22 23 24 26 28 27 25 22 18 13  8  5  3  3  4  7 11 15 18 19 20 20 19 19251225ZB 422 282012 20999999999999991243  22323 1999999999999999
 19 19 20 22 24 25 24 22 19 15 11  7  5  4  4  6  9 13 16 18 19 19 18 17251226ZB 5 9 252034 19999999999999991318  4999999999999999999999
 17 16 16 17 19 20 21 21 19 17 13 10  8  6  6  7  9 12 15 17 18 19 18 17251227ZB 6 8 212051 1999999999999999 1 8 161351  699999999999999
 15 14 13 13 14 15 17 18 18 17 16 14 12 10 10 10 11 13 15 18 19 20 19 18251228ZB 737 1821 5 2099999999999999 244 131420 1099999999999999
 16 14 12 10 10 10 12 14 15 16 17 16 15 14 14 14 14 15 17 19 21 22 22 21251229ZB 956 172126 2299999999999999 4 3 101437 1499999999999999
 18 15 12  9  8  7  7  9 11 14 16 17 18 18 18 18 18 19 20 22 23 25 25 25251230ZB2158 25999999999999999999999 515  7999999999999999999999
 23 19 15 11  8  5  3  4  6  9 13 16 19 20 21 22 22 23 23 24 26 28 29 29251231ZB2240 29999999999999999999999 621  3999999999999999999999
