 64 16-11-10 20 73138197238255247219179139110 9911014218522424624321416425 1 1ZJ 910256202324899999999999999 228-1415 0 9999999999999999
104 45  2-16 -5 35 96161216249256238203160122 98 9511415319823525023820225 1 2ZJ 94525721 525099999999999999 3 8-161539 9399999999999999
147 86 33 -2-11 10 57121184230253250224185142108 91 9412016220623724522725 1 3ZJ1022254214824599999999999999 348-111620 8999999999999999
186132 76 30  4  5 33 85146201237249237207166126 97 85 9512516720723123325 1 4ZJ1059249223423599999999999999 429  117 5 8599999999999999
212172122 74 38 22 30 63113168212237240222189150113 89 81 9412516519921825 1 5ZJ1137242232822199999999999999 511 211753 8199999999999999
218198163121 83 56 47 60 93138183216232228207174136103 82 76 9011915418525 1 6ZJ1217232999999999999999999999 556 471847 7699999999999999
202203189162130101 82 77 90118155189213223216194162127 96 75 69 8110613825 1 7ZJ 03420513 422399999999999999 646 771949 6999999999999999
167186193187170147125109105114135162189207214207187157122 90 67 58 66 8825 1 8ZJ 2 019314 021499999999999999 74910521 1 5899999999999999
118149175190193184168150134126129142162184201210205186156119 83 56 43 4725 1 9ZJ 34419315 821099999999999999 9151262216 4299999999999999
 67100137171195206203190170151137133140156179199211208190158117 75 42 2425 110ZJ 51820616212119999999999999910541332324 2399999999999999
 26 49 87132175206222222207183157137127132150177202217216196159112 64 2625 111ZJ 6272241726219999999999999991211127999999999999999999999
  6  9 36 82136186222238235215184152128117124147180211228226201157103 5025 112ZJ 720239182323099999999999999 022  413 711799999999999999
  9-10 -2 33 88149202238250240213175139114106119150189223239232200149 8925 113ZJ 8 3250191224099999999999999 112-11135310599999999999999
 33 -6-19 -2 42104169220250255236200158121 99 9812015920323624723219213425 114ZJ 841256195624799999999999999 157-191433 9699999999999999
 72 18-14-18  9 63129192236256249221179136104 89 9812817321724424722217525 115ZJ 914257203624999999999999999 238-2015 9 8999999999999999
115 55  9-13 -5 33 93159214246252234198154115 90 8510414218822724523720425 116ZJ 944253211224599999999999999 314-141542 8499999999999999
153 94 42  8  0 20 67128188230247239211171129 97 82 8811615720022923621925 117ZJ1011248214723799999999999999 348 -11614 8299999999999999
181130 78 38 18 24 55106163210236238219184144109 86 81 9712917020522322025 118ZJ1035240222122499999999999999 418 171645 8199999999999999
196157112 71 45 39 56 93143190222233222195159123 95 81 8510714017520120925 119ZJ1059233225820999999999999999 446 381717 8199999999999999
199174139103 75 61 66 91129171205222220202172138108 88 82 9211514517218925 120ZJ1124224234019299999999999999 515 611753 8299999999999999
192180158131106 89 85 97122155187208214204183154125101 86 84 9611714216225 121ZJ1153214999999999999999999999 546 851838 8399999999999999
174176167152134118109110123145169190201201189169144119 98 86 85 9511213125 122ZJ 038176122920399999999999999 6231081936 8499999999999999
149161165163156146136130132141155171184191190180163141118 98 85 81 8710025 123ZJ 211166132119299999999999999 7201302054 8199999999999999
117136153164170169163154147144147154165176183185178164143118 95 78 69 7125 124ZJ 419170144218599999999999999 9 31442218 6999999999999999
 84104129153173184186180169156147143146156170182188184170146117 87 63 5125 125ZJ 54418616111889999999999999911 11432324 5099999999999999
 52 69 96130163189203204193175155139132136150170189199196178147109 71 4225 126ZJ 63320517182009999999999999912 8132999999999999999999999
 28 34 58 96141181211223218198171143124118127150179204216209184143 94 4925 127ZJ 712223181021699999999999999 014 28125411899999999999999
 18  7 20 55106160205233239224194158125106105124157195224234220184131 7425 128ZJ 746240185623499999999999999 058  6133310399999999999999
 25 -6-10 14 63125186231252248221180137104 88 9612717121624424822417611425 129ZJ 819253193825099999999999999 139-121410 8899999999999999
 52  3-22-16 21 82153214253263246207158112 82 74 9413618923626025522016325 130ZJ 852264202026199999999999999 219-231447 7499999999999999
 95 32-12-27 -8 41112184239267264233184131 87 63 66 9714920725026625120825 131ZJ 92426921 126699999999999999 258-271525 6199999999999999
145 78 21-13-17 14 73146212256269252211156104 66 51 6410516321925526223925 2 1ZJ 955269214426399999999999999 336-1916 3 5199999999999999
191129 68 21  0  8 48111179233261259230183128 81 51 45 6811517222124824725 2 2ZJ1026264222825199999999999999 414 -11642 4499999999999999
220174119 69 36 26 44 89148204241253239204155105 65 44 47 7512217321323125 2 3ZJ1057253231723299999999999999 451 261724 4299999999999999
226201161118 82 61 62 85127175215237236215178133 90 59 45 53 8112316519525 2 4ZJ1128239999999999999999999999 529 591810 4599999999999999
209204185156127104 94100122155189213223215193159122 87 61 51 58 8211514725 2 5ZJ 01520912 322399999999999999 610 9419 6 5199999999999999
172186187178162145132126131146167188201205197179152122 92 69 57 59 74 9825 2 6ZJ 136188125020599999999999999 7 21262021 5699999999999999
125150168179181176168158152150155164175185190188177157131102 76 58 52 5925 2 7ZJ 346181141319099999999999999 8431502158 5299999999999999
 78104134161182193196189178164154148150159172184189186170144111 78 52 3825 2 8ZJ 54319616 81909999999999999911141482323 3799999999999999
 40 59 90129166195212214204185162143131132145166188201202185154113 71 3825 2 9ZJ 6412151731204999999999999991226130999999999999999999999
 20 23 47 88136181215230227208178147122111117140171201219219197157106 5725 210ZJ 720231182822299999999999999 022 18131011199999999999999
 20  3 13 47 99156204235243230199160123 99 94110144186221237230198148 9025 211ZJ 752244191223899999999999999 1 9  31345 9399999999999999
 38  3 -5 15 62123184229250246219178133 98 80 8511415920623924923118813025 212ZJ 820252195124999999999999999 148 -61418 7899999999999999
 69 20 -5 -1 33 91157213248255236197149105 75 68 8712818022625124921916825 213ZJ 846256202525499999999999999 223 -71448 6799999999999999
106 49 10 -2 17 65129192237256247213166117 79 61 67 9914920224025323819825 214ZJ 9 9256205825399999999999999 254 -21515 6099999999999999
142 83 37 12 16 50106170222251251225182132 88 61 56 7611917221824424321725 215ZJ 930254212824799999999999999 322 101542 5599999999999999
171117 68 35 27 46 91149204240250233195147101 67 52 61 9414119022523722525 216ZJ 951250215923799999999999999 348 2616 7 5299999999999999
191146 99 63 46 53 85133186226243235206162116 78 56 54 7511416019922122125 217ZJ1011244223022499999999999999 413 461634 5299999999999999
201167127 93 71 68 87124169209232232212176133 94 66 56 65 9213116919720725 218ZJ103123523 520799999999999999 438 6717 3 5699999999999999
200179149120 98 89 97121156191216223212186150113 83 66 64 7810613916718525 219ZJ1053223234818999999999999999 5 3 891737 6399999999999999
189181163142124113113125148175197209206190164134105 84 73 75 8911213615625 220ZJ1119209999999999999999999999 5311121821 7299999999999999
168172167158147138134137147163179191194188173153130108 91 82 82 9110612325 221ZJ 055172115119499999999999999 6 81341929 8199999999999999
139152161164164161157154154157164171177179176167154136117100 86 80 81 9025 222ZJ 323165125617999999999999999 7331532118 8099999999999999
105123143160173180180176168160155153156162170174174166150128104 82 67 6225 223ZJ 53518115251759999999999999910481532255 6299999999999999
 69 87114144172192202200188171153140135140154171185191185165134 99 67 4525 224ZJ 61920217 01919999999999999911591352355 3799999999999999
 37 48 76115157194217223213190161134117115128154183207215205176133 86 4425 225ZJ 6522241758215999999999999991239114999999999999999999999
 18 14 34 76129182222242239215178138107 92 97124164205234240221179123 6625 226ZJ 722244184524099999999999999 040 131314 9199999999999999
 20 -4  0 33 90155213251261244204155108 76 68 8612918323125925822817310725 227ZJ 752261192826399999999999999 122 -61349 6799999999999999
 45  0-17  0 48117189244272267234180122 74 48 51 8414120525527826722516125 228ZJ 821274201027899999999999999 2 1-171425 4599999999999999
 90 29 -8-14 16 77153223268280259210147 87 43 27 43 9115922527128426321325 3 1ZJ 851280205328499999999999999 240-1615 2 2799999999999999
145 77 25 -1  6 48116190249278273236178112 55 21 16 4610417623827327624825 3 2ZJ 921280213627999999999999999 318 -31539 1499999999999999
196132 73 33 21 40 90157220261272251204143 81 34 11 18 5812018623826225725 3 3ZJ 949272222026499999999999999 355 201616 1099999999999999
226178125 80 55 55 82132190236258252221171113 62 26 14 31 7413218722524025 3 4ZJ101825923 724099999999999999 431 511656 1499999999999999
231204165127 98 86 94123166208235241225191145 97 57 32 29 49 8713417620325 3 5ZJ1046241999999999999999999999 5 7 851739 2799999999999999
212206186161138122119130154184208220217198168131 95 65 48 48 64 9312615625 3 6ZJ 0 3212111622199999999999999 5441191833 4699999999999999
176186186179167156149148155169183195198193179158133106 83 68 64 71 8811025 3 7ZJ 129187115619899999999999999 6361471952 6499999999999999
133153169179182181176170165164165169173177178173163147126103 83 70 67 7425 3 8ZJ 413182134117899999999999999 9 51632150 6799999999999999
 90114140164184196198193181167155147146152163175181179167145117 88 65 5425 3 9ZJ 54919916191829999999999999911371462318 5399999999999999
 57 75105140174200214213200179154134122124139162184199201186157119 81 5125 310ZJ 6292151735202999999999999991221122999999999999999999999
 38 44 70110155194221229220195162130106 99110138173204221219196157110 6525 311ZJ 657230182422399999999999999 013 371254 9999999999999999
 35 25 41 78129180220240237213176135100 81 84108149193227240229195145 9125 312ZJ 72324119 324099999999999999 053 251324 7999999999999999
 47 22 23 52102160211242249231193146102 72 63 8011917021724625022718112525 313ZJ 746250193825299999999999999 128 191352 6399999999999999
 71 33 19 35 77136195238255245211162112 72 51 57 8914119623925824821215925 314ZJ 8 725620 925899999999999999 159 191418 5099999999999999
102 55 29 30 60114176227255254226179125 78 48 42 6411016822125325823519025 315ZJ 828258204025999999999999999 228 251443 4199999999999999
135 83 48 36 54 97156212248257238196142 89 51 35 45 8213719423725624621325 316ZJ 84825821 925699999999999999 254 3615 8 3499999999999999
165113 73 52 56 88138194237254244209159105 61 35 35 6010716421324324722625 317ZJ 9 8255213924899999999999999 320 501532 3299999999999999
188142100 73 68 86126176221246245219175123 76 44 33 46 8313418422123622925 318ZJ 92824922 923699999999999999 345 671558 3399999999999999
202165127 98 85 92119161203232239224189143 96 60 41 43 6610715419321622025 319ZJ 949240224222199999999999999 410 851625 3999999999999999
206180149122106105120150186215228221197160119 82 57 49 60 8712516218920225 320ZJ1010228232120399999999999999 4351031656 4999999999999999
200186165144128122128146171196211213199173140107 81 66 64 7710213115817625 321ZJ1034214999999999999999999999 5 21221736 6399999999999999
184182173161150143142149162179192198193180158133109 90 79 78 8710412514425 322ZJ 01818411 419899999999999999 5371411836 7799999999999999
159169173172169164160158160165172178180178170157140122105 91 85 86 9410825 323ZJ 22317312 118099999999999999 7 31582022 8499999999999999
126145162176184186182175166158155155160166172174169158140118 97 80 72 7525 324ZJ 45118614511749999999999999910211542216 7299999999999999
 88111140168191205206197180160142133133143160179191193181157125 92 65 5125 325ZJ 53920716381949999999999999911291312323 5099999999999999
 53 73107148187216229223202171139115104111133165197218221204169124 79 4525 326ZJ 61122917392229999999999999912 8104999999999999999999999
 29 36 67115169216244249230193148107 80 75 94132181223248247220173116 6325 327ZJ 642250182825199999999999999 012 291244 7499999999999999
 26 14 31 76137199246267258223170114 69 46 51 8514120325127426522716910425 328ZJ 712267191327599999999999999 055 141320 4499999999999999
 49 16 12 41 98169232271278252201136 75 33 18 37 8815822627429027222516025 329ZJ 743279195829099999999999999 137 101357 1899999999999999
 94 43 18 25 66132203258283274232169 98 39  4  2 35 9917724528629326721525 330ZJ 813284204229499999999999999 217 161435 -299999999999999
150 89 47 33 51101168232273281255202133 65 13-11 -1 4511619325328428225125 331ZJ 844282212728799999999999999 257 331513-1299999999999999
200142 92 63 60 87139200249272264227169102 42  2-10 11 6313320024826826125 4 1ZJ 914273221326999999999999999 336 571552-1099999999999999
230185139104 86 93124171219251257238196140 82 34  6  5 32 8314419723224425 4 2ZJ 94525823 324499999999999999 415 861633  299999999999999
235209176144121114126154191222238233209169122 77 42 24 29 56 9814518420825 4 3ZJ1016239999999999999999999999 4541141719 2399999999999999
217211194173154142140151172195211216207185154119 86 61 49 54 7410413716525 4 4ZJ 0 3217105121699999999999999 5381391814 4999999999999999
185194195188178168160158163173184191193186173153129105 85 73 72 8210112325 4 5ZJ 133196114219399999999999999 6471581935 7199999999999999
147167182190192189181171164159159163169174176173163147127106 89 80 80 9125 4 6ZJ 350192135817699999999999999 9311592127 7999999999999999
110135160182197203200188172155142137140151165178185182168145118 94 77 7225 4 7ZJ 5 720316131859999999999999911 81372251 7299999999999999
 82104135167195212215205185159134118113122143169191204201183154119 88 6725 4 8ZJ 54521617212049999999999999911491132343 6399999999999999
 63 78108147186214227222201170135107 91 94115148184212223216190151110 7625 4 9ZJ 61422818 7224999999999999991222 90999999999999999999999
 58 60 84125171210234237219185143105 78 71 85120164206233239221186140 9625 410ZJ 638238184523999999999999999 023 561251 7099999999999999
 65 54 67103152200234247235203157110 73 55 60 8913718822925024521717212325 411ZJ 7 1247191925199999999999999 057 541318 5499999999999999
 82 58 59 85131184228251248220175122 76 47 41 6210616221424925824120315425 412ZJ 723253195125899999999999999 129 551344 4099999999999999
107 73 61 75113165216248255235193139 86 47 30 39 7613119023726025622818425 413ZJ 745256202226299999999999999 158 6114 9 3099999999999999
135 95 72 73100147199239256246210159103 56 28 26 5110016021525026024520925 414ZJ 8 7256205326099999999999999 227 691435 2399999999999999
163120 90 80 94131180225250250224178123 71 35 21 34 7212818623025225022625 415ZJ 830254212325499999999999999 255 8015 2 2199999999999999
187146112 94 96121162207239248233196145 93 51 27 27 53 9915420323524423225 416ZJ 853248215524499999999999999 323 921530 2499999999999999
204168135112105118149188222239234208167118 73 43 32 43 7612417220922822825 417ZJ 917240223023199999999999999 35110516 0 3299999999999999
212185156132120123141171203224229214183142100 66 47 45 64 9814017820421525 418ZJ 943229231221599999999999999 4201191634 4499999999999999
211195173153138134141160184205216212193163128 95 70 58 62 8111114517319225 419ZJ1014216999999999999999999999 4541341716 5899999999999999
200197186172158150148154168184197201195178154127101 82 73 76 9011313916225 420ZJ 011200105520199999999999999 5441471816 7299999999999999
180190192188179170161156157164173182186184174158137115 97 84 82 8910512825 421ZJ 148192121218699999999999999 7191561946 8199999999999999
151173190199199192180166154147147154165176183183174156133109 89 78 79 9325 422ZJ 335200142818499999999999999 9271462125 7799999999999999
116146176201215216204184159137124122132152175194203198179149116 87 69 6625 423ZJ 43521716 82039999999999999910391212239 6599999999999999
 81111151190221235231209176139108 92 93113147185215230224199161117 80 5825 424ZJ 5172361714230999999999999991125 902335 5499999999999999
 56 76116166213244254238203155108 72 57 67101150202241257248215166115 7325 425ZJ 55225418 82589999999999999912 7 57999999999999999999999
 50 53 82132190239265264234184124 70 35 26 48 9716222326527926322216711125 426ZJ 627268185727999999999999999 024 481247 2599999999999999
 69 51 60 98156217261277262219156 89 34  3  5 4010317824328329126922216425 427ZJ 7 1277194629299999999999999 110 501328  099999999999999
109 72 60 77123184240275278249194124 56  6-16 -4 4411619325528929126421525 428ZJ 736281203429499999999999999 155 6014 9-1799999999999999
160111 81 77102151209256277267228166 96 33 -9-21  1 5713120425828428125125 429ZJ 811277212228699999999999999 239 751452-2299999999999999
205156117 96 99128176226260268248203141 76 22-10-12 18 7514520825126926225 430ZJ 847268221127099999999999999 323 941535-1599999999999999
234195155126113122152194231252250224179123 68 25  3  8 41 9415320423724825 5 1ZJ 92425423 424899999999999999 4 61131620  299999999999999
240217186158137131143169200226236228202162115 72 40 26 34 6410915519421825 5 2ZJ10 4236999999999999999999999 45213117 8 2699999999999999
227221204183162148145155174196212216207186154118 85 61 52 59 8311715218225 5 3ZJ 0 3227105121699999999999999 54514518 3 5299999999999999
202211209198183168156152157168182193197192178156130104 84 75 79 9511914725 5 4ZJ 117211115819799999999999999 6591521913 7499999999999999
173192203205199186171158149147153163175183185179165145123103 91 89 9911925 5 5ZJ 244205134718599999999999999 8431472038 8999999999999999
144170191204208202188169150136130134146162178188189179161137115 98 9310125 5 6ZJ 35320815361909999999999999910 71302156 9399999999999999
120147175199213215205184158133115109116134159183199203194172145118 99 9325 5 7ZJ 43921616482049999999999999910591092254 9399999999999999
102125157189213225220201171138109 91 89104132167197216218204177144115 9625 5 8ZJ 5142251739219999999999999991137 882341 9299999999999999
 93107137174207229233219189150111 82 69 7610214118321623323020817513810825 5 9ZJ 5432341821234999999999999991210 69999999999999999999999
 93 96119155195227241234207166121 81 57 53 7211116020523624623520516612925 510ZJ 610242185824699999999999999 020 921240 5299999999999999
102 93105137179218243246225187137 90 54 38 47 8013018322725225323219615425 511ZJ 637247193225599999999999999 056 9313 9 3899999999999999
119 99 99121160203237251240207159106 61 33 29 52 9715420824526025122218225 512ZJ 7 425120 626099999999999999 130 961339 2899999999999999
142112101111142184224249249226182128 76 38 22 31 6712117922725525924120725 513ZJ 732252204026199999999999999 2 310014 9 2199999999999999
166131110108128165207239251239204154100 54 25 21 43 8914620123925625122625 514ZJ 8 0251211425799999999999999 2351061440 2099999999999999
190153125113121148187223245245222180128 78 40 23 30 6311316821424324923625 515ZJ 830248214925099999999999999 3 81131513 2299999999999999
208175144125122137168203231242231201156107 64 36 30 46 8413418322023823825 516ZJ 9 1242222824099999999999999 3411211548 2999999999999999
221194165142130134153182212231232214181138 94 60 41 43 6510314919021823025 517ZJ 934234231223099999999999999 4171291626 3999999999999999
225208184161144138144164189211223219199166128 91 64 52 58 8111715619021325 518ZJ1014223999999999999999999999 5 01381712 5299999999999999
221216201182162148143150166186204211206188160128 97 75 65 71 9212315818825 519ZJ 0 722111 721199999999999999 55714318 8 6599999999999999
208217214202184165150143146158175191201199187165137110 88 77 80 9712415625 520ZJ 114217122420199999999999999 7131421918 7799999999999999
186208219219207187164144132131141159179195201196179154126101 86 85 9812425 521ZJ 22522114 420199999999999999 8361302036 8499999999999999
156189215228227212186156128110107118141170196212213199174142112 92 86 9825 522ZJ 326230153621499999999999999 9451062150 8699999999999999
124160197227241237214179139103 81 77 94126167204229235222193156120 95 8725 523ZJ 4162421648236999999999999991041 762255 8799999999999999
 99128169211242254242210164114 72 49 49 73118171218249257242208166126 9825 524ZJ 5 12541749257999999999999991130 462353 9099999999999999
 90104138183228257262242199143 85 41 19 25 6011618023426727425621817213025 525ZJ 5432641845275999999999999991217 18999999999999999999999
102 95112151200244268265235183119 58 14 -3 11 5512119124828028426222117325 526ZJ 624270193828699999999999999 047 9413 4 -399999999999999
132106103125167216256273262223164 97 36 -4-15  7 6013120225628528526021825 527ZJ 7 7273203028899999999999999 1381011351-1599999999999999
172133112113139183229263271252208146 79 23-11-15 14 7214321025928127725025 528ZJ 749272212028399999999999999 2271091437-1799999999999999
210168134118124153196237262264239191130 69 20 -7 -4 30 8915621525527126325 529ZJ 83326622 927299999999999999 3141181524 -999999999999999
236200163136125136165204238256251223176120 66 26  7 17 5310716721624725725 530ZJ 917257225725799999999999999 4 11251611  799999999999999
247221189159138132145173206233243234206164115 71 39 29 42 7712617521423725 531ZJ10 3243234524299999999999999 4481321658 2999999999999999
242230207180155140138151175202221228217192156116 81 58 53 6810014118121125 6 1ZJ1053228999999999999999999999 5381371746 5399999999999999
227229217197173153140139150170191207211203183155123 96 80 78 9211915318525 6 2ZJ 035230115221299999999999999 6351381837 7699999999999999
208220220209190168149137135143160178193199195181159134113 99 9811113416225 6 3ZJ 12822113 719999999999999999 7411341935 9799999999999999
18820821721620418516314212912513214716518219319418516814712811511412314325 6 4ZJ 222218143719499999999999999 851125204011399999999999999
16819221021921620217915413111511011713515717919520119518015913912612313125 6 5ZJ 31421916 020199999999999999 953110214612299999999999999
150175199217223217198170140113 97 9310412715718520521320719016814513012725 6 6ZJ 4 022317 5213999999999999991044 93224712699999999999999
136156183209225228216190156120 92 77 78 9612816419822022721819717114613025 6 7ZJ 4412291755227999999999999991125 75234012799999999999999
128140165194220234231210176136 97 70 59 68 9613618021523623922419816814225 6 8ZJ 52023518392409999999999999912 3 59999999999999999999999
128129147176208232241229200158112 73 50 46 6610415219923425024622519316125 6 9ZJ 556241191825199999999999999 0251261239 4599999999999999
136125133157191223243243222184136 88 52 34 41 7111917221924925824621818325 610ZJ 631246195525899999999999999 1 61251314 3499999999999999
151130125140171207237250241210164112 65 34 26 44 8413819323625825924020725 611ZJ 7 6250203126199999999999999 1441241350 2699999999999999
171141126129151186223247252233194143 90 47 24 26 5410216021224826225422825 612ZJ 74225321 826299999999999999 2211241426 2299999999999999
193159134125136165202235253248221175122 71 36 21 33 7012318022625425924425 613ZJ 818254214526099999999999999 25712515 3 2199999999999999
214179149130128146179215243252239205156104 59 31 26 47 9014419723625525325 614ZJ 855252222325699999999999999 3351271542 2599999999999999
232201168142129134156190223245246227189141 92 54 35 38 6511016321024125225 615ZJ 93524823 325299999999999999 4151281622 3399999999999999
244220189159137129138163195225240237214176131 89 58 45 55 8513017821824225 616ZJ1019241234624899999999999999 45912917 5 4599999999999999
247235210180152133128139163194220232226204169130 93 69 61 7410414719022325 617ZJ1112232999999999999999999999 5501271753 6199999999999999
241242228202172145126122133157186210222219200171137106 85 80 9312115919725 618ZJ 033244121722399999999999999 6481221848 8099999999999999
225240239223196165136116110121144173199215217205181152124104 9910913416825 619ZJ 125242133821899999999999999 7511101951 9999999999999999
201227241238220191156123100 9210212615819021222221619717114412311512214325 620ZJ 22024215 722299999999999999 857 9221 311599999999999999
173205230243240219185145107 80 70 8010714518421623323221719116313912713025 621ZJ 31724416302359999999999999910 1 70221912699999999999999
147176209235248243218179132 89 58 47 58 8913518422324725023620917714913325 622ZJ 41324917412519999999999999911 1 47233113199999999999999
133149179214242255247217172119 70 36 25 39 7713118823426126625022018515425 623ZJ 5 72551843267999999999999991157 24999999999999999999999
135133151184221251262250215163105 52 17  8 27 7213419624527327725822418525 624ZJ 6 0262193827899999999999999 0351321250  799999999999999
152132132153190230259268251211154 91 38  4 -2 24 7614220725628128025722025 625ZJ 651268202828499999999999999 1301301341 -399999999999999
179146128132157198239266271249204143 80 28 -2 -1 31 8815721926428327624925 626ZJ 740272211428399999999999999 2201271429 -599999999999999
209169138125134164207247270269241192131 70 24  2 10 4810817423126727826525 627ZJ 827273215627899999999999999 3 71241515  199999999999999
233193156130123138173215251268260229178119 65 28 15 30 7313319324026626725 628ZJ 912268223426999999999999999 3501231558 1599999999999999
248214176144125125145181220249259246212163111 66 39 36 5910415921024525925 629ZJ 95525923 925999999999999999 4311221638 3499999999999999
252228195161135123128152186220241244227194151108 75 58 64 9213518322224525 630ZJ1038245234224999999999999999 5121221715 5899999999999999
249235209178149129122132157187214228227209180145112 90 83 9512416220022825 7 1ZJ1124230999999999999999999999 5541221752 8399999999999999
24023621919316514012512213415718220321321119617314712310910912315018121025 7 2ZJ 015241121821499999999999999 640122183210799999999999999
22823322520618115513412112013215117319120120119117515613913013214516719225 7 3ZJ 052233133020299999999999999 733119192012999999999999999
21222522621719817414812811511412414216218119519919518416915614814815817525 7 4ZJ 13722715 219999999999999999 835113202514799999999999999
19521222222221219316814211910610411313115517819620620619718316915915716325 7 5ZJ 233223163020799999999999999 941103214615699999999999999
177194211221222211190162133108 92 9010112315218220521922021019417616315725 7 6ZJ 3342231736221999999999999991041 8923 415799999999999999
161175194213225226213187154120 92 76 75 9112115719322023423322019817615925 7 7ZJ 4322271826235999999999999991131 73999999999999999999999
152158175199221233231213182142103 73 58 63 8712516920923724824222219516925 7 8ZJ 52323419 824999999999999999 0 31521216 5899999999999999
151146156179208232243237211172126 83 53 43 56 9013718722825425924521818625 7 9ZJ 6 9244194525999999999999999 0491451257 4399999999999999
157141141158189222246253239205157106 62 36 33 5610015520824726726324120725 710ZJ 651253202126899999999999999 1301381336 3199999999999999
172144132139165202238259260236193138 84 43 23 30 6411717723026427426123025 711ZJ 731263205627499999999999999 2 81321415 2399999999999999
191155131126142176218253269261228177118 65 30 19 37 8014120225027527525225 712ZJ 810270212927899999999999999 2451261453 1999999999999999
215173139121124149189233264273255215159100 52 25 24 5210416822626527926825 713ZJ 85027322 327999999999999999 3231201532 2199999999999999
237196155125114125157202244269269244199143 88 48 31 40 7713319524427227525 714ZJ 931272223727799999999999999 4 21141610 3099999999999999
255219176138114109127165210247265259230184132 86 55 47 6510716221725627225 715ZJ1015266231127399999999999999 4431081649 4799999999999999
265239199158124105107130169211243255246217175130 93 72 72 9513718723125925 716ZJ11 3255234826699999999999999 5261031731 6999999999999999
265251221182143113 99104129167205232242233208174139111 9710212516320423725 717ZJ12 1242999999999999999999999 615 981816 9699999999999999
255254237206169133106 9310012415819221722822420718215613512513015018021125 718ZJ 029257131422999999999999999 710 93191012599999999999999
235247244226197161126100 87 9111114217520221922321519817716015015216518625 719ZJ 118248144822399999999999999 815 86202314999999999999999
209229240238222194159123 94 78 78 9412315819121622822821720018216816316825 720ZJ 221241162923099999999999999 930 75215916399999999999999
183203223237238225198161121 87 64 60 7410514518622024024623721819517516325 721ZJ 3362391751246999999999999991045 59233116199999999999999
163175197221240245234205164118 76 48 41 56 9114019023125626325222719817125 722ZJ 4502451851263999999999999991150 40999999999999999999999
154152167194225249257244212164110 63 32 24 44 8714420124627227525822619025 723ZJ 554257193927799999999999999 0371511246 2499999999999999
159141141162197235262270253213158 98 48 18 15 42 9415821926328428025421525 724ZJ 649270202028599999999999999 1281381336 1399999999999999
174142127134163206248275278255208146 84 36 11 17 5311318023927728827424025 725ZJ 737280205628899999999999999 2121271420 1099999999999999
195154125117133171219261283279247194131 71 30 15 31 7714120725828428325825 726ZJ 820285212828799999999999999 25111715 0 1599999999999999
217172134113114140184233269283269231175114 64 33 31 5811117523327128226825 727ZJ 9 0283215628299999999999999 3271101535 2899999999999999
235191148118107118152198243270273251209155103 64 48 58 9515020825227427025 728ZJ 937275222227599999999999999 4 110716 8 4799999999999999
246207165129108107128166210245262255228187140100 75 72 9313518623226126725 729ZJ1013262224626799999999999999 4341051638 7099999999999999
251220181144117106113140178215240246234206170134107 9510313117121324525825 730ZJ1051247231025899999999999999 5 610517 6 9599999999999999
25222919616013011110812215018321122722821519116313812212113516319722724525 731ZJ1133230233624899999999999999 541107173612099999999999999
24723320817714712411211412915418020121221220218516615114314716218521022925 8 1ZJ1228213999999999999999999999 622111181214399999999999999
23723221719416714212311411713015017118819920219818917816916416817919521025 8 2ZJ 0 9237135420299999999999999 71611419 516499999999999999
22122522020718716514312511511512414015817619120120420119418618017918419225 8 3ZJ 057225155920499999999999999 829114204117999999999999999
20321121621520518916814512411010611212614717119220921721721019918718017925 8 4ZJ 217217172821899999999999999 956106224317899999999999999
184194205215218212196171143117 98 90 9511414117320322423423222020218417125 8 5ZJ 35221818192359999999999999911 6 90235316799999999999999
167174188207222229223203172136103 79 71 8010614418522124425124322219617225 8 6ZJ 5 22291856251999999999999991158 71999999999999999999999
157155167191217238245234206165121 82 57 53 7110815720624426426424521518125 8 7ZJ 555245192926699999999999999 0371541241 5299999999999999
154140145167201235257260241202151 99 58 37 41 7112117923226728026823819825 8 8ZJ 63926220 028099999999999999 1151401321 3599999999999999
159133126141174218256276272242192132 76 37 24 39 8214420825928728726322125 8 9ZJ 720278203129099999999999999 1501261359 2499999999999999
174135114116142188238276290275234175111 57 25 22 5010617523928229828424725 810ZJ 8 029021 129899999999999999 2251111436 2099999999999999
196147112 98111150204257290295270220157 94 47 25 34 7513920926629629726925 811ZJ 840297213130099999999999999 3 2 981513 2499999999999999
222168121 92 89113161220269294290257203141 86 49 39 6010917523928229828425 812ZJ 92129622 029899999999999999 339 871550 3999999999999999
246193140100 80 86120173230272288276240188133 89 65 66 9614820925928628725 813ZJ10 4288223029099999999999999 417 791627 6299999999999999
262218166119 86 75 90129182231264272257223178135104 9110113418223126627825 814ZJ105027223 127899999999999999 457 7517 5 9199999999999999
267236193146106 82 77 9613518222224625123821117814812912413816820624026025 815ZJ1145252233626399999999999999 541 76174512499999999999999
261245215176136104 85 8410213417220422423122420818716915715616818921423525 816ZJ1258231999999999999999999999 634 82183515599999999999999
245243228202170138110 92 8910112515418220421622021520419318418018419520925 817ZJ 019246145122099999999999999 742 88195818099999999999999
221229229221202177147119 98 88 9110713216218921222522922521420119118518625 818ZJ 132230165622999999999999999 914 87222018599999999999999
194206218226225213191160127 98 79 75 8711314918621824024824322720718617225 819ZJ 32622718 6248999999999999991045 74234916899999999999999
169177194216233239231206169128 89 63 56 7010314819523425926525322919817025 820ZJ 4572391850265999999999999991151 56999999999999999999999
152149164192224249258248217171120 75 46 41 6210516021425627627525221717825 821ZJ 6 0258192527899999999999999 0391481242 4099999999999999
146130134159199240268275258217162104 58 33 35 6712118424027628827323919425 822ZJ 648276195628899999999999999 1181291324 3099999999999999
151122112128165214259285285257207145 87 45 29 44 8815121526529028725921425 823ZJ 730288202329299999999999999 15311214 2 2999999999999999
165124102104132180234276293282244188125 72 41 38 6712118824728429227423325 824ZJ 8 7294204829399999999999999 2261001436 3699999999999999
183135102 91106146201253285291268223164108 67 49 6210216222427029028124825 825ZJ 842292211129099999999999999 256 9115 6 4999999999999999
200150110 88 90118167221264284278246197144 99 72 70 9614520325328128225825 826ZJ 914285213228599999999999999 325 861534 6899999999999999
216167122 93 84100138188236266273256220175131100 8910113618623526827726225 827ZJ 946274215227899999999999999 352 8416 0 8999999999999999
228183138104 86 9011615820424125825423219816012911211413617421725226826125 828ZJ1019259221326899999999999999 419 85162511199999999999999
236198156119 96 9010413417421123524223321118315613813314316920323425325525 829ZJ1055242223525699999999999999 449 90165113399999999999999
239210174139113 9910111914818020622122321419717916315515717019321723524225 830ZJ114022423 024299999999999999 523 98172015499999999999999
23521719016113511610911312915217519320420720319418517817517818920321722525 831ZJ1252207233222699999999999999 6 810818 017599999999999999
22521720218116014012611812013014616217718919820220219919519219219520020525 9 1ZJ1532202999999999999999999999 718118194019199999999999999
20921020619818516815113412311812113014516418320021221821721120219318818725 9 2ZJ 042210172221899999999999999 9 7118224518799999999999999
19019620320820619718116013611710410211213115818821323123723221819918217125 9 3ZJ 31920818 2237999999999999991041102234416999999999999999
169176191208220224214193162129100 83 81 9612616520423625325423921318516125 9 4ZJ 4472241832256999999999999991137 80999999999999999999999
149152169196224242245230198155112 77 59 63 8913318423126327426323419616025 9 5ZJ 540246185927499999999999999 0191491219 5899999999999999
135127140171211248268265239194140 89 53 40 55 9615321426228728626021616825 9 6ZJ 624270192729099999999999999 0521271258 4099999999999999
128107109137183234274291279240183120 67 36 33 6111618524829030228524318825 9 7ZJ 7 5291195530399999999999999 1251051335 3099999999999999
134 96 83 98141201259297305282232167102 53 30 40 8214822127830830427021525 9 8ZJ 746306202331099999999999999 159 831413 3099999999999999
153100 69 67 97154221279310308275218151 91 51 40 6311618725429931129124325 9 9ZJ 827314205231199999999999999 234 641450 4099999999999999
180118 71 51 62104170239290311300260202140 90 63 64 9715522227730429926525 910ZJ 9 9311212130699999999999999 311 501527 6099999999999999
210146 90 54 45 67118185247288299281241189138102 87 9913719324828429427625 911ZJ 952299215029499999999999999 348 4416 4 8799999999999999
234178121 75 49 50 8013219324427327725822318214612311913717421925727727325 912ZJ1040278221927899999999999999 428 46164211899999999999999
247205155108 73 58 65 9514219122824925123721218516315115317019923025125825 913ZJ1136252225225899999999999999 512 57172215099999999999999
247221186146110 85 74 8210614217720522222722221019618417818019120822423425 914ZJ1257227233423599999999999999 6 6 74181717799999999999999
234225206181152125103 92 9410813115718120021321921821320519819419419920625 915ZJ1522219999999999999999999999 722 91202119399999999999999
212215213205190169144121104 96 9911413616318921222723323021920519218217925 916ZJ 11121517 923399999999999999 911 96225517999999999999999
183193205215217209190163132105 88 84 9612215619222324324924122219817415825 917ZJ 3442171755249999999999999991044 84234815499999999999999
154164184208228237230207172132 96 73 69 8512016420924326226124221217714825 918ZJ 5 62371828264999999999999991143 68999999999999999999999
131133153186222249258247215170121 81 59 60 8713218623426627526223018814725 919ZJ 558258185527599999999999999 0251301227 5699999999999999
118108121155200243270274253211157105 66 51 6410315921626128327825020515625 920ZJ 640276192028499999999999999 05710813 4 5199999999999999
115 92 94121169222265286280247196138 88 58 55 8113219424828228826722417125 921ZJ 716287194328999999999999999 127 901337 5399999999999999
122 87 76 93134191246282292273230174119 78 61 7211217023027329027824118925 922ZJ 75029220 529099999999999999 155 7614 7 6199999999999999
135 91 69 72104157217265290286256207153106 78 7610215120925928628425520725 923ZJ 822292202528999999999999999 222 671435 7399999999999999
151102 70 62 81125184239276286270233184136102 8910113819024227628326422225 924ZJ 853286204628499999999999999 248 6115 2 8999999999999999
169117 78 60 6810015220825227527224820816412810810913317522326127626723425 925ZJ 92427721 627799999999999999 313 60152710699999999999999
187136 93 68 64 8412517622325426425222418815413112413616620624326426324125 926ZJ 955264212726699999999999999 339 63155312499999999999999
202156113 83 70 7810614819222724524522920317615314214516319322524725324125 927ZJ1029247214925499999999999999 4 8 70161814199999999999999
213175136104 85 82 9712616319722022922521019217416215916718520822923823425 928ZJ1110229221323999999999999999 440 81164715999999999999999
217190159129107 96 9911413916618920421020820019118217717718419721022022125 929ZJ1213210224122299999999999999 521 96172717699999999999999
21419917815613511911111212213915817518819720120220019619219019119520020325 930ZJ1439202233720399999999999999 623110191519099999999999999
2032001921801641481331221171191281421591771942072152162112021921841801812510 1ZJ1642216999999999999999999999 812116222518099999999999999
1851911971981931811641431231091041101261491782042242342322202011811651572510 2ZJ 24619817212359999999999999910 0104231415799999999999999
160172190207216215201176145115 93 84 921161511912262492542432181861561362510 3ZJ 42321717492559999999999999911 2 84234713199999999999999
131143168200228243239217180137 98 72 65 811181672162552732682412011571212510 4ZJ 5192441817274999999999999991147 65999999999999999999999
103107133175221256271260226177123 79 54 55 831331942482822892682251711192510 5ZJ 6 5271184529099999999999999 0201021228 5199999999999999
 84 73 90134191247284293273227167108 64 46 57 981612272783022932551961322510 6ZJ 648294191430299999999999999 053 7313 8 4599999999999999
 79 50 50 84143213272306306275220156 97 60 50 731261942592993072812281602510 7ZJ 731310194430999999999999999 129 461348 5099999999999999
 93 45 25 39 88159234290316307268209146 95 67 681011602282813072982571942510 8ZJ 814317201430899999999999999 2 6 251427 6399999999999999
123 61 22 14 41100177248296312296254197142102 85 961361942522912992762262510 9ZJ 859312204530099999999999999 244 1315 7 8499999999999999
161 94 42 14 18 54117190251288295276236189146118111129169220263285279247251010ZJ 945296211728699999999999999 324 12154711099999999999999
196135 79 38 21 33 73133194243269271253221186156139140159194232259266252251011ZJ1036273215026799999999999999 4 6 21162913799999999999999
219173123 79 49 40 55 92141189224243245233212189171162165181205229243242251012ZJ1137246222824499999999999999 453 40171616199999999999999
227199163125 92 70 65 77104140175202219225221211199187180180188201213219251013ZJ13 5225232222099999999999999 550 64182917999999999999999
218208190166139114 95 86 91107131158182202214220218210199189182180183189251014ZJ1513220999999999999999999999 7 9 86205118099999999999999
197201201195180160137115100 95102119144171197217228228219203185169159158251015ZJ 129202163422999999999999999 855 95223415899999999999999
167181196207209200181154126103 91 93110139173205229241237221195167144132251016ZJ 3442091716241999999999999991021 90232113199999999999999
135151176202222228219195161125 97 83 87110146187223247252239211175140115251017ZJ 4562281747252999999999999991117 82235610799999999999999
107118146183218242247231199157117 87 77 88121166211246262255229189145108251018ZJ 5452471813262999999999999991159 77999999999999999999999
 87 88112154200239260258234192145104 80 78100143194238265268247206157110251019ZJ 625262183727099999999999999 027 851235 7599999999999999
 78 67 82120172224260273260226178130 94 79 88123173224261275261225174120251020ZJ 7 027319 027599999999999999 056 6713 8 7899999999999999
 78 55 58 88139197247275276253210161117 90 87109153206251274271242193136251021ZJ 733279192327699999999999999 123 531338 8599999999999999
 86 52 43 62106166223264280270237191144109 94104137186235267274254212156251022ZJ 8 5281194527599999999999999 150 4314 8 9499999999999999
101 59 38 45 78132193244273276255216171132109106127168215254271262228177251023ZJ 83727820 927199999999999999 216 37143610499999999999999
121 73 43 37 58103160216254270262234195156128116125155196236261262239197251024ZJ 9 8270203326499999999999999 243 3615 411699999999999999
144 94 57 41 48 80130184228254258242212178148131130148180217245255243212251025ZJ 941259205725599999999999999 312 40153312899999999999999
167119 79 54 50 67105152198230244240221195168149141148169199226242240220251026ZJ1016245212324399999999999999 342 4916 314199999999999999
186144105 75 62 66 89125166200222229222205185167156155165184207224229220251027ZJ1058229215222999999999999999 416 61163715499999999999999
198167132102 82 76 84106137169194209214209198185174167167175189203212212251028ZJ1156214223121399999999999999 457 76172816699999999999999
202183158132110 95 90 97115138163183198205205200192183176173175181189195251029ZJ1332206234319699999999999999 555 9019 817399999999999999
196191179162143124108101102113131153175193207213211203191177166161163170251030ZJ1517213999999999999999999999 721100211516199999999999999
179188192188177159138118103 98104120145173200219228225211189166147137138251031ZJ 2 4192161422899999999999999 859 98222113699999999999999
151170190205208199178150121 98 87 921121441822162392462352091751411151052511 1ZJ 3472081653246999999999999991012 8723 410599999999999999
113137170204227234222194156117 88 76 84112154201239261259236195148105 782511 2ZJ 45223417262639999999999999911 7 762343 7299999999999999
 73 92131180225254260242204156111 79 69 83121173226264277263224169112 652511 3ZJ 5442611759277999999999999991155 69999999999999999999999
 42 46 79134197250279280254208153105 75 70 92139198251283285256202136 732511 4ZJ 632284183328899999999999999 021 401241 6899999999999999
 28 12 28 76145216271297292258205149102 77 791101642242722922802381731012511 5ZJ 71929919 829299999999999999 1 1 121326 7599999999999999
 39  1 -6 23 83160233284304292253199146105 87 971341902452822902652131442511 6ZJ 8 6304194429199999999999999 142 -81410 8799999999999999
 73 16-14-10 29 961742422862982822421921451131031191592112572822772431872511 7ZJ 855298202128399999999999999 224-16145410399999999999999
119 54  7-13 -1 441121842422762832652291861481251211411792242582702572202511 8ZJ 945284205927099999999999999 3 8-13153912099999999999999
165104 49 12  1 18 641251872342592622462161821541381391591912252482512342511 9ZJ1038264214125299999999999999 354  1162713799999999999999
199151100 57 29 23 42 83134183220239241229207182162151153168192216230229251110ZJ1137242222923299999999999999 444 22172215099999999999999
214185147107 73 52 49 65 97137175205221225218203185168158157167182198209251111ZJ1248225233421099999999999999 540 48183415699999999999999
209199179152122 95 77 73 83106137168193210217214203187171158152154164177251112ZJ1412217999999999999999999999 648 72201115299999999999999
189195193182163140116 98 90 94111136163189207217216205187166148136135143251113ZJ 117195152421899999999999999 8 9 90213813499999999999999
159176190196193178156132111 99 99113137166193214223220204180152128114113251114ZJ 310196161422499999999999999 928 97223611199999999999999
125147172194207207193169141116102101116143176206226231221197164130103 89251115ZJ 42820916512329999999999999910311002318 8999999999999999
 93113145179207222220202173141115101104124156192222238236215180139102 76251116ZJ 52322417222399999999999999911211002352 6899999999999999
 68 81113154195225237230206171136110100109136174212238246232199155109 72251117ZJ 6 723817512469999999999999912 2100999999999999999999999
 52 55 80123173216243248233201163128106103120155196231250245219175124 78251118ZJ 645249181925199999999999999 024 50123910199999999999999
 46 36 52 90143196236256253228191151119104110136177218246253235197145 92251119ZJ 720257184725399999999999999 054 36131410499999999999999
 50 28 31 60109167218252262248217176139114107123157199235253247217169114251120ZJ 754262191525499999999999999 124 26134810799999999999999
 64 30 20 36 77134191236259259236200161129112116140179218246252233193140251121ZJ 828262194425299999999999999 154 20142011199999999999999
 86 43 20 22 51101159211246258247219183148124117130160198232248242213166251122ZJ 9 1258201424999999999999999 225 18145211699999999999999
113 65 32 20 35 72125180223247249231201168140124126146178213237242225189251123ZJ 935250204424299999999999999 257 20152512399999999999999
142 92 53 30 30 53 95147194227240235214186157137130138161191219233229205251124ZJ1012241211723499999999999999 331 27155913099999999999999
167122 80 50 37 45 73116162200224230221200175153139137148171196216223212251125ZJ1053230215422399999999999999 4 7 37164013699999999999999
187151111 77 55 49 62 91131170201218221210192171154143143153172193207209251126ZJ1141221224021099999999999999 449 49173214199999999999999
198174143110 83 66 64 77104139172198213215206190172155144141149164181194251127ZJ1240216234719799999999999999 539 63184314199999999999999
197189170145118 94 79 77 88111142172197212215208192172152137131135148166251128ZJ1348216999999999999999999999 641 7620 513099999999999999
182190189177157132109 92 86 94114142173200217222214194168141120109112127251129ZJ 123191145222299999999999999 756 86211710999999999999999
150174192199193175150123102 91 96114144177208227232219193157121 93 80 85251130ZJ 3 3199154523299999999999999 913 912215 8099999999999999
106139174203217215197167135108 94 96115148186220240241221184138 94 61 482512 1ZJ 4212191632243999999999999991022 9223 5 4899999999999999
 57 88134181220239238216182143112 94 97119156200236253247217169113 62 282512 2ZJ 5252411715254999999999999991124 932352 1799999999999999
 17 35 77135194238260257231191148113 95100126169215250263248208150 87 322512 3ZJ 6212621758263999999999999991219 94999999999999999999999
 -2 -6 20 74142207254275268238194149114 98105136183230261267243194129 622512 4ZJ 714276184226899999999999999 039 -81312 9799999999999999
  7-22-20 16 781522202652822712381921471141021141491972422672652341791102512 5ZJ 8 6282192627099999999999999 126-2514 110299999999999999
 43 -8-32-22 21 881642282682812662301851431151071241622092482662572201632512 6ZJ 856281201026799999999999999 214-33145010799999999999999
 95 32-13-29-13 351031742312652712532181761391161141341722152482592442052512 7ZJ 945272205625999999999999999 3 1-29153711299999999999999
148 85 30 -6-16  6 551191822302552562372031661351181201421782152402452272512 8ZJ1033259214324699999999999999 349-16162411799999999999999
189137 82 36  9  7 31 781351882252422392191891581331211261471782092272272512 9ZJ1120243223223099999999999999 436  4171412099999999999999
209175131 86 50 31 34 59101149191218229223204178151131122127146172196209251210ZJ12 7229232721199999999999999 523 3018 812299999999999999
208193165130 96 69 57 63 86121160192211217210192169146128119124139160179251211ZJ1255217999999999999999999999 612 57191111999999999999999
191192182162136110 91 82 88108136167191206210202185163140122112114126144251212ZJ 036193134821099999999999999 7 6 82202011299999999999999
163177183179166147127110103108123146171192204207198180156131111100100111251213ZJ 2 7183144220799999999999999 8 81032129 9899999999999999
130152170182184176160142126117119132152175194206207196174147118 95 83 83251214ZJ 341184153420899999999999999 9201172227 8199999999999999
 97121148173190195189173153135124124136156180200211209193166133100 75 64251215ZJ 45619516222129999999999999910301232314 6399999999999999
 68 88119154185204209200181157136124124138161187208217210187153114 78 54251216ZJ 55121017 42179999999999999911291232354 4699999999999999
 46 58 87127168202220222208183155132120124142169198218222208177135 91 55251217ZJ 6352231744223999999999999991217120999999999999999999999
 34 34 55 95142187220234229208177147124116125149182211227224201161113 67251218ZJ 713235182122899999999999999 030 31125911699999999999999
 33 19 29 62110163208235242229201166135116114130161197224233221188140 88251219ZJ 749243185723399999999999999 1 6 19133611299999999999999
 43 15 11 32 76131184225245243221188151123110116141177212234235212170117251220ZJ 823247193223799999999999999 140 10141110999999999999999
 65 24  5 12 44 96154205238248236208171137114108124155193225239230198149251221ZJ 85724820 723999999999999999 215  4144510899999999999999
 94 45 12  3 21 63119176221244244224191154124108112134170208233237219179251222ZJ 930247204223999999999999999 250  3152010799999999999999
127 73 31  8 10 38 86144196231244235208173139115107118146183217234229203251223ZJ10 4244211823599999999999999 325  5155610799999999999999
159107 59 25 12 24 60111166210235238222192158128110108125156191218228216251224ZJ1039240215722899999999999999 4 1 12163510799999999999999
185141 93 53 28 25 45 84135184219234230208177145119106109129160192213217251225ZJ1115235224221899999999999999 439 23171910599999999999999
202171130 89 57 40 44 68108155196222230220196165135112102107128157186203251226ZJ1155230233720699999999999999 520 39181010199999999999999
205191163128 94 69 59 66 90128168201221224211186156126104 94 99119147173251227ZJ1240224999999999999999999999 6 7 5819 9 9499999999999999
191196186164136109 88 80 87109141175203218219205180148117 92 81 85103130251228ZJ 048196133322099999999999999 7 3 802015 8099999999999999
159181192189175153129110101105122148177202217217203176141106 78 62 64 82251229ZJ 219192143221999999999999999 8131002125 6199999999999999
111145175195201193175151130117116127149177202218219204174135 93 59 40 39251230ZJ 354201153522199999999999999 9361152231 3799999999999999
 59 93135175204218214197172147128121128148176203222224207172127 79 38 15251231ZJ 51721816372259999999999999911 21212332 1299999999999999
