 24 25 27 26 24 20 15 10  4  0 -2 -2  0  5 10 16 20 23 24 23 22 21 20 2025 1 1ZP 218 2718 2 24999999999999991030 -22212 2099999999999999
 21 23 25 26 25 23 18 12  6  1 -3 -4 -3  0  5 11 16 20 22 22 21 19 18 1825 1 2ZP 3 5 261834 22999999999999991111 -42251 1899999999999999
 18 20 22 24 25 23 20 15  9  3 -1 -4 -5 -3  1  6 11 16 19 20 20 18 16 1525 1 3ZP 349 2519 7 20999999999999991150 -52339 1599999999999999
 15 16 18 20 22 22 20 17 12  6  1 -2 -4 -4 -2  2  8 12 16 18 18 17 15 1425 1 4ZP 436 221938 19999999999999991227 -5999999999999999999999
 12 12 13 15 18 19 19 17 14 10  5  1 -1 -2 -1  1  5 10 14 17 18 17 15 1325 1 5ZP 531 1920 5 1899999999999999 036 1213 3 -299999999999999
 11 10  9 10 12 14 16 16 15 12  9  6  3  2  2  3  6  9 13 16 17 17 16 1325 1 6ZP 642 162029 1899999999999999 142  91336  299999999999999
 11  8  7  6  7  9 11 12 13 13 12 10  9  7  7  7  9 11 14 16 18 18 17 1525 1 7ZP 824 132051 1899999999999999 251  614 4  799999999999999
 12  9  6  4  3  4  6  8 10 12 13 13 13 13 12 12 13 14 16 18 19 20 20 1825 1 8ZP1055 132114 2099999999999999 4 4  31418 1299999999999999
 15 12  8  5  2  1  2  3  6  9 12 14 16 17 17 17 18 18 19 20 21 22 22 2125 1 9ZP2145 22999999999999999999999 515  1999999999999999999999
 19 16 12  8  4  1  0  0  2  5  9 13 16 18 20 21 21 22 22 22 23 23 24 2425 110ZP2232 24999999999999999999999 620  0999999999999999999999
 23 21 17 13  8  4  1 -1  0  2  5 10 14 18 21 23 24 24 24 24 24 24 25 2525 111ZP2340 26999999999999999999999 721 -1999999999999999999999
 25 24 22 18 14  9  4  0 -1 -1  2  6 11 16 20 23 25 25 25 24 24 24 24 2525 112ZP17 0 25999999999999999999999 817 -12034 2499999999999999
 26 27 26 23 19 14  8  3  0 -2 -1  2  7 12 17 21 24 25 25 24 23 22 23 2425 113ZP 050 271716 2599999999999999 910 -22115 2299999999999999
 25 27 27 26 23 19 13  7  2 -1 -2 -1  3  8 14 18 22 23 24 23 22 21 20 2125 114ZP 153 271737 2499999999999999 958 -22153 2099999999999999
 22 25 26 27 25 22 17 11  5  0 -2 -3 -1  4  9 15 19 21 22 22 20 19 18 1825 115ZP 247 2718 1 22999999999999991040 -32232 1899999999999999
 19 21 23 25 25 23 20 14  8  3 -1 -3 -3  0  5 11 15 19 20 20 19 17 16 1525 116ZP 334 251826 21999999999999991117 -32315 1599999999999999
 15 17 19 22 23 22 20 16 10  5  0 -3 -3 -2  2  7 12 16 18 19 18 16 14 1325 117ZP 416 231851 19999999999999991150 -3999999999999999999999
 13 13 15 17 19 20 19 16 12  7  3 -1 -2 -2  1  5 10 13 16 17 17 15 13 1225 118ZP 457 201915 1899999999999999 0 0 131217 -299999999999999
 10 10 11 13 15 16 16 15 12  9  5  2  0  0  1  5  8 12 15 16 16 15 13 1125 119ZP 540 161933 1799999999999999 048 101239  099999999999999
  9  8  8  9 10 12 13 13 12 10  7  5  3  3  4  6  9 12 15 16 16 15 14 1125 120ZP 632 131945 1699999999999999 139  81252  399999999999999
  9  8  7  7  7  9 10 11 11 10  9  8  7  6  7  9 11 13 15 17 17 16 15 1225 121ZP 748 111951 1799999999999999 234  61252  699999999999999
 10  8  6  5  5  6  7  8  9 10 10 10 10 10 11 12 13 15 17 18 18 18 16 1425 122ZP1954 18999999999999999999999 334  5999999999999999999999
 12  9  7  6  5  5  5  6  8  9 11 12 12 13 14 15 16 17 19 19 20 20 18 1725 123ZP20 3 20999999999999999999999 439  5999999999999999999999
 14 12  9  7  5  4  4  5  6  8 10 12 14 15 17 18 18 19 20 21 21 21 20 1925 124ZP2024 21999999999999999999999 542  4999999999999999999999
 17 15 12  9  7  5  4  3  4  6  9 12 14 17 18 19 20 21 21 21 22 22 22 2125 125ZP2115 22999999999999999999999 639  3999999999999999999999
 20 18 15 12  9  6  4  2  2  4  6 10 13 16 19 20 21 21 21 21 21 22 22 2225 126ZP23 0 22999999999999999999999 731  2999999999999999999999
 22 21 19 16 12  8  5  2  1  1  3  6 10 14 18 20 21 22 21 21 20 21 21 2225 127ZP1648 22999999999999999999999 820  020 2 2099999999999999
 23 23 21 19 15 11  6  2 -1 -2 -1  2  6 11 15 19 21 21 21 20 19 19 19 2025 128ZP 026 231656 2199999999999999 9 5 -22045 1999999999999999
 22 23 23 21 18 14  8  3 -1 -4 -5 -3  1  6 12 16 19 20 20 18 17 16 17 1825 129ZP 128 231714 2099999999999999 946 -52124 1699999999999999
 20 22 23 23 21 17 11  5 -1 -5 -7 -7 -4  1  7 12 16 19 19 17 15 14 13 1425 130ZP 221 231735 19999999999999991024 -722 5 1399999999999999
 16 18 21 22 22 19 14  8  2 -4 -7 -8 -7 -3  3  9 14 17 18 17 14 12 10 1025 131ZP 311 221757 18999999999999991059 -82249 1099999999999999
 11 14 17 20 21 20 17 12  5  0 -5 -7 -7 -5  0  6 11 15 17 16 14 11  8  725 2 1ZP 4 2 211819 17999999999999991133 -82336  799999999999999
  7  8 11 15 18 19 17 14  9  4 -1 -4 -5 -4 -1  4  9 14 16 16 15 11  8  525 2 2ZP 458 191840 179999999999999912 5 -5999999999999999999999
  4  4  6  9 13 15 16 15 13  9  4  1 -1 -1  1  5  9 13 16 17 16 13  9  625 2 3ZP 6 2 1619 0 1799999999999999 026  31234 -199999999999999
  3  1  2  4  7 10 13 14 14 12  9  7  5  5  5  7 11 14 17 18 18 16 12  825 2 4ZP 719 141919 1899999999999999 120  11257  599999999999999
  4  1  0  0  2  5  8 11 12 13 12 11 10 10 10 12 14 16 18 19 20 18 16 1225 2 5ZP 858 131939 2099999999999999 221  013 0 1099999999999999
  8  4  1  0  0  1  4  6  9 11 13 14 14 15 15 16 17 18 20 21 21 21 19 1625 2 6ZP1959 21999999999999999999999 331  0999999999999999999999
 13  9  5  2  0  0  1  3  5  8 11 14 16 17 18 19 20 21 21 22 22 22 21 2025 2 7ZP2029 22999999999999999999999 452  0999999999999999999999
 17 14 10  7  3  1  0  0  2  5  8 11 15 17 19 21 22 22 22 22 22 22 22 2225 2 8ZP2152 22999999999999999999999 616  0999999999999999999999
 21 19 16 12  8  4  1  0  0  1  4  8 12 16 19 21 22 22 22 21 21 21 22 2325 2 9ZP1656 222347 2399999999999999 729  020 7 2199999999999999
 23 22 20 17 13  8  4  1 -1 -1  1  4  9 13 17 19 21 21 21 20 19 19 20 2125 210ZP1649 21999999999999999999999 829 -12042 1999999999999999
 22 23 23 21 17 12  7  3 -1 -2 -2  1  5 10 14 17 19 20 19 18 17 16 17 1825 211ZP 1 6 231653 2099999999999999 917 -22114 1699999999999999
 20 22 23 22 20 16 10  5  0 -3 -4 -2  1  6 11 15 17 18 18 16 15 14 13 1425 212ZP 2 6 2317 4 1899999999999999 956 -42149 1399999999999999
 16 19 21 22 21 18 13  7  2 -2 -4 -4 -2  3  8 12 15 17 17 15 13 11 10 1025 213ZP 255 221720 17999999999999991028 -52225 1099999999999999
 12 15 18 20 20 18 15 10  4 -1 -4 -5 -3  0  5 10 14 16 16 14 12 10  8  725 214ZP 340 201737 16999999999999991057 -523 1  799999999999999
  8 10 13 16 18 17 15 11  6  2 -2 -4 -3 -1  4  8 12 15 15 14 12  9  7  525 215ZP 423 181754 15999999999999991121 -42336  599999999999999
  5  6  9 12 15 16 15 12  8  4  1 -1 -2  0  3  7 11 14 15 14 12  9  6  425 216ZP 5 6 1618 8 15999999999999991142 -2999999999999999999999
  3  4  6  8 11 13 14 13 10  7  4  2  1  2  5  8 11 14 15 15 13 10  7  425 217ZP 553 141818 1599999999999999 012  31158  199999999999999
  3  2  3  6  8 10 12 12 11  9  7  5  5  5  7 10 13 15 16 16 14 12  8  625 218ZP 646 121823 1699999999999999 047  212 7  599999999999999
  3  2  2  4  6  8 10 11 12 11 10  9  8  9 10 12 14 16 17 17 16 14 11  825 219ZP 749 121827 1799999999999999 125  212 4  899999999999999
  5  3  3  3  4  6  8 10 11 12 12 11 11 12 13 14 16 18 19 19 18 16 13 1025 220ZP1834 19999999999999999999999 211  3999999999999999999999
  8  6  4  3  4  5  6  8 10 11 12 13 13 14 15 16 17 19 19 20 19 18 16 1325 221ZP1847 20999999999999999999999 312  3999999999999999999999
 11  8  6  5  4  4  4  6  7  9 11 13 14 15 17 18 18 19 20 20 20 19 18 1625 222ZP19 7 20999999999999999999999 439  4999999999999999999999
 14 11  9  7  5  3  3  3  4  6  9 11 14 15 17 18 19 19 19 20 20 19 19 1825 223ZP1948 20999999999999999999999 6 9  3999999999999999999999
 17 14 12  9  6  4  2  1  1  3  5  8 11 14 16 18 18 18 18 18 18 18 19 1925 224ZP2246 19999999999999999999999 718  1999999999999999999999
 18 17 15 12  8  5  1 -1 -2 -1  1  4  8 12 15 17 17 17 17 16 16 16 17 1825 225ZP1620 17999999999999999999999 810 -21957 1699999999999999
 19 19 17 15 11  7  2 -2 -4 -5 -4 -1  4  9 12 15 16 16 15 14 13 13 14 1625 226ZP 025 191621 1699999999999999 854 -52035 1399999999999999
 18 19 19 17 14  9  4 -1 -5 -7 -7 -5  0  5 10 13 15 15 14 12 10  9 10 1125 227ZP 130 191631 1599999999999999 931 -72113  999999999999999
 14 17 19 19 17 13  7  2 -3 -7 -8 -7 -4  2  7 11 14 15 13 10  8  6  5  625 228ZP 228 191644 159999999999999910 6 -82154  599999999999999
  9 13 16 18 18 16 11  6  0 -4 -7 -7 -5  0  5 10 13 15 14 10  7  3  1  125 3 1ZP 325 1917 1 15999999999999991039 -82236  199999999999999
  3  7 12 16 18 18 15 11  5  0 -3 -5 -4 -1  4 10 13 15 15 12  8  3  0 -225 3 2ZP 425 181719 15999999999999991111 -52320 -299999999999999
 -2  1  6 11 15 17 17 14 10  6  2  0  0  1  5 10 14 16 17 14 10  5  1 -325 3 3ZP 527 171738 17999999999999991141 -1999999999999999999999
 -4 -3  0  5 10 14 16 16 14 11  8  6  5  5  8 11 15 17 18 17 14  9  4 -125 3 4ZP 633 161758 1899999999999999 0 6 -412 7  599999999999999
 -4 -5 -3  0  5  9 12 14 15 14 12 11 10 10 11 14 16 19 20 19 17 13  9  425 3 5ZP 747 151818 2099999999999999 057 -51223 1099999999999999
  0 -3 -3 -2  0  4  8 11 13 14 14 14 14 14 15 16 18 20 21 21 20 17 14  925 3 6ZP1838 21999999999999999999999 154 -4999999999999999999999
  5  2 -1 -2 -1  1  4  7 10 12 14 15 16 17 18 19 20 20 21 21 21 20 17 1425 3 7ZP1857 21999999999999999999999 3 6 -2999999999999999999999
 11  7  4  2  0  0  1  3  6  9 11 14 16 18 19 20 20 20 21 21 21 20 19 1825 3 8ZP19 4 21999999999999999999999 438  0999999999999999999999
 16 13  9  6  3  1  0  1  2  5  8 11 14 16 18 19 20 20 19 19 19 19 19 1925 3 9ZP1619 20999999999999999999999 615  0999999999999999999999
 18 17 14 11  7  4  1  0  0  1  4  7 11 14 16 18 18 18 17 17 16 17 17 1825 310ZP16 3 18999999999999999999999 730  02013 1699999999999999
 19 19 17 14 11  7  3  0 -1 -1  1  4  8 11 14 16 17 16 15 14 13 13 14 1625 311ZP 011 1916 0 1799999999999999 824 -12039 1399999999999999
 17 18 18 17 14  9  5  1 -1 -2 -2  1  5  9 12 15 15 15 13 12 10 10 10 1225 312ZP 123 1916 3 1599999999999999 9 3 -221 8 1099999999999999
 14 17 18 17 15 12  7  3 -1 -3 -3 -1  3  7 11 13 14 14 12 10  8  6  6  725 313ZP 217 181611 1499999999999999 935 -32138  699999999999999
 10 13 16 17 16 13  9  5  1 -2 -3 -2  1  5  9 12 14 14 12  9  6  4  3  425 314ZP 3 6 171622 149999999999999910 2 -322 8  399999999999999
  6 10 13 15 16 15 11  7  3  0 -2 -2  1  4  9 12 14 14 12  9  6  3  1  125 315ZP 351 161634 14999999999999991026 -22238  199999999999999
  2  6 10 13 15 15 13 10  6  3  1  0  1  5  8 12 14 14 13 10  6  3  0 -125 316ZP 436 151645 14999999999999991047  023 6 -199999999999999
  0  3  6 10 13 15 14 12  9  6  4  3  4  6  9 12 15 15 14 11  8  4  1 -125 317ZP 521 151654 159999999999999911 6  32335 -299999999999999
 -1  0  4  8 11 14 15 14 12  9  7  6  6  8 11 14 16 16 16 13 10  6  2  025 318ZP 6 6 1517 2 16999999999999991123  6999999999999999999999
 -1  0  2  6  9 12 14 15 14 12 11 10 10 11 13 15 17 18 17 15 12  8  5  225 319ZP 654 1517 9 1899999999999999 0 5 -11134  999999999999999
  0  0  1  4  7 10 13 14 15 14 13 12 12 13 14 16 18 19 19 17 15 11  8  425 320ZP 748 151719 1999999999999999 038  01133 1299999999999999
  2  1  1  3  5  8 10 13 14 14 14 14 14 15 16 17 19 19 19 19 17 14 11  725 321ZP1732 20999999999999999999999 120  1999999999999999999999
  5  3  2  3  4  6  8 10 12 13 14 15 15 16 17 18 19 19 20 19 18 16 13 1025 322ZP1747 20999999999999999999999 217  2999999999999999999999
  8  5  4  3  3  3  5  6  8 10 12 14 15 16 17 18 18 19 19 19 18 17 15 1325 323ZP18 2 19999999999999999999999 343  3999999999999999999999
 10  8  6  4  2  2  2  3  4  7  9 11 14 15 16 17 17 17 17 17 17 17 16 1525 324ZP1733 17999999999999999999999 525  2999999999999999999999
 13 11  8  5  3  1  0 -1  0  2  5  8 11 14 15 16 16 15 15 15 15 15 15 1525 325ZP1530 162235 1599999999999999 641 -11932 1599999999999999
 15 13 11  8  4  1 -1 -3 -3 -2  1  5  9 12 14 14 14 13 12 11 11 12 13 1425 326ZP1514 14999999999999999999999 736 -31949 1199999999999999
 15 15 14 11  7  3  0 -3 -5 -4 -2  2  6 10 12 13 13 12 10  8  7  7  9 1125 327ZP 023 151514 1399999999999999 820 -52021  799999999999999
 14 15 16 14 11  7  3 -1 -4 -5 -4 -1  4  8 12 13 13 11  8  5  3  2  3  625 328ZP 138 161522 1399999999999999 859 -52057  299999999999999
 10 14 16 17 15 12  7  3 -1 -3 -3 -1  3  8 12 14 14 12  8  4  1 -2 -2  025 329ZP 244 171535 1499999999999999 935 -32136 -299999999999999
  4 10 14 17 18 16 13  8  4  1  0  0  3  8 12 15 16 14 11  6  0 -3 -5 -525 330ZP 349 181553 16999999999999991010  02218 -599999999999999
 -1  4 10 15 18 19 17 14 10  6  4  4  5  9 13 17 18 18 14  9  3 -2 -6 -725 331ZP 451 191613 18999999999999991044  423 1 -799999999999999
 -6 -2  4 10 15 18 19 18 15 12 10  9  9 11 15 18 20 20 18 14  8  2 -4 -725 4 1ZP 552 191636 20999999999999991115  92347 -899999999999999
 -8 -6 -1  5 11 15 18 19 18 16 14 13 13 14 16 19 21 22 21 18 13  7  2 -325 4 2ZP 656 1917 0 22999999999999991140 13999999999999999999999
 -6 -6 -4  0  6 11 15 17 18 18 17 17 17 17 18 20 22 23 23 21 18 13  8  325 4 3ZP 813 191726 2399999999999999 038 -61150 1799999999999999
 -1 -3 -3 -2  2  6 10 14 16 17 18 18 19 19 20 21 22 23 23 22 20 17 13  925 4 4ZP1750 23999999999999999999999 136 -4999999999999999999999
  5  2  0 -1  0  2  6  9 12 15 16 18 19 20 20 21 21 21 22 21 21 19 17 1425 4 5ZP18 6 22999999999999999999999 248 -1999999999999999999999
 10  7  4  2  1  1  3  5  8 11 13 16 18 19 20 20 20 20 19 19 19 19 18 1625 4 6ZP1512 20999999999999999999999 418  1999999999999999999999
 14 11  8  5  3  2  1  2  4  7 10 13 15 17 18 18 18 17 16 16 16 16 16 1625 4 7ZP1450 182226 1699999999999999 547  11942 1699999999999999
 16 14 12  9  6  3  2  1  2  4  7 10 13 15 16 17 16 15 14 13 12 13 14 1525 4 8ZP1446 17999999999999999999999 655  120 2 1299999999999999
 15 15 14 12  9  5  3  1  1  2  4  8 11 13 15 15 15 13 11  9  8  8 10 1225 4 9ZP 019 151447 1599999999999999 744  12027  899999999999999
 13 15 15 13 11  8  5  2  1  2  3  6  9 12 14 15 14 12  9  7  5  5  6  825 410ZP 131 151451 1599999999999999 822  12053  599999999999999
 11 13 14 14 13 10  7  4  3  2  3  6  9 12 14 15 14 11  8  5  3  2  2  425 411ZP 229 151457 1599999999999999 852  22118  299999999999999
  7 11 13 15 14 13 10  7  5  4  4  6  9 12 14 15 15 12  9  5  2  0 -1  125 412ZP 321 1515 5 1599999999999999 919  42144 -199999999999999
  4  8 12 15 16 15 13 10  8  6  6  7 10 13 15 16 16 14 10  6  2 -1 -2 -125 413ZP 4 8 161515 1699999999999999 943  622 9 -299999999999999
  2  6 10 14 16 17 16 14 11 10  9  9 11 14 16 18 18 16 13  8  4  0 -2 -225 414ZP 452 171525 189999999999999910 7  92235 -299999999999999
  0  4  8 13 16 18 18 17 15 13 12 12 13 15 18 19 19 18 15 11  6  2 -1 -225 415ZP 534 181538 20999999999999991029 1223 3 -299999999999999
 -1  2  6 11 15 18 19 19 17 16 15 14 15 17 19 21 21 20 18 14  9  5  1 -125 416ZP 615 191552 21999999999999991050 142335 -199999999999999
 -1  1  5  9 13 17 19 20 19 18 17 16 17 18 20 21 22 22 20 17 12  8  4  125 417ZP 659 2016 9 229999999999999911 7 16999999999999999999999
  0  1  3  7 10 14 17 19 19 19 18 18 18 19 20 22 22 22 21 19 15 11  7  425 418ZP 753 191627 2399999999999999 011  01112 1899999999999999
  2  1  2  4  7 11 14 16 18 18 18 18 19 19 20 21 22 22 22 20 17 13 10  625 419ZP1645 22999999999999999999999 055  1999999999999999999999
  4  2  2  3  4  7 10 13 15 17 17 18 19 19 20 20 21 21 21 20 18 15 12  925 420ZP17 2 21999999999999999999999 150  2999999999999999999999
  6  4  2  2  2  4  6  8 11 14 15 17 18 18 19 19 19 19 19 19 18 16 14 1125 421ZP17 6 19999999999999999999999 3 0  2999999999999999999999
  8  6  3  2  1  1  2  4  7 10 13 15 16 17 17 17 17 17 16 16 16 15 15 1325 422ZP14 4 17999999999999999999999 419  1999999999999999999999
 11  8  6  3  2  1  1  2  4  7 10 13 15 16 16 15 14 13 13 13 13 13 14 1425 423ZP1341 162234 1499999999999999 532  019 1 1399999999999999
 13 12  9  7  4  2  1  1  2  4  8 11 14 15 15 14 13 11  9  8  8  9 11 1325 424ZP1338 15999999999999999999999 633  01923  899999999999999
 14 14 13 11  8  5  3  2  2  4  7 10 13 15 16 15 12  9  6  4  3  4  7 1025 425ZP 031 141345 1699999999999999 725  21956  399999999999999
 13 16 16 15 13 10  7  5  4  5  7 10 14 16 17 16 13  9  5  1 -1 -1  1  525 426ZP 157 161359 1799999999999999 812  42034 -199999999999999
 10 15 18 19 18 16 13 10  9  8  9 11 15 18 20 19 17 12  7  1 -2 -4 -4  025 427ZP 310 191418 2099999999999999 855  82115 -499999999999999
  5 11 16 20 22 21 19 16 14 12 12 14 17 20 22 23 21 17 11  4 -1 -5 -6 -525 428ZP 414 221442 2399999999999999 936 122158 -699999999999999
  0  6 13 18 22 24 23 21 19 17 16 17 19 21 24 25 25 22 17 10  3 -2 -6 -725 429ZP 514 241511 25999999999999991013 162244 -799999999999999
 -4  1  8 14 20 23 25 24 23 21 20 20 21 23 25 27 27 26 22 16  9  3 -2 -525 430ZP 613 251543 27999999999999991047 202332 -599999999999999
 -5 -2  3  9 15 20 24 25 25 24 23 22 22 24 25 27 28 28 26 22 16  9  4 -125 5 1ZP 716 251617 28999999999999991115 22999999999999999999999
 -3 -3  0  5 10 15 20 23 24 24 24 23 23 24 25 26 27 28 27 25 20 15 10  525 5 2ZP 840 241652 2899999999999999 024 -31133 2399999999999999
  1  0  0  2  6 10 15 19 21 22 23 23 24 24 24 25 25 26 26 25 22 19 15 1025 5 3ZP1725 26999999999999999999999 122 -1999999999999999999999
  6  3  2  2  4  7 10 14 17 20 21 22 23 23 23 23 23 23 23 23 22 20 17 1425 5 4ZP1532 23999999999999999999999 226  2999999999999999999999
 11  8  5  4  4  5  7 10 13 16 19 20 21 21 21 21 20 19 19 19 19 18 17 1625 5 5ZP13 1 21999999999999999999999 335  3999999999999999999999
 14 11  8  6  5  5  6  8 10 13 16 18 20 20 20 19 18 16 15 15 15 15 16 1625 5 6ZP13 5 202217 1699999999999999 441  51915 1599999999999999
 15 13 11  9  7  6  6  7  9 11 14 17 18 19 19 17 16 14 12 11 11 12 13 1425 5 7ZP13 9 19999999999999999999999 538  61938 1199999999999999
 15 14 13 12 10  9  8  8  9 11 13 16 18 19 18 17 15 12 10  8  7  8  9 1225 5 8ZP 020 151313 1999999999999999 626  820 2  799999999999999
 13 15 15 14 13 12 10 10 10 12 14 16 18 19 19 17 14 11  8  6  5  5  6  925 5 9ZP 146 151318 1999999999999999 7 7 102024  499999999999999
 12 15 16 17 16 15 13 13 12 13 15 17 19 20 20 18 16 12  8  5  3  3  4  725 510ZP 254 171324 2099999999999999 744 122047  399999999999999
 10 14 17 18 19 18 17 16 15 15 16 18 20 21 22 20 18 14 10  6  3  1  2  525 511ZP 348 191334 2299999999999999 818 152111  199999999999999
  9 13 17 20 21 21 20 19 18 18 18 20 22 23 24 23 20 17 12  7  4  2  1  325 512ZP 431 211349 2499999999999999 852 182138  199999999999999
  7 12 16 20 23 24 23 22 21 20 20 21 23 25 26 25 23 20 15 10  6  3  1  225 513ZP 5 8 241411 2699999999999999 925 2022 7  199999999999999
  5 10 15 20 23 25 25 25 23 22 22 23 24 26 27 27 26 23 19 14  9  5  3  225 514ZP 543 261436 2799999999999999 956 222239  299999999999999
  4  8 13 18 22 25 26 26 25 24 23 23 24 26 27 28 27 25 22 17 12  7  4  325 515ZP 620 2615 3 28999999999999991025 232315  399999999999999
  3  6 10 15 19 23 26 26 26 25 24 24 24 26 27 28 28 27 24 20 15 10  6  425 516ZP 7 2 261532 28999999999999991050 242356  399999999999999
  3  4  7 11 16 20 23 25 25 25 24 24 24 25 26 27 28 27 25 22 18 13  9  525 517ZP 756 251559 28999999999999991113 24999999999999999999999
  3  3  4  7 11 16 19 22 24 24 24 24 24 24 25 26 26 26 25 23 19 15 11  725 518ZP1628 26999999999999999999999 040  3999999999999999999999
  4  3  3  5  8 11 15 18 21 22 23 23 23 23 23 23 24 24 24 22 20 17 13 1025 519ZP1659 24999999999999999999999 128  3999999999999999999999
  7  4  3  3  5  8 11 15 18 20 21 22 22 21 21 21 21 21 21 21 20 18 15 1225 520ZP1123 22999999999999999999999 220  3999999999999999999999
 10  7  5  4  5  6  9 12 15 18 20 21 21 20 19 18 17 17 17 17 18 17 17 1525 521ZP1134 212011 1899999999999999 315  41718 1799999999999999
 13 11  9  7  6  7  8 10 13 16 19 20 21 20 18 16 14 13 13 13 14 15 16 1725 522ZP1144 2123 0 1799999999999999 412  618 3 1399999999999999
 16 15 13 12 10 10 10 11 13 16 19 21 21 21 19 16 13 10  9  8  9 11 14 1725 523ZP1157 21999999999999999999999 512 101843  899999999999999
 18 19 18 17 16 14 14 14 15 17 20 22 23 23 21 17 13  9  6  4  5  7 10 1425 524ZP 1 0 191214 2399999999999999 615 141924  499999999999999
 18 21 22 22 22 20 19 18 18 20 22 24 26 26 24 21 16 11  6  3  1  2  5 1025 525ZP 231 231238 2699999999999999 717 1820 8  199999999999999
 16 21 24 26 27 26 24 23 22 23 24 26 28 29 29 26 21 15  9  4  1  0  1  625 526ZP 342 2713 9 2999999999999999 814 222053  099999999999999
 11 18 23 27 29 30 29 27 26 26 26 28 30 32 32 31 27 22 15  8  3  0 -1  225 527ZP 441 301346 3299999999999999 9 4 262141 -199999999999999
  7 13 20 25 29 31 32 31 29 28 28 29 30 33 34 34 32 28 22 15  8  3  0  025 528ZP 534 321428 3499999999999999 947 282230  099999999999999
  3  8 15 21 27 30 32 32 31 30 29 29 30 32 34 35 34 32 27 21 14  8  4  125 529ZP 626 321514 35999999999999991026 292321  199999999999999
  2  5 10 16 22 27 30 31 31 30 30 29 30 31 32 34 34 34 31 26 20 14  9  525 530ZP 719 3116 0 349999999999999911 7 29999999999999999999999
  3  4  7 12 17 22 26 29 30 30 29 29 28 29 30 31 32 32 31 29 24 19 14  925 531ZP 818 301645 3299999999999999 012  31158 2899999999999999
  6  5  6  9 13 18 22 25 27 28 28 28 27 27 27 28 28 29 29 28 25 22 17 1325 6 1ZP 921 281729 2999999999999999 1 3  51320 2799999999999999
 10  7  7  8 10 14 18 22 25 26 27 27 26 25 25 24 24 25 25 25 24 22 19 1625 6 2ZP1013 271818 2599999999999999 153  71515 2499999999999999
 13 10  9  9 10 12 16 19 22 24 25 25 25 24 23 22 21 20 21 21 21 21 19 1825 6 3ZP1046 25999999999999999999999 238  9999999999999999999999
 16 14 12 11 11 13 15 18 20 23 24 25 24 23 22 20 18 17 17 17 17 18 18 1825 6 4ZP11 6 252218 1899999999999999 319 111811 1799999999999999
 17 16 15 14 14 15 16 18 20 22 24 24 24 23 21 19 17 15 13 13 14 15 17 1825 6 5ZP1117 24999999999999999999999 353 141847 1399999999999999
 19 19 18 18 17 18 18 19 21 23 24 25 25 24 22 19 16 14 12 11 11 12 15 1725 6 6ZP 041 191123 2599999999999999 423 171914 1199999999999999
 19 20 21 21 21 21 21 22 23 24 26 26 26 25 23 20 17 14 11 10  9 11 13 1625 6 7ZP1130 279999999999999999999991939  9999999999999999999999
 19 22 24 24 25 25 25 25 25 26 27 28 28 28 26 23 19 15 12  9  8  9 11 1525 6 8ZP1143 2899999999999999999999920 6  8999999999999999999999
 19 22 25 27 28 28 28 27 27 28 29 30 31 30 28 26 22 18 14 11  9  9 10 1425 6 9ZP12 6 319999999999999999999992035  8999999999999999999999
 18 22 26 29 30 31 30 30 29 29 30 31 32 32 31 29 26 21 17 13 10  9  9 1225 610ZP 452 311241 3299999999999999 813 2921 8  899999999999999
 16 21 26 29 32 32 32 31 31 30 31 32 33 34 33 32 29 25 20 16 12  9  9 1025 611ZP 513 321322 3499999999999999 9 0 302145  999999999999999
 14 19 24 28 31 33 33 33 32 31 31 31 33 34 34 34 32 28 24 19 14 10  8  925 612ZP 539 3314 4 3499999999999999 939 312223  899999999999999
 11 15 20 25 30 32 33 33 32 31 30 31 32 33 34 35 33 31 27 22 16 12  9  825 613ZP 611 331445 35999999999999991014 3023 3  899999999999999
  9 12 16 22 26 30 32 32 32 31 30 30 30 31 33 34 34 32 29 24 19 14 10  725 614ZP 649 321525 34999999999999991050 302344  799999999999999
  7  9 12 17 22 26 29 31 31 30 29 29 28 29 30 32 32 32 30 26 21 16 12  825 615ZP 730 3116 4 32999999999999991133 28999999999999999999999
  7  7  9 13 18 22 26 28 29 29 28 27 27 27 27 29 30 30 29 27 23 19 14 1025 616ZP 812 291648 3099999999999999 024  61229 2799999999999999
  8  7  8 10 14 19 23 26 28 28 27 26 25 25 24 25 26 27 27 26 24 21 17 1425 617ZP 850 281744 2799999999999999 1 4  71340 2499999999999999
 11  9  9 10 13 16 20 24 26 27 27 26 24 23 22 21 22 23 24 24 24 23 20 1825 618ZP 919 2719 9 2499999999999999 144  91456 2199999999999999
 15 13 12 12 14 16 19 23 25 27 27 26 24 22 20 18 18 18 19 21 22 23 23 2225 619ZP 941 272119 2399999999999999 223 1216 5 1899999999999999
 20 18 17 17 17 18 21 23 26 27 28 27 26 23 20 17 15 14 15 16 19 21 23 2425 620ZP10 1 282345 2499999999999999 3 5 1717 6 1499999999999999
 24 24 23 22 22 22 23 25 27 29 30 30 28 25 22 18 14 12 11 12 14 18 21 2425 621ZP1023 30999999999999999999999 355 2218 0 1199999999999999
 27 28 28 28 28 27 28 28 29 31 32 33 32 29 26 21 16 13 10  9 10 14 18 2225 622ZP 156 281052 3399999999999999 5 6 271852  999999999999999
 27 30 32 32 32 32 32 32 32 33 34 35 35 34 31 26 21 16 11  9  8 10 14 1925 623ZP 326 331131 3599999999999999 640 321945  899999999999999
 24 29 33 35 36 36 35 34 34 35 36 37 38 38 36 32 27 21 16 11  8  8 10 1525 624ZP 418 361222 3899999999999999 756 342038  899999999999999
 20 26 31 35 37 38 37 36 36 35 36 37 39 40 39 37 33 28 22 16 11  8  8 1125 625ZP 458 381320 4099999999999999 852 352131  899999999999999
 16 22 28 33 36 38 38 37 36 35 35 36 37 39 40 40 38 34 28 21 15 11  9  925 626ZP 534 381418 4099999999999999 938 352223  899999999999999
 12 17 23 29 33 36 37 37 36 35 34 34 35 37 39 40 40 37 33 27 20 15 11  925 627ZP 6 9 371514 40999999999999991023 342312  999999999999999
 10 13 18 24 29 33 35 36 35 34 33 32 32 34 36 38 38 38 35 31 25 19 14 1125 628ZP 645 3616 6 38999999999999991111 322358 1099999999999999
 10 11 15 20 25 30 33 34 34 33 31 30 30 30 31 33 35 36 35 32 28 23 18 1425 629ZP 720 341655 369999999999999912 7 30999999999999999999999
 11 11 13 17 22 26 30 32 32 32 30 29 28 27 28 29 30 32 32 31 28 25 21 1725 630ZP 755 321745 3299999999999999 038 1113 9 2799999999999999
 14 13 14 16 19 23 27 30 31 31 30 28 27 25 25 25 26 27 28 28 27 25 23 2025 7 1ZP 825 311845 2899999999999999 113 131418 2599999999999999
 18 16 16 17 19 23 26 28 30 30 29 28 26 24 23 22 22 23 24 25 25 25 24 2225 7 2ZP 849 302014 2599999999999999 142 161529 2299999999999999
 21 20 19 20 21 23 26 28 30 30 30 28 26 24 22 21 20 20 20 21 23 24 24 2425 7 3ZP 9 5 302229 2499999999999999 2 2 191633 1999999999999999
 24 23 23 23 24 26 27 29 30 31 31 29 27 25 23 20 19 18 18 19 20 22 24 2525 7 4ZP 912 31999999999999999999999 2 3 231725 1899999999999999
 26 27 27 27 28 29 30 31 32 32 32 31 29 27 24 21 19 17 17 17 19 21 23 2625 7 5ZP 915 3299999999999999999999918 6 17999999999999999999999
 28 29 30 31 31 32 32 33 34 34 34 33 32 29 27 24 21 18 17 16 17 20 23 2625 7 6ZP 924 349999999999999999999991844 16999999999999999999999
 29 31 33 34 34 34 35 35 35 36 36 35 34 32 30 27 23 20 18 17 17 18 21 2525 7 7ZP 953 369999999999999999999991923 16999999999999999999999
 29 32 34 36 36 36 36 36 36 36 37 37 37 35 33 30 27 23 20 17 16 17 19 2325 7 8ZP1054 3799999999999999999999920 5 16999999999999999999999
 27 31 34 37 38 38 37 37 36 36 37 38 38 38 36 34 30 26 22 19 16 16 17 2025 7 9ZP 438 3812 7 3899999999999999 813 362049 1699999999999999
 24 29 33 36 38 38 38 37 36 36 36 37 38 39 38 36 33 29 25 20 17 15 15 1725 710ZP 452 381311 3999999999999999 856 362132 1599999999999999
 21 25 30 34 37 38 38 37 35 35 35 35 37 38 39 38 36 32 28 23 18 15 13 1425 711ZP 515 3814 5 3999999999999999 932 342214 1399999999999999
 17 21 26 31 35 37 37 36 35 33 33 33 34 36 38 38 37 34 30 25 20 15 13 1225 712ZP 543 371452 389999999999999910 9 332253 1299999999999999
 13 17 22 27 31 34 36 35 34 32 31 31 31 33 35 37 37 35 32 27 22 17 13 1125 713ZP 612 361537 37999999999999991048 312330 1199999999999999
 11 13 18 23 28 32 34 34 33 31 29 28 28 29 31 34 35 35 33 30 25 20 15 1225 714ZP 641 341626 35999999999999991133 28999999999999999999999
 11 12 15 20 25 29 32 33 32 30 28 26 26 26 27 29 32 33 33 31 28 23 19 1625 715ZP 7 8 331722 3399999999999999 0 6 111222 2599999999999999
 14 13 15 18 23 27 30 32 32 31 28 26 24 23 23 25 27 29 31 31 29 27 23 2025 716ZP 732 321833 3199999999999999 040 131316 2399999999999999
 18 17 18 20 23 26 30 32 32 31 29 26 23 21 20 20 22 25 27 29 30 29 28 2625 717ZP 753 3220 6 3099999999999999 113 171413 2099999999999999
 24 22 22 23 25 28 30 32 33 33 31 28 25 21 19 18 18 20 23 25 28 29 30 3025 718ZP 812 3322 8 3099999999999999 145 221515 1899999999999999
 29 28 28 28 29 30 32 34 35 35 34 31 28 24 20 18 17 17 19 21 25 28 30 3225 719ZP 832 35999999999999999999999 213 281620 1799999999999999
 33 33 33 33 33 34 35 36 37 37 37 35 32 28 24 20 18 16 16 18 21 24 28 3225 720ZP 858 379999999999999999999991727 16999999999999999999999
 34 36 37 37 37 37 37 38 38 39 39 38 36 33 29 25 21 18 16 16 18 21 25 2925 721ZP 940 399999999999999999999991833 16999999999999999999999
 33 36 39 40 40 40 39 39 39 40 40 40 40 38 35 31 26 22 18 16 16 18 21 2625 722ZP 4 2 401056 4099999999999999 712 391937 1699999999999999
 30 35 38 40 41 41 40 39 39 39 40 41 42 41 40 37 32 27 22 18 16 16 18 2125 723ZP 421 411220 4299999999999999 816 392037 1699999999999999
 26 31 36 39 40 41 40 39 38 38 38 39 41 42 42 41 37 33 27 22 18 15 15 1825 724ZP 442 411332 4399999999999999 857 382132 1599999999999999
 22 27 32 36 39 40 39 38 36 36 35 36 38 41 42 42 41 37 32 26 21 17 15 1525 725ZP 5 4 401434 4399999999999999 936 352220 1599999999999999
 18 23 28 33 36 38 38 37 35 33 33 33 34 37 40 41 41 39 35 30 24 19 16 1425 726ZP 528 381528 41999999999999991017 3223 1 1499999999999999
 16 19 24 29 33 36 37 36 34 32 30 30 30 32 35 38 39 39 37 32 27 22 18 1525 727ZP 553 371619 399999999999999911 0 302337 1599999999999999
 15 17 21 26 31 34 35 35 33 31 28 27 27 28 30 33 35 36 36 33 29 25 21 1825 728ZP 618 3517 8 36999999999999991146 27999999999999999999999
 17 17 20 24 28 32 34 34 33 30 28 26 25 25 26 28 31 33 34 33 31 27 24 2125 729ZP 641 3418 2 3499999999999999 0 8 161232 2499999999999999
 19 19 21 24 27 31 33 33 33 31 28 26 24 23 23 25 27 29 31 31 31 29 27 2525 730ZP 7 0 3319 4 3199999999999999 034 191318 2399999999999999
 23 23 23 25 28 31 33 33 33 31 29 26 24 22 22 22 24 26 28 29 30 30 29 2825 731ZP 712 332023 3099999999999999 054 2314 5 2299999999999999
 27 27 27 28 30 32 33 34 34 32 30 28 25 23 22 21 22 23 25 27 29 30 30 3025 8 1ZP 715 34999999999999999999999 1 2 271455 2199999999999999
 30 30 31 31 33 34 35 35 35 34 32 30 27 25 23 22 21 22 23 25 27 29 31 3225 8 2ZP 712 359999999999999999999991551 21999999999999999999999
 33 33 34 35 35 36 37 37 37 36 34 32 30 27 25 23 22 22 22 24 26 28 31 3325 8 3ZP 7 9 379999999999999999999991653 22999999999999999999999
 35 36 36 37 37 38 38 38 38 38 37 35 33 31 28 26 24 22 22 23 24 27 29 3225 8 4ZP 713 389999999999999999999991756 22999999999999999999999
 35 37 38 38 39 39 39 39 39 38 38 37 36 34 31 29 26 24 22 22 22 24 27 3025 8 5ZP 417 399999999999999999999991856 22999999999999999999999
 34 36 38 39 39 39 39 38 38 38 38 38 38 37 35 32 29 26 23 21 21 22 24 2725 8 6ZP 354 399999999999999999999991952 21999999999999999999999
 31 35 37 39 39 39 38 37 37 37 37 38 39 38 37 35 32 28 24 21 19 19 20 2325 8 7ZP 4 1 391218 3999999999999999 817 372041 1999999999999999
 27 32 35 37 38 38 37 36 35 35 35 37 38 39 39 37 34 30 26 22 18 17 17 1925 8 8ZP 417 381322 3999999999999999 846 352125 1799999999999999
 23 28 32 35 37 37 36 34 33 32 33 34 36 38 39 38 36 33 28 23 19 16 14 1525 8 9ZP 437 371414 3999999999999999 918 3222 3 1499999999999999
 19 23 28 33 35 36 35 33 31 30 29 30 32 35 37 38 38 35 31 25 20 16 14 1325 810ZP 459 3615 4 3899999999999999 953 292239 1399999999999999
 16 20 25 30 33 35 34 33 30 28 26 26 28 31 34 37 37 36 33 29 23 19 15 1425 811ZP 521 351555 37999999999999991031 262313 1499999999999999
 14 17 22 27 31 34 34 32 30 26 24 23 23 26 29 33 36 36 35 32 27 23 19 1625 812ZP 542 341651 36999999999999991112 232346 1699999999999999
 16 18 21 26 30 33 34 33 30 27 23 21 20 21 24 28 32 34 35 34 31 27 24 2125 813ZP 6 2 341756 35999999999999991157 20999999999999999999999
 20 20 22 26 30 33 34 34 32 28 24 21 19 18 20 23 27 31 33 34 34 32 29 2725 814ZP 621 3519 9 3499999999999999 018 201245 1899999999999999
 25 25 26 28 31 34 35 36 34 31 27 23 20 18 17 19 22 26 30 32 34 34 33 3225 815ZP 639 362037 3499999999999999 049 251338 1799999999999999
 31 30 30 31 33 35 37 37 36 34 31 27 23 20 18 18 19 22 25 29 32 34 35 3525 816ZP 657 37999999999999999999999 115 301438 1799999999999999
 35 35 35 35 36 37 38 39 38 37 35 31 27 24 21 19 18 19 22 25 28 31 34 3625 817ZP 715 399999999999999999999991552 18999999999999999999999
 37 38 38 38 39 39 39 39 40 39 38 36 33 29 26 23 20 19 20 21 24 27 31 3425 818ZP 739 409999999999999999999991716 19999999999999999999999
 37 38 40 40 40 40 40 40 40 40 40 39 37 35 31 28 24 21 20 20 21 23 27 3125 819ZP 332 409999999999999999999991838 19999999999999999999999
 34 37 39 40 40 40 39 39 38 39 39 40 40 39 36 33 29 25 22 20 19 20 23 2725 820ZP 339 401125 4099999999999999 749 381949 1999999999999999
 31 35 37 39 39 39 38 37 36 36 37 39 40 41 40 37 34 29 25 21 19 18 20 2325 821ZP 351 391252 4199999999999999 817 362046 1899999999999999
 27 31 35 37 38 37 36 34 33 33 34 36 38 40 41 40 37 33 28 23 19 17 17 1925 822ZP 4 4 381356 4199999999999999 848 332132 1799999999999999
 23 28 32 35 36 36 34 32 31 30 30 31 34 37 40 40 39 36 31 26 21 18 16 1725 823ZP 420 361451 4099999999999999 923 3022 9 1699999999999999
 20 25 29 33 34 35 33 31 28 27 26 27 29 33 36 38 39 37 33 28 23 20 17 1725 824ZP 438 351540 399999999999999910 0 262241 1799999999999999
 19 22 27 31 33 34 33 30 27 25 23 23 25 28 32 35 37 37 35 31 26 22 19 1825 825ZP 457 341628 37999999999999991037 232310 1899999999999999
 18 21 25 29 32 33 33 31 27 24 22 21 21 24 27 31 34 35 35 33 29 25 22 2025 826ZP 515 331717 35999999999999991113 212335 2099999999999999
 20 22 25 29 31 33 33 31 28 25 22 20 20 21 24 27 31 33 34 33 31 28 26 2425 827ZP 530 3318 8 34999999999999991148 192357 2399999999999999
 23 24 26 29 32 33 33 32 29 26 23 20 19 19 21 24 27 30 32 33 32 31 29 2725 828ZP 540 3319 3 33999999999999991223 19999999999999999999999
 27 27 28 31 33 34 34 33 31 28 25 22 20 20 20 22 25 28 30 32 33 33 32 3125 829ZP 543 3420 8 3399999999999999 013 271258 2099999999999999
 30 30 31 33 34 35 35 35 33 30 27 24 22 21 21 22 24 26 28 31 32 33 33 3325 830ZP 542 35999999999999999999999 020 301339 2199999999999999
 33 33 34 35 36 36 36 36 34 32 30 27 25 23 22 22 23 24 26 29 31 32 34 3425 831ZP 541 369999999999999999999991434 22999999999999999999999
 35 35 36 36 37 37 37 37 36 34 32 30 28 26 24 23 23 23 25 26 28 31 32 3425 9 1ZP 541 379999999999999999999991555 23999999999999999999999
 35 36 37 37 37 37 37 37 36 36 34 33 31 29 27 25 24 23 23 24 25 28 30 3225 9 2ZP 521 379999999999999999999991730 23999999999999999999999
 34 36 37 37 37 37 36 36 36 36 35 34 33 32 29 27 25 23 22 21 22 24 27 2925 9 3ZP 320 379999999999999999999991847 21999999999999999999999
 32 34 36 36 36 35 35 35 34 35 35 35 35 34 32 29 26 23 21 19 19 20 22 2625 9 4ZP 315 361059 3599999999999999 747 341945 1999999999999999
 29 32 34 35 35 34 33 32 32 32 33 34 35 35 34 32 28 25 21 18 17 17 18 2225 9 5ZP 322 351227 3599999999999999 755 322030 1699999999999999
 25 29 32 33 34 33 31 30 29 29 30 32 34 35 35 34 31 27 22 18 15 14 15 1825 9 6ZP 335 341327 3699999999999999 821 2921 9 1499999999999999
 22 26 30 32 32 31 29 27 26 25 26 28 31 34 36 35 33 30 25 20 16 14 13 1525 9 7ZP 349 321421 3699999999999999 853 252144 1399999999999999
 19 24 28 31 32 31 29 26 23 22 22 23 27 31 34 36 35 33 28 23 19 15 14 1425 9 8ZP 4 4 321515 3699999999999999 928 212217 1499999999999999
 17 22 26 30 32 31 29 25 22 19 18 19 22 26 31 34 36 35 32 28 23 19 17 1625 9 9ZP 421 321612 369999999999999910 6 182250 1699999999999999
 18 21 26 30 32 32 30 27 22 18 15 15 16 20 26 31 34 36 35 32 28 24 21 2025 910ZP 439 321712 36999999999999991047 152323 2099999999999999
 20 22 26 30 33 34 32 29 24 19 15 13 13 16 20 26 31 34 36 35 33 30 27 2525 911ZP 458 341815 36999999999999991131 132355 2499999999999999
 24 25 28 31 34 35 35 32 28 23 18 14 13 13 16 21 26 30 33 35 35 33 32 3025 912ZP 518 351924 35999999999999991219 13999999999999999999999
 29 29 31 33 35 36 36 35 32 28 23 18 15 14 14 17 21 25 29 33 34 35 34 3425 913ZP 538 372052 3599999999999999 024 291313 1499999999999999
 33 33 34 35 36 37 38 37 35 32 28 24 20 17 16 16 18 21 25 28 31 33 34 3525 914ZP 6 0 38999999999999999999999 041 331419 1699999999999999
 35 36 36 36 37 37 38 38 37 35 33 29 26 22 20 18 18 19 21 24 27 30 32 3425 915ZP 623 389999999999999999999991546 18999999999999999999999
 35 36 37 37 37 37 37 37 37 36 35 33 31 28 25 22 20 19 19 20 22 25 28 3125 916ZP 517 379999999999999999999991727 18999999999999999999999
 33 35 36 36 36 36 35 35 35 36 36 36 34 32 30 26 23 20 18 18 19 21 24 2725 917ZP 256 3610 8 3699999999999999 7 0 351851 1899999999999999
 30 33 34 35 34 34 33 32 32 33 34 35 36 35 33 30 27 23 20 17 17 18 20 2425 918ZP 3 1 3512 1 3699999999999999 729 321953 1799999999999999
 27 30 32 33 32 31 30 29 28 29 30 33 35 36 35 33 30 26 22 18 16 16 18 2125 919ZP 3 7 331312 3699999999999999 759 282039 1699999999999999
 24 28 30 31 31 29 27 26 25 25 26 29 32 34 35 34 32 28 24 20 17 16 16 1925 920ZP 316 3114 9 3599999999999999 832 242115 1699999999999999
 22 26 29 30 30 28 26 23 22 21 21 24 27 31 33 34 33 30 26 22 19 16 16 1725 921ZP 327 301459 3499999999999999 9 5 212145 1699999999999999
 21 24 27 29 30 28 26 22 20 18 18 19 23 27 31 33 33 32 29 25 21 18 17 1825 922ZP 341 301546 3499999999999999 937 182212 1799999999999999
 20 24 27 29 30 29 26 22 19 17 15 16 19 23 27 31 33 33 31 28 24 21 19 1925 923ZP 355 301632 339999999999999910 9 152237 1999999999999999
 21 24 27 29 30 30 27 24 20 16 15 14 16 20 24 28 31 33 32 30 27 25 23 2225 924ZP 4 7 301717 33999999999999991039 1423 1 2299999999999999
 23 25 28 30 31 31 29 25 21 18 15 14 15 17 21 26 29 32 33 32 30 28 26 2525 925ZP 417 3118 2 339999999999999911 8 142322 2599999999999999
 25 27 29 31 32 32 30 27 24 20 17 15 15 16 19 23 27 30 32 33 32 30 29 2825 926ZP 425 321849 33999999999999991138 152339 2899999999999999
 28 29 30 32 33 33 32 30 26 22 19 17 16 16 18 22 25 28 31 32 32 32 31 3025 927ZP 433 331942 32999999999999991211 162349 3099999999999999
 30 30 31 33 34 34 33 31 29 25 22 20 18 18 18 20 23 26 28 30 31 32 32 3125 928ZP 441 349999999999999999999991253 18999999999999999999999
 31 32 32 33 34 34 34 33 31 28 25 22 20 19 19 19 21 23 25 27 29 30 31 3125 929ZP 453 349999999999999999999991352 19999999999999999999999
 32 32 33 33 34 34 34 33 32 30 27 25 23 21 20 19 19 20 22 23 25 27 29 3025 930ZP 5 4 349999999999999999999991521 19999999999999999999999
 31 32 32 32 32 33 32 32 31 30 29 27 25 23 21 20 19 18 18 20 21 24 26 282510 1ZP 458 3399999999999999999999917 7 18999999999999999999999
 29 30 31 31 31 31 30 30 30 30 29 29 27 25 23 21 19 17 16 16 17 19 22 252510 2ZP 246 319999999999999999999991824 16999999999999999999999
 27 29 29 29 29 28 28 28 28 28 29 29 28 27 25 22 20 17 15 14 14 16 18 222510 3ZP 231 301051 2999999999999999 7 6 281917 1499999999999999
 25 27 28 28 27 26 25 24 24 25 27 28 29 29 27 25 22 18 15 13 12 13 15 192510 4ZP 230 281220 2999999999999999 723 2420 0 1299999999999999
 22 25 27 27 26 24 22 21 20 21 23 26 28 29 29 28 25 21 17 14 12 12 14 172510 5ZP 235 271327 3099999999999999 752 202038 1299999999999999
 21 24 26 27 25 23 20 17 16 16 18 21 25 29 31 30 29 25 21 17 14 13 13 162510 6ZP 245 271428 3199999999999999 825 162114 1399999999999999
 20 24 26 27 26 23 19 16 13 12 13 16 21 26 30 32 32 30 26 22 18 16 15 172510 7ZP 258 271527 3299999999999999 9 2 122149 1599999999999999
 20 24 27 29 28 26 21 16 12  9  9 11 15 21 27 31 33 33 31 27 23 21 19 192510 8ZP 316 291626 3399999999999999 943  92224 1999999999999999
 21 25 28 31 31 29 25 19 13  9  7  7 10 16 22 28 32 34 34 32 29 26 24 232510 9ZP 337 311725 34999999999999991025  72258 2399999999999999
 24 26 30 32 33 32 29 24 18 12  8  6  7 11 16 23 28 32 34 34 32 30 28 27251010ZP 4 1 331825 34999999999999991112  62329 2799999999999999
 27 28 31 33 35 35 33 29 23 17 12  9  7  9 12 17 23 28 31 33 33 32 31 30251011ZP 429 351931 339999999999999912 2  72354 3099999999999999
 30 30 32 34 35 36 35 33 28 23 18 14 11 10 11 14 18 22 26 29 31 32 32 32251012ZP 459 3699999999999999999999913 1 10999999999999999999999
 31 32 32 33 34 35 35 34 32 28 24 20 16 13 12 13 15 18 21 24 27 29 30 31251013ZP 535 359999999999999999999991414 12999999999999999999999
 32 32 32 32 33 33 34 34 33 31 28 25 22 18 16 14 14 15 17 19 22 25 27 29251014ZP 622 349999999999999999999991545 14999999999999999999999
 30 31 31 31 31 31 31 31 31 31 30 28 26 23 20 17 15 14 14 16 18 21 23 26251015ZP 759 319999999999999999999991719 14999999999999999999999
 28 29 29 29 28 28 27 27 28 29 29 29 28 26 24 20 17 15 14 14 15 17 20 23251016ZP 2 1 291028 2999999999999999 624 271833 1399999999999999
 25 27 27 27 26 25 24 23 23 25 26 28 28 28 26 23 20 17 15 13 13 15 18 20251017ZP 2 3 2712 8 2899999999999999 7 7 231926 1399999999999999
 23 25 26 25 24 22 20 19 19 20 22 24 27 28 27 26 23 20 17 14 14 14 16 19251018ZP 2 7 261318 2899999999999999 742 1920 7 1499999999999999
 22 24 25 25 23 21 18 16 15 15 17 20 24 26 27 27 25 22 19 17 15 15 16 18251019ZP 214 251416 2799999999999999 814 152040 1599999999999999
 21 24 25 25 23 20 17 14 12 12 13 16 20 24 27 28 27 25 22 19 17 16 17 19251020ZP 222 2515 7 2899999999999999 844 122110 1699999999999999
 21 24 25 25 24 21 17 14 11 10 10 13 17 22 25 28 28 27 25 22 20 19 18 20251021ZP 232 261553 2899999999999999 912 102136 1899999999999999
 22 25 26 27 25 23 19 15 11  9  9 11 14 19 24 27 29 29 28 25 23 21 21 21251022ZP 244 271636 2999999999999999 940  922 2 2199999999999999
 23 26 27 28 27 25 21 17 13 10  9  9 12 17 22 26 29 30 30 28 26 24 23 23251023ZP 257 281716 309999999999999910 7  92226 2399999999999999
 25 27 28 29 29 27 24 19 15 12  9  9 11 15 19 24 28 30 31 30 28 27 25 25251024ZP 312 291755 31999999999999991037  92249 2599999999999999
 26 27 29 30 30 29 26 22 18 14 11 10 11 13 17 22 26 29 30 31 30 28 27 26251025ZP 330 301835 31999999999999991110 1023 9 2699999999999999
 27 28 30 31 31 30 28 25 21 17 14 12 11 12 15 19 23 26 28 29 29 29 28 27251026ZP 350 311923 30999999999999991148 112322 2799999999999999
 27 28 29 30 31 31 29 27 23 20 16 14 12 12 14 16 19 22 25 27 28 28 27 27251027ZP 412 319999999999999999999991234 12999999999999999999999
 27 28 29 30 30 30 29 28 25 22 19 16 14 13 13 14 16 18 21 23 25 26 26 26251028ZP 435 309999999999999999999991332 12999999999999999999999
 27 27 27 28 29 29 28 27 26 23 20 18 15 13 12 12 13 14 16 19 21 23 24 25251029ZP 459 299999999999999999999991445 12999999999999999999999
 25 26 26 26 26 26 26 26 25 24 22 19 17 15 13 12 11 11 13 15 17 19 21 23251030ZP 521 2699999999999999999999916 7 11999999999999999999999
 24 24 24 24 24 23 23 23 23 23 22 21 19 17 14 12 11 10 10 11 14 16 19 21251031ZP 124 249999999999999999999991719 10999999999999999999999
 22 23 22 22 21 20 20 20 20 21 22 22 21 19 17 15 12 11 10 10 11 14 17 192511 1ZP 1 9 231030 2299999999999999 617 201818 1099999999999999
 21 22 21 20 18 17 16 15 16 18 20 21 22 22 21 18 16 13 11 11 11 13 16 192511 2ZP 1 8 221217 2299999999999999 647 1519 9 1199999999999999
 21 22 22 20 17 15 12 11 11 13 16 19 22 24 24 23 20 17 15 13 13 13 16 192511 3ZP 115 221335 2499999999999999 721 111955 1399999999999999
 22 23 23 21 18 14 10  8  7  8 11 16 20 24 26 27 25 23 20 17 16 16 17 202511 4ZP 128 231442 2799999999999999 759  72038 1699999999999999
 23 25 25 24 21 16 11  7  4  4  6 10 16 22 26 29 29 28 25 22 20 19 19 212511 5ZP 147 261544 2999999999999999 840  42118 1999999999999999
 24 27 28 28 25 20 14  8  4  2  2  5 11 17 24 28 31 31 30 27 25 23 22 232511 6ZP 213 281641 3199999999999999 924  12156 2299999999999999
 25 28 30 31 29 25 20 13  7  3  1  2  6 12 19 25 29 32 32 30 28 26 25 252511 7ZP 244 311736 32999999999999991010  12230 2599999999999999
 27 29 31 33 33 30 25 19 13  7  3  1  3  7 13 19 25 29 31 31 30 29 27 272511 8ZP 320 331832 329999999999999911 1  123 0 2799999999999999
 27 29 31 33 34 33 30 25 19 13  8  4  3  5  8 14 19 24 28 29 30 29 28 282511 9ZP 4 0 341937 30999999999999991155  32326 2899999999999999
 28 28 30 32 33 33 32 29 24 19 13  9  6  5  6  9 14 18 23 25 27 28 27 27251110ZP 443 339999999999999999999991255  5999999999999999999999
 27 27 28 29 30 31 31 30 27 23 19 14 10  8  7  8 10 13 17 21 23 25 25 26251111ZP 531 3199999999999999999999914 2  7999999999999999999999
 26 26 26 26 27 28 28 28 27 25 22 18 15 12  9  8  9 10 13 16 19 21 23 24251112ZP 628 289999999999999999999991514  8999999999999999999999
 24 24 24 23 23 23 23 24 24 24 23 21 18 15 13 11  9  9 11 13 16 18 20 22251113ZP 016 24 756 2499999999999999 421 231626  999999999999999
 23 23 22 21 20 19 19 19 20 21 21 21 20 18 16 13 12 11 11 12 14 16 18 20251114ZP 026 231015 2199999999999999 554 191730 1099999999999999
 21 21 21 19 17 16 15 14 15 16 18 19 20 20 18 16 14 13 12 12 13 15 17 19251115ZP 036 2212 7 2099999999999999 646 141823 1299999999999999
 21 21 20 18 16 14 12 11 11 12 14 17 19 20 20 19 18 16 15 14 14 16 17 19251116ZP 044 211331 2099999999999999 722 1019 9 1499999999999999
 21 21 20 19 16 13 10  8  8  9 11 14 17 20 21 21 21 19 18 17 16 17 18 20251117ZP 051 211437 2299999999999999 752  81949 1699999999999999
 22 22 22 20 17 13 10  7  6  6  8 12 16 19 22 23 23 22 21 20 19 19 20 21251118ZP 1 0 221529 2399999999999999 819  62025 1999999999999999
 23 24 23 22 19 15 11  8  5  5  6 10 14 18 22 25 26 25 24 22 21 21 21 23251119ZP 113 241610 2699999999999999 846  52058 2199999999999999
 24 25 25 24 21 18 13  9  6  5  5  8 12 17 21 25 27 27 26 25 24 23 23 24251120ZP 131 251645 2799999999999999 914  52128 2399999999999999
 25 27 27 26 24 21 16 12  8  5  5  7 10 15 20 24 27 28 28 27 25 24 24 24251121ZP 156 271717 2899999999999999 945  52156 2499999999999999
 26 27 28 28 27 24 20 15 10  7  5  6  8 12 17 22 26 28 29 28 26 25 24 24251122ZP 226 281751 29999999999999991020  52222 2499999999999999
 25 27 28 29 28 26 22 18 13  9  6  6  7 10 14 19 23 26 27 27 26 25 24 24251123ZP 258 291829 28999999999999991057  62246 2499999999999999
 25 26 28 29 29 27 24 20 16 11  8  6  6  7 10 15 19 22 25 26 26 25 24 24251124ZP 330 291915 26999999999999991138  523 9 2499999999999999
 24 25 26 27 28 27 25 22 18 13  9  7  5  5  7 10 14 18 21 23 24 24 23 23251125ZP 4 0 282014 24999999999999991222  52335 2399999999999999
 23 23 24 25 26 26 25 22 19 15 11  8  6  5  5  7 10 13 17 19 21 22 22 21251126ZP 431 2699999999999999999999913 9  5999999999999999999999
 21 21 22 22 23 23 23 22 19 16 13  9  7  5  4  5  7 10 13 16 18 19 20 20251127ZP 5 6 232230 20999999999999991358  4999999999999999999999
 20 19 19 19 20 20 20 20 19 17 14 12  9  7  5  5  6  8 10 13 15 17 19 19251128ZP 558 202256 1999999999999999 216 191449  599999999999999
 19 18 17 16 16 16 17 17 17 17 16 14 12 10  8  7  7  7  9 11 14 16 18 19251129ZP 746 172311 1999999999999999 414 161544  799999999999999
 18 17 16 14 13 12 12 13 14 15 16 16 15 14 12 11 10  9 10 12 14 16 18 19251130ZP1028 162325 1999999999999999 521 121647  999999999999999
 19 18 15 13 10  9  8  8 10 12 15 17 18 18 17 16 14 13 13 13 15 17 19 202512 1ZP1233 182344 2199999999999999 6 7  81755 1399999999999999
 21 20 17 14 10  7  5  4  5  8 12 15 19 21 21 21 20 18 17 17 17 19 20 222512 2ZP14 2 21999999999999999999999 651  419 2 1799999999999999
 23 23 20 17 12  7  4  1  1  3  7 12 17 21 24 25 25 23 22 21 20 21 22 242512 3ZP 0 9 231512 2599999999999999 736  120 1 2099999999999999
 26 26 25 21 17 11  5  1 -1 -1  2  7 13 19 24 27 28 27 26 24 23 23 24 252512 4ZP 043 2616 9 2899999999999999 824 -12049 2399999999999999
 27 29 29 26 22 17 10  4  0 -2 -1  2  8 15 21 26 28 29 29 27 26 25 25 262512 5ZP 124 2917 0 2999999999999999 913 -22129 2599999999999999
 28 30 31 30 28 23 16 10  4 -1 -2 -1  3  9 16 22 26 29 29 28 27 26 25 262512 6ZP 211 311748 299999999999999910 5 -222 5 2599999999999999
 27 29 31 32 31 28 23 16  9  3 -1 -2  0  4 10 16 22 26 28 28 27 26 25 252512 7ZP 3 0 321836 28999999999999991058 -22241 2599999999999999
 25 27 29 31 32 30 27 22 15  9  3  0 -1  1  5 10 16 21 24 26 26 25 24 232512 8ZP 350 321927 26999999999999991151 -12324 2399999999999999
 23 24 26 28 29 30 28 25 20 14  8  4  1  0  2  6 11 16 20 22 23 23 22 222512 9ZP 440 302020 23999999999999991243  0999999999999999999999
 21 21 22 23 25 26 26 25 22 17 12  8  4  2  2  4  7 11 15 19 21 21 21 20251210ZP 529 262111 2199999999999999 025 211332  299999999999999
 20 19 19 19 20 21 22 22 21 18 15 11  8  5  4  4  6  9 12 16 18 19 20 19251211ZP 625 222154 2099999999999999 155 191419  499999999999999
 18 17 16 15 15 16 17 17 17 17 15 13 11  9  7  6  7  9 11 14 16 18 19 19251212ZP 743 172223 1999999999999999 340 1515 1  699999999999999
 18 16 15 13 12 11 12 12 13 14 14 14 13 12 10 10 10 10 12 14 16 17 18 19251213ZP 956 142242 1999999999999999 511 111539 1099999999999999
 18 16 14 12 10  9  8  8  9 11 12 13 14 14 14 13 13 13 14 15 16 18 19 19251214ZP1228 142254 1999999999999999 611  81614 1399999999999999
 19 17 15 12 10  7  6  5  6  8 10 13 15 16 16 17 17 16 17 17 18 19 20 20251215ZP23 4 20999999999999999999999 651  5999999999999999999999
 20 19 16 13 10  7  5  4  4  6  8 11 15 17 19 20 20 20 19 20 20 21 21 22251216ZP2320 22999999999999999999999 722  4999999999999999999999
 22 21 19 16 12  9  6  4  3  4  7 10 14 18 20 22 22 22 22 22 22 22 23 23251217ZP1625 232350 2499999999999999 752  31935 2299999999999999
 24 23 21 19 15 11  7  5  3  3  5  9 13 17 21 23 24 25 24 23 23 23 24 24251218ZP1641 25999999999999999999999 824  32024 2399999999999999
 25 25 24 22 18 14 10  6  4  3  4  7 11 16 20 23 25 26 25 24 24 23 24 24251219ZP 032 251659 2699999999999999 859  321 1 2399999999999999
 25 26 26 24 22 18 13  9  5  3  3  4  8 13 18 22 25 26 26 25 24 23 23 24251220ZP 119 261722 2699999999999999 936  22134 2399999999999999
 25 26 27 26 24 21 16 11  7  3  2  2  5  9 14 19 23 25 25 25 23 22 22 22251221ZP 2 4 271751 25999999999999991015  222 5 2299999999999999
 23 25 26 27 25 23 19 14  8  4  1  1  2  5 10 15 19 22 24 24 23 21 21 21251222ZP 246 271824 24999999999999991053  12237 2099999999999999
 21 23 24 26 25 24 20 15 10  5  2  0 -1  2  6 10 15 19 21 22 22 20 19 19251223ZP 323 2619 0 22999999999999991131 -12314 1999999999999999
 19 20 22 23 24 23 21 17 12  7  2 -1 -2 -1  2  6 11 15 18 20 20 19 18 17251224ZP 359 241937 209999999999999912 7 -2999999999999999999999
 17 17 18 20 21 21 20 17 13  9  4  1 -1 -2  0  3  7 12 15 18 19 18 17 16251225ZP 437 212011 1999999999999999 0 0 171241 -299999999999999
 15 15 15 16 17 18 18 17 14 11  7  3  1  0  0  2  5  9 13 16 17 18 17 15251226ZP 524 182040 1899999999999999 059 151313  099999999999999
 14 12 12 12 13 14 15 15 14 12  9  7  4  3  2  3  6  9 12 15 17 17 17 15251227ZP 630 1521 3 1799999999999999 2 8 121345  299999999999999
 13 11 10  9  9 10 11 13 13 13 12 10  9  7  7  7  8 10 12 15 17 18 18 16251228ZP 817 132124 1899999999999999 319  91418  799999999999999
 14 11  9  7  6  6  7  9 11 12 13 13 13 12 12 12 12 13 14 16 18 19 20 19251229ZP1050 132146 2099999999999999 427  61452 1299999999999999
 17 13 10  7  4  3  3  4  7 10 12 15 16 17 17 17 17 17 18 19 20 21 22 22251230ZP2216 22999999999999999999999 529  3999999999999999999999
 20 17 13  9  5  2  1  1  3  6 10 14 17 20 21 22 22 21 21 22 22 23 24 24251231ZP2257 24999999999999999999999 625  1999999999999999999999
